
Problem
        task_0   task_1   task_2   task_3   task_4   task_5   task_6   task_7   task_8  task_9  task_10  task_11  task_12  task_13  task_14  task_15  task_16  task_17  task_18  task_19
job_0   (0, 2)   (6, 6)   (7, 2)   (0, 4)   (1, 9)   (3, 4)   (5, 3)   (4, 1)   (7, 5)  (7, 4)  (2, 10)   (8, 6)   (3, 8)   (6, 3)  (7, 10)   (2, 3)   (4, 3)   (8, 2)   (8, 6)   (4, 6)
job_1   (6, 4)   (8, 1)   (6, 8)  (0, 10)   (4, 3)   (8, 3)   (4, 5)   (5, 9)   (1, 2)  (1, 7)   (5, 8)   (8, 9)   (3, 6)  (3, 10)  (2, 10)   (6, 8)   (5, 9)   (5, 9)   (1, 8)   (5, 8)
job_2   (8, 6)   (4, 1)   (4, 5)   (0, 8)   (5, 9)   (1, 5)   (2, 9)   (3, 7)  (8, 10)  (3, 3)   (8, 9)   (5, 4)  (0, 10)   (4, 5)   (0, 5)   (0, 3)   (4, 4)   (1, 3)   (2, 1)   (2, 7)
job_3   (8, 8)  (1, 10)   (1, 3)   (2, 2)   (4, 7)   (7, 3)   (4, 5)   (2, 6)   (1, 8)  (6, 8)   (8, 9)   (7, 2)   (1, 2)   (1, 5)   (4, 5)   (8, 1)   (6, 5)   (7, 8)   (5, 7)   (5, 5)
job_4   (7, 5)   (5, 1)   (8, 6)   (6, 4)   (7, 8)   (6, 4)   (2, 9)   (2, 9)   (2, 7)  (0, 1)  (5, 10)  (5, 10)  (8, 10)   (1, 1)   (2, 4)   (7, 1)   (7, 3)   (1, 5)   (1, 1)   (6, 3)
job_5   (1, 6)   (1, 1)   (5, 8)   (4, 4)   (1, 5)  (5, 10)   (4, 3)   (8, 5)   (8, 4)  (8, 6)   (0, 4)   (6, 1)   (4, 4)   (4, 6)   (1, 3)   (0, 4)   (6, 7)  (8, 10)   (8, 8)   (1, 6)
job_6   (2, 4)   (6, 5)   (3, 7)   (4, 8)   (6, 5)  (7, 10)   (6, 6)   (5, 7)   (0, 3)  (8, 9)   (4, 4)   (4, 2)   (1, 1)   (5, 2)   (3, 4)   (6, 1)   (6, 6)   (3, 4)   (4, 1)   (4, 6)
job_7   (6, 2)   (2, 7)   (6, 8)   (5, 5)   (7, 5)   (6, 2)   (6, 3)   (6, 7)   (3, 3)  (8, 5)   (5, 2)   (2, 1)   (6, 1)   (1, 1)   (0, 2)   (5, 3)   (4, 7)  (4, 10)   (1, 5)   (7, 7)
job_8   (2, 1)   (0, 1)   (0, 7)   (6, 7)   (7, 3)   (0, 5)   (6, 6)   (5, 2)   (4, 9)  (0, 8)   (2, 7)   (7, 8)   (8, 2)   (1, 3)   (8, 2)   (5, 6)   (7, 3)   (7, 8)   (1, 1)   (4, 2)
job_9   (1, 6)   (6, 1)  (2, 10)   (4, 7)   (4, 2)   (0, 5)   (3, 8)   (5, 8)   (6, 1)  (0, 2)   (8, 8)   (6, 2)   (0, 8)   (4, 2)   (5, 9)   (8, 8)   (4, 2)   (8, 1)  (8, 10)   (5, 5)
job_10  (2, 5)   (2, 5)   (8, 8)   (0, 6)   (1, 9)   (0, 4)  (2, 10)   (5, 2)   (5, 1)  (7, 1)   (5, 5)   (6, 8)   (3, 3)   (6, 5)   (4, 6)  (2, 10)   (1, 2)   (2, 6)   (8, 3)   (5, 4)
job_11  (0, 3)   (3, 8)   (3, 2)   (0, 2)   (1, 4)   (6, 6)   (5, 3)   (4, 2)   (5, 1)  (3, 1)   (8, 9)   (0, 4)   (0, 8)   (5, 4)   (7, 4)   (4, 8)   (7, 9)   (1, 5)   (4, 9)   (4, 8)
job_12  (0, 4)   (3, 8)   (2, 6)   (2, 5)   (3, 5)   (6, 5)   (1, 8)   (3, 7)   (3, 5)  (7, 6)   (3, 4)   (0, 4)   (4, 1)   (7, 2)   (3, 1)   (8, 4)   (2, 7)   (1, 1)   (3, 4)   (5, 5)
job_13  (6, 9)   (7, 4)   (6, 6)   (3, 5)   (3, 2)   (5, 3)   (2, 2)   (8, 8)   (1, 8)  (8, 2)   (2, 5)   (8, 5)  (6, 10)   (7, 4)   (4, 2)   (7, 3)  (8, 10)   (5, 1)   (4, 6)   (6, 9)
job_14  (0, 1)   (2, 3)   (2, 7)   (2, 3)   (4, 3)  (0, 10)   (1, 8)   (0, 9)   (4, 5)  (0, 4)   (6, 2)  (6, 10)   (3, 1)   (3, 7)   (7, 2)   (7, 7)   (2, 2)   (6, 2)   (7, 4)   (6, 2)
job_15  (8, 6)   (4, 4)   (3, 7)   (2, 2)   (5, 4)   (3, 1)   (8, 9)   (0, 2)   (0, 8)  (0, 5)   (2, 1)   (4, 6)   (3, 4)   (1, 7)   (4, 2)  (2, 10)   (0, 6)   (4, 7)   (6, 2)   (7, 4)
job_16  (6, 2)   (0, 1)   (3, 3)   (5, 7)   (2, 2)   (1, 8)   (1, 2)   (3, 3)  (6, 10)  (1, 2)   (0, 1)   (2, 6)   (7, 2)   (0, 1)   (1, 9)   (1, 6)  (5, 10)   (5, 8)   (6, 5)   (4, 3)
job_17  (1, 1)   (3, 6)   (0, 8)   (5, 9)   (7, 7)   (8, 5)   (4, 9)  (1, 10)   (3, 1)  (8, 7)   (2, 4)   (6, 9)   (2, 7)   (2, 1)   (2, 8)   (3, 8)   (5, 4)   (0, 1)   (0, 9)  (7, 10)
job_18  (3, 7)   (2, 6)   (0, 2)   (8, 8)  (8, 10)   (1, 1)   (1, 1)   (1, 2)   (7, 1)  (8, 7)   (8, 3)   (6, 6)   (7, 1)   (2, 8)  (4, 10)   (4, 9)   (1, 8)   (2, 6)   (7, 9)   (7, 6)


Solution:
Machine 0: job_11_task_0  job_0_task_0   job_14_task_0  job_12_task_0  job_2_task_3   job_17_task_2  job_18_task_2  job_1_task_3   job_8_task_1   job_16_task_1  job_8_task_2   job_0_task_3   job_11_task_3  job_9_task_5   job_10_task_3  job_8_task_5   job_15_task_7  job_15_task_8  job_10_task_5  job_15_task_9  job_14_task_5  job_9_task_9   job_8_task_9   job_5_task_10  job_6_task_8   job_4_task_9   job_14_task_7  job_15_task_16 job_11_task_11 job_11_task_12 job_16_task_10 job_9_task_12  job_14_task_9  job_16_task_13 job_2_task_12  job_12_task_11 job_5_task_15  job_2_task_14  job_2_task_15  job_7_task_14  job_17_task_17 job_17_task_18 
           [0,3]          [3,5]          [5,6]          [6,10]         [12,20]        [20,28]        [28,30]        [30,40]        [40,41]        [41,42]        [42,49]        [49,53]        [53,55]        [55,60]        [60,66]        [66,71]        [71,73]        [73,81]        [81,85]        [85,90]        [90,100]       [100,102]      [114,122]      [122,126]      [126,129]      [131,132]      [141,150]      [150,156]      [156,160]      [160,168]      [168,169]      [169,177]      [177,181]      [181,182]      [182,192]      [192,196]      [196,200]      [200,205]      [205,208]      [234,236]      [243,244]      [244,253]      
Machine 1: job_17_task_0  job_5_task_0   job_9_task_0   job_5_task_1   job_3_task_1   job_3_task_2   job_5_task_4   job_2_task_5   job_0_task_4   job_11_task_4  job_10_task_4  job_1_task_8   job_1_task_9   job_17_task_7  job_18_task_5  job_18_task_6  job_18_task_7  job_16_task_5  job_3_task_8   job_16_task_6  job_13_task_8  job_15_task_13 job_14_task_6  job_12_task_6  job_5_task_14  job_6_task_12  job_8_task_13  job_16_task_9  job_16_task_14 job_10_task_16 job_8_task_18  job_3_task_12  job_3_task_13  job_4_task_13  job_16_task_15 job_18_task_16 job_11_task_17 job_1_task_18  job_2_task_17  job_7_task_13  job_4_task_17  job_12_task_17 job_4_task_18  job_7_task_18  job_5_task_19  
           [0,1]          [1,7]          [7,13]         [13,14]        [15,25]        [25,28]        [29,34]        [34,39]        [53,62]        [62,66]        [66,75]        [75,77]        [77,84]        [84,94]        [94,95]        [95,96]        [96,98]        [98,106]       [106,114]      [114,116]      [116,124]      [126,133]      [133,141]      [141,149]      [149,152]      [152,153]      [163,166]      [166,168]      [182,191]      [192,194]      [194,195]      [195,197]      [197,202]      [202,203]      [203,209]      [209,217]      [217,222]      [222,230]      [230,233]      [233,234]      [234,239]      [239,240]      [240,241]      [256,261]      [265,271]      
Machine 2: job_10_task_0  job_10_task_1  job_18_task_1  job_6_task_0   job_8_task_0   job_14_task_1  job_9_task_2   job_3_task_3   job_14_task_2  job_14_task_3  job_15_task_3  job_12_task_2  job_7_task_1   job_16_task_4  job_2_task_6   job_12_task_3  job_13_task_6  job_4_task_6   job_3_task_7   job_10_task_6  job_4_task_7   job_15_task_10 job_0_task_10  job_4_task_8   job_8_task_10  job_15_task_15 job_17_task_10 job_18_task_13 job_1_task_14  job_16_task_11 job_13_task_10 job_10_task_15 job_0_task_15  job_17_task_12 job_17_task_13 job_4_task_14  job_17_task_14 job_10_task_17 job_18_task_17 job_7_task_11  job_12_task_16 job_2_task_18  job_2_task_19  job_14_task_16 
           [0,5]          [5,10]         [10,16]        [16,20]        [20,21]        [21,24]        [24,34]        [34,36]        [36,43]        [43,46]        [46,48]        [48,54]        [54,61]        [61,63]        [63,72]        [72,77]        [77,79]        [79,88]        [88,94]        [94,104]       [104,113]      [113,114]      [114,124]      [124,131]      [131,138]      [139,149]      [149,153]      [153,161]      [161,171]      [171,177]      [177,182]      [182,192]      [192,195]      [195,202]      [202,203]      [203,207]      [207,215]      [215,221]      [221,227]      [229,230]      [230,237]      [237,238]      [238,245]      [245,247]      
Machine 3: job_18_task_0  job_17_task_1  job_11_task_1  job_11_task_2  job_12_task_1  job_15_task_2  job_6_task_2   job_13_task_3  job_16_task_2  job_13_task_4  job_15_task_5  job_9_task_6   job_0_task_5   job_2_task_7   job_12_task_4  job_17_task_8  job_2_task_9   job_11_task_9  job_1_task_12  job_1_task_13  job_15_task_12 job_16_task_7  job_10_task_12 job_0_task_12  job_12_task_7  job_12_task_8  job_6_task_14  job_12_task_10 job_7_task_8   job_12_task_14 job_17_task_15 job_14_task_12 job_14_task_13 job_6_task_17  job_12_task_18 
           [0,7]          [7,13]         [13,21]        [21,23]        [23,31]        [31,38]        [38,45]        [45,50]        [50,53]        [53,55]        [55,56]        [60,68]        [68,72]        [72,79]        [79,84]        [94,95]        [97,100]       [100,101]      [106,112]      [112,122]      [122,126]      [126,129]      [135,138]      [144,152]      [152,159]      [159,164]      [164,168]      [171,175]      [195,198]      [206,207]      [215,223]      [225,226]      [226,233]      [239,243]      [243,247]      
Machine 4: job_2_task_1   job_2_task_2   job_15_task_1  job_5_task_3   job_9_task_3   job_1_task_4   job_3_task_4   job_9_task_4   job_6_task_3   job_1_task_6   job_5_task_6   job_17_task_6  job_3_task_6   job_14_task_4  job_11_task_7  job_0_task_7   job_8_task_8   job_15_task_11 job_5_task_12  job_5_task_13  job_15_task_14 job_6_task_10  job_10_task_14 job_6_task_11  job_14_task_8  job_15_task_17 job_18_task_14 job_18_task_15 job_11_task_15 job_9_task_13  job_2_task_13  job_0_task_16  job_8_task_19  job_12_task_12 job_3_task_14  job_0_task_19  job_2_task_16  job_13_task_14 job_9_task_16  job_11_task_18 job_11_task_19 job_7_task_16  job_7_task_17  job_13_task_18 job_6_task_18  job_6_task_19  job_16_task_19 
           [6,7]          [7,12]         [21,25]        [25,29]        [34,41]        [41,44]        [44,51]        [51,53]        [53,61]        [61,66]        [66,69]        [69,78]        [78,83]        [83,86]        [86,88]        [97,98]        [105,114]      [114,120]      [127,131]      [131,137]      [137,139]      [139,143]      [143,149]      [149,151]      [151,156]      [156,163]      [163,173]      [173,182]      [182,190]      [190,192]      [192,197]      [197,200]      [200,202]      [202,203]      [203,208]      [208,214]      [214,218]      [218,220]      [220,222]      [222,231]      [231,239]      [239,246]      [246,256]      [256,262]      [262,263]      [263,269]      [269,272]      
Machine 5: job_4_task_1   job_5_task_2   job_2_task_4   job_17_task_3  job_5_task_5   job_15_task_4  job_16_task_3  job_13_task_5  job_1_task_7   job_11_task_6  job_9_task_7   job_1_task_10  job_0_task_6   job_11_task_8  job_7_task_3   job_8_task_7   job_10_task_7  job_10_task_8  job_6_task_7   job_10_task_10 job_4_task_10  job_4_task_11  job_6_task_13  job_11_task_13 job_2_task_11  job_8_task_15  job_1_task_16  job_1_task_17  job_9_task_14  job_16_task_16 job_16_task_17 job_7_task_10  job_3_task_18  job_7_task_15  job_17_task_16 job_1_task_19  job_13_task_17 job_12_task_19 job_3_task_19  job_9_task_19  job_10_task_19 
           [5,6]          [14,22]        [22,31]        [31,40]        [40,50]        [50,54]        [54,61]        [61,64]        [66,75]        [75,78]        [78,86]        [86,94]        [94,97]        [97,98]        [98,103]       [103,105]      [105,107]      [107,108]      [108,115]      [115,120]      [132,142]      [142,152]      [153,155]      [168,172]      [172,176]      [176,182]      [182,191]      [191,200]      [200,209]      [209,219]      [219,227]      [227,229]      [229,236]      [236,239]      [239,243]      [243,251]      [251,252]      [252,257]      [257,262]      [262,267]      [268,272]      
Machine 6: job_1_task_0   job_13_task_0  job_1_task_2   job_9_task_1   job_0_task_1   job_16_task_0  job_6_task_1   job_13_task_2  job_4_task_3   job_7_task_0   job_8_task_3   job_4_task_5   job_7_task_2   job_11_task_5  job_6_task_4   job_8_task_6   job_12_task_5  job_9_task_8   job_6_task_6   job_7_task_5   job_7_task_6   job_3_task_9   job_5_task_11  job_10_task_11 job_10_task_13 job_18_task_11 job_0_task_13  job_16_task_8  job_15_task_18 job_9_task_11  job_6_task_15  job_1_task_15  job_17_task_11 job_7_task_7   job_14_task_10 job_13_task_12 job_3_task_16  job_14_task_11 job_5_task_16  job_7_task_12  job_6_task_16  job_16_task_18 job_4_task_19  job_14_task_17 job_14_task_19 job_13_task_19 
           [0,4]          [4,13]         [13,21]        [21,22]        [22,28]        [28,30]        [30,35]        [35,41]        [41,45]        [45,47]        [49,56]        [56,60]        [61,69]        [69,75]        [75,80]        [80,86]        [86,91]        [91,92]        [92,98]        [109,111]      [111,114]      [114,122]      [126,127]      [127,135]      [138,143]      [143,149]      [152,155]      [155,165]      [165,167]      [167,169]      [169,170]      [171,179]      [179,188]      [188,195]      [195,197]      [200,210]      [210,215]      [215,225]      [225,232]      [232,233]      [233,239]      [239,244]      [244,247]      [247,249]      [255,257]      [262,271]      
Machine 7: job_4_task_0   job_13_task_1  job_0_task_2   job_17_task_4  job_4_task_4   job_3_task_5   job_8_task_4   job_6_task_5   job_18_task_8  job_0_task_8   job_7_task_4   job_0_task_9   job_10_task_9  job_8_task_11  job_18_task_12 job_0_task_14  job_12_task_9  job_15_task_19 job_11_task_14 job_16_task_12 job_8_task_16  job_8_task_17  job_3_task_11  job_11_task_16 job_12_task_13 job_4_task_15  job_4_task_16  job_13_task_13 job_3_task_17  job_13_task_15 job_18_task_18 job_14_task_14 job_14_task_15 job_18_task_19 job_14_task_18 job_17_task_19 job_7_task_19  
           [0,5]          [13,17]        [28,30]        [40,47]        [47,55]        [55,58]        [58,61]        [80,90]        [98,99]        [99,104]       [104,109]      [109,113]      [113,114]      [138,146]      [149,150]      [155,165]      [165,171]      [171,175]      [175,179]      [179,181]      [182,185]      [185,193]      [193,195]      [195,204]      [204,206]      [207,208]      [208,211]      [211,215]      [215,223]      [223,226]      [227,236]      [236,238]      [238,245]      [245,251]      [251,255]      [255,265]      [265,272]      
Machine 8: job_2_task_0   job_1_task_1   job_3_task_0   job_15_task_0  job_10_task_2  job_4_task_2   job_18_task_3  job_18_task_4  job_1_task_5   job_17_task_5  job_15_task_6  job_5_task_7   job_5_task_8   job_13_task_7  job_2_task_8   job_1_task_11  job_18_task_9  job_5_task_9   job_17_task_9  job_18_task_10 job_6_task_9   job_0_task_11  job_11_task_10 job_9_task_10  job_8_task_12  job_2_task_10  job_8_task_14  job_13_task_9  job_3_task_10  job_4_task_12  job_13_task_11 job_0_task_17  job_0_task_18  job_3_task_15  job_9_task_15  job_7_task_9   job_12_task_15 job_13_task_16 job_9_task_17  job_5_task_17  job_9_task_18  job_5_task_18  job_10_task_18 
           [0,6]          [6,7]          [7,15]         [15,21]        [21,29]        [29,35]        [35,43]        [43,53]        [53,56]        [56,61]        [61,70]        [70,75]        [75,79]        [79,87]        [87,97]        [97,106]       [106,113]      [113,119]      [119,126]      [126,129]      [129,138]      [138,144]      [144,153]      [153,161]      [161,163]      [163,172]      [172,174]      [174,176]      [176,185]      [185,195]      [195,200]      [200,202]      [202,208]      [208,209]      [209,217]      [217,222]      [222,226]      [226,236]      [236,237]      [237,247]      [247,257]      [257,265]      [265,268]      
Optimal Schedule Length: 272.0
Total (Unoptimized Schedule Length): 1955
Statistics
  - conflicts: 0
  - branches : 38
  - wall time: 3.5305675350000003s