
Problem
        task_0   task_1   task_2   task_3   task_4   task_5   task_6   task_7   task_8   task_9 task_10  task_11  task_12  task_13 task_14  task_15  task_16  task_17 task_18
job_0   (2, 9)   (1, 6)   (2, 5)   (3, 6)   (2, 5)   (3, 6)   (3, 5)   (1, 7)   (0, 7)   (3, 4)  (1, 3)  (1, 10)   (0, 3)   (3, 5)  (3, 7)   (0, 8)   (1, 6)   (1, 7)  (2, 2)
job_1   (1, 6)   (1, 6)   (2, 8)   (3, 3)   (1, 8)   (1, 9)   (1, 2)   (2, 7)   (0, 6)  (2, 10)  (0, 4)   (2, 4)   (0, 4)   (1, 4)  (1, 9)   (0, 7)   (3, 4)   (3, 1)  (2, 5)
job_2   (2, 7)  (1, 10)   (3, 4)   (3, 3)   (3, 2)  (3, 10)   (1, 1)   (2, 9)   (0, 3)   (0, 3)  (2, 3)   (1, 6)   (3, 8)   (0, 4)  (3, 8)   (3, 9)   (1, 6)   (2, 5)  (3, 6)
job_3   (3, 2)   (0, 4)  (3, 10)   (0, 7)   (2, 2)   (0, 3)   (2, 1)   (0, 9)   (2, 4)   (1, 2)  (3, 2)   (1, 4)   (0, 8)  (3, 10)  (0, 6)   (2, 4)   (2, 9)   (0, 2)  (1, 5)
job_4   (3, 3)   (3, 3)   (0, 2)   (1, 4)  (1, 10)   (1, 6)   (1, 4)  (1, 10)   (2, 2)   (3, 9)  (3, 9)   (2, 1)   (3, 3)   (2, 3)  (0, 4)   (1, 6)   (1, 1)   (1, 3)  (2, 2)
job_5   (1, 3)   (2, 1)   (1, 2)   (2, 7)  (0, 10)  (1, 10)   (0, 5)   (1, 1)  (2, 10)   (3, 9)  (3, 9)   (0, 6)   (3, 6)   (1, 3)  (3, 2)  (1, 10)   (2, 4)   (3, 4)  (1, 6)
job_6   (3, 5)  (0, 10)   (0, 8)   (1, 3)   (0, 7)   (3, 7)   (2, 5)   (3, 9)   (3, 1)  (3, 10)  (1, 9)   (0, 1)   (1, 5)   (2, 5)  (0, 9)   (3, 3)   (0, 4)   (1, 3)  (3, 6)
job_7   (2, 5)   (0, 4)   (0, 8)   (0, 9)   (2, 1)   (1, 2)   (0, 7)   (1, 8)   (3, 5)   (0, 4)  (0, 3)   (3, 4)  (2, 10)   (3, 6)  (2, 4)   (3, 2)   (2, 1)   (0, 2)  (3, 8)
job_8   (2, 6)   (2, 5)   (3, 6)   (1, 3)   (0, 9)   (3, 9)   (3, 9)   (3, 6)   (0, 4)   (3, 5)  (0, 2)   (2, 6)   (0, 4)   (2, 7)  (0, 1)   (2, 8)   (0, 7)   (2, 3)  (3, 3)
job_9   (3, 3)   (0, 6)   (3, 9)   (1, 2)   (3, 9)   (2, 2)  (0, 10)  (1, 10)   (1, 2)   (0, 2)  (0, 6)   (1, 2)   (3, 8)   (1, 9)  (0, 7)   (3, 1)   (1, 4)   (1, 1)  (2, 8)
job_10  (2, 5)  (3, 10)   (0, 3)  (2, 10)   (0, 1)   (0, 2)  (1, 10)   (1, 2)   (0, 1)   (2, 6)  (2, 6)   (1, 4)   (1, 6)   (0, 5)  (2, 5)   (3, 3)   (1, 6)   (3, 3)  (3, 8)
job_11  (2, 5)   (2, 7)   (3, 6)   (2, 2)   (1, 6)   (0, 2)   (1, 1)   (0, 4)   (1, 7)  (1, 10)  (2, 2)   (1, 8)   (2, 6)   (2, 1)  (2, 3)   (1, 4)  (3, 10)   (2, 5)  (3, 6)
job_12  (0, 8)   (1, 4)  (1, 10)  (3, 10)  (3, 10)   (0, 6)   (1, 6)   (3, 6)   (2, 5)   (3, 3)  (0, 5)   (1, 5)   (3, 6)   (3, 4)  (3, 4)   (0, 3)   (0, 8)   (2, 8)  (1, 3)
job_13  (0, 8)   (1, 2)   (1, 4)   (1, 4)  (1, 10)   (3, 3)   (1, 4)   (0, 9)   (3, 3)   (0, 2)  (1, 9)   (2, 4)   (1, 2)  (3, 10)  (1, 2)   (1, 1)   (3, 8)   (3, 5)  (0, 8)
job_14  (3, 4)   (3, 9)  (3, 10)   (2, 4)   (3, 1)   (0, 9)   (0, 5)   (1, 9)   (2, 7)   (0, 3)  (0, 4)   (2, 2)   (3, 9)   (2, 2)  (1, 3)   (2, 5)   (1, 2)   (3, 8)  (1, 9)
job_15  (2, 4)   (3, 7)   (3, 3)   (3, 1)   (2, 6)   (3, 1)   (2, 2)   (1, 4)   (2, 7)   (2, 6)  (1, 2)   (3, 4)   (1, 4)   (2, 5)  (0, 1)   (2, 7)   (1, 5)   (0, 3)  (3, 6)
job_16  (1, 2)   (2, 6)   (1, 2)   (1, 1)   (1, 6)   (1, 4)  (1, 10)   (0, 1)   (3, 5)  (0, 10)  (2, 6)  (1, 10)   (3, 4)   (1, 8)  (3, 8)   (3, 5)   (0, 8)   (1, 8)  (0, 4)
job_17  (2, 3)   (2, 6)   (0, 8)   (0, 1)   (2, 9)   (0, 5)  (3, 10)   (1, 1)   (1, 6)  (0, 10)  (3, 6)   (3, 4)   (1, 1)   (2, 4)  (0, 4)   (2, 1)   (3, 1)  (0, 10)  (3, 4)


Solution:
Machine 0: job_12_task_0  job_6_task_1   job_9_task_1   job_13_task_0  job_6_task_2   job_3_task_1   job_5_task_4   job_6_task_4   job_7_task_1   job_17_task_2  job_7_task_2   job_8_task_4   job_10_task_2  job_4_task_2   job_3_task_3   job_17_task_3  job_16_task_7  job_7_task_3   job_5_task_6   job_12_task_5  job_9_task_6   job_14_task_5  job_16_task_9  job_11_task_5  job_3_task_5   job_10_task_4  job_14_task_6  job_10_task_5  job_17_task_5  job_11_task_7  job_3_task_7   job_7_task_6   job_13_task_7  job_0_task_8   job_2_task_8   job_2_task_9   job_1_task_8   job_10_task_8  job_8_task_8   job_14_task_9  job_14_task_10 job_1_task_10  job_13_task_9  job_5_task_11  job_12_task_10 job_7_task_9   job_8_task_10  job_7_task_10  job_9_task_9   job_9_task_10  job_17_task_9  job_3_task_12  job_0_task_12  job_2_task_13  job_6_task_11  job_1_task_12  job_8_task_12  job_3_task_14  job_8_task_14  job_8_task_16  job_10_task_13 job_3_task_17  job_6_task_14  job_15_task_14 job_9_task_14  job_1_task_15  job_0_task_15  job_15_task_17 job_12_task_15 job_17_task_14 job_12_task_16 job_16_task_16 job_4_task_14  job_16_task_18 job_6_task_16  job_17_task_17 job_7_task_17  job_13_task_18 
           [0,8]          [8,18]         [18,24]        [24,32]        [32,40]        [40,44]        [44,54]        [71,78]        [78,82]        [82,90]        [90,98]        [98,107]       [107,110]      [110,112]      [112,119]      [119,120]      [120,121]      [121,130]      [130,135]      [135,141]      [141,151]      [151,160]      [160,170]      [170,172]      [172,175]      [175,176]      [176,181]      [181,183]      [183,188]      [188,192]      [192,201]      [201,208]      [208,217]      [217,224]      [224,227]      [227,230]      [230,236]      [236,237]      [237,241]      [241,244]      [244,248]      [248,252]      [252,254]      [261,267]      [267,272]      [272,276]      [276,278]      [278,281]      [281,283]      [283,289]      [289,299]      [299,307]      [307,310]      [310,314]      [314,315]      [315,319]      [319,323]      [323,329]      [335,336]      [346,353]      [353,358]      [359,361]      [364,373]      [373,374]      [374,381]      [387,394]      [401,409]      [409,412]      [412,415]      [415,419]      [419,427]      [427,435]      [438,442]      [444,448]      [466,470]      [470,480]      [480,482]      [482,490]      
Machine 1: job_16_task_0  job_5_task_0   job_1_task_0   job_12_task_1  job_0_task_1   job_12_task_2  job_5_task_2   job_1_task_1   job_16_task_2  job_2_task_1   job_16_task_3  job_16_task_4  job_16_task_5  job_13_task_1  job_13_task_2  job_6_task_3   job_16_task_6  job_8_task_3   job_5_task_5   job_13_task_3  job_1_task_4   job_9_task_3   job_13_task_4  job_4_task_3   job_1_task_5   job_11_task_4  job_4_task_4   job_2_task_6   job_5_task_7   job_1_task_6   job_7_task_5   job_12_task_6  job_4_task_5   job_0_task_7   job_11_task_6  job_9_task_7   job_13_task_6  job_10_task_6  job_14_task_7  job_11_task_8  job_4_task_6   job_7_task_7   job_10_task_7  job_16_task_11 job_11_task_9  job_15_task_7  job_4_task_7   job_17_task_7  job_3_task_9   job_2_task_11  job_0_task_10  job_17_task_8  job_9_task_8   job_13_task_10 job_3_task_11  job_0_task_11  job_6_task_10  job_11_task_11 job_12_task_11 job_16_task_13 job_9_task_11  job_10_task_11 job_15_task_10 job_13_task_12 job_10_task_12 job_6_task_12  job_15_task_12 job_1_task_13  job_9_task_13  job_5_task_13  job_14_task_14 job_1_task_14  job_11_task_15 job_13_task_14 job_13_task_15 job_14_task_16 job_15_task_16 job_3_task_18  job_17_task_12 job_5_task_15  job_0_task_16  job_2_task_16  job_0_task_17  job_16_task_17 job_4_task_15  job_4_task_16  job_4_task_17  job_12_task_18 job_10_task_16 job_14_task_18 job_9_task_16  job_9_task_17  job_6_task_17  job_5_task_18  
           [0,2]          [2,5]          [5,11]         [11,15]        [15,21]        [21,31]        [31,33]        [33,39]        [39,41]        [41,51]        [51,52]        [52,58]        [58,62]        [62,64]        [64,68]        [68,71]        [71,81]        [81,84]        [84,94]        [94,98]        [98,106]       [106,108]      [108,118]      [118,122]      [122,131]      [131,137]      [137,147]      [147,148]      [148,149]      [149,151]      [151,153]      [153,159]      [159,165]      [165,172]      [172,173]      [173,183]      [183,187]      [187,197]      [197,206]      [206,213]      [213,217]      [217,225]      [225,227]      [227,237]      [237,247]      [247,251]      [251,261]      [261,262]      [262,264]      [264,270]      [270,273]      [273,279]      [279,281]      [281,290]      [290,294]      [294,304]      [304,313]      [313,321]      [321,326]      [326,334]      [334,336]      [336,340]      [340,342]      [342,344]      [344,350]      [350,355]      [355,359]      [359,363]      [363,372]      [372,375]      [375,378]      [378,387]      [387,391]      [391,393]      [393,394]      [394,396]      [396,401]      [401,406]      [406,407]      [407,417]      [417,423]      [423,429]      [429,436]      [436,444]      [444,450]      [450,451]      [451,454]      [454,457]      [457,463]      [463,472]      [472,476]      [476,477]      [477,480]      [482,488]      
Machine 2: job_0_task_0   job_2_task_0   job_16_task_1  job_5_task_1   job_8_task_0   job_8_task_1   job_5_task_3   job_0_task_2   job_10_task_0  job_11_task_0  job_1_task_2   job_17_task_0  job_7_task_0   job_17_task_1  job_11_task_1  job_0_task_4   job_14_task_3  job_15_task_0  job_11_task_3  job_10_task_3  job_17_task_4  job_9_task_5   job_3_task_4   job_7_task_4   job_2_task_7   job_6_task_6   job_5_task_8   job_1_task_7   job_3_task_6   job_16_task_10 job_3_task_8   job_15_task_4  job_14_task_8  job_12_task_8  job_15_task_6  job_2_task_10  job_1_task_9   job_10_task_9  job_15_task_8  job_10_task_10 job_11_task_10 job_4_task_8   job_15_task_9  job_14_task_11 job_1_task_11  job_8_task_11  job_13_task_11 job_14_task_13 job_7_task_12  job_11_task_12 job_11_task_13 job_8_task_13  job_11_task_14 job_8_task_15  job_3_task_15  job_3_task_16  job_6_task_13  job_15_task_13 job_10_task_14 job_15_task_15 job_14_task_15 job_8_task_17  job_4_task_11  job_17_task_13 job_5_task_16  job_17_task_15 job_12_task_17 job_4_task_13  job_7_task_14  job_2_task_17  job_0_task_18  job_11_task_17 job_4_task_18  job_7_task_16  job_9_task_18  job_1_task_18  
           [0,9]          [9,16]         [16,22]        [22,23]        [23,29]        [29,34]        [34,41]        [41,46]        [46,51]        [51,56]        [56,64]        [64,67]        [67,72]        [72,78]        [78,85]        [85,90]        [90,94]        [94,98]        [105,107]      [110,120]      [120,129]      [129,131]      [131,133]      [133,134]      [148,157]      [157,162]      [162,172]      [172,179]      [179,180]      [180,186]      [201,205]      [205,211]      [211,218]      [218,223]      [228,230]      [230,233]      [236,246]      [246,252]      [252,259]      [259,265]      [265,267]      [267,269]      [269,275]      [275,277]      [277,281]      [281,287]      [290,294]      [306,308]      [310,320]      [321,327]      [327,328]      [328,335]      [335,338]      [338,346]      [346,350]      [350,359]      [359,364]      [364,369]      [369,374]      [374,381]      [381,386]      [386,389]      [390,391]      [407,411]      [417,421]      [421,422]      [427,435]      [435,438]      [438,442]      [442,447]      [447,449]      [452,457]      [457,459]      [470,471]      [477,485]      [503,508]      
Machine 3: job_6_task_0   job_14_task_0  job_9_task_0   job_14_task_1  job_3_task_0   job_14_task_2  job_9_task_2   job_8_task_2   job_12_task_3  job_0_task_3   job_10_task_1  job_2_task_2   job_3_task_2   job_1_task_3   job_2_task_3   job_4_task_0   job_2_task_4   job_11_task_2  job_4_task_1   job_12_task_4  job_9_task_4   job_2_task_5   job_0_task_5   job_14_task_4  job_6_task_5   job_16_task_8  job_0_task_6   job_15_task_1  job_8_task_5   job_13_task_5  job_15_task_2  job_6_task_7   job_8_task_6   job_15_task_3  job_17_task_6  job_12_task_7  job_5_task_9   job_15_task_5  job_6_task_8   job_8_task_7   job_0_task_9   job_6_task_9   job_13_task_8  job_5_task_10  job_12_task_9  job_3_task_10  job_7_task_8   job_8_task_9   job_2_task_12  job_16_task_12 job_4_task_9   job_14_task_12 job_7_task_11  job_3_task_13  job_0_task_13  job_5_task_12  job_12_task_12 job_9_task_12  job_15_task_11 job_17_task_10 job_2_task_14  job_13_task_13 job_16_task_14 job_4_task_10  job_12_task_13 job_0_task_14  job_17_task_11 job_5_task_14  job_12_task_14 job_2_task_15  job_16_task_15 job_7_task_13  job_4_task_12  job_13_task_16 job_11_task_16 job_10_task_15 job_14_task_17 job_6_task_15  job_17_task_16 job_9_task_15  job_7_task_15  job_13_task_17 job_10_task_17 job_5_task_17  job_1_task_16  job_7_task_18  job_10_task_18 job_1_task_17  job_11_task_18 job_15_task_18 job_2_task_18  job_6_task_18  job_17_task_18 job_8_task_18  
           [0,5]          [5,9]          [9,12]         [12,21]        [21,23]        [23,33]        [33,42]        [42,48]        [48,58]        [58,64]        [64,74]        [74,78]        [78,88]        [88,91]        [91,94]        [94,97]        [97,99]        [99,105]       [105,108]      [108,118]      [118,127]      [127,137]      [137,143]      [143,144]      [144,151]      [151,156]      [156,161]      [161,168]      [168,177]      [177,180]      [180,183]      [183,192]      [192,201]      [201,202]      [202,212]      [212,218]      [218,227]      [227,228]      [228,229]      [229,235]      [235,239]      [239,249]      [249,252]      [252,261]      [261,264]      [264,266]      [266,271]      [271,276]      [276,284]      [284,288]      [288,297]      [297,306]      [306,310]      [310,320]      [320,325]      [325,331]      [331,337]      [337,345]      [345,349]      [349,355]      [355,363]      [363,373]      [373,381]      [381,390]      [390,394]      [394,401]      [401,405]      [405,407]      [407,411]      [411,420]      [420,425]      [425,431]      [431,434]      [434,442]      [442,452]      [452,455]      [455,463]      [463,466]      [466,467]      [467,468]      [468,470]      [470,475]      [475,478]      [478,482]      [482,486]      [486,494]      [494,502]      [502,503]      [503,509]      [509,515]      [515,521]      [521,527]      [527,531]      [531,534]      
Optimal Schedule Length: 534.0
Total (Unoptimized Schedule Length): 1807
Statistics
  - conflicts: 0
  - branches : 0
  - wall time: 0.37956094300000004s