
Problem
         task_0   task_1   task_2  task_3   task_4   task_5   task_6  task_7  task_8   task_9  task_10 task_11
job_0    (0, 2)   (3, 3)   (0, 3)  (4, 2)   (1, 3)   (4, 3)   (0, 4)  (0, 8)  (4, 2)   (2, 3)   (4, 7)  (2, 1)
job_1    (2, 6)   (0, 3)   (1, 9)  (0, 6)  (3, 10)   (0, 6)   (1, 7)  (0, 6)  (0, 3)   (4, 6)   (3, 5)  (4, 3)
job_2   (4, 10)   (4, 7)   (0, 9)  (4, 1)   (3, 1)   (3, 7)   (3, 4)  (1, 1)  (2, 5)   (0, 1)   (0, 3)  (0, 5)
job_3    (4, 4)   (3, 8)   (4, 1)  (4, 9)   (2, 7)   (1, 8)   (2, 7)  (0, 8)  (4, 9)   (1, 2)   (4, 9)  (2, 8)
job_4    (0, 5)   (4, 8)   (2, 6)  (2, 9)   (0, 6)   (4, 6)   (0, 6)  (4, 4)  (0, 8)   (1, 8)   (0, 8)  (2, 2)
job_5    (3, 1)  (3, 10)   (2, 1)  (4, 4)  (0, 10)   (3, 7)   (4, 2)  (3, 1)  (1, 8)  (2, 10)   (4, 5)  (2, 6)
job_6   (0, 10)   (3, 9)  (1, 10)  (1, 6)   (2, 6)   (4, 8)   (1, 4)  (2, 3)  (1, 8)  (4, 10)   (2, 3)  (3, 3)
job_7    (2, 5)   (2, 7)   (2, 6)  (1, 3)   (4, 5)   (4, 8)   (4, 3)  (3, 6)  (1, 9)   (1, 6)   (0, 2)  (0, 9)
job_8    (1, 6)   (3, 5)   (0, 3)  (3, 3)   (0, 6)   (1, 4)   (4, 2)  (4, 2)  (1, 5)   (0, 7)   (2, 2)  (1, 6)
job_9    (0, 1)   (2, 8)   (3, 7)  (2, 5)  (1, 10)   (1, 1)   (2, 3)  (2, 1)  (0, 9)   (3, 2)   (4, 4)  (2, 6)
job_10   (1, 9)  (0, 10)   (4, 8)  (4, 2)   (1, 4)   (1, 8)   (0, 5)  (0, 4)  (4, 5)   (0, 1)   (1, 5)  (0, 1)
job_11   (0, 1)   (4, 5)  (4, 10)  (2, 2)   (1, 2)   (0, 7)   (0, 7)  (0, 5)  (2, 2)   (2, 8)   (1, 7)  (4, 4)
job_12   (4, 1)   (3, 6)   (1, 6)  (2, 8)   (1, 2)  (4, 10)   (0, 2)  (3, 3)  (4, 1)   (3, 8)   (0, 5)  (0, 8)
job_13   (1, 6)   (4, 7)   (4, 6)  (4, 6)   (4, 2)   (2, 9)   (2, 6)  (1, 6)  (1, 4)   (0, 4)   (0, 3)  (2, 4)
job_14   (1, 3)   (4, 9)   (2, 2)  (4, 8)   (1, 7)   (2, 2)  (0, 10)  (2, 7)  (0, 4)   (1, 3)   (3, 2)  (1, 7)
job_15   (4, 5)   (1, 8)   (1, 8)  (1, 6)  (0, 10)   (3, 6)   (0, 2)  (3, 5)  (4, 5)   (3, 1)  (0, 10)  (4, 5)


Solution:
Machine 0: job_6_task_0   job_4_task_0   job_0_task_0   job_1_task_1   job_11_task_0  job_9_task_0   job_0_task_2   job_8_task_2   job_10_task_1  job_1_task_3   job_8_task_4   job_5_task_4   job_4_task_4   job_1_task_5   job_15_task_4  job_1_task_7   job_1_task_8   job_15_task_6  job_4_task_6   job_3_task_7   job_2_task_2   job_14_task_6  job_9_task_8   job_0_task_6   job_0_task_7   job_12_task_6  job_14_task_8  job_4_task_8   job_10_task_6  job_10_task_7  job_13_task_9  job_15_task_10 job_12_task_10 job_11_task_5  job_11_task_6  job_11_task_7  job_4_task_10  job_7_task_10  job_7_task_11  job_2_task_9   job_2_task_10  job_13_task_10 job_8_task_9   job_10_task_9  job_12_task_11 job_2_task_11  job_10_task_11 
           [0,10]         [10,15]        [15,17]        [17,20]        [20,21]        [21,22]        [22,25]        [25,28]        [28,38]        [38,44]        [44,50]        [50,60]        [60,66]        [66,72]        [72,82]        [82,88]        [88,91]        [91,93]        [93,99]        [99,107]       [107,116]      [116,126]      [126,135]      [135,139]      [139,147]      [147,149]      [149,153]      [153,161]      [161,166]      [166,170]      [170,174]      [174,184]      [184,189]      [189,196]      [196,203]      [203,208]      [208,216]      [216,218]      [218,227]      [227,228]      [228,231]      [231,234]      [234,241]      [241,242]      [242,250]      [250,255]      [255,256]      
Machine 1: job_14_task_0  job_8_task_0   job_15_task_1  job_10_task_0  job_1_task_2   job_6_task_2   job_15_task_2  job_7_task_3   job_13_task_0  job_15_task_3  job_6_task_3   job_1_task_6   job_3_task_5   job_12_task_2  job_14_task_4  job_12_task_4  job_9_task_4   job_9_task_5   job_8_task_5   job_0_task_4   job_6_task_6   job_13_task_7  job_13_task_8  job_10_task_4  job_10_task_5  job_5_task_8   job_7_task_8   job_6_task_8   job_11_task_4  job_4_task_9   job_3_task_9   job_7_task_9   job_14_task_9  job_2_task_7   job_14_task_11 job_11_task_10 job_8_task_8   job_10_task_10 job_8_task_11  
           [0,3]          [3,9]          [9,17]         [17,26]        [26,35]        [35,45]        [45,53]        [53,56]        [56,62]        [62,68]        [68,74]        [74,81]        [81,89]        [89,95]        [95,102]       [104,106]      [106,116]      [116,117]      [117,121]      [121,124]      [131,135]      [138,144]      [144,148]      [148,152]      [152,160]      [160,168]      [168,177]      [177,185]      [185,187]      [187,195]      [195,197]      [197,203]      [203,206]      [206,207]      [209,216]      [222,229]      [229,234]      [242,247]      [247,253]      
Machine 2: job_1_task_0   job_7_task_0   job_7_task_1   job_7_task_2   job_9_task_1   job_4_task_2   job_3_task_4   job_5_task_2   job_4_task_3   job_14_task_2  job_9_task_3   job_6_task_4   job_3_task_6   job_12_task_3  job_14_task_5  job_9_task_6   job_9_task_7   job_13_task_5  job_13_task_6  job_6_task_7   job_14_task_7  job_5_task_9   job_11_task_3  job_0_task_9   job_6_task_10  job_2_task_8   job_11_task_8  job_11_task_9  job_5_task_11  job_9_task_11  job_13_task_11 job_4_task_11  job_0_task_11  job_8_task_10  job_3_task_11  
           [0,6]          [6,11]         [11,18]        [18,24]        [24,32]        [32,38]        [38,45]        [45,46]        [46,55]        [55,57]        [57,62]        [74,80]        [89,96]        [96,104]       [104,106]      [117,120]      [120,121]      [123,132]      [132,138]      [138,141]      [141,148]      [168,178]      [183,185]      [191,194]      [201,204]      [207,212]      [212,214]      [214,222]      [222,228]      [228,234]      [234,238]      [238,240]      [242,243]      [243,245]      [245,253]      
Machine 3: job_5_task_0   job_3_task_1   job_8_task_1   job_0_task_1   job_6_task_1   job_5_task_1   job_8_task_3   job_9_task_2   job_12_task_1  job_1_task_4   job_5_task_5   job_15_task_5  job_15_task_7  job_9_task_9   job_7_task_7   job_12_task_7  job_5_task_7   job_2_task_4   job_2_task_5   job_2_task_6   job_15_task_9  job_12_task_9  job_1_task_10  job_6_task_11  job_14_task_10 
           [0,1]          [4,12]         [12,17]        [17,20]        [20,29]        [29,39]        [39,42]        [42,49]        [49,55]        [55,65]        [65,72]        [82,88]        [93,98]        [135,137]      [149,155]      [155,158]      [158,159]      [159,160]      [160,167]      [167,171]      [171,172]      [173,181]      [189,194]      [204,207]      [207,209]      
Machine 4: job_3_task_0   job_15_task_0  job_14_task_1  job_4_task_1   job_3_task_2   job_3_task_3   job_12_task_0  job_11_task_1  job_0_task_3   job_5_task_3   job_2_task_0   job_7_task_4   job_13_task_1  job_13_task_2  job_14_task_3  job_4_task_5   job_13_task_3  job_2_task_1   job_7_task_5   job_10_task_2  job_13_task_4  job_6_task_5   job_0_task_5   job_12_task_5  job_10_task_3  job_7_task_6   job_4_task_7   job_5_task_6   job_2_task_3   job_3_task_8   job_15_task_8  job_8_task_6   job_12_task_8  job_11_task_2  job_1_task_9   job_0_task_8   job_6_task_9   job_10_task_8  job_3_task_10  job_5_task_10  job_9_task_10  job_8_task_7   job_15_task_11 job_11_task_11 job_0_task_10  job_1_task_11  
           [0,4]          [4,9]          [9,18]         [18,26]        [26,27]        [27,36]        [36,37]        [37,42]        [42,44]        [46,50]        [50,60]        [60,65]        [65,72]        [72,78]        [78,86]        [86,92]        [92,98]        [98,105]       [105,113]      [113,121]      [121,123]      [123,131]      [131,134]      [134,144]      [144,146]      [146,149]      [149,153]      [153,155]      [155,156]      [156,165]      [165,170]      [170,172]      [172,173]      [173,183]      [183,189]      [189,191]      [191,201]      [201,206]      [206,215]      [215,220]      [220,224]      [224,226]      [226,231]      [231,235]      [235,242]      [242,245]      
Optimal Schedule Length: 256.0
Total (Unoptimized Schedule Length): 1023
Statistics
  - conflicts: 0
  - branches : 0
  - wall time: 0.261593171s