
Problem
         task_0  task_1  task_2   task_3   task_4   task_5   task_6   task_7  task_8   task_9
job_0    (1, 1)  (0, 4)  (2, 2)   (0, 7)   (0, 7)   (0, 5)   (1, 6)  (1, 10)  (2, 7)   (2, 6)
job_1    (1, 9)  (0, 1)  (2, 8)  (1, 10)  (1, 10)   (1, 4)   (0, 4)   (2, 4)  (2, 4)   (1, 2)
job_2    (0, 6)  (1, 4)  (2, 1)   (0, 6)   (2, 2)   (0, 9)   (0, 5)   (1, 9)  (1, 9)   (1, 8)
job_3    (0, 1)  (1, 7)  (2, 9)   (2, 1)   (0, 2)   (0, 8)   (0, 3)   (0, 3)  (0, 5)   (2, 9)
job_4    (0, 4)  (0, 6)  (0, 8)   (0, 7)   (2, 1)   (2, 6)   (1, 9)   (0, 4)  (2, 2)   (0, 8)
job_5    (2, 6)  (1, 9)  (2, 4)   (0, 7)   (2, 9)   (0, 3)   (0, 1)   (0, 7)  (2, 9)  (2, 10)
job_6    (2, 7)  (0, 4)  (1, 8)  (1, 10)  (0, 10)   (2, 7)   (1, 1)   (0, 8)  (2, 5)   (0, 8)
job_7    (2, 2)  (2, 5)  (0, 4)   (2, 6)   (1, 2)  (2, 10)   (2, 1)   (2, 4)  (0, 8)   (1, 4)
job_8    (1, 7)  (1, 8)  (0, 8)   (1, 8)  (0, 10)  (1, 10)   (0, 9)   (0, 3)  (0, 5)   (0, 4)
job_9    (0, 5)  (0, 1)  (2, 1)   (0, 9)   (2, 5)   (0, 6)  (1, 10)   (0, 7)  (1, 5)   (2, 6)
job_10   (2, 5)  (2, 4)  (1, 2)   (1, 5)   (1, 9)   (1, 8)   (0, 3)   (0, 2)  (1, 9)   (1, 8)
job_11   (0, 8)  (0, 5)  (2, 7)   (1, 2)   (2, 3)   (0, 7)   (2, 8)   (1, 3)  (1, 7)   (2, 7)
job_12   (1, 6)  (2, 1)  (0, 1)   (1, 2)   (2, 3)   (1, 5)   (1, 2)   (2, 1)  (2, 6)   (1, 1)
job_13   (2, 9)  (2, 5)  (1, 3)   (1, 4)   (1, 4)   (0, 8)  (0, 10)   (2, 3)  (0, 6)   (1, 3)
job_14  (1, 10)  (1, 5)  (2, 5)   (2, 2)   (2, 6)   (1, 3)   (1, 8)   (2, 6)  (1, 6)  (2, 10)
job_15   (1, 4)  (0, 3)  (0, 5)   (0, 8)   (0, 4)   (1, 2)   (2, 5)   (2, 1)  (0, 7)   (1, 1)
job_16  (2, 10)  (0, 4)  (2, 5)   (1, 2)   (2, 4)  (0, 10)   (0, 1)   (1, 3)  (2, 7)   (1, 1)
job_17   (1, 9)  (1, 8)  (2, 5)   (2, 5)  (2, 10)   (1, 7)   (2, 6)   (2, 3)  (2, 7)   (0, 4)


Solution:
Machine 0: job_2_task_0   job_11_task_0  job_6_task_1   job_8_task_2   job_4_task_0   job_9_task_0   job_4_task_1   job_9_task_1   job_11_task_1  job_3_task_0   job_9_task_3   job_5_task_3   job_0_task_1   job_1_task_1   job_4_task_2   job_0_task_3   job_2_task_3   job_0_task_4   job_8_task_4   job_2_task_5   job_7_task_2   job_6_task_4   job_16_task_1  job_4_task_3   job_15_task_1  job_0_task_5   job_9_task_5   job_15_task_2  job_11_task_5  job_2_task_6   job_3_task_4   job_5_task_5   job_13_task_5  job_15_task_3  job_3_task_5   job_5_task_6   job_5_task_7   job_10_task_6  job_16_task_5  job_13_task_6  job_12_task_2  job_8_task_6   job_3_task_6   job_15_task_4  job_6_task_7   job_10_task_7  job_9_task_7   job_3_task_7   job_1_task_6   job_4_task_7   job_3_task_8   job_16_task_6  job_8_task_7   job_7_task_8   job_8_task_8   job_13_task_8  job_15_task_8  job_4_task_9   job_6_task_9   job_8_task_9   job_17_task_9  
           [0,6]          [6,14]         [14,18]        [18,26]        [26,30]        [30,35]        [35,41]        [41,42]        [42,47]        [47,48]        [48,57]        [57,64]        [64,68]        [68,69]        [69,77]        [77,84]        [84,90]        [90,97]        [97,107]       [107,116]      [116,120]      [120,130]      [130,134]      [134,141]      [141,144]      [144,149]      [149,155]      [155,160]      [160,167]      [167,172]      [172,174]      [174,177]      [177,185]      [185,193]      [193,201]      [201,202]      [202,209]      [209,212]      [212,222]      [222,232]      [232,233]      [233,242]      [242,245]      [245,249]      [249,257]      [257,259]      [259,266]      [266,269]      [269,273]      [273,277]      [277,282]      [282,283]      [283,286]      [286,294]      [294,299]      [299,305]      [305,312]      [312,320]      [320,328]      [328,332]      [332,336]      
Machine 1: job_8_task_0   job_8_task_1   job_17_task_0  job_14_task_0  job_5_task_1   job_6_task_2   job_1_task_0   job_0_task_0   job_17_task_1  job_2_task_1   job_14_task_1  job_8_task_3   job_6_task_3   job_3_task_1   job_10_task_2  job_10_task_3  job_13_task_2  job_15_task_0  job_10_task_4  job_13_task_3  job_1_task_3   job_11_task_3  job_13_task_4  job_14_task_5  job_8_task_5   job_14_task_6  job_10_task_5  job_7_task_4   job_0_task_6   job_16_task_3  job_12_task_0  job_9_task_6   job_1_task_4   job_17_task_5  job_2_task_7   job_4_task_6   job_0_task_7   job_6_task_6   job_12_task_3  job_1_task_5   job_11_task_7  job_2_task_8   job_10_task_8  job_15_task_5  job_14_task_8  job_12_task_5  job_11_task_8  job_16_task_7  job_9_task_8   job_12_task_6  job_2_task_9   job_10_task_9  job_7_task_9   job_13_task_9  job_15_task_9  job_12_task_9  job_1_task_9   job_16_task_9  
           [0,7]          [7,15]         [15,24]        [24,34]        [34,43]        [43,51]        [51,60]        [60,61]        [61,69]        [69,73]        [73,78]        [78,86]        [86,96]        [96,103]       [103,105]      [105,110]      [110,113]      [113,117]      [117,126]      [126,130]      [130,140]      [140,142]      [142,146]      [146,149]      [149,159]      [159,167]      [167,175]      [175,177]      [177,183]      [183,185]      [185,191]      [191,201]      [201,211]      [211,218]      [218,227]      [227,236]      [236,246]      [246,247]      [247,249]      [249,253]      [253,256]      [256,265]      [265,274]      [274,276]      [276,282]      [282,287]      [287,294]      [294,297]      [297,302]      [302,304]      [304,312]      [312,320]      [320,324]      [324,327]      [327,328]      [328,329]      [329,331]      [331,332]      
Machine 2: job_6_task_0   job_5_task_0   job_10_task_0  job_13_task_0  job_10_task_1  job_16_task_0  job_7_task_0   job_5_task_2   job_9_task_2   job_13_task_1  job_7_task_1   job_11_task_2  job_9_task_4   job_0_task_2   job_17_task_2  job_2_task_2   job_14_task_2  job_1_task_2   job_2_task_4   job_17_task_3  job_14_task_3  job_14_task_4  job_3_task_2   job_5_task_4   job_17_task_4  job_7_task_3   job_16_task_2  job_11_task_4  job_3_task_3   job_4_task_4   job_4_task_5   job_6_task_5   job_11_task_6  job_14_task_7  job_7_task_5   job_16_task_4  job_12_task_1  job_7_task_6   job_7_task_7   job_5_task_8   job_17_task_6  job_17_task_7  job_17_task_8  job_13_task_7  job_5_task_9   job_0_task_8   job_12_task_4  job_6_task_8   job_0_task_9   job_1_task_7   job_15_task_6  job_4_task_8   job_14_task_9  job_15_task_7  job_3_task_9   job_12_task_7  job_16_task_8  job_12_task_8  job_11_task_9  job_1_task_8   job_9_task_9   
           [0,7]          [7,13]         [13,18]        [18,27]        [27,31]        [31,41]        [41,43]        [43,47]        [47,48]        [48,53]        [53,58]        [58,65]        [65,70]        [70,72]        [72,77]        [77,78]        [78,83]        [83,91]        [91,93]        [93,98]        [98,100]       [100,106]      [106,115]      [115,124]      [124,134]      [134,140]      [140,145]      [145,148]      [148,149]      [149,150]      [150,156]      [156,163]      [167,175]      [175,181]      [181,191]      [191,195]      [195,196]      [196,197]      [197,201]      [209,218]      [218,224]      [224,227]      [227,234]      [234,237]      [237,247]      [247,254]      [254,257]      [257,262]      [262,268]      [273,277]      [277,282]      [282,284]      [284,294]      [294,295]      [295,304]      [304,305]      [305,312]      [312,318]      [318,325]      [325,329]      [329,335]      
Optimal Schedule Length: 336.0
Total (Unoptimized Schedule Length): 986
Statistics
  - conflicts: 1
  - branches : 181
  - wall time: 0.029148964000000003s