
Problem
         task_0   task_1   task_2   task_3   task_4  task_5   task_6   task_7   task_8   task_9  task_10
job_0    (3, 1)   (1, 1)   (2, 2)  (2, 10)   (2, 5)  (0, 2)   (3, 2)   (0, 8)   (2, 3)   (3, 7)   (0, 5)
job_1   (0, 10)   (0, 7)   (2, 8)   (2, 4)   (0, 7)  (3, 2)   (0, 3)   (0, 1)   (3, 1)   (1, 5)   (0, 7)
job_2    (0, 7)   (0, 9)   (1, 4)   (2, 2)  (1, 10)  (3, 2)   (1, 8)   (2, 2)   (0, 1)   (1, 2)   (2, 5)
job_3   (0, 10)   (0, 5)  (2, 10)   (1, 8)   (3, 2)  (3, 4)  (2, 10)   (1, 9)   (0, 4)  (0, 10)   (0, 5)
job_4    (0, 7)   (0, 3)   (3, 7)   (2, 6)  (1, 10)  (3, 8)  (3, 10)   (1, 8)   (3, 4)   (1, 9)  (1, 10)
job_5    (1, 6)  (0, 10)   (2, 4)   (1, 6)   (2, 6)  (0, 9)   (2, 4)   (3, 9)   (3, 2)   (2, 5)   (1, 4)
job_6    (3, 9)   (3, 8)   (0, 4)   (2, 6)   (1, 6)  (1, 3)   (1, 6)   (3, 2)   (3, 5)   (1, 3)   (1, 7)
job_7    (3, 7)   (2, 1)   (2, 6)   (2, 9)   (2, 8)  (0, 5)   (2, 9)   (2, 5)   (3, 6)   (3, 9)   (0, 8)
job_8    (0, 8)   (1, 9)   (0, 2)  (3, 10)   (0, 7)  (0, 7)   (0, 3)   (0, 6)   (0, 6)   (0, 9)   (3, 4)
job_9    (0, 3)   (0, 6)   (2, 9)   (2, 1)  (0, 10)  (1, 2)   (2, 3)   (1, 9)   (3, 1)   (3, 7)   (1, 2)
job_10   (2, 1)  (3, 10)   (2, 7)  (0, 10)   (0, 5)  (0, 8)   (0, 9)   (3, 9)   (1, 1)   (1, 1)   (2, 6)
job_11   (1, 5)   (2, 1)   (1, 5)   (3, 7)   (0, 7)  (2, 4)   (0, 7)   (2, 4)   (0, 9)   (3, 2)   (2, 2)
job_12   (2, 8)   (2, 9)   (1, 6)   (0, 4)   (1, 8)  (1, 9)   (1, 6)   (2, 5)   (1, 7)   (3, 1)   (0, 1)
job_13   (2, 1)   (3, 7)   (1, 6)   (0, 2)   (1, 7)  (3, 2)   (3, 2)   (3, 3)   (3, 9)   (2, 5)   (3, 9)
job_14   (3, 5)   (3, 3)   (2, 4)  (0, 10)   (3, 9)  (1, 8)   (2, 3)   (3, 2)   (0, 5)   (1, 8)   (0, 1)
job_15   (0, 6)  (2, 10)   (2, 3)   (2, 4)   (2, 8)  (2, 6)   (2, 9)  (3, 10)   (2, 2)   (3, 6)   (1, 8)
job_16   (3, 6)   (1, 5)   (1, 2)   (1, 1)  (1, 10)  (1, 7)   (2, 6)   (3, 7)   (3, 6)   (3, 3)   (1, 9)
job_17   (2, 3)   (3, 3)   (1, 7)   (1, 9)   (3, 2)  (1, 1)   (3, 1)   (3, 6)  (2, 10)   (2, 8)   (0, 8)


Solution:
Machine 0: job_4_task_0   job_3_task_0   job_4_task_1   job_15_task_0  job_8_task_0   job_3_task_1   job_5_task_1   job_1_task_0   job_8_task_2   job_9_task_0   job_2_task_0   job_9_task_1   job_10_task_3  job_14_task_3  job_1_task_1   job_2_task_1   job_6_task_2   job_7_task_5   job_8_task_4   job_12_task_3  job_13_task_3  job_10_task_4  job_11_task_4  job_8_task_5   job_10_task_5  job_5_task_5   job_9_task_4   job_8_task_6   job_10_task_6  job_0_task_5   job_8_task_7   job_1_task_4   job_11_task_6  job_0_task_7   job_3_task_8   job_8_task_8   job_1_task_6   job_3_task_9   job_1_task_7   job_11_task_8  job_14_task_8  job_8_task_9   job_2_task_8   job_17_task_10 job_7_task_10  job_1_task_10  job_3_task_10  job_0_task_10  job_12_task_10 job_14_task_10 
           [0,7]          [7,17]         [17,20]        [20,26]        [26,34]        [34,39]        [39,49]        [49,59]        [59,61]        [61,64]        [64,71]        [71,77]        [77,87]        [87,97]        [97,104]       [104,113]      [113,117]      [117,122]      [122,129]      [129,133]      [133,135]      [135,140]      [140,147]      [147,154]      [154,162]      [162,171]      [171,181]      [181,184]      [184,193]      [193,195]      [195,201]      [201,208]      [208,215]      [215,223]      [223,227]      [227,233]      [233,236]      [236,246]      [246,247]      [247,256]      [256,261]      [261,270]      [270,271]      [271,279]      [279,287]      [287,294]      [294,299]      [299,304]      [304,305]      [305,306]      
Machine 1: job_5_task_0   job_11_task_0  job_16_task_1  job_16_task_2  job_16_task_3  job_16_task_4  job_8_task_1   job_4_task_4   job_17_task_2  job_3_task_3   job_12_task_2  job_0_task_1   job_17_task_3  job_13_task_2  job_5_task_3   job_11_task_2  job_16_task_5  job_2_task_2   job_17_task_5  job_4_task_7   job_14_task_5  job_13_task_4  job_12_task_4  job_6_task_4   job_12_task_5  job_3_task_7   job_6_task_5   job_6_task_6   job_2_task_4   job_9_task_5   job_12_task_6  job_4_task_9   job_6_task_9   job_2_task_6   job_9_task_7   job_4_task_10  job_6_task_10  job_12_task_8  job_10_task_8  job_15_task_10 job_1_task_9   job_14_task_9  job_16_task_10 job_10_task_9  job_2_task_9   job_5_task_10  job_9_task_10  
           [0,6]          [6,11]         [23,28]        [28,30]        [30,31]        [31,41]        [41,50]        [50,60]        [60,67]        [67,75]        [75,81]        [81,82]        [82,91]        [91,97]        [97,103]       [103,108]      [108,115]      [115,119]      [119,120]      [120,128]      [128,136]      [136,143]      [143,151]      [151,157]      [157,166]      [166,175]      [175,178]      [178,184]      [184,194]      [194,196]      [196,202]      [202,211]      [211,214]      [214,222]      [222,231]      [231,241]      [241,248]      [248,255]      [255,256]      [256,264]      [264,269]      [269,277]      [277,286]      [286,287]      [287,289]      [289,293]      [293,295]      
Machine 2: job_10_task_0  job_12_task_0  job_7_task_1   job_7_task_2   job_7_task_3   job_17_task_0  job_15_task_1  job_4_task_3   job_3_task_2   job_15_task_2  job_10_task_2  job_12_task_1  job_13_task_0  job_15_task_3  job_14_task_2  job_7_task_4   job_5_task_2   job_15_task_4  job_11_task_1  job_0_task_2   job_9_task_2   job_0_task_3   job_15_task_5  job_5_task_4   job_6_task_3   job_1_task_2   job_3_task_6   job_7_task_6   job_9_task_3   job_15_task_6  job_2_task_3   job_0_task_4   job_16_task_6  job_1_task_3   job_11_task_5  job_7_task_7   job_17_task_8  job_5_task_6   job_9_task_6   job_14_task_6  job_11_task_7  job_15_task_8  job_17_task_9  job_0_task_8   job_12_task_7  job_13_task_9  job_2_task_7   job_5_task_9   job_10_task_10 job_2_task_10  job_11_task_10 
           [0,1]          [1,9]          [9,10]         [10,16]        [16,25]        [25,28]        [28,38]        [38,44]        [44,54]        [54,57]        [57,64]        [64,73]        [73,74]        [74,78]        [78,82]        [82,90]        [90,94]        [94,102]       [102,103]      [103,105]      [105,114]      [114,124]      [124,130]      [130,136]      [136,142]      [142,150]      [150,160]      [160,169]      [169,170]      [170,179]      [179,181]      [181,186]      [186,192]      [192,196]      [196,200]      [200,205]      [205,215]      [215,219]      [219,222]      [222,225]      [225,229]      [229,231]      [231,239]      [239,242]      [242,247]      [247,252]      [252,254]      [269,274]      [287,293]      [293,298]      [298,300]      
Machine 3: job_7_task_0   job_10_task_1  job_16_task_0  job_4_task_2   job_6_task_0   job_14_task_0  job_17_task_1  job_14_task_1  job_6_task_1   job_0_task_0   job_4_task_5   job_8_task_3   job_13_task_1  job_3_task_4   job_3_task_5   job_4_task_6   job_17_task_4  job_14_task_4  job_11_task_3  job_17_task_6  job_17_task_7  job_4_task_8   job_13_task_5  job_13_task_6  job_13_task_7  job_13_task_8  job_15_task_7  job_6_task_7   job_6_task_8   job_0_task_6   job_16_task_7  job_7_task_8   job_2_task_5   job_1_task_5   job_16_task_8  job_5_task_7   job_7_task_9   job_10_task_7  job_14_task_7  job_15_task_9  job_1_task_8   job_16_task_9  job_0_task_9   job_5_task_8   job_9_task_8   job_9_task_9   job_13_task_10 job_11_task_9  job_8_task_10  job_12_task_9  
           [0,7]          [7,17]         [17,23]        [23,30]        [30,39]        [39,44]        [44,47]        [47,50]        [50,58]        [58,59]        [60,68]        [68,78]        [78,85]        [85,87]        [87,91]        [91,101]       [101,103]      [103,112]      [112,119]      [120,121]      [121,127]      [128,132]      [143,145]      [145,147]      [147,150]      [150,159]      [179,189]      [189,191]      [191,196]      [196,198]      [198,205]      [205,211]      [211,213]      [213,215]      [215,221]      [221,230]      [230,239]      [239,248]      [248,250]      [250,256]      [256,257]      [257,260]      [260,267]      [267,269]      [269,270]      [270,277]      [277,286]      [286,288]      [288,292]      [292,293]      
Optimal Schedule Length: 306.0
Total (Unoptimized Schedule Length): 1120
Statistics
  - conflicts: 1
  - branches : 199
  - wall time: 0.053840164s