
Problem
         task_0    task_1    task_2   task_3   task_4   task_5   task_6    task_7   task_8   task_9   task_10   task_11   task_12   task_13   task_14  task_15  task_16
job_0    (2, 2)    (7, 4)    (9, 8)   (9, 9)   (6, 4)   (0, 3)  (10, 6)    (8, 8)   (8, 9)   (2, 5)    (3, 2)   (13, 2)  (11, 10)    (5, 3)    (1, 5)   (9, 1)   (7, 8)
job_1    (8, 1)    (9, 6)   (13, 2)   (1, 7)   (0, 4)   (6, 1)   (5, 9)    (0, 3)   (4, 5)   (1, 9)   (6, 10)    (8, 2)   (13, 5)   (14, 3)   (12, 3)  (11, 3)  (7, 10)
job_2   (10, 8)    (9, 1)    (8, 5)  (2, 10)   (3, 5)  (12, 5)   (4, 2)   (13, 3)   (1, 5)   (4, 7)   (14, 9)    (0, 6)   (10, 4)    (5, 5)   (13, 3)   (4, 6)   (8, 8)
job_3    (6, 7)   (14, 3)   (14, 9)  (11, 8)   (3, 2)  (13, 4)   (6, 9)    (3, 9)  (0, 10)  (1, 10)    (5, 1)    (6, 7)   (12, 2)   (14, 7)    (8, 4)   (7, 1)  (14, 3)
job_4    (3, 1)   (11, 8)    (6, 3)   (5, 4)   (4, 9)   (1, 6)   (7, 4)   (11, 9)  (11, 1)   (1, 4)  (14, 10)   (13, 3)    (7, 9)    (5, 2)   (12, 9)   (0, 8)  (14, 2)
job_5    (3, 3)  (13, 10)  (13, 10)   (7, 2)   (0, 7)  (4, 10)   (2, 9)    (0, 4)   (2, 9)   (6, 9)   (12, 3)    (4, 1)    (4, 4)    (7, 6)   (14, 9)   (0, 5)  (14, 2)
job_6   (10, 7)   (12, 5)   (12, 8)   (3, 8)   (6, 4)  (8, 10)  (9, 10)  (11, 10)   (5, 9)   (7, 1)   (10, 1)   (2, 10)    (8, 2)    (1, 5)  (12, 10)   (2, 7)   (7, 7)
job_7    (0, 8)   (10, 6)    (7, 2)   (0, 2)  (11, 2)   (7, 2)  (11, 4)    (7, 6)   (1, 2)   (9, 1)    (7, 1)   (13, 4)   (10, 1)   (13, 6)   (14, 8)  (11, 6)  (14, 1)
job_8    (8, 8)   (12, 9)    (1, 9)   (9, 6)   (7, 6)   (0, 4)  (11, 8)    (3, 8)   (6, 8)   (4, 6)   (10, 5)    (2, 2)   (14, 4)   (8, 10)    (8, 5)  (14, 8)  (10, 1)
job_9    (2, 1)    (3, 1)    (1, 2)   (2, 8)   (1, 8)   (8, 4)   (7, 4)    (8, 5)   (1, 4)   (7, 7)    (9, 5)  (14, 10)    (0, 5)    (7, 3)   (11, 6)  (13, 7)   (4, 5)
job_10   (8, 9)    (6, 5)   (14, 7)   (2, 8)  (12, 6)   (7, 3)   (9, 7)   (12, 5)   (6, 2)   (9, 2)    (6, 6)    (2, 4)    (4, 4)    (3, 8)    (7, 7)  (4, 10)   (6, 8)
job_11   (3, 6)   (2, 10)   (10, 4)   (2, 2)   (8, 8)   (1, 9)   (8, 5)    (3, 2)   (5, 8)   (8, 9)   (10, 9)    (7, 4)    (7, 3)    (6, 7)    (2, 5)   (4, 3)   (2, 2)
job_12   (6, 4)    (1, 7)  (14, 10)  (8, 10)   (7, 5)  (12, 4)   (2, 9)    (2, 4)  (14, 8)   (7, 5)   (13, 2)    (4, 5)   (13, 6)    (1, 3)    (7, 5)  (14, 1)   (9, 2)
job_13  (10, 4)    (6, 9)    (3, 9)  (11, 1)   (8, 2)   (8, 9)   (3, 1)    (4, 2)   (6, 5)   (9, 2)    (4, 8)    (7, 6)   (12, 3)  (12, 10)   (13, 1)   (8, 6)  (10, 1)
job_14  (10, 3)  (12, 10)   (10, 4)   (1, 9)  (10, 6)   (5, 3)   (7, 6)   (12, 8)   (0, 9)   (2, 8)    (2, 9)    (9, 4)   (0, 10)   (12, 2)    (6, 8)   (3, 2)   (5, 2)
job_15   (1, 3)    (8, 7)   (12, 9)  (14, 4)  (11, 9)   (8, 6)   (9, 4)    (0, 7)   (9, 6)   (0, 1)  (13, 10)   (4, 10)    (7, 9)  (12, 10)   (10, 1)   (5, 2)  (10, 4)
job_16  (11, 4)    (7, 1)    (8, 4)   (6, 8)   (7, 9)   (6, 3)   (0, 8)    (1, 9)   (5, 5)   (8, 6)  (11, 10)    (7, 1)    (7, 8)   (6, 10)    (9, 7)  (10, 8)  (11, 9)
job_17   (8, 8)  (10, 10)  (14, 10)   (8, 8)  (9, 10)   (0, 5)   (0, 3)   (10, 8)   (5, 2)  (10, 4)    (3, 8)    (4, 1)    (3, 2)    (7, 3)    (0, 8)  (14, 6)   (2, 9)
job_18  (11, 9)    (9, 2)    (8, 3)   (6, 6)   (8, 4)   (4, 1)   (6, 5)   (12, 8)  (11, 4)   (6, 7)  (12, 10)    (0, 6)    (9, 7)    (3, 5)    (5, 3)   (3, 3)  (13, 4)


Solution:
Machine 0: job_7_task_0   job_5_task_4   job_7_task_3   job_16_task_6  job_3_task_8   job_1_task_4   job_8_task_5   job_5_task_7   job_1_task_7   job_14_task_8  job_0_task_5   job_17_task_5  job_17_task_6  job_9_task_12  job_15_task_7  job_15_task_9  job_17_task_14 job_2_task_11  job_18_task_11 job_14_task_12 job_4_task_15  job_5_task_15  
           [0,8]          [31,38]        [47,49]        [49,57]        [57,67]        [67,71]        [71,75]        [77,81]        [81,84]        [84,93]        [93,96]        [98,103]       [103,106]      [110,115]      [115,122]      [128,129]      [135,143]      [143,149]      [149,155]      [155,165]      [165,173]      [173,178]      
Machine 1: job_15_task_0  job_9_task_2   job_12_task_1  job_9_task_4   job_14_task_3  job_4_task_5   job_8_task_2   job_1_task_3   job_4_task_9   job_16_task_7  job_9_task_8   job_7_task_8   job_1_task_9   job_12_task_13 job_11_task_5  job_2_task_8   job_6_task_13  job_3_task_9   job_0_task_14  
           [0,3]          [11,13]        [13,20]        [27,35]        [35,44]        [44,50]        [50,59]        [59,66]        [68,72]        [72,81]        [82,86]        [86,88]        [92,101]       [101,104]      [104,113]      [113,118]      [119,124]      [124,134]      [171,176]      
Machine 2: job_0_task_0   job_9_task_0   job_11_task_1  job_9_task_3   job_11_task_3  job_10_task_3  job_12_task_6  job_12_task_7  job_5_task_6   job_2_task_3   job_10_task_11 job_5_task_8   job_6_task_11  job_14_task_9  job_14_task_10 job_8_task_11  job_6_task_15  job_0_task_9   job_17_task_16 job_11_task_14 job_11_task_16 
           [0,2]          [2,3]          [9,19]         [19,27]        [41,43]        [47,55]        [55,64]        [64,68]        [68,77]        [79,89]        [91,95]        [95,104]       [105,115]      [115,123]      [123,132]      [132,134]      [136,143]      [143,148]      [149,158]      [173,178]      [181,183]      
Machine 3: job_5_task_0   job_11_task_0  job_4_task_0   job_9_task_1   job_6_task_3   job_3_task_4   job_3_task_7   job_13_task_2  job_8_task_7   job_13_task_6  job_2_task_4   job_10_task_13 job_17_task_10 job_11_task_7  job_17_task_12 job_0_task_10  job_18_task_13 job_18_task_15 job_14_task_15 
           [0,3]          [3,9]          [9,10]         [10,11]        [20,28]        [29,31]        [46,55]        [63,72]        [83,91]        [93,94]        [94,99]        [100,108]      [120,128]      [128,130]      [130,132]      [148,150]      [170,175]      [178,181]      [181,183]      
Machine 4: job_4_task_4   job_5_task_5   job_1_task_8   job_12_task_11 job_13_task_7  job_10_task_12 job_8_task_9   job_2_task_6   job_18_task_5  job_13_task_10 job_5_task_11  job_5_task_12  job_2_task_9   job_17_task_11 job_10_task_15 job_15_task_11 job_9_task_16  job_2_task_15  job_11_task_15 
           [28,37]        [38,48]        [84,89]        [89,94]        [94,96]        [96,100]       [100,106]      [106,108]      [108,109]      [109,117]      [117,118]      [118,122]      [122,129]      [129,130]      [130,140]      [140,150]      [150,155]      [171,177]      [178,181]      
Machine 5: job_4_task_3   job_14_task_5  job_1_task_6   job_16_task_8  job_6_task_8   job_4_task_13  job_17_task_8  job_11_task_8  job_3_task_10  job_2_task_13  job_0_task_13  job_18_task_14 job_15_task_15 job_14_task_16 
           [24,28]        [50,53]        [72,81]        [85,90]        [94,103]       [103,105]      [114,116]      [130,138]      [138,139]      [163,168]      [168,171]      [175,178]      [178,180]      [183,185]      
Machine 6: job_3_task_0   job_12_task_0  job_16_task_3  job_4_task_2   job_6_task_4   job_10_task_1  job_3_task_6   job_16_task_5  job_0_task_4   job_13_task_1  job_1_task_5   job_10_task_8  job_18_task_3  job_10_task_10 job_8_task_8   job_13_task_8  job_5_task_9   job_18_task_6  job_1_task_10  job_18_task_9  job_3_task_11  job_16_task_13 job_10_task_16 job_11_task_13 job_14_task_14 
           [0,7]          [7,11]         [12,20]        [21,24]        [28,32]        [32,37]        [37,46]        [46,49]        [49,53]        [54,63]        [71,72]        [77,79]        [79,85]        [85,91]        [91,99]        [99,104]       [104,113]      [113,118]      [118,128]      [131,138]      [139,146]      [146,156]      [156,164]      [166,173]      [173,181]      
Machine 7: job_0_task_1   job_16_task_1  job_16_task_4  job_5_task_3   job_12_task_4  job_7_task_2   job_4_task_6   job_14_task_6  job_7_task_5   job_10_task_5  job_8_task_4   job_9_task_6   job_7_task_7   job_12_task_9  job_9_task_9   job_4_task_12  job_7_task_10  job_6_task_9   job_12_task_14 job_10_task_14 job_9_task_13  job_13_task_11 job_5_task_13  job_16_task_11 job_17_task_13 job_16_task_12 job_6_task_16  job_15_task_12 job_11_task_11 job_11_task_12 job_3_task_15  job_1_task_16  job_0_task_16  
           [2,6]          [6,7]          [20,29]        [29,31]        [40,45]        [45,47]        [50,54]        [54,60]        [60,62]        [62,65]        [65,71]        [71,75]        [75,81]        [81,86]        [86,93]        [93,102]       [102,103]      [103,104]      [104,109]      [109,116]      [116,119]      [119,125]      [125,131]      [131,132]      [132,135]      [135,143]      [143,150]      [150,159]      [159,163]      [163,166]      [166,167]      [167,177]      [177,185]      
Machine 8: job_8_task_0   job_16_task_2  job_17_task_0  job_10_task_0  job_1_task_0   job_12_task_3  job_2_task_2   job_6_task_5   job_17_task_3  job_9_task_5   job_15_task_1  job_18_task_2  job_9_task_7   job_13_task_4  job_13_task_5  job_11_task_4  job_18_task_4  job_15_task_5  job_16_task_9  job_6_task_12  job_11_task_6  job_0_task_7   job_0_task_8   job_11_task_9  job_1_task_11  job_8_task_13  job_3_task_14  job_8_task_14  job_13_task_15 job_2_task_16  
           [0,8]          [8,12]         [12,20]        [20,29]        [29,30]        [30,40]        [40,45]        [45,55]        [55,63]        [63,67]        [67,74]        [74,77]        [77,82]        [82,84]        [84,93]        [93,101]       [101,105]      [105,111]      [111,117]      [117,119]      [119,124]      [124,132]      [132,141]      [141,150]      [150,152]      [152,162]      [162,166]      [166,171]      [171,177]      [177,185]      
Machine 9: job_0_task_2   job_18_task_1  job_0_task_3   job_2_task_1   job_1_task_1   job_8_task_3   job_10_task_6  job_6_task_6   job_10_task_9  job_17_task_4  job_9_task_10  job_7_task_9   job_13_task_9  job_15_task_6  job_12_task_16 job_15_task_8  job_14_task_11 job_16_task_14 job_18_task_12 job_0_task_15  
           [6,14]         [14,16]        [16,25]        [25,26]        [30,36]        [59,65]        [65,72]        [73,83]        [83,85]        [85,95]        [95,100]       [100,101]      [104,106]      [111,115]      [115,117]      [122,128]      [132,136]      [156,163]      [163,170]      [176,177]      
Machine 10: job_6_task_0   job_14_task_0  job_2_task_0   job_17_task_1  job_14_task_2  job_11_task_2  job_7_task_1   job_14_task_4  job_13_task_0  job_0_task_6   job_6_task_10  job_17_task_7  job_7_task_12  job_17_task_9  job_8_task_10  job_11_task_10 job_2_task_12  job_16_task_15 job_15_task_14 job_13_task_16 job_15_task_16 job_8_task_16  
           [0,7]          [7,10]         [10,18]        [20,30]        [30,34]        [34,38]        [38,44]        [44,50]        [50,54]        [96,102]       [104,105]      [106,114]      [114,115]      [116,120]      [120,125]      [150,159]      [159,163]      [163,171]      [177,178]      [178,179]      [180,184]      [184,185]      
Machine 11: job_16_task_0  job_18_task_0  job_4_task_1   job_3_task_3   job_7_task_4   job_4_task_7   job_4_task_8   job_7_task_6   job_13_task_3  job_8_task_6   job_6_task_7   job_15_task_4  job_16_task_10 job_18_task_8  job_7_task_15  job_9_task_14  job_0_task_12  job_1_task_15  job_16_task_16 
           [0,4]          [4,13]         [13,21]        [21,29]        [49,51]        [54,63]        [63,64]        [64,68]        [72,73]        [75,83]        [83,93]        [93,102]       [117,127]      [127,131]      [131,137]      [137,143]      [152,162]      [164,167]      [171,180]      
Machine 12: job_6_task_1   job_6_task_2   job_14_task_1  job_8_task_1   job_12_task_5  job_10_task_4  job_14_task_7  job_10_task_7  job_15_task_2  job_2_task_5   job_4_task_14  job_5_task_10  job_18_task_7  job_6_task_14  job_13_task_12 job_18_task_10 job_3_task_12  job_13_task_13 job_1_task_14  job_14_task_13 job_15_task_13 
           [7,12]         [12,20]        [20,30]        [30,39]        [45,49]        [55,61]        [64,72]        [72,77]        [77,86]        [99,104]       [105,114]      [114,117]      [118,126]      [126,136]      [136,139]      [139,149]      [149,151]      [151,161]      [161,164]      [165,167]      [167,177]      
Machine 13: job_5_task_1   job_5_task_2   job_3_task_5   job_1_task_2   job_12_task_10 job_4_task_11  job_12_task_12 job_7_task_11  job_2_task_7   job_7_task_13  job_15_task_10 job_9_task_15  job_0_task_11  job_1_task_12  job_13_task_14 job_2_task_14  job_18_task_16 
           [3,13]         [13,23]        [31,35]        [36,38]        [86,88]        [90,93]        [94,100]       [103,107]      [108,111]      [115,121]      [129,139]      [143,150]      [150,152]      [152,157]      [161,162]      [168,171]      [181,185]      
Machine 14: job_3_task_1   job_3_task_2   job_12_task_2  job_17_task_2  job_10_task_2  job_12_task_8  job_4_task_10  job_15_task_3  job_9_task_11  job_12_task_15 job_7_task_14  job_2_task_10  job_8_task_12  job_7_task_16  job_17_task_15 job_3_task_13  job_1_task_13  job_5_task_14  job_3_task_16  job_8_task_15  job_4_task_16  job_5_task_16  
           [7,10]         [10,19]        [20,30]        [30,40]        [40,47]        [68,76]        [76,86]        [86,90]        [100,110]      [110,111]      [121,129]      [129,138]      [138,142]      [142,143]      [143,149]      [151,158]      [158,161]      [161,170]      [170,173]      [173,181]      [181,183]      [183,185]      
Optimal Schedule Length: 185.0
Total (Unoptimized Schedule Length): 1796
Statistics
  - conflicts: 0
  - branches : 0
  - wall time: 1.655716855s