
Problem
         task_0   task_1   task_2   task_3   task_4   task_5   task_6    task_7    task_8   task_9   task_10  task_11   task_12  task_13   task_14   task_15
job_0    (9, 9)   (3, 1)   (3, 3)   (2, 7)   (6, 3)  (6, 10)   (1, 1)   (2, 10)    (1, 9)   (4, 7)    (3, 7)   (0, 4)    (8, 5)  (10, 7)    (6, 9)    (3, 8)
job_1    (6, 2)   (5, 7)  (7, 10)   (2, 2)   (1, 8)   (5, 3)   (4, 7)   (5, 10)    (8, 2)   (7, 4)    (1, 6)   (0, 4)    (0, 1)  (2, 10)    (2, 3)    (8, 9)
job_2    (2, 2)  (10, 5)   (3, 6)  (10, 5)   (2, 9)   (7, 6)   (7, 3)    (1, 8)    (6, 6)   (1, 1)    (7, 7)   (7, 4)    (8, 8)  (11, 1)    (6, 7)   (10, 4)
job_3   (10, 3)   (4, 3)   (4, 4)   (8, 3)   (9, 6)  (10, 7)  (10, 9)  (10, 10)    (7, 8)   (4, 4)    (4, 7)   (6, 7)    (8, 5)   (4, 7)    (8, 3)    (9, 3)
job_4   (11, 2)   (9, 5)  (10, 8)   (8, 4)   (5, 3)   (1, 6)   (1, 8)    (5, 8)   (3, 10)  (6, 10)  (10, 10)  (10, 6)   (0, 10)  (1, 10)   (11, 1)    (8, 2)
job_5   (2, 10)   (4, 6)   (5, 8)   (2, 6)   (5, 6)   (9, 7)   (7, 3)    (2, 7)    (1, 8)   (7, 5)   (10, 3)   (9, 1)    (7, 2)   (3, 3)  (11, 10)  (11, 10)
job_6    (6, 3)   (5, 5)   (5, 3)  (11, 5)   (0, 7)  (10, 4)   (5, 5)    (1, 8)    (8, 6)   (1, 4)    (4, 3)   (0, 8)    (5, 8)   (6, 9)   (7, 10)    (7, 6)
job_7    (5, 1)   (8, 7)  (4, 10)   (8, 5)   (2, 8)   (8, 6)  (10, 1)    (1, 7)    (1, 1)  (6, 10)    (9, 2)   (9, 5)   (10, 9)   (9, 3)   (11, 3)    (2, 1)
job_8    (6, 4)  (11, 8)   (9, 9)  (2, 10)   (0, 2)  (11, 8)  (0, 10)   (2, 10)  (11, 10)   (1, 9)  (10, 10)   (0, 3)    (7, 2)   (7, 2)    (7, 7)   (10, 7)
job_9    (9, 7)   (2, 1)   (1, 3)   (6, 1)   (8, 3)   (9, 5)   (5, 5)   (7, 10)    (3, 4)   (0, 7)   (10, 5)   (5, 5)    (6, 3)  (9, 10)   (5, 10)   (11, 2)
job_10  (11, 7)  (10, 9)   (3, 8)  (7, 10)   (8, 6)   (5, 2)  (10, 8)   (7, 10)    (7, 1)   (5, 4)   (3, 10)   (0, 2)   (1, 10)  (8, 10)    (0, 1)   (0, 10)
job_11  (10, 6)   (2, 8)   (1, 4)  (11, 8)  (4, 10)   (3, 2)   (2, 3)   (10, 6)    (7, 3)   (8, 6)    (2, 5)   (7, 1)    (7, 3)   (0, 1)    (1, 6)    (5, 5)
job_12   (5, 2)   (2, 1)   (9, 8)   (6, 1)   (2, 5)   (5, 5)   (8, 3)    (5, 4)    (0, 2)  (10, 9)    (0, 2)   (4, 3)    (5, 6)   (6, 3)    (9, 1)    (2, 7)
job_13   (1, 6)   (8, 8)   (2, 1)  (2, 10)   (2, 2)   (9, 8)   (1, 2)    (6, 2)   (5, 10)   (7, 9)    (8, 2)   (0, 8)    (7, 5)   (7, 7)    (3, 5)  (11, 10)
job_14  (6, 10)  (0, 10)  (10, 4)   (3, 1)  (10, 4)   (6, 4)   (6, 4)    (1, 2)    (9, 4)   (9, 7)   (11, 6)   (3, 1)    (0, 2)   (2, 6)   (3, 10)    (5, 3)
job_15   (4, 6)   (1, 4)  (3, 10)   (5, 1)  (11, 6)   (0, 1)   (0, 2)    (4, 1)    (9, 6)   (3, 9)   (10, 5)   (2, 7)  (10, 10)   (1, 2)   (3, 10)   (11, 4)
job_16   (9, 5)   (0, 8)   (7, 1)   (2, 7)  (10, 1)   (7, 3)   (5, 2)    (8, 5)    (2, 6)   (3, 4)   (10, 6)   (2, 2)    (9, 5)   (4, 5)   (5, 10)    (4, 5)


Solution:
Machine 0: job_14_task_1  job_6_task_4   job_15_task_5  job_15_task_6  job_8_task_4   job_16_task_1  job_8_task_6   job_13_task_11 job_0_task_11  job_9_task_9   job_4_task_12  job_10_task_11 job_8_task_11  job_6_task_11  job_14_task_12 job_12_task_8  job_1_task_11  job_1_task_12  job_12_task_10 job_11_task_13 job_10_task_14 job_10_task_15 
           [19,29]        [29,36]        [36,37]        [37,39]        [48,50]        [50,58]        [58,68]        [93,101]       [101,105]      [105,112]      [112,122]      [122,124]      [124,127]      [127,135]      [135,137]      [138,140]      [146,150]      [150,151]      [151,153]      [164,165]      [167,168]      [168,178]      
Machine 1: job_13_task_0  job_15_task_1  job_11_task_2  job_4_task_5   job_4_task_6   job_0_task_6   job_9_task_2   job_1_task_4   job_13_task_6  job_6_task_7   job_0_task_8   job_2_task_7   job_8_task_9   job_2_task_9   job_6_task_9   job_14_task_7  job_5_task_8   job_7_task_7   job_7_task_8   job_4_task_13  job_1_task_10  job_10_task_12 job_15_task_13 job_11_task_14 
           [0,6]          [6,10]         [20,24]        [35,41]        [41,49]        [49,50]        [55,58]        [59,67]        [67,69]        [69,77]        [78,87]        [87,95]        [98,107]       [107,108]      [108,112]      [112,114]      [114,122]      [122,129]      [129,130]      [130,140]      [140,146]      [146,156]      [161,163]      [165,171]      
Machine 2: job_5_task_0   job_2_task_0   job_11_task_1  job_0_task_3   job_13_task_2  job_13_task_3  job_8_task_3   job_5_task_3   job_9_task_1   job_13_task_4  job_1_task_3   job_2_task_4   job_0_task_7   job_8_task_7   job_12_task_1  job_16_task_3  job_11_task_6  job_7_task_4   job_5_task_7   job_12_task_4  job_15_task_11 job_16_task_8  job_11_task_10 job_14_task_13 job_16_task_11 job_1_task_13  job_1_task_14  job_12_task_15 job_7_task_15  
           [0,10]         [10,12]        [12,20]        [20,27]        [27,28]        [28,38]        [38,48]        [48,54]        [54,55]        [55,57]        [57,59]        [59,68]        [68,78]        [78,88]        [88,89]        [89,96]        [96,99]        [99,107]       [107,114]      [114,119]      [119,126]      [126,132]      [133,138]      [138,144]      [144,146]      [151,161]      [161,164]      [169,176]      [177,178]      
Machine 3: job_0_task_1   job_0_task_2   job_15_task_2  job_10_task_2  job_2_task_2   job_11_task_5  job_14_task_3  job_4_task_8   job_15_task_9  job_0_task_10  job_9_task_8   job_10_task_10 job_14_task_11 job_16_task_9  job_13_task_14 job_5_task_13  job_14_task_14 job_0_task_15  job_15_task_14 
           [9,10]         [10,13]        [13,23]        [23,31]        [31,37]        [48,50]        [51,52]        [58,68]        [68,77]        [94,101]       [101,105]      [105,115]      [131,132]      [132,136]      [136,141]      [145,148]      [148,158]      [158,166]      [166,176]      
Machine 4: job_15_task_0  job_3_task_1   job_3_task_2   job_5_task_1   job_7_task_2   job_11_task_4  job_15_task_7  job_1_task_6   job_0_task_9   job_3_task_9   job_3_task_10  job_6_task_10  job_3_task_13  job_12_task_11 job_16_task_13 job_16_task_15 
           [0,6]          [9,12]         [12,16]        [16,22]        [22,32]        [38,48]        [48,49]        [72,79]        [87,94]        [109,113]      [113,120]      [120,123]      [138,145]      [153,156]      [156,161]      [173,178]      
Machine 5: job_7_task_0   job_12_task_0  job_6_task_1   job_6_task_2   job_1_task_1   job_15_task_3  job_5_task_2   job_4_task_4   job_10_task_5  job_4_task_7   job_5_task_4   job_6_task_6   job_1_task_5   job_13_task_8  job_9_task_6   job_1_task_7   job_10_task_9  job_16_task_6  job_12_task_5  job_9_task_11  job_12_task_7  job_6_task_12  job_9_task_14  job_12_task_12 job_16_task_14 job_11_task_15 job_14_task_15 
           [0,1]          [1,3]          [7,12]         [12,15]        [15,22]        [23,24]        [24,32]        [32,35]        [48,50]        [50,58]        [58,64]        [64,69]        [69,72]        [72,82]        [82,87]        [87,97]        [97,101]       [116,118]      [119,124]      [129,134]      [134,138]      [138,146]      [147,157]      [157,163]      [163,173]      [173,178]      [178,181]      
Machine 6: job_8_task_0   job_6_task_0   job_1_task_0   job_14_task_0  job_0_task_4   job_0_task_5   job_9_task_3   job_13_task_7  job_4_task_9   job_2_task_8   job_12_task_3  job_14_task_5  job_14_task_6  job_3_task_11  job_9_task_12  job_7_task_9   job_0_task_14  job_6_task_13  job_12_task_13 job_2_task_14  
           [0,4]          [4,7]          [7,9]          [9,19]         [27,30]        [30,40]        [58,59]        [69,71]        [71,81]        [95,101]       [101,102]      [102,106]      [106,110]      [120,127]      [134,137]      [137,147]      [147,156]      [156,165]      [165,168]      [168,175]      
Machine 7: job_1_task_2   job_10_task_3  job_16_task_2  job_10_task_7  job_2_task_5   job_5_task_6   job_2_task_6   job_10_task_8  job_13_task_9  job_9_task_7   job_3_task_8   job_1_task_9   job_16_task_5  job_11_task_8  job_13_task_12 job_5_task_9   job_13_task_13 job_2_task_10  job_5_task_12  job_2_task_11  job_8_task_12  job_8_task_13  job_8_task_14  job_11_task_11 job_11_task_12 job_6_task_14  job_6_task_15  
           [22,32]        [32,42]        [58,59]        [59,69]        [69,75]        [75,78]        [78,81]        [81,82]        [82,91]        [91,101]       [101,109]      [109,113]      [113,116]      [116,119]      [119,124]      [124,129]      [129,136]      [136,143]      [143,145]      [145,149]      [149,151]      [151,153]      [153,160]      [160,161]      [161,164]      [165,175]      [175,181]      
Machine 8: job_7_task_1   job_13_task_1  job_3_task_3   job_4_task_3   job_7_task_3   job_10_task_4  job_9_task_4   job_6_task_8   job_13_task_10 job_1_task_8   job_0_task_12  job_7_task_5   job_16_task_7  job_12_task_6  job_11_task_9  job_3_task_12  job_4_task_15  job_3_task_14  job_2_task_12  job_10_task_13 job_1_task_15  
           [1,8]          [8,16]         [16,19]        [26,30]        [32,37]        [42,48]        [59,62]        [77,83]        [91,93]        [97,99]        [105,110]      [110,116]      [118,123]      [124,127]      [127,133]      [133,138]      [141,143]      [145,148]      [149,157]      [157,167]      [167,176]      
Machine 9: job_0_task_0   job_4_task_1   job_9_task_0   job_3_task_4   job_8_task_2   job_16_task_0  job_15_task_8  job_13_task_5  job_5_task_5   job_9_task_5   job_12_task_2  job_14_task_8  job_14_task_9  job_5_task_11  job_9_task_13  job_16_task_12 job_7_task_10  job_7_task_11  job_3_task_15  job_12_task_14 job_7_task_13  
           [0,9]          [9,14]         [14,21]        [21,27]        [27,36]        [36,41]        [49,55]        [57,65]        [65,72]        [72,77]        [89,97]        [114,118]      [118,125]      [136,137]      [137,147]      [147,152]      [152,154]      [154,159]      [159,162]      [168,169]      [170,173]      
Machine 10: job_11_task_0  job_3_task_0   job_10_task_1  job_4_task_2   job_2_task_1   job_3_task_5   job_2_task_3   job_6_task_5   job_14_task_2  job_10_task_6  job_3_task_6   job_3_task_7   job_15_task_10 job_4_task_10  job_14_task_4  job_4_task_11  job_11_task_7  job_16_task_4  job_8_task_10  job_7_task_6   job_9_task_10  job_0_task_13  job_5_task_10  job_16_task_10 job_12_task_9  job_15_task_12 job_7_task_12  job_8_task_15  job_2_task_15  
           [0,6]          [6,9]          [9,18]         [18,26]        [26,31]        [31,38]        [38,43]        [43,47]        [47,51]        [51,59]        [59,68]        [68,78]        [78,83]        [83,93]        [93,97]        [97,103]       [103,109]      [109,110]      [110,120]      [120,121]      [121,126]      [126,133]      [133,136]      [136,142]      [142,151]      [151,161]      [161,170]      [170,177]      [177,181]      
Machine 11: job_10_task_0  job_4_task_0   job_8_task_1   job_6_task_3   job_15_task_4  job_11_task_3  job_8_task_5   job_8_task_8   job_14_task_10 job_4_task_14  job_13_task_15 job_5_task_14  job_2_task_13  job_5_task_15  job_9_task_15  job_7_task_14  job_15_task_15 
           [0,7]          [7,9]          [9,17]         [17,22]        [24,30]        [30,38]        [50,58]        [88,98]        [125,131]      [140,141]      [141,151]      [151,161]      [161,162]      [162,172]      [172,174]      [174,177]      [177,181]      
Optimal Schedule Length: 181.0
Total (Unoptimized Schedule Length): 1501
Statistics
  - conflicts: 0
  - branches : 0
  - wall time: 0.19565733500000002s