
Problem
         task_0  task_1   task_2   task_3  task_4   task_5   task_6   task_7   task_8  task_9  task_10  task_11  task_12  task_13 task_14  task_15 task_16 task_17  task_18  task_19
job_0    (2, 5)  (2, 7)   (0, 3)   (3, 4)  (2, 9)   (0, 7)   (0, 8)   (2, 6)   (4, 5)  (2, 2)   (5, 8)   (0, 7)   (3, 8)   (0, 2)  (4, 3)   (5, 3)  (4, 3)  (4, 8)  (0, 10)   (0, 9)
job_1    (5, 3)  (0, 9)   (5, 8)   (2, 3)  (1, 1)   (2, 5)   (1, 7)   (1, 7)   (5, 6)  (1, 3)   (5, 9)   (3, 8)   (5, 8)   (0, 8)  (5, 8)   (1, 1)  (5, 4)  (3, 4)   (3, 5)   (0, 4)
job_2    (3, 1)  (4, 3)   (0, 2)   (0, 6)  (4, 7)   (2, 8)   (1, 5)   (2, 8)   (5, 6)  (0, 2)   (1, 2)   (5, 7)   (4, 8)   (1, 5)  (4, 7)   (1, 4)  (4, 8)  (1, 9)   (0, 9)   (5, 2)
job_3    (1, 4)  (3, 8)   (5, 4)   (4, 1)  (1, 2)   (0, 2)  (2, 10)   (4, 5)   (1, 3)  (0, 1)   (2, 7)   (1, 4)   (3, 6)   (0, 4)  (1, 5)   (1, 4)  (0, 4)  (0, 3)   (2, 4)  (4, 10)
job_4    (0, 9)  (5, 7)  (0, 10)   (4, 6)  (0, 2)   (2, 7)   (3, 3)   (5, 8)  (2, 10)  (0, 5)   (5, 4)  (1, 10)   (1, 1)  (5, 10)  (1, 4)   (4, 6)  (0, 1)  (0, 1)   (4, 9)   (0, 5)
job_5   (3, 10)  (4, 8)  (3, 10)  (5, 10)  (4, 1)   (5, 6)   (1, 9)   (1, 1)   (5, 5)  (4, 8)   (0, 8)   (0, 8)  (3, 10)   (2, 1)  (1, 3)   (5, 9)  (4, 7)  (5, 4)   (3, 6)   (1, 6)
job_6    (5, 1)  (5, 4)   (4, 7)   (3, 3)  (0, 2)  (2, 10)   (2, 3)   (2, 1)   (4, 7)  (1, 1)   (1, 3)   (3, 4)   (2, 1)   (5, 9)  (5, 3)   (0, 5)  (4, 1)  (5, 1)   (4, 3)   (2, 9)
job_7    (1, 6)  (4, 5)   (1, 3)   (0, 2)  (2, 3)   (5, 3)   (1, 7)   (1, 6)  (2, 10)  (4, 7)   (4, 7)   (0, 4)   (3, 8)  (2, 10)  (2, 5)   (3, 3)  (5, 3)  (3, 6)  (1, 10)  (0, 10)
job_8    (0, 1)  (4, 5)   (4, 4)   (2, 3)  (2, 3)   (2, 7)   (1, 7)   (5, 1)   (4, 5)  (4, 5)   (1, 7)   (3, 8)   (2, 4)   (4, 2)  (3, 4)  (0, 10)  (5, 3)  (0, 9)  (5, 10)  (2, 10)
job_9    (1, 1)  (3, 8)   (0, 6)   (0, 6)  (5, 4)  (1, 10)   (5, 1)   (4, 5)   (4, 2)  (5, 3)   (4, 2)   (0, 8)  (2, 10)   (4, 5)  (1, 7)   (5, 9)  (5, 2)  (3, 3)   (3, 4)  (1, 10)
job_10   (5, 6)  (5, 7)   (3, 8)   (3, 4)  (4, 4)   (5, 4)   (2, 2)  (5, 10)   (3, 2)  (2, 1)  (3, 10)   (5, 1)   (4, 5)  (5, 10)  (1, 7)   (1, 2)  (4, 5)  (0, 6)   (2, 3)   (1, 8)
job_11   (4, 3)  (0, 9)   (1, 5)   (4, 5)  (3, 2)   (0, 6)   (2, 3)   (0, 3)   (4, 8)  (4, 1)   (4, 8)   (2, 1)  (2, 10)   (2, 7)  (1, 2)  (0, 10)  (3, 3)  (4, 5)   (3, 3)   (0, 1)


Solution:
Machine 0: job_4_task_0   job_9_task_2   job_9_task_3   job_7_task_3   job_0_task_2   job_8_task_0   job_1_task_1   job_2_task_2   job_2_task_3   job_11_task_1  job_4_task_2   job_0_task_5   job_0_task_6   job_6_task_4   job_4_task_4   job_3_task_5   job_9_task_11  job_5_task_10  job_5_task_11  job_0_task_11  job_3_task_9   job_11_task_5  job_7_task_11  job_4_task_9   job_11_task_7  job_0_task_13  job_8_task_15  job_2_task_9   job_10_task_17 job_1_task_13  job_8_task_17  job_3_task_13  job_0_task_18  job_0_task_19  job_3_task_16  job_11_task_15 job_6_task_15  job_1_task_19  job_3_task_17  job_4_task_16  job_4_task_17  job_2_task_18  job_7_task_19  job_4_task_19  job_11_task_19 
           [0,9]          [9,15]         [15,21]        [21,23]        [23,26]        [26,27]        [27,36]        [36,38]        [38,44]        [44,53]        [53,63]        [63,70]        [70,78]        [78,80]        [80,82]        [82,84]        [84,92]        [92,100]       [100,108]      [108,115]      [115,116]      [116,122]      [122,126]      [126,131]      [131,134]      [134,136]      [136,146]      [146,148]      [148,154]      [154,162]      [162,171]      [171,175]      [175,185]      [185,194]      [194,198]      [198,208]      [208,213]      [213,217]      [217,220]      [220,221]      [221,222]      [222,231]      [231,241]      [241,246]      [246,247]      
Machine 1: job_9_task_0   job_3_task_0   job_7_task_0   job_7_task_2   job_9_task_5   job_7_task_6   job_7_task_7   job_1_task_4   job_8_task_6   job_5_task_6   job_5_task_7   job_3_task_4   job_1_task_6   job_1_task_7   job_2_task_6   job_11_task_2  job_8_task_10  job_1_task_9   job_3_task_8   job_10_task_14 job_10_task_15 job_4_task_11  job_2_task_10  job_4_task_12  job_3_task_11  job_10_task_19 job_5_task_14  job_3_task_14  job_6_task_9   job_6_task_10  job_1_task_15  job_2_task_13  job_3_task_15  job_11_task_14 job_2_task_15  job_9_task_14  job_4_task_14  job_2_task_17  job_7_task_18  job_5_task_19  job_9_task_19  
           [0,1]          [1,5]          [5,11]         [16,19]        [25,35]        [35,42]        [42,48]        [56,57]        [57,64]        [64,73]        [73,74]        [74,76]        [76,83]        [83,90]        [90,95]        [95,100]       [102,109]      [109,112]      [112,115]      [134,141]      [141,143]      [143,153]      [153,155]      [155,156]      [159,163]      [163,171]      [171,174]      [175,180]      [180,181]      [181,184]      [184,185]      [185,190]      [190,194]      [194,196]      [197,201]      [201,208]      [208,212]      [212,221]      [221,231]      [231,237]      [237,247]      
Machine 2: job_0_task_0   job_0_task_1   job_7_task_4   job_0_task_4   job_8_task_3   job_8_task_4   job_8_task_5   job_1_task_3   job_2_task_5   job_1_task_5   job_7_task_8   job_10_task_6  job_0_task_7   job_4_task_5   job_0_task_9   job_10_task_9  job_3_task_6   job_4_task_8   job_11_task_6  job_8_task_12  job_2_task_7   job_6_task_5   job_6_task_6   job_6_task_7   job_3_task_10  job_10_task_18 job_5_task_13  job_9_task_12  job_11_task_11 job_11_task_12 job_11_task_13 job_6_task_12  job_7_task_13  job_7_task_14  job_3_task_18  job_6_task_19  job_8_task_19  
           [0,5]          [5,12]         [23,26]        [31,40]        [40,43]        [43,46]        [46,53]        [53,56]        [56,64]        [64,69]        [69,79]        [79,81]        [81,87]        [87,94]        [94,96]        [96,97]        [97,107]       [113,123]      [123,126]      [126,130]      [130,138]      [138,148]      [148,151]      [151,152]      [152,159]      [159,162]      [162,163]      [163,173]      [173,174]      [174,184]      [184,191]      [191,192]      [192,202]      [202,207]      [220,224]      [228,237]      [237,247]      
Machine 3: job_2_task_0   job_9_task_1   job_5_task_0   job_10_task_2  job_0_task_3   job_5_task_2   job_3_task_1   job_10_task_3  job_6_task_3   job_10_task_8  job_4_task_6   job_10_task_10 job_11_task_4  job_8_task_11  job_0_task_12  job_8_task_14  job_1_task_11  job_7_task_12  job_5_task_12  job_3_task_12  job_6_task_11  job_1_task_17  job_1_task_18  job_7_task_15  job_11_task_16 job_7_task_17  job_5_task_18  job_9_task_17  job_9_task_18  job_11_task_18 
           [0,1]          [1,9]          [9,19]         [19,27]        [27,31]        [31,41]        [41,49]        [49,53]        [53,56]        [91,93]        [94,97]        [104,114]      [114,116]      [116,124]      [124,132]      [132,136]      [136,144]      [144,152]      [152,162]      [163,169]      [184,188]      [196,200]      [200,205]      [207,210]      [210,213]      [215,221]      [221,227]      [227,230]      [230,234]      [234,237]      
Machine 4: job_11_task_0  job_2_task_1   job_7_task_1   job_5_task_1   job_8_task_1   job_8_task_2   job_9_task_7   job_6_task_2   job_2_task_4   job_5_task_4   job_10_task_4  job_9_task_8   job_3_task_3   job_4_task_3   job_8_task_8   job_9_task_10  job_8_task_9   job_5_task_9   job_0_task_8   job_7_task_9   job_11_task_3  job_3_task_7   job_7_task_10  job_10_task_12 job_8_task_13  job_11_task_8  job_11_task_9  job_10_task_16 job_0_task_14  job_11_task_10 job_0_task_16  job_0_task_17  job_6_task_8   job_2_task_12  job_9_task_13  job_2_task_14  job_5_task_16  job_2_task_16  job_4_task_15  job_11_task_17 job_6_task_16  job_6_task_18  job_4_task_18  job_3_task_19  
           [0,3]          [3,6]          [11,16]        [19,27]        [27,32]        [32,36]        [36,41]        [41,48]        [48,55]        [55,56]        [56,60]        [60,62]        [62,63]        [63,69]        [69,74]        [74,76]        [76,81]        [81,89]        [89,94]        [94,101]       [101,106]      [107,112]      [112,119]      [119,124]      [130,132]      [134,142]      [142,143]      [143,148]      [148,151]      [151,159]      [159,162]      [162,170]      [170,177]      [177,185]      [185,190]      [190,197]      [197,204]      [204,212]      [212,218]      [218,223]      [223,224]      [225,228]      [228,237]      [237,247]      
Machine 5: job_1_task_0   job_10_task_0  job_10_task_1  job_6_task_0   job_6_task_1   job_9_task_4   job_4_task_1   job_7_task_5   job_9_task_6   job_1_task_2   job_5_task_3   job_3_task_2   job_5_task_5   job_8_task_7   job_10_task_5  job_9_task_9   job_5_task_8   job_10_task_7  job_1_task_8   job_0_task_10  job_4_task_7   job_10_task_11 job_1_task_10  job_10_task_13 job_4_task_10  job_2_task_8   job_1_task_12  job_8_task_16  job_0_task_15  job_2_task_11  job_4_task_13  job_1_task_14  job_5_task_15  job_1_task_16  job_6_task_13  job_6_task_14  job_5_task_17  job_7_task_16  job_9_task_15  job_6_task_17  job_9_task_16  job_8_task_18  job_2_task_19  
           [0,3]          [3,9]          [9,16]         [16,17]        [17,21]        [21,25]        [25,32]        [32,35]        [35,36]        [36,44]        [44,54]        [54,58]        [58,64]        [64,65]        [65,69]        [69,72]        [74,79]        [81,91]        [91,97]        [97,105]       [105,113]      [114,115]      [115,124]      [124,134]      [134,138]      [138,144]      [144,152]      [152,155]      [155,158]      [158,165]      [165,175]      [175,183]      [183,192]      [192,196]      [196,205]      [205,208]      [208,212]      [212,215]      [215,224]      [224,225]      [225,227]      [227,237]      [237,239]      
Optimal Schedule Length: 247.0
Total (Unoptimized Schedule Length): 1286
Statistics
  - conflicts: 0
  - branches : 69
  - wall time: 0.256147842s