
Problem
         task_0   task_1   task_2   task_3   task_4   task_5   task_6    task_7   task_8   task_9  task_10   task_11  task_12  task_13  task_14
job_0    (2, 6)   (2, 6)   (0, 1)   (1, 2)   (1, 2)   (8, 4)  (10, 7)    (5, 4)  (0, 10)  (8, 10)   (8, 9)    (0, 1)  (10, 6)   (6, 6)   (4, 7)
job_1    (6, 6)   (5, 4)   (6, 8)   (5, 1)   (6, 8)   (4, 4)  (10, 7)    (7, 9)   (0, 6)   (3, 7)   (9, 9)    (3, 7)   (1, 8)   (2, 4)   (5, 7)
job_2    (4, 2)   (8, 3)   (7, 9)  (10, 7)   (6, 5)   (4, 6)   (5, 2)    (5, 6)   (3, 6)   (6, 1)   (9, 9)    (3, 4)   (8, 3)   (2, 8)   (3, 9)
job_3    (9, 2)   (1, 8)   (9, 1)   (9, 2)  (8, 10)   (7, 6)  (0, 10)    (8, 3)   (0, 4)   (7, 3)   (3, 3)    (4, 8)   (0, 8)   (5, 1)  (10, 3)
job_4    (3, 2)  (1, 10)   (9, 9)   (0, 2)   (3, 2)   (7, 2)  (8, 10)    (2, 8)  (10, 7)   (4, 7)   (5, 1)    (5, 3)  (10, 7)  (0, 10)   (3, 5)
job_5   (10, 3)   (7, 7)   (8, 8)   (5, 5)   (2, 6)   (9, 2)   (0, 9)    (2, 9)   (8, 1)  (10, 2)   (7, 4)   (5, 10)  (10, 1)   (0, 2)   (9, 8)
job_6    (2, 1)   (5, 3)  (0, 10)   (3, 5)  (10, 6)   (3, 8)   (2, 3)    (5, 6)   (0, 6)   (4, 2)   (7, 1)    (5, 7)  (3, 10)  (1, 10)   (0, 2)
job_7    (8, 9)   (1, 6)   (5, 7)   (7, 2)   (7, 5)   (7, 5)   (5, 6)    (8, 8)   (1, 1)   (1, 1)   (3, 3)    (9, 8)  (10, 6)   (0, 6)   (6, 5)
job_8    (9, 1)   (8, 9)   (3, 5)  (0, 10)   (0, 4)   (5, 1)   (4, 4)    (8, 3)   (9, 1)   (1, 6)  (2, 10)  (10, 10)   (2, 8)   (7, 4)   (4, 4)
job_9    (5, 7)   (3, 4)   (3, 4)   (5, 9)   (6, 4)  (10, 2)   (4, 9)    (3, 3)  (6, 10)  (10, 9)   (7, 7)    (5, 4)   (5, 2)   (1, 5)   (6, 3)
job_10  (10, 6)   (6, 5)  (2, 10)   (9, 9)  (10, 6)   (6, 5)   (2, 4)    (4, 6)   (0, 3)   (4, 4)   (8, 2)   (10, 6)   (1, 8)   (4, 5)   (2, 7)
job_11   (8, 9)   (4, 3)  (0, 10)   (1, 4)   (6, 5)   (0, 4)  (8, 10)   (0, 10)   (7, 8)   (5, 6)   (1, 3)    (9, 1)   (6, 1)   (6, 7)  (9, 10)
job_12  (0, 10)   (3, 4)  (10, 7)   (5, 6)   (1, 4)   (3, 8)   (9, 6)    (4, 7)  (10, 2)   (9, 3)   (3, 2)    (5, 5)   (3, 9)   (9, 8)   (7, 6)
job_13   (6, 1)   (4, 1)   (1, 2)   (8, 1)   (0, 7)  (1, 10)   (2, 5)    (7, 2)   (3, 2)   (2, 3)   (1, 7)   (6, 10)   (8, 9)   (7, 1)   (0, 7)
job_14   (1, 4)   (2, 7)   (1, 6)   (4, 6)   (8, 7)  (9, 10)   (5, 3)    (9, 3)   (4, 8)   (8, 5)   (1, 6)    (4, 8)  (10, 1)   (6, 7)   (8, 6)
job_15   (0, 3)   (1, 9)   (5, 6)   (6, 4)   (2, 8)   (4, 3)   (0, 1)    (7, 2)   (7, 9)   (1, 8)   (2, 1)    (2, 1)  (10, 8)   (7, 5)  (6, 10)
job_16   (8, 7)   (0, 2)   (3, 9)   (8, 9)   (2, 5)   (7, 7)  (6, 10)  (10, 10)   (8, 6)   (2, 5)  (2, 10)    (4, 4)   (0, 6)   (1, 4)   (6, 2)
job_17   (4, 5)   (0, 7)   (8, 9)   (9, 7)   (5, 4)   (5, 5)   (6, 5)    (1, 6)   (0, 5)   (5, 3)   (7, 2)    (5, 7)   (2, 6)   (4, 2)   (1, 4)


Solution:
Machine 0: job_12_task_0  job_16_task_1  job_15_task_0  job_17_task_1  job_0_task_2   job_6_task_2   job_4_task_3   job_8_task_3   job_8_task_4   job_1_task_8   job_13_task_4  job_15_task_6  job_11_task_2  job_5_task_6   job_11_task_5  job_0_task_8   job_3_task_6   job_11_task_7  job_6_task_8   job_3_task_8   job_10_task_8  job_17_task_8  job_4_task_13  job_3_task_12  job_0_task_11  job_16_task_12 job_7_task_13  job_5_task_13  job_13_task_14 job_6_task_14  
           [0,10]         [10,12]        [12,15]        [15,22]        [22,23]        [23,33]        [33,35]        [35,45]        [45,49]        [49,55]        [55,62]        [62,63]        [63,73]        [73,82]        [82,86]        [86,96]        [96,106]       [106,116]      [116,122]      [122,126]      [126,129]      [129,134]      [134,144]      [144,152]      [152,153]      [153,159]      [159,165]      [165,167]      [167,174]      [174,176]      
Machine 1: job_14_task_0  job_4_task_1   job_14_task_2  job_15_task_1  job_3_task_1   job_12_task_4  job_0_task_3   job_0_task_4   job_7_task_1   job_13_task_2  job_13_task_5  job_11_task_3  job_15_task_9  job_17_task_7  job_13_task_10 job_1_task_12  job_8_task_9   job_9_task_13  job_7_task_8   job_7_task_9   job_14_task_10 job_11_task_10 job_10_task_12 job_6_task_13  job_16_task_13 job_17_task_14 
           [0,4]          [4,14]         [14,20]        [20,29]        [29,37]        [37,41]        [41,43]        [43,45]        [45,51]        [51,53]        [62,72]        [73,77]        [81,89]        [89,95]        [95,102]       [102,110]      [110,116]      [116,121]      [130,131]      [131,132]      [134,140]      [140,143]      [149,157]      [157,167]      [167,171]      [171,175]      
Machine 2: job_0_task_0   job_14_task_1  job_6_task_0   job_0_task_1   job_10_task_2  job_16_task_4  job_15_task_4  job_5_task_4   job_6_task_6   job_10_task_6  job_13_task_6  job_13_task_9  job_15_task_10 job_15_task_11 job_4_task_7   job_5_task_7   job_1_task_13  job_8_task_10  job_16_task_9  job_16_task_10 job_8_task_12  job_17_task_12 job_2_task_13  job_10_task_14 
           [0,6]          [6,13]         [13,14]        [14,20]        [20,30]        [37,42]        [48,56]        [56,62]        [63,66]        [66,70]        [72,77]        [85,88]        [89,90]        [90,91]        [95,103]       [103,112]      [112,116]      [116,126]      [126,131]      [131,141]      [143,151]      [151,157]      [157,165]      [165,172]      
Machine 3: job_4_task_0   job_9_task_1   job_12_task_1  job_16_task_2  job_9_task_2   job_8_task_2   job_6_task_3   job_4_task_4   job_12_task_5  job_9_task_7   job_6_task_5   job_1_task_9   job_2_task_8   job_13_task_8  job_1_task_11  job_12_task_10 job_2_task_11  job_12_task_12 job_3_task_10  job_7_task_10  job_6_task_12  job_4_task_14  job_2_task_14  
           [0,2]          [7,11]         [11,15]        [15,24]        [24,28]        [28,33]        [33,38]        [38,40]        [41,49]        [52,55]        [55,63]        [63,70]        [70,76]        [83,85]        [94,101]       [101,103]      [113,117]      [117,126]      [129,132]      [132,135]      [137,147]      [147,152]      [165,174]      
Machine 4: job_2_task_0   job_17_task_0  job_14_task_3  job_13_task_1  job_1_task_5   job_2_task_5   job_9_task_6   job_8_task_6   job_15_task_5  job_11_task_1  job_12_task_7  job_10_task_7  job_14_task_8  job_4_task_9   job_6_task_9   job_10_task_9  job_3_task_11  job_14_task_11 job_16_task_11 job_17_task_13 job_10_task_13 job_8_task_14  job_0_task_14  
           [0,2]          [2,7]          [20,26]        [26,27]        [28,32]        [37,43]        [43,52]        [52,56]        [56,59]        [59,62]        [62,69]        [70,76]        [101,109]      [110,117]      [122,124]      [129,133]      [133,141]      [141,149]      [149,153]      [157,159]      [159,164]      [164,168]      [168,175]      
Machine 5: job_9_task_0   job_1_task_1   job_6_task_1   job_1_task_3   job_12_task_3  job_9_task_3   job_15_task_2  job_5_task_3   job_8_task_5   job_7_task_2   job_2_task_6   job_2_task_7   job_6_task_7   job_17_task_4  job_17_task_5  job_0_task_7   job_14_task_6  job_7_task_6   job_9_task_11  job_12_task_11 job_9_task_12  job_4_task_10  job_4_task_11  job_11_task_9  job_6_task_11  job_17_task_9  job_17_task_11 job_5_task_11  job_3_task_13  job_1_task_14  
           [0,7]          [7,11]         [14,17]        [19,20]        [22,28]        [28,37]        [37,43]        [45,50]        [50,51]        [51,58]        [58,60]        [60,66]        [66,72]        [72,76]        [76,81]        [82,86]        [86,89]        [89,95]        [98,102]       [109,114]      [114,116]      [117,118]      [118,121]      [124,130]      [130,137]      [137,140]      [142,149]      [153,163]      [168,169]      [169,176]      
Machine 6: job_1_task_0   job_10_task_1  job_1_task_2   job_13_task_0  job_1_task_4   job_2_task_4   job_9_task_4   job_15_task_3  job_10_task_5  job_16_task_6  job_9_task_8   job_2_task_9   job_11_task_4  job_17_task_6  job_13_task_11 job_15_task_14 job_9_task_14  job_11_task_12 job_11_task_13 job_14_task_13 job_0_task_13  job_7_task_14  job_16_task_14 
           [0,6]          [6,11]         [11,19]        [19,20]        [20,28]        [32,37]        [37,41]        [44,48]        [49,54]        [55,65]        [65,75]        [76,77]        [77,82]        [82,87]        [102,112]      [112,122]      [122,125]      [144,145]      [145,152]      [152,159]      [162,168]      [168,173]      [173,175]      
Machine 7: job_5_task_1   job_2_task_2   job_1_task_7   job_16_task_5  job_4_task_5   job_7_task_3   job_7_task_4   job_7_task_5   job_15_task_7  job_15_task_8  job_13_task_7  job_3_task_5   job_9_task_10  job_15_task_13 job_11_task_8  job_6_task_10  job_3_task_9   job_17_task_10 job_12_task_14 job_5_task_10  job_8_task_13  job_13_task_13 
           [9,16]         [16,25]        [39,48]        [48,55]        [55,57]        [58,60]        [60,65]        [65,70]        [70,72]        [72,81]        [81,83]        [85,91]        [91,98]        [102,107]      [116,124]      [124,125]      [126,129]      [140,142]      [143,149]      [149,153]      [157,161]      [165,166]      
Machine 8: job_16_task_0  job_2_task_1   job_8_task_1   job_7_task_0   job_16_task_3  job_5_task_2   job_11_task_0  job_13_task_3  job_17_task_2  job_0_task_5   job_14_task_4  job_3_task_4   job_4_task_6   job_11_task_6  job_8_task_7   job_16_task_8  job_14_task_9  job_3_task_7   job_7_task_7   job_5_task_8   job_0_task_9   job_10_task_10 job_0_task_10  job_2_task_12  job_13_task_12 job_14_task_14 
           [0,7]          [7,10]         [10,19]        [19,28]        [28,37]        [37,45]        [45,54]        [54,55]        [55,64]        [64,68]        [68,75]        [75,85]        [85,95]        [95,105]       [105,108]      [108,114]      [114,119]      [119,122]      [122,130]      [130,131]      [131,141]      [141,143]      [143,152]      [153,156]      [156,165]      [165,171]      
Machine 9: job_8_task_0   job_3_task_0   job_4_task_2   job_10_task_3  job_3_task_2   job_3_task_3   job_12_task_6  job_5_task_5   job_17_task_3  job_14_task_5  job_1_task_10  job_14_task_7  job_12_task_9  job_2_task_10  job_8_task_8   job_12_task_13 job_7_task_11  job_11_task_11 job_11_task_14 job_5_task_14  
           [0,1]          [1,3]          [14,23]        [30,39]        [39,40]        [40,42]        [49,55]        [62,64]        [64,71]        [75,85]        [85,94]        [94,97]        [97,100]       [100,109]      [109,110]      [126,134]      [135,143]      [143,144]      [152,162]      [167,175]      
Machine 10: job_10_task_0  job_5_task_0   job_12_task_2  job_2_task_3   job_1_task_6   job_9_task_5   job_10_task_4  job_6_task_4   job_16_task_7  job_0_task_6   job_9_task_9   job_12_task_8  job_15_task_12 job_4_task_8   job_4_task_12  job_5_task_9   job_8_task_11  job_10_task_11 job_14_task_12 job_7_task_12  job_0_task_12  job_5_task_12  job_3_task_14  
           [0,6]          [6,9]          [15,22]        [25,32]        [32,39]        [41,43]        [43,49]        [49,55]        [65,75]        [75,82]        [82,91]        [91,93]        [93,101]       [103,110]      [121,128]      [131,133]      [133,143]      [143,149]      [149,150]      [150,156]      [156,162]      [163,164]      [171,174]      
Optimal Schedule Length: 176.0
Total (Unoptimized Schedule Length): 1480
Statistics
  - conflicts: 0
  - branches : 45
  - wall time: 0.5954381910000001s