
Problem
        task_0   task_1   task_2   task_3   task_4   task_5   task_6   task_7   task_8   task_9 task_10  task_11  task_12  task_13  task_14 task_15  task_16
job_0   (1, 5)   (0, 2)   (2, 6)   (0, 7)   (2, 8)   (3, 1)   (1, 2)   (2, 1)   (0, 7)   (0, 6)  (0, 3)   (0, 9)   (1, 6)   (1, 7)   (3, 3)  (3, 3)  (1, 10)
job_1   (1, 6)   (3, 2)   (3, 8)   (3, 8)   (2, 9)   (3, 8)   (2, 9)   (0, 8)   (3, 9)   (2, 1)  (0, 4)   (3, 9)  (3, 10)   (3, 4)   (2, 1)  (3, 1)   (2, 8)
job_2   (1, 8)   (0, 2)   (1, 6)   (2, 8)   (2, 1)   (0, 6)   (3, 8)   (1, 3)  (3, 10)   (2, 6)  (0, 4)   (2, 6)   (3, 6)   (2, 3)   (2, 9)  (2, 8)   (0, 6)
job_3   (2, 9)   (3, 9)   (1, 5)   (0, 7)   (1, 9)   (0, 5)   (3, 2)   (0, 7)   (3, 8)   (2, 8)  (3, 4)  (3, 10)   (3, 8)   (1, 4)  (0, 10)  (1, 3)   (0, 4)
job_4   (1, 5)   (2, 5)  (0, 10)   (2, 9)  (0, 10)   (3, 5)   (2, 7)   (2, 9)   (3, 2)   (3, 7)  (0, 9)   (1, 1)  (3, 10)   (3, 8)   (0, 7)  (0, 5)   (0, 7)
job_5   (2, 6)   (3, 1)   (3, 7)  (2, 10)   (1, 5)   (0, 5)  (1, 10)  (2, 10)   (1, 2)   (2, 8)  (1, 1)   (0, 4)  (2, 10)   (1, 5)   (0, 4)  (0, 5)   (3, 6)
job_6   (1, 1)   (1, 6)  (1, 10)   (2, 8)   (2, 7)  (1, 10)   (3, 3)   (1, 3)  (2, 10)  (2, 10)  (2, 2)   (1, 8)  (0, 10)   (2, 9)   (3, 5)  (2, 4)   (1, 7)
job_7   (1, 4)   (3, 1)   (0, 4)   (0, 1)   (3, 1)   (3, 6)   (0, 4)   (1, 7)   (3, 2)   (1, 3)  (2, 2)   (3, 2)   (1, 9)   (0, 7)   (2, 8)  (0, 5)   (2, 2)
job_8   (1, 2)   (2, 9)   (2, 3)   (1, 3)   (2, 1)   (1, 8)   (1, 2)   (2, 5)   (2, 6)  (3, 10)  (3, 9)   (1, 5)   (0, 6)   (2, 5)   (3, 2)  (1, 5)   (3, 9)
job_9   (1, 4)   (3, 4)   (1, 1)   (1, 5)   (1, 2)   (3, 2)   (2, 1)   (0, 7)   (2, 3)  (0, 10)  (3, 7)  (1, 10)   (3, 6)  (0, 10)   (3, 5)  (3, 2)   (1, 4)
job_10  (3, 3)   (1, 4)   (2, 4)   (2, 4)  (0, 10)   (3, 4)   (2, 8)   (3, 5)   (3, 4)   (2, 1)  (2, 9)   (0, 4)   (1, 7)   (0, 6)   (1, 9)  (0, 3)   (0, 9)
job_11  (0, 1)   (3, 8)   (3, 1)  (1, 10)   (2, 6)   (0, 9)   (2, 1)   (2, 6)   (3, 4)   (2, 2)  (3, 7)   (0, 2)   (1, 4)   (3, 5)  (2, 10)  (1, 8)   (2, 1)
job_12  (0, 2)  (2, 10)  (3, 10)   (2, 6)  (1, 10)   (1, 3)   (1, 4)   (1, 3)   (1, 5)   (2, 3)  (1, 5)  (2, 10)   (2, 3)   (2, 9)   (1, 7)  (2, 3)   (2, 2)
job_13  (1, 4)   (2, 2)   (2, 5)   (1, 7)   (1, 5)   (3, 9)   (2, 9)   (2, 9)   (0, 2)   (0, 9)  (1, 3)   (1, 8)   (0, 7)   (3, 6)   (3, 9)  (2, 9)   (3, 2)
job_14  (3, 2)   (0, 6)   (1, 3)   (1, 5)   (3, 9)   (3, 4)   (0, 5)   (3, 7)  (0, 10)   (2, 1)  (2, 2)   (2, 6)   (2, 1)   (3, 5)   (2, 5)  (3, 4)   (2, 9)


Solution:
Machine 0: job_12_task_0  job_11_task_0  job_2_task_1   job_14_task_1  job_4_task_2   job_0_task_1   job_4_task_4   job_3_task_3   job_7_task_2   job_10_task_4  job_5_task_5   job_7_task_3   job_14_task_6  job_0_task_3   job_14_task_8  job_2_task_5   job_7_task_6   job_3_task_5   job_9_task_7   job_3_task_7   job_13_task_8  job_11_task_5  job_4_task_10  job_1_task_7   job_13_task_9  job_0_task_8   job_0_task_9   job_13_task_12 job_9_task_9   job_0_task_10  job_0_task_11  job_4_task_14  job_6_task_12  job_1_task_10  job_2_task_10  job_10_task_11 job_8_task_12  job_4_task_15  job_10_task_13 job_5_task_11  job_10_task_15 job_10_task_16 job_4_task_16  job_7_task_13  job_9_task_13  job_11_task_11 job_2_task_16  job_5_task_14  job_7_task_15  job_3_task_14  job_5_task_15  job_3_task_16  
           [0,2]          [2,3]          [8,10]         [23,29]        [29,39]        [57,59]        [82,92]        [92,99]        [99,103]       [103,113]      [113,118]      [118,119]      [119,124]      [124,131]      [133,143]      [143,149]      [149,153]      [153,158]      [158,165]      [165,172]      [172,174]      [174,183]      [183,192]      [192,200]      [200,209]      [209,216]      [216,222]      [223,230]      [230,240]      [240,243]      [243,252]      [252,259]      [259,269]      [269,273]      [273,277]      [278,282]      [282,288]      [288,293]      [293,299]      [299,303]      [309,312]      [312,321]      [321,328]      [328,335]      [335,345]      [345,347]      [351,357]      [366,370]      [373,378]      [378,388]      [388,393]      [393,397]      
Machine 1: job_2_task_0   job_4_task_0   job_8_task_0   job_6_task_0   job_10_task_1  job_1_task_0   job_2_task_2   job_13_task_0  job_6_task_1   job_6_task_2   job_0_task_0   job_9_task_0   job_8_task_3   job_14_task_2  job_11_task_3  job_3_task_2   job_9_task_2   job_5_task_4   job_9_task_3   job_7_task_0   job_14_task_3  job_13_task_3  job_13_task_4  job_9_task_4   job_3_task_4   job_8_task_5   job_12_task_4  job_5_task_6   job_8_task_6   job_6_task_5   job_12_task_5  job_0_task_6   job_6_task_7   job_2_task_7   job_12_task_6  job_12_task_7  job_12_task_8  job_4_task_11  job_7_task_7   job_5_task_8   job_13_task_10 job_7_task_9   job_13_task_11 job_6_task_11  job_12_task_10 job_0_task_12  job_0_task_13  job_8_task_11  job_5_task_10  job_10_task_12 job_9_task_11  job_10_task_14 job_7_task_12  job_0_task_16  job_3_task_13  job_11_task_12 job_5_task_13  job_6_task_16  job_9_task_16  job_8_task_15  job_3_task_15  job_11_task_15 job_12_task_14 
           [0,8]          [8,13]         [13,15]        [15,16]        [16,20]        [20,26]        [26,32]        [32,36]        [36,42]        [42,52]        [52,57]        [57,61]        [61,64]        [64,67]        [67,77]        [77,82]        [82,83]        [83,88]        [88,93]        [93,97]        [97,102]       [102,109]      [109,114]      [114,116]      [116,125]      [125,133]      [133,143]      [143,153]      [153,155]      [155,165]      [165,168]      [168,170]      [171,174]      [174,177]      [177,181]      [181,184]      [184,189]      [192,193]      [193,200]      [206,208]      [209,212]      [212,215]      [215,223]      [251,259]      [259,264]      [264,270]      [270,277]      [277,282]      [282,283]      [283,290]      [290,300]      [300,309]      [309,318]      [323,333]      [333,337]      [347,351]      [361,366]      [366,373]      [373,377]      [377,382]      [388,391]      [392,400]      [403,410]      
Machine 2: job_3_task_0   job_5_task_0   job_8_task_1   job_4_task_1   job_8_task_2   job_2_task_3   job_10_task_2  job_1_task_4   job_12_task_1  job_5_task_3   job_4_task_3   job_10_task_3  job_13_task_1  job_0_task_2   job_13_task_2  job_6_task_3   job_4_task_6   job_6_task_4   job_8_task_4   job_12_task_3  job_13_task_6  job_2_task_4   job_4_task_7   job_0_task_4   job_9_task_6   job_11_task_4  job_13_task_7  job_8_task_7   job_1_task_6   job_10_task_6  job_9_task_8   job_5_task_7   job_0_task_7   job_6_task_8   job_3_task_9   job_8_task_8   job_10_task_9  job_6_task_9   job_11_task_6  job_11_task_7  job_6_task_10  job_12_task_9  job_2_task_9   job_5_task_9   job_1_task_9   job_10_task_10 job_7_task_10  job_2_task_11  job_14_task_9  job_14_task_10 job_14_task_11 job_8_task_13  job_12_task_11 job_11_task_9  job_6_task_13  job_2_task_13  job_14_task_12 job_13_task_15 job_2_task_14  job_2_task_15  job_5_task_12  job_6_task_15  job_7_task_14  job_12_task_12 job_14_task_14 job_1_task_14  job_11_task_14 job_7_task_16  job_12_task_13 job_11_task_16 job_1_task_16  job_12_task_15 job_12_task_16 job_14_task_16 
           [0,9]          [9,15]         [15,24]        [24,29]        [29,32]        [32,40]        [40,44]        [44,53]        [53,63]        [63,73]        [73,82]        [82,86]        [86,88]        [88,94]        [94,99]        [99,107]       [107,114]      [114,121]      [121,122]      [122,128]      [128,137]      [137,138]      [138,147]      [147,155]      [155,156]      [156,162]      [162,171]      [171,176]      [176,185]      [185,193]      [193,196]      [196,206]      [206,207]      [207,217]      [217,225]      [225,231]      [231,232]      [232,242]      [242,243]      [243,249]      [249,251]      [251,254]      [254,260]      [260,268]      [268,269]      [269,278]      [278,280]      [280,286]      [286,287]      [287,289]      [289,295]      [295,300]      [300,310]      [310,312]      [312,321]      [321,324]      [324,325]      [325,334]      [334,343]      [343,351]      [351,361]      [361,365]      [365,373]      [373,376]      [376,381]      [381,382]      [382,392]      [392,394]      [394,403]      [403,404]      [404,412]      [412,415]      [415,417]      [417,426]      
Machine 3: job_10_task_0  job_11_task_1  job_3_task_1   job_11_task_2  job_14_task_0  job_5_task_1   job_1_task_1   job_1_task_2   job_1_task_3   job_5_task_2   job_1_task_5   job_9_task_1   job_12_task_2  job_4_task_5   job_7_task_1   job_14_task_4  job_14_task_5  job_13_task_5  job_9_task_5   job_14_task_7  job_10_task_5  job_7_task_4   job_7_task_5   job_4_task_8   job_4_task_9   job_0_task_5   job_3_task_6   job_2_task_6   job_6_task_6   job_2_task_8   job_3_task_8   job_4_task_12  job_7_task_8   job_10_task_7  job_10_task_8  job_4_task_13  job_3_task_10  job_13_task_13 job_3_task_11  job_1_task_8   job_8_task_9   job_8_task_10  job_1_task_11  job_9_task_10  job_11_task_8  job_7_task_11  job_0_task_14  job_13_task_14 job_9_task_12  job_2_task_12  job_0_task_15  job_3_task_12  job_11_task_10 job_1_task_12  job_6_task_14  job_1_task_13  job_9_task_14  job_14_task_13 job_9_task_15  job_13_task_16 job_8_task_14  job_11_task_13 job_14_task_15 job_8_task_16  job_5_task_16  job_1_task_15  
           [0,3]          [3,11]         [11,20]        [20,21]        [21,23]        [23,24]        [26,28]        [28,36]        [36,44]        [44,51]        [53,61]        [61,65]        [65,75]        [92,97]        [97,98]        [102,111]      [111,115]      [115,124]      [124,126]      [126,133]      [133,137]      [137,138]      [138,144]      [147,149]      [149,156]      [156,157]      [158,160]      [160,168]      [168,171]      [177,187]      [187,195]      [195,205]      [205,207]      [207,212]      [212,216]      [216,224]      [225,229]      [230,236]      [236,246]      [246,255]      [255,265]      [265,274]      [274,283]      [283,290]      [290,294]      [294,296]      [296,299]      [299,308]      [308,314]      [314,320]      [320,323]      [323,331]      [331,338]      [338,348]      [348,353]      [353,357]      [357,362]      [362,367]      [367,369]      [369,371]      [371,373]      [373,378]      [381,385]      [385,394]      [394,400]      [400,401]      
Optimal Schedule Length: 426.0
Total (Unoptimized Schedule Length): 1435
Statistics
  - conflicts: 0
  - branches : 247
  - wall time: 0.12884953300000002s