
Problem
         task_0   task_1   task_2   task_3   task_4   task_5   task_6   task_7   task_8  task_9  task_10  task_11  task_12  task_13  task_14  task_15  task_16
job_0    (2, 8)   (0, 8)   (4, 7)   (4, 4)   (4, 9)   (0, 9)   (3, 9)   (4, 6)   (0, 9)  (1, 3)   (4, 6)   (0, 5)   (1, 4)   (4, 4)   (2, 2)   (1, 5)   (2, 9)
job_1    (0, 6)   (4, 9)   (1, 2)   (4, 8)  (3, 10)   (0, 2)  (0, 10)   (4, 1)   (0, 8)  (4, 2)   (4, 2)   (1, 3)   (2, 8)   (3, 5)   (0, 8)   (0, 5)   (3, 4)
job_2    (4, 3)   (2, 8)   (4, 4)   (1, 1)   (2, 5)  (1, 10)   (3, 5)  (4, 10)   (2, 5)  (0, 4)   (4, 9)   (4, 8)  (3, 10)   (2, 5)   (3, 6)   (1, 3)   (1, 2)
job_3    (4, 6)   (2, 6)   (3, 7)   (3, 8)   (4, 1)   (2, 7)  (0, 10)   (3, 1)   (3, 3)  (0, 2)   (2, 6)   (0, 9)   (2, 4)   (3, 4)   (2, 7)   (3, 6)   (3, 2)
job_4    (0, 6)  (4, 10)   (2, 6)   (1, 5)   (0, 7)   (1, 3)   (0, 4)   (4, 5)   (2, 1)  (1, 6)   (1, 3)   (1, 5)   (0, 2)   (3, 3)   (1, 4)  (2, 10)  (1, 10)
job_5    (2, 3)   (1, 2)   (0, 3)   (1, 5)   (2, 7)  (0, 10)   (3, 3)   (1, 1)   (1, 8)  (3, 4)   (2, 7)   (4, 5)   (0, 4)  (0, 10)  (0, 10)   (3, 8)   (2, 8)
job_6    (2, 4)   (2, 7)   (3, 8)   (3, 7)   (4, 5)   (0, 3)   (1, 6)   (3, 7)   (1, 1)  (2, 3)   (2, 1)   (1, 3)   (3, 8)  (4, 10)   (0, 5)   (2, 8)  (3, 10)
job_7    (2, 6)   (3, 3)   (1, 9)   (0, 2)   (1, 6)   (4, 2)   (2, 7)  (4, 10)  (0, 10)  (0, 1)   (1, 1)   (3, 6)  (4, 10)   (2, 8)  (2, 10)  (4, 10)   (3, 4)
job_8    (4, 8)   (4, 4)   (0, 9)   (2, 2)   (4, 6)   (4, 1)   (0, 2)   (2, 9)   (4, 4)  (2, 3)  (3, 10)   (1, 8)   (1, 4)  (2, 10)   (1, 4)  (0, 10)   (4, 4)
job_9    (3, 8)   (3, 9)   (0, 1)   (4, 4)  (4, 10)   (0, 7)   (2, 7)   (1, 1)   (0, 4)  (3, 4)   (0, 4)   (1, 7)   (1, 3)   (0, 8)   (1, 9)   (0, 4)   (4, 7)
job_10   (1, 8)  (3, 10)   (1, 8)   (4, 8)  (0, 10)  (1, 10)   (4, 4)   (4, 2)  (4, 10)  (0, 5)   (2, 7)   (2, 5)   (1, 7)   (0, 3)   (4, 5)   (1, 6)   (0, 6)
job_11   (4, 9)   (2, 5)   (2, 2)  (0, 10)   (4, 9)   (1, 4)   (3, 2)   (3, 3)   (2, 5)  (0, 8)   (4, 9)   (1, 3)   (4, 6)   (3, 7)   (4, 8)   (4, 1)   (1, 8)
job_12   (1, 6)   (0, 8)   (4, 1)   (1, 1)   (3, 7)   (4, 5)   (3, 3)   (3, 4)   (2, 3)  (0, 7)   (4, 9)   (1, 9)   (0, 9)   (2, 5)   (3, 2)   (4, 6)   (1, 5)
job_13  (2, 10)   (1, 2)   (2, 7)  (2, 10)  (2, 10)   (2, 6)   (1, 2)   (3, 6)   (0, 7)  (1, 7)  (1, 10)   (2, 8)   (1, 1)   (2, 9)   (3, 2)   (2, 6)  (3, 10)
job_14   (4, 8)   (2, 1)   (0, 9)   (0, 4)   (3, 4)   (3, 3)   (4, 5)  (1, 10)   (0, 2)  (3, 5)   (0, 3)   (1, 3)   (2, 8)   (1, 3)   (1, 9)   (3, 1)   (1, 9)
job_15  (4, 10)   (4, 1)  (2, 10)   (2, 4)   (0, 2)   (1, 9)   (0, 7)   (0, 3)   (0, 3)  (2, 1)  (3, 10)   (0, 8)  (2, 10)   (1, 1)   (0, 1)   (4, 8)   (1, 8)
job_16   (3, 8)   (0, 2)  (1, 10)   (4, 2)   (1, 1)   (4, 9)   (2, 4)   (1, 7)   (4, 6)  (2, 5)   (2, 9)   (4, 4)   (4, 4)   (3, 4)   (1, 7)   (2, 9)   (3, 9)
job_17   (4, 5)   (2, 9)   (4, 2)   (0, 5)   (3, 4)   (4, 8)   (4, 3)   (0, 1)   (3, 3)  (1, 1)   (4, 1)   (2, 3)   (1, 6)   (2, 5)   (1, 4)   (4, 3)   (4, 5)
job_18  (1, 10)  (1, 10)   (4, 9)   (1, 6)   (4, 6)   (1, 1)   (1, 1)   (0, 6)   (3, 6)  (1, 4)   (4, 3)   (1, 9)   (0, 1)   (0, 8)   (3, 9)   (2, 7)   (4, 8)
job_19   (1, 2)   (1, 3)   (4, 5)   (0, 5)   (3, 4)   (0, 8)   (3, 4)   (1, 5)   (3, 2)  (0, 1)   (3, 3)  (3, 10)   (1, 5)   (0, 4)   (0, 5)   (1, 4)   (0, 2)


Solution:
Machine 0: job_1_task_0   job_4_task_0   job_16_task_1  job_0_task_1   job_9_task_2   job_8_task_2   job_5_task_2   job_7_task_3   job_12_task_1  job_10_task_4  job_11_task_3  job_5_task_5   job_0_task_5   job_14_task_2  job_15_task_4  job_14_task_3  job_13_task_8  job_15_task_6  job_15_task_7  job_4_task_4   job_15_task_8  job_4_task_6   job_9_task_5   job_1_task_5   job_6_task_5   job_1_task_6   job_9_task_8   job_8_task_6   job_18_task_7  job_7_task_8   job_19_task_3  job_7_task_9   job_9_task_10  job_3_task_6   job_19_task_5  job_12_task_9  job_17_task_3  job_14_task_8  job_11_task_9  job_14_task_10 job_0_task_8   job_10_task_9  job_2_task_9   job_3_task_9   job_5_task_12  job_15_task_11 job_1_task_8   job_5_task_13  job_19_task_9  job_18_task_12 job_18_task_13 job_4_task_12  job_10_task_13 job_17_task_7  job_3_task_11  job_0_task_11  job_9_task_13  job_12_task_12 job_5_task_14  job_6_task_14  job_15_task_14 job_1_task_14  job_19_task_13 job_8_task_15  job_9_task_15  job_19_task_14 job_1_task_15  job_10_task_16 job_19_task_16 
           [0,6]          [6,12]         [12,14]        [18,26]        [38,39]        [41,50]        [50,53]        [53,55]        [55,63]        [63,73]        [73,83]        [83,93]        [94,103]       [108,117]      [117,119]      [119,123]      [123,130]      [130,137]      [137,140]      [140,147]      [147,150]      [150,154]      [154,161]      [161,163]      [165,168]      [168,178]      [178,182]      [182,184]      [184,190]      [190,200]      [200,205]      [205,206]      [206,210]      [210,220]      [220,228]      [228,235]      [235,240]      [240,242]      [242,250]      [250,253]      [253,262]      [262,267]      [267,271]      [271,273]      [273,277]      [277,285]      [285,293]      [293,303]      [303,304]      [304,305]      [305,313]      [313,315]      [315,318]      [318,319]      [319,328]      [328,333]      [333,341]      [341,350]      [350,360]      [360,365]      [365,366]      [366,374]      [374,378]      [378,388]      [388,392]      [392,397]      [397,402]      [402,408]      [411,413]      
Machine 1: job_10_task_0  job_18_task_0  job_13_task_1  job_10_task_2  job_18_task_1  job_7_task_2   job_5_task_1   job_12_task_0  job_5_task_3   job_16_task_2  job_7_task_4   job_2_task_3   job_19_task_0  job_10_task_5  job_18_task_3  job_5_task_7   job_13_task_6  job_5_task_8   job_16_task_4  job_2_task_5   job_1_task_2   job_15_task_5  job_12_task_3  job_4_task_3   job_13_task_9  job_4_task_5   job_13_task_10 job_11_task_5  job_19_task_1  job_6_task_6   job_9_task_7   job_16_task_7  job_18_task_5  job_18_task_6  job_13_task_12 job_6_task_8   job_18_task_9  job_7_task_10  job_9_task_11  job_14_task_7  job_6_task_11  job_9_task_12  job_8_task_11  job_8_task_12  job_19_task_7  job_14_task_11 job_18_task_11 job_4_task_9   job_0_task_9   job_4_task_10  job_12_task_11 job_4_task_11  job_10_task_12 job_11_task_11 job_14_task_13 job_14_task_14 job_15_task_13 job_1_task_11  job_8_task_14  job_19_task_12 job_17_task_9  job_14_task_16 job_4_task_14  job_16_task_14 job_9_task_14  job_0_task_12  job_17_task_12 job_4_task_16  job_0_task_15  job_10_task_15 job_15_task_16 job_17_task_14 job_11_task_16 job_19_task_15 job_2_task_15  job_12_task_16 job_2_task_16  
           [0,8]          [8,18]         [18,20]        [20,28]        [28,38]        [38,47]        [47,49]        [49,55]        [55,60]        [60,70]        [70,76]        [76,77]        [77,79]        [79,89]        [90,96]        [96,97]        [97,99]        [99,107]       [107,108]      [108,118]      [118,120]      [120,129]      [129,130]      [134,139]      [139,146]      [147,150]      [150,160]      [160,164]      [164,167]      [168,174]      [174,175]      [175,182]      [182,183]      [183,184]      [184,185]      [186,187]      [196,200]      [206,207]      [210,217]      [217,227]      [227,230]      [230,233]      [234,242]      [242,246]      [246,251]      [253,256]      [256,265]      [265,271]      [271,274]      [274,277]      [277,286]      [286,291]      [291,298]      [298,301]      [301,304]      [304,313]      [313,314]      [314,317]      [317,321]      [321,326]      [326,327]      [327,336]      [336,340]      [340,347]      [347,356]      [356,360]      [360,366]      [366,376]      [376,381]      [381,387]      [387,395]      [395,399]      [399,407]      [407,411]      [411,414]      [414,419]      [419,421]      
Machine 2: job_13_task_0  job_0_task_0   job_7_task_0   job_13_task_2  job_5_task_0   job_6_task_0   job_2_task_1   job_13_task_3  job_11_task_1  job_11_task_2  job_5_task_4   job_3_task_1   job_13_task_4  job_13_task_5  job_15_task_2  job_2_task_4   job_14_task_1  job_8_task_3   job_15_task_3  job_7_task_6   job_6_task_1   job_4_task_2   job_16_task_6  job_5_task_10  job_15_task_9  job_9_task_6   job_11_task_8  job_13_task_11 job_8_task_7   job_17_task_1  job_3_task_5   job_12_task_8  job_2_task_8   job_6_task_9   job_6_task_10  job_8_task_9   job_13_task_13 job_16_task_9  job_16_task_10 job_8_task_13  job_4_task_8   job_13_task_15 job_14_task_12 job_10_task_10 job_10_task_11 job_3_task_10  job_15_task_12 job_7_task_13  job_7_task_14  job_1_task_12  job_3_task_12  job_18_task_15 job_4_task_15  job_17_task_11 job_12_task_13 job_6_task_15  job_0_task_14  job_16_task_15 job_17_task_13 job_2_task_13  job_3_task_14  job_0_task_16  job_5_task_16  
           [0,10]         [10,18]        [18,24]        [24,31]        [31,34]        [34,38]        [38,46]        [46,56]        [56,61]        [61,63]        [63,70]        [70,76]        [76,86]        [86,92]        [92,102]       [102,107]      [107,108]      [108,110]      [110,114]      [114,121]      [121,128]      [128,134]      [134,138]      [138,145]      [150,151]      [161,168]      [169,174]      [174,182]      [184,193]      [193,202]      [202,209]      [209,212]      [212,217]      [217,220]      [220,221]      [221,224]      [224,233]      [233,238]      [238,247]      [247,257]      [257,258]      [258,264]      [264,272]      [272,279]      [279,284]      [284,290]      [290,300]      [306,314]      [314,324]      [324,332]      [332,336]      [336,343]      [343,353]      [353,356]      [356,361]      [365,373]      [373,375]      [375,384]      [384,389]      [389,394]      [394,401]      [401,410]      [410,418]      
Machine 3: job_16_task_0  job_10_task_1  job_9_task_0   job_7_task_1   job_9_task_1   job_3_task_2   job_3_task_3   job_5_task_6   job_13_task_7  job_0_task_6   job_5_task_9   job_2_task_6   job_14_task_4  job_6_task_2   job_12_task_4  job_1_task_4   job_6_task_3   job_14_task_5  job_11_task_6  job_11_task_7  job_15_task_10 job_6_task_7   job_9_task_9   job_18_task_8  job_12_task_6  job_12_task_7  job_19_task_4  job_7_task_11  job_3_task_7   job_3_task_8   job_8_task_10  job_19_task_6  job_13_task_14 job_17_task_4  job_14_task_9  job_6_task_12  job_19_task_8  job_13_task_16 job_19_task_10 job_19_task_11 job_14_task_15 job_4_task_13  job_17_task_8  job_18_task_14 job_16_task_13 job_2_task_12  job_1_task_13  job_11_task_13 job_3_task_13  job_5_task_15  job_12_task_14 job_6_task_16  job_16_task_16 job_2_task_14  job_7_task_16  job_3_task_15  job_1_task_16  job_3_task_16  
           [0,8]          [8,18]         [18,26]        [26,29]        [29,38]        [78,85]        [85,93]        [93,96]        [99,105]       [105,114]      [114,118]      [118,123]      [123,127]      [128,136]      [136,143]      [143,153]      [153,160]      [160,163]      [164,166]      [166,169]      [169,179]      [179,186]      [186,190]      [190,196]      [196,199]      [199,203]      [205,209]      [209,215]      [220,221]      [221,224]      [224,234]      [234,238]      [238,240]      [240,244]      [244,249]      [249,257]      [257,259]      [264,274]      [304,307]      [307,317]      [317,318]      [318,321]      [321,324]      [324,333]      [335,339]      [339,349]      [349,354]      [354,361]      [361,365]      [365,373]      [373,375]      [375,385]      [385,394]      [394,400]      [400,404]      [404,410]      [410,414]      [414,416]      
Machine 4: job_11_task_0  job_2_task_0   job_8_task_0   job_15_task_0  job_0_task_2   job_8_task_1   job_3_task_0   job_10_task_3  job_2_task_2   job_14_task_0  job_15_task_1  job_18_task_2  job_0_task_3   job_0_task_4   job_4_task_1   job_16_task_3  job_1_task_1   job_7_task_5   job_9_task_3   job_16_task_5  job_12_task_2  job_1_task_3   job_8_task_4   job_9_task_4   job_11_task_4  job_6_task_4   job_7_task_7   job_8_task_5   job_18_task_4  job_17_task_0  job_12_task_5  job_19_task_2  job_3_task_4   job_2_task_7   job_10_task_6  job_14_task_6  job_8_task_8   job_16_task_8  job_10_task_7  job_17_task_2  job_10_task_8  job_0_task_7   job_4_task_7   job_1_task_7   job_18_task_10 job_5_task_11  job_12_task_10 job_17_task_5  job_2_task_10  job_11_task_10 job_7_task_12  job_1_task_9   job_16_task_11 job_1_task_10  job_17_task_6  job_0_task_10  job_2_task_11  job_16_task_12 job_6_task_13  job_11_task_12 job_17_task_10 job_7_task_15  job_0_task_13  job_11_task_14 job_10_task_14 job_15_task_15 job_12_task_15 job_11_task_15 job_18_task_16 job_9_task_16  job_17_task_15 job_17_task_16 job_8_task_16  
           [0,9]          [9,12]         [12,20]        [20,30]        [30,37]        [37,41]        [41,47]        [47,55]        [55,59]        [59,67]        [67,68]        [68,77]        [77,81]        [81,90]        [90,100]       [100,102]      [102,111]      [111,113]      [113,117]      [117,126]      [126,127]      [127,135]      [135,141]      [141,151]      [151,160]      [160,165]      [165,175]      [175,176]      [176,182]      [182,187]      [187,192]      [192,197]      [197,198]      [198,208]      [208,212]      [212,217]      [217,221]      [221,227]      [227,229]      [229,231]      [231,241]      [241,247]      [247,252]      [252,253]      [253,256]      [256,261]      [261,270]      [270,278]      [278,287]      [287,296]      [296,306]      [306,308]      [308,312]      [312,314]      [314,317]      [317,323]      [323,331]      [331,335]      [335,345]      [345,351]      [351,352]      [352,362]      [362,366]      [366,374]      [374,379]      [379,387]      [387,393]      [393,394]      [394,402]      [402,409]      [409,412]      [412,417]      [417,421]      
Optimal Schedule Length: 421.0
Total (Unoptimized Schedule Length): 1914
Statistics
  - conflicts: 0
  - branches : 0
  - wall time: 0.6984181100000001s