
Problem
        task_0   task_1   task_2   task_3  task_4   task_5   task_6   task_7  task_8  task_9  task_10  task_11  task_12  task_13 task_14  task_15 task_16
job_0   (1, 7)   (2, 2)   (0, 6)   (3, 9)  (2, 4)   (3, 3)   (3, 3)   (1, 5)  (3, 9)  (2, 4)   (3, 3)   (2, 3)   (3, 7)   (3, 2)  (1, 8)   (0, 3)  (2, 4)
job_1   (1, 6)   (1, 3)   (1, 2)  (3, 10)  (3, 6)   (1, 9)   (1, 1)   (2, 4)  (2, 9)  (1, 4)   (0, 5)  (3, 10)   (1, 3)   (1, 8)  (3, 2)   (0, 7)  (1, 4)
job_2   (0, 7)   (1, 6)   (1, 4)  (3, 10)  (3, 9)   (0, 9)   (3, 4)   (1, 6)  (3, 8)  (3, 1)   (1, 7)   (0, 1)   (0, 6)   (1, 3)  (1, 8)   (2, 9)  (1, 7)
job_3   (3, 7)   (1, 6)   (3, 2)   (1, 6)  (0, 9)  (0, 10)   (0, 4)  (1, 10)  (2, 6)  (1, 4)   (0, 2)   (1, 6)   (0, 9)  (1, 10)  (0, 7)   (0, 4)  (2, 3)
job_4   (1, 2)   (0, 8)  (1, 10)   (1, 5)  (2, 4)   (2, 2)   (1, 4)   (2, 5)  (3, 5)  (3, 7)   (3, 5)   (0, 8)   (0, 4)   (2, 7)  (0, 8)   (1, 1)  (1, 1)
job_5   (1, 7)   (3, 8)   (2, 2)   (2, 9)  (3, 7)   (0, 6)   (1, 4)   (0, 2)  (0, 1)  (0, 8)  (1, 10)   (1, 7)   (1, 1)   (1, 9)  (0, 7)   (3, 3)  (3, 4)
job_6   (0, 1)   (2, 9)   (2, 8)  (1, 10)  (2, 1)   (1, 6)   (3, 7)  (0, 10)  (0, 9)  (0, 2)   (0, 1)   (1, 5)   (1, 3)   (3, 6)  (3, 7)   (2, 7)  (2, 5)
job_7   (0, 4)   (1, 9)   (1, 3)   (0, 9)  (0, 5)   (1, 1)   (3, 6)   (0, 8)  (0, 2)  (3, 1)   (3, 4)   (3, 5)   (3, 3)   (0, 9)  (0, 2)   (0, 6)  (2, 2)
job_8   (2, 5)  (3, 10)   (3, 5)   (1, 4)  (3, 9)   (3, 8)   (0, 1)   (0, 2)  (0, 6)  (2, 1)   (3, 4)   (2, 6)  (1, 10)   (0, 3)  (3, 3)   (3, 8)  (1, 1)
job_9   (0, 4)   (1, 5)   (3, 4)   (3, 4)  (2, 3)  (3, 10)   (3, 6)   (1, 6)  (1, 5)  (3, 6)  (1, 10)   (3, 8)   (2, 1)  (3, 10)  (2, 7)  (2, 10)  (1, 3)
job_10  (3, 4)  (2, 10)  (2, 10)   (0, 2)  (3, 5)   (3, 1)  (0, 10)   (0, 2)  (0, 8)  (1, 1)   (0, 4)   (3, 7)   (0, 3)   (0, 7)  (3, 4)   (2, 8)  (0, 2)


Solution:
Machine 0: job_2_task_0   job_9_task_0   job_6_task_0   job_7_task_0   job_3_task_4   job_4_task_1   job_3_task_5   job_0_task_2   job_3_task_6   job_10_task_3  job_5_task_5   job_7_task_3   job_6_task_7   job_6_task_8   job_6_task_9   job_6_task_10  job_2_task_5   job_7_task_4   job_10_task_6  job_5_task_7   job_5_task_8   job_5_task_9   job_8_task_6   job_10_task_7  job_8_task_7   job_10_task_8  job_8_task_8   job_7_task_7   job_3_task_10  job_1_task_10  job_10_task_10 job_2_task_11  job_2_task_12  job_7_task_8   job_3_task_12  job_4_task_11  job_5_task_14  job_4_task_12  job_10_task_12 job_10_task_13 job_8_task_13  job_4_task_14  job_3_task_14  job_3_task_15  job_7_task_13  job_7_task_14  job_7_task_15  job_1_task_15  job_0_task_15  job_10_task_16 
           [0,7]          [7,11]         [11,12]        [12,16]        [40,49]        [49,57]        [57,67]        [67,73]        [73,77]        [77,79]        [82,88]        [92,101]       [101,111]      [111,120]      [120,122]      [122,123]      [123,132]      [132,137]      [137,147]      [147,149]      [149,150]      [150,158]      [158,159]      [159,161]      [161,163]      [163,171]      [171,177]      [177,185]      [185,187]      [187,192]      [192,196]      [196,197]      [197,203]      [203,205]      [205,214]      [214,222]      [222,229]      [229,233]      [233,236]      [236,243]      [243,246]      [246,254]      [254,261]      [261,265]      [266,275]      [275,277]      [277,283]      [283,290]      [290,293]      [293,295]      
Machine 1: job_5_task_0   job_2_task_1   job_9_task_1   job_3_task_1   job_1_task_0   job_2_task_2   job_3_task_3   job_1_task_1   job_4_task_0   job_1_task_2   job_0_task_0   job_6_task_3   job_4_task_2   job_7_task_1   job_6_task_5   job_7_task_2   job_4_task_3   job_8_task_3   job_9_task_7   job_1_task_5   job_3_task_7   job_9_task_8   job_1_task_6   job_5_task_6   job_2_task_7   job_4_task_6   job_7_task_5   job_9_task_10  job_0_task_7   job_3_task_9   job_1_task_9   job_5_task_10  job_10_task_9  job_5_task_11  job_2_task_10  job_3_task_11  job_5_task_12  job_5_task_13  job_6_task_11  job_6_task_12  job_2_task_13  job_8_task_12  job_1_task_12  job_2_task_14  job_3_task_13  job_1_task_13  job_2_task_16  job_4_task_15  job_9_task_16  job_4_task_16  job_0_task_14  job_8_task_16  job_1_task_16  
           [0,7]          [7,13]         [13,18]        [18,24]        [24,30]        [30,34]        [34,40]        [40,43]        [43,45]        [45,47]        [47,54]        [54,64]        [64,74]        [74,83]        [83,89]        [89,92]        [92,97]        [97,101]       [101,107]      [107,116]      [116,126]      [126,131]      [131,132]      [132,136]      [136,142]      [142,146]      [146,147]      [147,157]      [157,162]      [162,166]      [166,170]      [170,180]      [180,181]      [181,188]      [188,195]      [195,201]      [201,202]      [202,211]      [211,216]      [216,219]      [219,222]      [222,232]      [232,235]      [235,243]      [243,253]      [253,261]      [261,268]      [268,269]      [269,272]      [272,273]      [275,283]      [292,293]      [293,297]      
Machine 2: job_8_task_0   job_10_task_1  job_6_task_1   job_6_task_2   job_9_task_4   job_5_task_2   job_5_task_3   job_10_task_2  job_0_task_1   job_6_task_4   job_4_task_4   job_4_task_5   job_0_task_4   job_3_task_8   job_1_task_7   job_1_task_8   job_4_task_7   job_8_task_9   job_0_task_9   job_9_task_12  job_8_task_11  job_4_task_13  job_0_task_11  job_2_task_15  job_9_task_14  job_9_task_15  job_3_task_16  job_6_task_15  job_10_task_15 job_6_task_16  job_7_task_16  job_0_task_16  
           [0,5]          [11,21]        [21,30]        [30,38]        [38,41]        [41,43]        [43,52]        [52,62]        [62,64]        [64,65]        [97,101]       [101,103]      [109,113]      [126,132]      [132,136]      [136,145]      [146,151]      [177,178]      [185,189]      [201,202]      [205,211]      [233,240]      [240,243]      [243,252]      [252,259]      [259,269]      [269,272]      [273,280]      [280,288]      [288,293]      [293,295]      [295,299]      
Machine 3: job_3_task_0   job_10_task_0  job_5_task_1   job_9_task_2   job_9_task_3   job_3_task_2   job_8_task_1   job_2_task_3   job_9_task_5   job_1_task_3   job_1_task_4   job_5_task_4   job_9_task_6   job_8_task_2   job_6_task_6   job_0_task_3   job_10_task_4  job_2_task_4   job_8_task_4   job_2_task_6   job_10_task_5  job_9_task_9   job_0_task_5   job_8_task_5   job_0_task_6   job_2_task_8   job_7_task_6   job_4_task_8   job_0_task_8   job_2_task_9   job_4_task_9   job_9_task_11  job_8_task_10  job_4_task_10  job_1_task_11  job_7_task_9   job_7_task_10  job_10_task_11 job_0_task_10  job_9_task_13  job_7_task_11  job_6_task_13  job_0_task_12  job_7_task_12  job_6_task_14  job_0_task_13  job_10_task_14 job_1_task_14  job_8_task_14  job_8_task_15  job_5_task_15  job_5_task_16  
           [0,7]          [7,11]         [11,19]        [19,23]        [23,27]        [27,29]        [29,39]        [39,49]        [49,59]        [59,69]        [69,75]        [75,82]        [82,88]        [88,93]        [93,100]       [100,109]      [109,114]      [114,123]      [123,132]      [132,136]      [136,137]      [137,143]      [143,146]      [146,154]      [154,157]      [157,165]      [165,171]      [171,176]      [176,185]      [185,186]      [186,193]      [193,201]      [201,205]      [205,210]      [210,220]      [220,221]      [221,225]      [225,232]      [232,235]      [235,245]      [245,250]      [250,256]      [256,263]      [263,266]      [266,273]      [273,275]      [275,279]      [279,281]      [281,284]      [284,292]      [292,295]      [295,299]      
Optimal Schedule Length: 299.0
Total (Unoptimized Schedule Length): 1018
Statistics
  - conflicts: 0
  - branches : 0
  - wall time: 0.155489184s