
Problem
          task_0    task_1   task_2    task_3    task_4   task_5   task_6    task_7   task_8   task_9  task_10   task_11  task_12  task_13   task_14   task_15   task_16   task_17
job_0    (15, 7)    (6, 1)  (10, 4)   (2, 10)   (12, 6)  (13, 8)   (9, 3)    (1, 8)   (7, 7)  (11, 4)   (9, 9)    (1, 5)  (14, 1)   (1, 5)   (16, 4)   (14, 2)    (3, 2)   (11, 6)
job_1    (11, 1)   (12, 5)  (11, 8)   (13, 6)    (9, 5)  (15, 7)   (9, 6)    (3, 3)   (0, 7)  (11, 6)   (8, 5)   (15, 8)  (6, 10)  (15, 4)   (11, 9)   (13, 8)    (9, 7)    (1, 2)
job_2     (1, 1)    (1, 9)  (6, 10)   (11, 8)   (16, 7)   (3, 6)  (15, 8)    (7, 9)   (5, 4)   (2, 5)   (2, 9)    (5, 4)   (8, 9)  (14, 9)   (15, 7)   (13, 1)   (15, 2)   (12, 6)
job_3   (10, 10)    (8, 3)  (16, 1)    (1, 6)    (2, 7)  (16, 5)   (2, 8)   (15, 6)  (2, 10)   (5, 5)  (15, 3)   (16, 1)   (5, 4)   (7, 3)    (6, 8)    (9, 3)   (13, 6)    (3, 8)
job_4     (7, 4)    (2, 2)   (4, 6)   (10, 5)   (15, 2)   (4, 6)  (15, 8)    (1, 6)  (13, 8)   (1, 5)  (12, 3)    (6, 5)  (12, 8)  (10, 8)   (12, 8)    (7, 8)    (7, 8)    (1, 1)
job_5     (8, 7)   (12, 2)   (1, 5)    (3, 2)   (12, 6)   (6, 3)   (1, 7)   (11, 7)   (4, 1)   (6, 5)  (13, 1)   (11, 6)   (3, 5)  (10, 9)  (12, 10)   (14, 6)    (6, 4)    (2, 7)
job_6     (9, 1)    (8, 4)  (13, 6)    (8, 7)   (9, 10)  (12, 2)   (5, 7)    (3, 8)   (2, 9)   (1, 1)  (10, 1)    (8, 1)  (14, 1)  (10, 2)   (15, 6)   (12, 5)   (13, 9)   (10, 8)
job_7     (5, 7)    (8, 3)  (16, 5)   (4, 10)    (8, 2)  (10, 6)   (9, 6)   (12, 3)  (16, 6)   (2, 3)   (7, 6)    (6, 4)   (7, 7)  (10, 7)    (0, 2)   (14, 2)   (13, 1)    (7, 2)
job_8    (14, 6)   (14, 5)   (0, 6)    (1, 2)   (10, 3)   (7, 1)  (12, 4)    (7, 5)   (4, 1)  (14, 5)  (16, 4)    (0, 4)  (14, 6)  (13, 8)   (16, 2)    (9, 2)    (0, 2)    (3, 2)
job_9    (13, 2)   (14, 7)  (15, 1)   (10, 2)    (9, 5)   (2, 1)   (2, 5)   (16, 4)  (13, 3)   (1, 6)   (0, 1)    (4, 3)  (15, 5)   (3, 5)    (4, 2)   (14, 7)  (12, 10)   (14, 8)
job_10   (9, 10)    (6, 5)  (13, 9)    (7, 5)    (9, 1)   (1, 9)   (9, 9)    (9, 2)  (10, 2)   (9, 1)  (11, 3)    (4, 4)   (4, 6)   (6, 1)   (11, 8)   (0, 10)    (8, 4)    (5, 5)
job_11    (7, 4)  (14, 10)   (6, 1)    (0, 7)   (14, 2)  (12, 4)  (15, 8)    (5, 3)  (16, 5)   (2, 5)   (6, 4)   (3, 10)   (2, 2)  (15, 5)    (9, 5)    (2, 3)  (12, 10)  (10, 10)
job_12    (6, 2)   (7, 10)  (16, 9)   (10, 3)   (13, 3)   (4, 1)   (7, 9)  (10, 10)  (8, 10)  (13, 5)  (16, 3)    (4, 3)  (15, 5)  (10, 3)    (9, 4)  (14, 10)    (7, 6)    (8, 8)
job_13   (4, 10)    (0, 6)   (0, 1)    (8, 6)  (10, 10)  (14, 7)  (12, 4)    (7, 1)  (12, 7)  (10, 2)   (9, 3)  (12, 10)   (1, 6)  (12, 2)   (10, 7)    (1, 4)    (6, 1)    (1, 5)
job_14    (2, 6)  (14, 10)  (14, 5)    (4, 6)   (11, 9)  (12, 8)   (2, 1)   (12, 6)  (15, 6)  (12, 1)  (14, 1)   (12, 4)   (2, 7)  (10, 3)  (10, 10)   (16, 4)    (7, 7)   (11, 4)
job_15   (11, 1)    (4, 8)   (1, 6)  (14, 10)    (4, 4)   (9, 3)   (0, 7)    (0, 9)   (3, 5)   (3, 2)  (14, 8)    (6, 1)   (5, 9)   (2, 6)    (3, 9)   (14, 9)    (0, 8)   (5, 10)
job_16    (7, 9)   (2, 10)  (16, 3)    (0, 3)    (6, 4)   (8, 9)   (6, 2)   (16, 5)  (14, 3)   (0, 9)  (11, 5)    (4, 1)   (7, 7)   (0, 6)    (6, 8)    (3, 9)    (4, 5)   (2, 10)
job_17    (4, 8)    (3, 4)  (16, 2)    (4, 4)    (6, 2)  (4, 10)   (8, 5)   (16, 5)  (15, 5)   (0, 2)  (13, 5)    (6, 3)   (6, 4)  (8, 10)    (4, 2)    (3, 3)    (5, 8)    (9, 6)
job_18    (2, 3)   (13, 2)   (3, 6)  (13, 10)    (1, 8)  (16, 4)  (10, 3)    (4, 5)   (5, 4)   (0, 9)  (11, 1)   (13, 2)  (10, 4)  (11, 1)    (1, 8)  (14, 10)   (4, 10)   (16, 1)
job_19    (1, 7)   (16, 1)   (7, 1)    (4, 5)   (14, 8)   (7, 3)   (6, 8)    (9, 1)   (0, 6)  (12, 8)  (14, 7)    (7, 4)   (8, 8)  (11, 1)    (6, 5)    (4, 4)    (7, 8)    (4, 3)


Solution:
Machine 0: job_13_task_1  job_13_task_2  job_8_task_2   job_16_task_3  job_1_task_8   job_15_task_6  job_15_task_7  job_19_task_8  job_9_task_10  job_11_task_3  job_8_task_11  job_16_task_9  job_17_task_9  job_18_task_9  job_16_task_13 job_15_task_16 job_7_task_14  job_10_task_15 job_8_task_16  
           [11,17]        [17,18]        [33,39]        [39,42]        [44,51]        [51,58]        [58,67]        [67,73]        [73,74]        [74,81]        [81,85]        [96,105]       [105,107]      [107,116]      [119,125]      [127,135]      [135,137]      [137,147]      [148,150]      
Machine 1: job_2_task_0   job_2_task_1   job_19_task_0  job_5_task_2   job_15_task_2  job_3_task_3   job_18_task_4  job_8_task_3   job_5_task_6   job_0_task_7   job_6_task_9   job_9_task_9   job_4_task_7   job_10_task_5  job_4_task_9   job_0_task_11  job_0_task_13  job_13_task_12 job_18_task_14 job_1_task_17  job_13_task_15 job_13_task_17 job_4_task_17  
           [0,1]          [1,10]         [10,17]        [17,22]        [22,28]        [28,34]        [34,42]        [42,44]        [44,51]        [54,62]        [62,63]        [63,69]        [69,75]        [75,84]        [84,89]        [90,95]        [96,101]       [125,131]      [131,139]      [143,145]      [152,156]      [157,162]      [162,163]      
Machine 2: job_14_task_0  job_4_task_1   job_18_task_0  job_0_task_3   job_16_task_1  job_3_task_4   job_9_task_5   job_14_task_6  job_9_task_6   job_6_task_8   job_3_task_6   job_14_task_12 job_3_task_8   job_7_task_9   job_15_task_13 job_2_task_9   job_11_task_9  job_2_task_10  job_11_task_12 job_5_task_17  job_11_task_15 job_16_task_17 
           [0,6]          [6,8]          [8,11]         [14,24]        [24,34]        [34,41]        [46,47]        [47,48]        [48,53]        [53,62]        [62,70]        [74,81]        [81,91]        [91,94]        [94,100]       [100,105]      [105,110]      [110,119]      [124,126]      [126,133]      [136,139]      [149,159]      
Machine 3: job_18_task_2  job_5_task_3   job_2_task_5   job_1_task_7   job_6_task_7   job_17_task_1  job_15_task_8  job_15_task_9  job_5_task_12  job_9_task_13  job_15_task_14 job_11_task_11 job_16_task_15 job_17_task_15 job_8_task_17  job_0_task_16  job_3_task_17  
           [13,19]        [22,24]        [35,41]        [41,44]        [45,53]        [53,57]        [67,72]        [72,74]        [77,82]        [89,94]        [100,109]      [114,124]      [134,143]      [144,147]      [150,152]      [155,157]      [157,165]      
Machine 4: job_13_task_0  job_15_task_1  job_4_task_2   job_14_task_3  job_19_task_3  job_17_task_0  job_12_task_5  job_15_task_4  job_4_task_5   job_7_task_3   job_5_task_8   job_8_task_8   job_17_task_3  job_9_task_11  job_17_task_5  job_18_task_7  job_9_task_14  job_12_task_11 job_16_task_11 job_19_task_15 job_10_task_11 job_10_task_12 job_19_task_17 job_17_task_14 job_16_task_16 job_18_task_16 
           [0,10]         [10,18]        [18,24]        [24,30]        [30,35]        [35,43]        [43,44]        [44,48]        [48,54]        [54,64]        [64,65]        [68,69]        [69,73]        [74,77]        [77,87]        [87,92]        [94,96]        [100,103]      [110,111]      [111,115]      [115,119]      [119,125]      [127,130]      [142,144]      [144,149]      [153,163]      
Machine 5: job_7_task_0   job_6_task_6   job_15_task_12 job_2_task_8   job_11_task_7  job_18_task_8  job_3_task_9   job_2_task_11  job_3_task_12  job_15_task_17 job_17_task_16 job_10_task_17 
           [0,7]          [38,45]        [83,92]        [92,96]        [97,100]       [100,104]      [104,109]      [119,123]      [123,127]      [135,145]      [147,155]      [159,164]      
Machine 6: job_12_task_0  job_0_task_1   job_2_task_2   job_10_task_1  job_5_task_5   job_16_task_4  job_16_task_6  job_19_task_6  job_5_task_9   job_11_task_2  job_17_task_4  job_15_task_11 job_1_task_12  job_4_task_11  job_7_task_11  job_19_task_14 job_11_task_10 job_17_task_11 job_17_task_12 job_5_task_16  job_10_task_13 job_16_task_14 job_3_task_14  job_13_task_16 
           [0,2]          [7,8]          [10,20]        [20,25]        [36,39]        [42,46]        [55,57]        [57,65]        [65,70]        [70,71]        [73,75]        [82,83]        [84,94]        [94,99]        [101,105]      [105,110]      [110,114]      [114,117]      [117,121]      [121,125]      [125,126]      [126,134]      [134,142]      [156,157]      
Machine 7: job_4_task_0   job_12_task_1  job_16_task_0  job_11_task_0  job_19_task_2  job_10_task_3  job_12_task_6  job_8_task_5   job_19_task_5  job_13_task_7  job_8_task_7   job_0_task_8   job_2_task_7   job_19_task_11 job_7_task_10  job_7_task_12  job_16_task_12 job_19_task_16 job_3_task_13  job_4_task_15  job_12_task_16 job_14_task_16 job_4_task_16  job_7_task_17  
           [0,4]          [4,14]         [14,23]        [23,27]        [27,28]        [39,44]        [44,53]        [53,54]        [54,57]        [62,63]        [63,68]        [69,76]        [76,85]        [91,95]        [95,101]       [105,112]      [112,119]      [119,127]      [127,130]      [133,141]      [141,147]      [147,154]      [154,162]      [162,164]      
Machine 8: job_6_task_1   job_5_task_0   job_3_task_1   job_6_task_3   job_13_task_3  job_7_task_1   job_16_task_5  job_1_task_10  job_7_task_4   job_6_task_11  job_12_task_8  job_17_task_6  job_19_task_12 job_2_task_12  job_17_task_13 job_12_task_17 job_10_task_16 
           [1,5]          [5,12]         [12,15]        [15,22]        [22,28]        [28,31]        [46,55]        [57,62]        [64,66]        [66,67]        [67,77]        [87,92]        [95,103]       [123,132]      [132,142]      [147,155]      [155,159]      
Machine 9: job_6_task_0   job_10_task_0  job_1_task_4   job_6_task_4   job_1_task_6   job_9_task_4   job_10_task_4  job_15_task_5  job_0_task_6   job_19_task_7  job_7_task_6   job_13_task_10 job_0_task_10  job_10_task_6  job_10_task_7  job_10_task_9  job_12_task_14 job_11_task_14 job_1_task_16  job_3_task_15  job_8_task_15  job_17_task_17 
           [0,1]          [1,11]         [20,25]        [25,35]        [35,41]        [41,46]        [46,47]        [48,51]        [51,54]        [65,66]        [72,78]        [78,81]        [81,90]        [90,99]        [99,101]       [109,110]      [116,120]      [131,136]      [136,143]      [143,146]      [146,148]      [155,161]      
Machine 10: job_3_task_0   job_0_task_2   job_4_task_3   job_12_task_3  job_9_task_3   job_13_task_4  job_8_task_4   job_18_task_6  job_12_task_7  job_6_task_10  job_7_task_5   job_13_task_9  job_5_task_13  job_14_task_13 job_6_task_13  job_14_task_14 job_10_task_8  job_12_task_13 job_4_task_13  job_18_task_12 job_7_task_13  job_6_task_17  job_13_task_14 job_11_task_17 
           [0,10]         [10,14]        [24,29]        [30,33]        [35,37]        [37,47]        [47,50]        [52,55]        [55,65]        [65,66]        [66,72]        [72,74]        [82,91]        [91,94]        [95,97]        [97,107]       [107,109]      [113,116]      [116,124]      [124,128]      [128,135]      [135,143]      [145,152]      [155,165]      
Machine 11: job_1_task_0   job_15_task_0  job_1_task_2   job_2_task_3   job_14_task_4  job_1_task_9   job_5_task_7   job_5_task_11  job_0_task_9   job_19_task_13 job_16_task_10 job_10_task_10 job_18_task_10 job_1_task_14  job_18_task_13 job_10_task_14 job_14_task_17 job_0_task_17  
           [0,1]          [1,2]          [6,14]         [20,28]        [30,39]        [51,57]        [57,64]        [71,77]        [77,81]        [103,104]      [105,110]      [110,113]      [116,117]      [117,126]      [128,129]      [129,137]      [154,158]      [158,164]      
Machine 12: job_1_task_1   job_5_task_1   job_0_task_4   job_5_task_4   job_6_task_5   job_14_task_5  job_14_task_7  job_8_task_6   job_13_task_6  job_14_task_9  job_13_task_8  job_14_task_11 job_19_task_9  job_7_task_7   job_11_task_5  job_4_task_10  job_5_task_14  job_4_task_12  job_6_task_15  job_13_task_11 job_4_task_14  job_9_task_16  job_13_task_13 job_11_task_16 job_2_task_17  
           [1,6]          [12,14]        [24,30]        [30,36]        [36,38]        [39,47]        [48,54]        [54,58]        [58,62]        [62,63]        [63,70]        [70,74]        [74,82]        [82,85]        [85,89]        [89,92]        [92,102]       [102,110]      [110,115]      [115,125]      [125,133]      [133,143]      [143,145]      [145,155]      [155,161]      
Machine 13: job_9_task_0   job_6_task_2   job_18_task_1  job_1_task_3   job_18_task_3  job_10_task_2  job_12_task_4  job_0_task_5   job_9_task_8   job_5_task_10  job_4_task_8   job_12_task_9  job_17_task_10 job_18_task_11 job_6_task_16  job_1_task_15  job_8_task_13  job_3_task_16  job_2_task_15  job_7_task_16  
           [0,2]          [5,11]         [11,13]        [14,20]        [20,30]        [30,39]        [40,43]        [43,51]        [60,63]        [70,71]        [75,83]        [83,88]        [107,112]      [117,119]      [119,128]      [128,136]      [136,144]      [146,152]      [152,153]      [157,158]      
Machine 14: job_8_task_0   job_14_task_1  job_14_task_2  job_9_task_1   job_8_task_1   job_15_task_3  job_19_task_4  job_13_task_5  job_11_task_1  job_14_task_10 job_8_task_9   job_15_task_10 job_11_task_4  job_19_task_10 job_16_task_8  job_6_task_12  job_0_task_12  job_9_task_15  job_5_task_15  job_15_task_15 job_8_task_12  job_12_task_15 job_2_task_13  job_18_task_15 job_0_task_15  job_7_task_15  job_9_task_17  
           [0,6]          [6,16]         [16,21]        [21,28]        [28,33]        [33,43]        [43,51]        [51,58]        [58,68]        [68,69]        [69,74]        [74,82]        [82,84]        [84,91]        [91,94]        [94,95]        [95,96]        [96,103]       [103,109]      [109,118]      [118,124]      [124,134]      [134,143]      [143,153]      [153,155]      [155,157]      [157,165]      
Machine 15: job_0_task_0   job_1_task_5   job_4_task_4   job_9_task_2   job_2_task_6   job_14_task_8  job_4_task_6   job_3_task_7   job_1_task_11  job_9_task_12  job_11_task_6  job_17_task_8  job_6_task_14  job_12_task_12 job_1_task_13  job_3_task_10  job_11_task_13 job_2_task_14  job_2_task_16  
           [0,7]          [25,32]        [32,34]        [34,35]        [41,49]        [54,60]        [60,68]        [70,76]        [76,84]        [84,89]        [89,97]        [97,102]       [102,108]      [108,113]      [113,117]      [117,120]      [126,131]      [143,150]      [153,155]      
Machine 16: job_3_task_2   job_12_task_2  job_19_task_1  job_2_task_4   job_16_task_2  job_7_task_2   job_3_task_5   job_18_task_5  job_9_task_7   job_16_task_7  job_17_task_2  job_8_task_10  job_7_task_8   job_17_task_7  job_12_task_10 job_11_task_8  job_0_task_14  job_14_task_15 job_3_task_11  job_8_task_14  job_18_task_17 
           [15,16]        [16,25]        [25,26]        [28,35]        [35,38]        [38,43]        [43,48]        [48,52]        [53,57]        [57,62]        [62,64]        [74,78]        [85,91]        [92,97]        [97,100]       [100,105]      [105,109]      [117,121]      [121,122]      [144,146]      [163,164]      
Optimal Schedule Length: 165.0
Total (Unoptimized Schedule Length): 1895
Statistics
  - conflicts: 0
  - branches : 0
  - wall time: 3.481529171s