
Problem
          task_0   task_1    task_2    task_3   task_4   task_5   task_6    task_7   task_8    task_9   task_10   task_11   task_12   task_13   task_14   task_15
job_0     (6, 3)  (13, 7)    (4, 2)    (9, 1)   (0, 5)   (1, 7)   (3, 9)   (11, 4)   (1, 3)    (6, 6)    (4, 7)    (7, 1)    (4, 7)    (8, 9)    (3, 8)  (11, 10)
job_1     (0, 3)   (4, 8)    (1, 5)   (4, 10)   (8, 6)  (10, 1)   (2, 2)    (4, 7)   (7, 7)   (12, 7)    (8, 6)    (9, 7)    (4, 5)    (6, 7)   (13, 4)    (5, 8)
job_2     (2, 3)   (8, 9)  (10, 10)   (10, 8)  (11, 4)  (12, 6)  (6, 10)   (12, 5)  (6, 10)    (0, 6)   (9, 10)   (1, 10)    (3, 2)    (4, 5)  (13, 10)  (13, 10)
job_3    (11, 4)   (5, 5)   (11, 7)    (6, 7)   (7, 3)   (7, 4)  (10, 7)    (2, 2)   (4, 9)   (13, 3)   (10, 7)   (13, 1)    (3, 3)    (1, 4)    (7, 9)    (9, 8)
job_4     (7, 7)   (0, 8)   (11, 9)    (5, 4)   (4, 9)  (12, 9)   (1, 1)    (9, 9)   (1, 5)   (10, 5)    (1, 9)    (2, 2)    (1, 1)    (9, 8)    (8, 8)    (2, 3)
job_5     (0, 7)   (7, 8)  (13, 10)   (12, 4)   (7, 6)   (1, 4)   (4, 8)    (1, 8)  (1, 10)   (12, 4)  (10, 10)   (12, 1)   (9, 10)   (11, 4)    (7, 7)   (10, 3)
job_6    (10, 9)   (1, 2)   (12, 2)  (10, 10)   (8, 6)  (11, 2)  (13, 4)    (9, 3)  (12, 1)    (9, 9)    (0, 3)  (11, 10)    (5, 5)   (11, 7)    (9, 2)    (9, 4)
job_7    (11, 5)   (4, 3)    (5, 5)   (12, 3)   (3, 7)   (6, 1)  (13, 7)    (5, 2)   (5, 5)    (7, 6)   (2, 10)   (10, 6)    (7, 4)   (10, 3)    (1, 2)    (4, 4)
job_8     (8, 3)  (12, 2)    (1, 9)    (0, 8)  (12, 5)  (12, 3)   (3, 2)    (0, 5)   (5, 1)  (10, 10)   (12, 3)    (6, 8)    (2, 5)    (7, 4)    (0, 3)   (10, 1)
job_9     (3, 7)   (0, 5)    (7, 7)   (5, 10)   (1, 9)  (12, 3)   (1, 3)    (1, 9)   (3, 3)  (10, 10)    (3, 4)  (10, 10)   (11, 6)   (9, 10)   (3, 10)    (5, 5)
job_10    (4, 7)   (3, 1)    (3, 8)    (7, 5)   (6, 3)   (5, 7)  (12, 6)   (10, 3)   (0, 1)   (12, 6)   (12, 4)    (2, 4)   (12, 9)    (1, 4)   (12, 3)    (3, 5)
job_11   (11, 2)  (5, 10)    (3, 9)    (1, 8)  (1, 10)  (12, 4)  (4, 10)    (3, 5)  (12, 2)    (2, 3)    (0, 2)   (7, 10)   (2, 10)    (2, 2)    (7, 8)    (1, 6)
job_12    (1, 5)   (1, 8)    (9, 8)    (4, 2)   (0, 7)   (6, 4)   (4, 3)    (3, 2)   (7, 5)   (11, 5)    (3, 5)    (7, 2)    (2, 5)    (9, 8)   (7, 10)    (8, 3)
job_13  (12, 10)   (8, 9)    (4, 3)    (2, 9)   (7, 6)   (1, 3)   (3, 5)   (9, 10)   (2, 5)    (6, 1)   (10, 1)    (3, 4)   (11, 8)    (0, 4)    (5, 2)    (8, 8)
job_14    (5, 3)  (12, 7)    (0, 4)   (12, 6)   (8, 9)   (5, 8)   (9, 3)  (10, 10)   (9, 4)    (6, 2)   (13, 9)    (9, 5)  (11, 10)  (11, 10)    (7, 5)   (12, 3)
job_15   (12, 6)   (7, 8)    (0, 5)    (7, 3)   (1, 8)   (7, 1)   (6, 5)   (10, 2)   (6, 7)    (6, 9)   (1, 10)    (2, 6)    (6, 6)    (6, 8)    (2, 7)    (9, 6)
job_16   (10, 4)  (10, 7)    (6, 4)    (5, 8)  (10, 9)   (9, 6)  (1, 10)   (11, 5)   (7, 9)   (11, 7)   (6, 10)   (12, 8)   (12, 4)    (7, 9)    (8, 7)   (10, 1)
job_17   (10, 8)   (3, 4)    (5, 5)    (1, 2)  (10, 2)   (3, 9)   (7, 5)   (10, 1)   (2, 9)   (11, 7)    (4, 5)   (13, 6)    (9, 2)    (5, 2)    (0, 3)    (2, 7)


Solution:
Machine 0: job_5_task_0   job_9_task_1   job_1_task_0   job_4_task_1   job_0_task_4   job_14_task_2  job_15_task_2  job_12_task_4  job_8_task_3   job_8_task_7   job_2_task_9   job_6_task_10  job_10_task_8  job_11_task_10 job_13_task_13 job_8_task_14  job_17_task_14 
           [0,7]          [7,12]         [12,15]        [15,23]        [23,28]        [28,32]        [32,37]        [37,44]        [44,52]        [82,87]        [87,93]        [93,96]        [96,97]        [99,101]       [155,159]      [159,162]      [166,169]      
Machine 1: job_12_task_0  job_12_task_1  job_8_task_2   job_6_task_1   job_1_task_2   job_11_task_3  job_9_task_4   job_15_task_4  job_11_task_4  job_4_task_6   job_16_task_6  job_5_task_5   job_9_task_6   job_9_task_7   job_0_task_5   job_17_task_3  job_13_task_5  job_4_task_8   job_5_task_7   job_0_task_8   job_5_task_8   job_15_task_10 job_2_task_11  job_4_task_10  job_4_task_12  job_3_task_13  job_10_task_13 job_7_task_14  job_11_task_15 
           [0,5]          [5,13]         [13,22]        [22,24]        [24,29]        [29,37]        [37,46]        [46,54]        [54,64]        [64,65]        [65,75]        [75,79]        [79,82]        [82,91]        [91,98]        [98,100]       [100,103]      [103,108]      [108,116]      [116,119]      [119,129]      [129,139]      [139,149]      [149,158]      [160,161]      [162,166]      [166,170]      [170,172]      [172,178]      
Machine 2: job_2_task_0   job_13_task_3  job_1_task_6   job_12_task_12 job_3_task_7   job_11_task_9  job_7_task_10  job_10_task_11 job_11_task_12 job_11_task_13 job_13_task_8  job_17_task_8  job_15_task_11 job_8_task_12  job_4_task_11  job_15_task_14 job_17_task_15 job_4_task_15  
           [0,3]          [30,39]        [68,70]        [75,80]        [85,87]        [96,99]        [99,109]       [110,114]      [114,124]      [124,126]      [126,131]      [131,140]      [140,146]      [146,151]      [158,160]      [160,167]      [169,176]      [180,183]      
Machine 3: job_9_task_0   job_10_task_1  job_10_task_2  job_11_task_2  job_12_task_7  job_7_task_4   job_17_task_1  job_12_task_10 job_8_task_6   job_11_task_7  job_9_task_8   job_0_task_6   job_13_task_6  job_9_task_10  job_17_task_5  job_13_task_11 job_9_task_14  job_2_task_12  job_3_task_12  job_0_task_14  job_10_task_15 
           [0,7]          [7,8]          [8,16]         [16,25]        [52,54]        [54,61]        [61,65]        [68,73]        [80,82]        [87,92]        [92,95]        [98,107]       [107,112]      [112,116]      [116,125]      [133,137]      [143,153]      [153,155]      [159,162]      [162,170]      [173,178]      
Machine 4: job_10_task_0  job_0_task_2   job_7_task_1   job_1_task_1   job_12_task_3  job_13_task_2  job_1_task_3   job_4_task_4   job_12_task_6  job_1_task_7   job_11_task_6  job_5_task_6   job_3_task_8   job_0_task_10  job_1_task_12  job_0_task_12  job_17_task_10 job_2_task_13  job_7_task_15  
           [0,7]          [10,12]        [12,15]        [15,23]        [23,25]        [27,30]        [30,40]        [40,49]        [49,52]        [70,77]        [77,87]        [87,95]        [95,104]       [125,132]      [133,138]      [140,147]      [147,152]      [155,160]      [172,176]      
Machine 5: job_14_task_0  job_11_task_1  job_3_task_1   job_16_task_3  job_9_task_3   job_4_task_3   job_7_task_2   job_10_task_5  job_14_task_5  job_17_task_2  job_7_task_7   job_7_task_8   job_8_task_8   job_6_task_12  job_1_task_15  job_9_task_15  job_13_task_14 job_17_task_13 
           [0,3]          [3,13]         [13,18]        [18,26]        [26,36]        [36,40]        [40,45]        [45,52]        [52,60]        [65,70]        [71,73]        [73,78]        [87,88]        [110,115]      [149,157]      [157,162]      [162,164]      [164,166]      
Machine 6: job_0_task_0   job_16_task_2  job_3_task_3   job_10_task_4  job_12_task_5  job_2_task_6   job_15_task_6  job_7_task_5   job_15_task_8  job_2_task_8   job_15_task_9  job_14_task_9  job_16_task_10 job_8_task_11  job_0_task_9   job_13_task_9  job_1_task_13  job_15_task_12 job_15_task_13 
           [0,3]          [11,15]        [25,32]        [35,38]        [44,48]        [48,58]        [58,63]        [63,64]        [67,74]        [74,84]        [84,93]        [93,95]        [100,110]      [110,118]      [119,125]      [131,132]      [138,145]      [146,152]      [152,160]      
Machine 7: job_4_task_0   job_5_task_1   job_9_task_2   job_15_task_1  job_10_task_3  job_5_task_4   job_15_task_3  job_13_task_4  job_3_task_4   job_3_task_5   job_15_task_5  job_12_task_8  job_12_task_11 job_1_task_8   job_16_task_8  job_7_task_9   job_11_task_11 job_12_task_14 job_17_task_6  job_16_task_13 job_0_task_11  job_11_task_14 job_7_task_12  job_8_task_13  job_5_task_14  job_3_task_14  job_14_task_14 
           [0,7]          [7,15]         [15,22]        [22,30]        [30,35]        [35,41]        [41,44]        [44,50]        [50,53]        [53,57]        [57,58]        [58,63]        [73,75]        [77,84]        [84,93]        [93,99]        [101,111]      [111,121]      [125,130]      [130,139]      [139,140]      [140,148]      [149,153]      [153,157]      [159,166]      [166,175]      [175,180]      
Machine 8: job_8_task_0   job_2_task_1   job_13_task_1  job_14_task_4  job_1_task_4   job_6_task_4   job_1_task_10  job_12_task_15 job_16_task_14 job_0_task_13  job_13_task_15 job_4_task_14  
           [0,3]          [3,12]         [18,27]        [38,47]        [47,53]        [65,71]        [94,100]       [121,124]      [139,146]      [147,156]      [164,172]      [172,180]      
Machine 9: job_0_task_3   job_12_task_2  job_16_task_5  job_14_task_6  job_4_task_7   job_6_task_7   job_14_task_8  job_6_task_9   job_2_task_10  job_12_task_13 job_14_task_11 job_13_task_7  job_1_task_11  job_9_task_13  job_6_task_14  job_5_task_12  job_6_task_15  job_17_task_12 job_4_task_13  job_15_task_15 job_3_task_15  
           [12,13]        [13,21]        [47,53]        [60,63]        [65,74]        [77,80]        [80,84]        [84,93]        [93,103]       [103,111]      [111,116]      [116,126]      [126,133]      [133,143]      [143,145]      [145,155]      [155,159]      [159,161]      [161,169]      [169,175]      [175,183]      
Machine 10: job_16_task_0  job_16_task_1  job_6_task_0   job_2_task_2   job_2_task_3   job_16_task_4  job_17_task_0  job_6_task_3   job_15_task_7  job_1_task_5   job_14_task_7  job_3_task_6   job_10_task_7  job_8_task_9   job_9_task_9   job_17_task_4  job_4_task_9   job_9_task_11  job_17_task_7  job_13_task_10 job_5_task_10  job_7_task_11  job_3_task_10  job_7_task_13  job_16_task_15 job_8_task_15  job_5_task_15  
           [0,4]          [4,11]         [11,20]        [20,30]        [30,38]        [38,47]        [47,55]        [55,65]        [65,67]        [67,68]        [68,78]        [78,85]        [87,90]        [90,100]       [100,110]      [110,112]      [112,117]      [117,127]      [130,131]      [132,133]      [133,143]      [143,149]      [149,156]      [156,159]      [159,160]      [162,163]      [166,169]      
Machine 11: job_11_task_0  job_3_task_0   job_7_task_0   job_3_task_2   job_4_task_2   job_2_task_4   job_12_task_9  job_6_task_5   job_16_task_7  job_16_task_9  job_6_task_11  job_0_task_7   job_14_task_12 job_9_task_12  job_6_task_13  job_17_task_9  job_13_task_12 job_5_task_13  job_14_task_13 job_0_task_15  
           [0,2]          [2,6]          [6,11]         [18,25]        [25,34]        [38,42]        [63,68]        [71,73]        [75,80]        [93,100]       [100,110]      [110,114]      [116,126]      [127,133]      [133,140]      [140,147]      [147,155]      [155,159]      [159,169]      [170,180]      
Machine 12: job_15_task_0  job_8_task_1   job_13_task_0  job_14_task_1  job_6_task_2   job_5_task_3   job_14_task_3  job_2_task_5   job_9_task_5   job_7_task_3   job_4_task_5   job_2_task_7   job_11_task_5  job_8_task_4   job_8_task_5   job_6_task_8   job_10_task_6  job_1_task_9   job_11_task_8  job_10_task_9  job_8_task_10  job_10_task_10 job_16_task_11 job_16_task_12 job_5_task_9   job_10_task_12 job_5_task_11  job_10_task_14 job_14_task_15 
           [0,6]          [6,8]          [8,18]         [18,25]        [25,27]        [27,31]        [32,38]        [42,48]        [48,51]        [51,54]        [54,63]        [63,68]        [68,72]        [72,77]        [77,80]        [80,81]        [81,87]        [87,94]        [94,96]        [97,103]       [103,106]      [106,110]      [110,118]      [118,122]      [129,133]      [133,142]      [143,144]      [170,173]      [180,183]      
Machine 13: job_0_task_1   job_5_task_2   job_7_task_6   job_6_task_6   job_14_task_10 job_3_task_9   job_1_task_14  job_17_task_11 job_3_task_11  job_2_task_14  job_2_task_15  
           [3,10]         [15,25]        [64,71]        [73,77]        [95,104]       [104,107]      [145,149]      [152,158]      [158,159]      [160,170]      [170,180]      
Optimal Schedule Length: 183.0
Total (Unoptimized Schedule Length): 1646
Statistics
  - conflicts: 0
  - branches : 0
  - wall time: 0.5754802910000001s