
Problem
         task_0   task_1   task_2   task_3   task_4   task_5  task_6   task_7   task_8   task_9 task_10  task_11  task_12 task_13  task_14  task_15  task_16  task_17  task_18  task_19
job_0    (3, 8)   (4, 5)  (3, 10)   (1, 1)   (4, 5)   (6, 5)  (3, 3)   (5, 2)   (6, 8)   (0, 2)  (1, 1)   (0, 6)   (5, 3)  (0, 6)   (4, 3)  (2, 10)  (3, 10)   (2, 8)  (0, 10)   (2, 7)
job_1    (4, 4)   (0, 7)   (6, 7)  (2, 10)   (6, 6)   (2, 5)  (4, 6)   (3, 5)   (0, 5)   (6, 1)  (4, 7)   (3, 1)   (3, 2)  (6, 5)   (0, 2)   (6, 9)  (4, 10)   (2, 9)   (2, 2)   (1, 3)
job_2   (0, 10)   (0, 8)   (6, 1)   (4, 7)   (6, 8)   (4, 7)  (0, 8)   (2, 3)  (0, 10)   (6, 2)  (3, 3)   (6, 3)   (2, 4)  (6, 7)   (3, 4)   (2, 1)   (2, 2)   (4, 7)   (6, 9)   (5, 5)
job_3    (4, 1)   (6, 8)   (5, 7)   (5, 7)  (4, 10)   (0, 6)  (2, 3)   (5, 4)   (5, 6)   (4, 6)  (5, 5)   (2, 2)   (0, 7)  (5, 3)   (4, 3)   (4, 6)   (0, 7)   (3, 4)   (2, 1)   (3, 7)
job_4    (0, 3)   (1, 2)   (2, 9)   (6, 9)  (4, 10)  (1, 10)  (3, 8)   (2, 3)   (1, 6)   (2, 4)  (2, 9)   (3, 5)  (0, 10)  (6, 6)  (2, 10)   (6, 8)   (5, 3)   (5, 3)   (2, 1)   (1, 3)
job_5    (3, 9)   (6, 2)   (5, 3)   (6, 3)   (6, 9)   (0, 2)  (4, 5)  (1, 10)   (5, 5)   (5, 5)  (0, 7)   (2, 4)   (4, 7)  (3, 5)  (3, 10)   (4, 6)   (6, 2)   (1, 1)   (2, 2)   (4, 9)
job_6    (1, 1)   (1, 9)   (0, 3)   (2, 7)   (1, 4)   (1, 4)  (0, 7)   (3, 4)   (4, 7)   (0, 6)  (2, 4)   (1, 6)   (1, 3)  (0, 7)  (0, 10)   (6, 9)   (6, 2)   (4, 7)   (4, 1)   (0, 4)
job_7    (2, 8)   (6, 5)   (4, 1)   (4, 1)   (2, 3)   (2, 3)  (1, 6)  (6, 10)   (2, 7)   (2, 6)  (5, 2)   (2, 3)   (4, 7)  (3, 2)   (5, 7)   (2, 8)   (0, 8)   (6, 7)   (4, 9)   (2, 1)
job_8    (6, 9)   (2, 2)   (6, 6)   (4, 6)   (0, 6)  (5, 10)  (5, 8)   (3, 2)   (6, 1)   (1, 3)  (5, 9)  (2, 10)   (5, 8)  (4, 8)   (5, 9)   (4, 2)  (3, 10)   (5, 2)  (5, 10)   (2, 8)
job_9   (4, 10)   (1, 5)   (0, 7)   (1, 7)   (4, 9)   (6, 4)  (4, 8)   (4, 7)  (5, 10)   (0, 5)  (5, 8)   (3, 7)  (6, 10)  (1, 9)   (0, 3)   (4, 1)  (2, 10)   (4, 1)   (0, 9)   (0, 3)
job_10  (6, 10)  (2, 10)   (4, 2)   (2, 1)   (6, 6)   (0, 6)  (4, 1)  (0, 10)  (4, 10)   (2, 9)  (2, 6)   (6, 1)  (2, 10)  (0, 3)   (4, 4)  (5, 10)   (0, 4)   (1, 8)   (4, 9)   (0, 4)
job_11   (1, 1)   (2, 3)   (5, 9)   (2, 9)   (6, 9)   (0, 4)  (2, 3)   (4, 9)   (0, 8)   (0, 5)  (2, 2)  (3, 10)   (5, 9)  (5, 2)  (6, 10)   (0, 3)   (5, 8)   (5, 9)   (5, 7)   (0, 8)
job_12   (6, 8)   (5, 1)   (2, 8)   (1, 4)   (4, 4)   (5, 3)  (0, 2)   (6, 3)   (6, 6)   (5, 6)  (4, 4)   (6, 4)   (5, 7)  (2, 6)   (6, 2)   (1, 6)   (1, 1)   (6, 2)   (1, 6)   (3, 5)
job_13   (3, 2)   (2, 5)   (2, 8)   (2, 2)   (5, 2)   (6, 8)  (3, 3)   (1, 3)   (1, 5)   (6, 1)  (6, 5)   (2, 1)   (6, 3)  (6, 2)   (6, 3)   (4, 9)   (0, 3)   (6, 4)   (0, 7)   (6, 2)
job_14   (6, 5)   (2, 6)   (2, 8)   (4, 9)   (2, 6)   (5, 6)  (0, 8)   (4, 1)   (6, 7)  (5, 10)  (6, 6)   (5, 2)   (0, 6)  (5, 4)   (6, 8)   (5, 7)   (0, 2)   (3, 6)   (0, 2)   (6, 5)
job_15   (1, 2)   (6, 8)   (0, 5)   (3, 4)   (0, 9)   (0, 5)  (3, 3)   (1, 2)   (0, 8)  (1, 10)  (5, 2)   (2, 4)   (6, 2)  (4, 1)   (1, 5)   (4, 2)   (4, 4)  (5, 10)   (1, 2)  (5, 10)
job_16   (2, 4)   (5, 1)   (2, 8)   (5, 2)   (2, 7)   (5, 3)  (0, 2)   (5, 7)   (5, 4)   (5, 7)  (1, 4)   (2, 8)   (4, 5)  (6, 6)   (1, 3)   (2, 9)   (2, 3)   (6, 2)   (6, 3)   (1, 4)


Solution:
Machine 0: job_4_task_0   job_2_task_0   job_2_task_1   job_9_task_2   job_1_task_1   job_8_task_4   job_6_task_2   job_11_task_5  job_10_task_5  job_11_task_8  job_10_task_7  job_15_task_2  job_3_task_5   job_15_task_4  job_5_task_5   job_6_task_6   job_11_task_9  job_14_task_6  job_15_task_5  job_2_task_6   job_16_task_6  job_0_task_9   job_9_task_9   job_0_task_11  job_12_task_6  job_1_task_8   job_15_task_8  job_6_task_9   job_5_task_10  job_2_task_8   job_0_task_13  job_4_task_12  job_10_task_13 job_6_task_13  job_1_task_14  job_6_task_14  job_14_task_12 job_3_task_12  job_11_task_15 job_10_task_16 job_9_task_14  job_7_task_16  job_0_task_18  job_11_task_19 job_3_task_16  job_9_task_18  job_13_task_16 job_14_task_16 job_10_task_19 job_13_task_18 job_14_task_18 job_6_task_19  job_9_task_19  
           [0,3]          [3,13]         [13,21]        [21,28]        [28,35]        [35,41]        [41,44]        [48,52]        [62,68]        [74,82]        [82,92]        [92,97]        [97,103]       [103,112]      [112,114]      [114,121]      [121,126]      [126,134]      [134,139]      [139,147]      [147,149]      [149,151]      [151,156]      [156,162]      [162,164]      [164,169]      [169,177]      [177,183]      [183,190]      [190,200]      [200,206]      [206,216]      [216,219]      [219,226]      [226,228]      [228,238]      [238,244]      [244,251]      [251,254]      [254,258]      [258,261]      [265,273]      [273,283]      [285,293]      [293,300]      [300,309]      [309,312]      [312,314]      [314,318]      [318,325]      [325,327]      [327,331]      [331,334]      
Machine 1: job_11_task_0  job_6_task_0   job_6_task_1   job_4_task_1   job_9_task_1   job_15_task_0  job_9_task_3   job_0_task_3   job_4_task_5   job_6_task_4   job_6_task_5   job_8_task_9   job_7_task_6   job_4_task_8   job_12_task_3  job_5_task_7   job_15_task_7  job_0_task_10  job_13_task_7  job_13_task_8  job_15_task_9  job_9_task_13  job_6_task_11  job_6_task_12  job_16_task_10 job_15_task_14 job_10_task_17 job_16_task_14 job_12_task_15 job_12_task_16 job_15_task_18 job_1_task_19  job_5_task_17  job_12_task_18 job_16_task_19 job_4_task_19  
           [0,1]          [1,2]          [2,11]         [11,13]        [13,18]        [18,20]        [28,35]        [35,36]        [56,66]        [70,74]        [74,78]        [85,88]        [100,106]      [106,112]      [114,118]      [119,129]      [142,144]      [151,152]      [160,163]      [163,168]      [177,187]      [187,196]      [201,207]      [207,210]      [210,214]      [256,261]      [261,269]      [269,272]      [302,308]      [308,309]      [309,311]      [315,318]      [319,320]      [321,327]      [327,331]      [331,334]      
Machine 2: job_7_task_0   job_11_task_1  job_8_task_1   job_4_task_2   job_11_task_3  job_10_task_1  job_14_task_1  job_14_task_2  job_10_task_3  job_11_task_6  job_16_task_0  job_6_task_3   job_1_task_3   job_16_task_2  job_7_task_4   job_14_task_4  job_7_task_5   job_4_task_7   job_3_task_6   job_12_task_2  job_16_task_4  job_13_task_1  job_13_task_2  job_1_task_5   job_11_task_10 job_13_task_3  job_8_task_11  job_4_task_9   job_10_task_9  job_7_task_8   job_4_task_10  job_2_task_7   job_7_task_9   job_10_task_10 job_6_task_10  job_10_task_12 job_7_task_11  job_5_task_11  job_0_task_15  job_16_task_11 job_3_task_11  job_15_task_11 job_2_task_12  job_13_task_11 job_4_task_14  job_7_task_15  job_0_task_17  job_12_task_13 job_9_task_16  job_2_task_15  job_2_task_16  job_16_task_15 job_1_task_17  job_16_task_16 job_1_task_18  job_3_task_18  job_8_task_19  job_5_task_18  job_4_task_18  job_0_task_19  job_7_task_19  
           [0,8]          [8,11]         [11,13]        [13,22]        [22,31]        [31,41]        [41,47]        [47,55]        [55,56]        [56,59]        [59,63]        [63,70]        [70,80]        [80,88]        [88,91]        [91,97]        [97,100]       [100,103]      [103,106]      [106,114]      [114,121]      [121,126]      [126,134]      [134,139]      [139,141]      [141,143]      [143,153]      [153,157]      [157,166]      [166,173]      [173,182]      [182,185]      [185,191]      [191,197]      [197,201]      [201,211]      [211,214]      [214,218]      [218,228]      [228,236]      [236,238]      [238,242]      [242,246]      [246,247]      [247,257]      [257,265]      [265,273]      [273,279]      [279,289]      [289,290]      [290,292]      [292,301]      [301,310]      [310,313]      [313,315]      [315,316]      [316,324]      [324,326]      [326,327]      [327,334]      [334,335]      
Machine 3: job_0_task_0   job_5_task_0   job_13_task_0  job_0_task_2   job_8_task_7   job_4_task_6   job_15_task_3  job_0_task_6   job_6_task_7   job_15_task_6  job_11_task_11 job_1_task_7   job_13_task_6  job_9_task_11  job_1_task_11  job_4_task_11  job_1_task_12  job_2_task_10  job_7_task_13  job_5_task_13  job_0_task_16  job_8_task_16  job_5_task_14  job_2_task_14  job_3_task_17  job_14_task_17 job_3_task_19  job_12_task_19 
           [0,8]          [8,17]         [17,19]        [19,29]        [59,61]        [66,74]        [97,101]       [115,118]      [121,125]      [139,142]      [142,152]      [152,157]      [157,160]      [166,173]      [181,182]      [182,187]      [187,189]      [206,209]      [221,223]      [228,233]      [233,243]      [243,253]      [253,263]      [263,267]      [300,304]      [314,320]      [320,327]      [327,332]      
Machine 4: job_9_task_0   job_1_task_0   job_0_task_1   job_3_task_0   job_8_task_3   job_9_task_4   job_10_task_2  job_4_task_4   job_14_task_3  job_11_task_7  job_10_task_6  job_0_task_4   job_7_task_2   job_7_task_3   job_3_task_4   job_9_task_6   job_2_task_3   job_9_task_7   job_5_task_6   job_10_task_8  job_2_task_5   job_12_task_4  job_3_task_9   job_1_task_6   job_14_task_7  job_6_task_8   job_1_task_10  job_8_task_13  job_0_task_14  job_7_task_12  job_5_task_12  job_12_task_10 job_10_task_14 job_16_task_12 job_8_task_15  job_1_task_16  job_15_task_13 job_15_task_15 job_9_task_15  job_15_task_16 job_5_task_15  job_3_task_14  job_13_task_15 job_3_task_15  job_2_task_17  job_9_task_17  job_10_task_18 job_7_task_18  job_6_task_17  job_6_task_18  job_5_task_19  
           [0,10]         [10,14]        [14,19]        [19,20]        [25,31]        [35,44]        [44,46]        [46,56]        [56,65]        [65,74]        [74,75]        [75,80]        [80,81]        [81,82]        [82,92]        [92,100]       [100,107]      [107,114]      [114,119]      [119,129]      [129,136]      [136,140]      [140,146]      [146,152]      [152,153]      [153,160]      [174,181]      [181,189]      [206,209]      [214,221]      [221,228]      [228,232]      [232,236]      [236,241]      [241,243]      [245,255]      [255,256]      [261,263]      [263,264]      [264,268]      [268,274]      [274,277]      [277,286]      [286,292]      [292,299]      [299,300]      [300,309]      [309,318]      [318,325]      [325,326]      [326,335]      
Machine 5: job_11_task_2  job_8_task_5   job_8_task_6   job_3_task_2   job_16_task_1  job_3_task_3   job_5_task_2   job_8_task_10  job_14_task_5  job_16_task_3  job_12_task_1  job_3_task_7   job_3_task_8   job_9_task_8   job_16_task_5  job_5_task_8   job_0_task_7   job_5_task_9   job_12_task_5  job_13_task_4  job_3_task_10  job_16_task_7  job_9_task_10  job_8_task_12  job_16_task_8  job_11_task_12 job_14_task_9  job_0_task_12  job_7_task_10  job_16_task_9  job_8_task_14  job_11_task_13 job_12_task_9  job_7_task_14  job_14_task_11 job_15_task_10 job_12_task_12 job_10_task_15 job_14_task_13 job_11_task_16 job_3_task_13  job_11_task_17 job_11_task_18 job_8_task_17  job_14_task_15 job_15_task_17 job_8_task_18  job_4_task_16  job_4_task_17  job_15_task_19 job_2_task_19  
           [11,20]        [41,51]        [51,59]        [59,66]        [66,67]        [67,74]        [74,77]        [88,97]        [97,103]       [103,105]      [105,106]      [106,110]      [110,116]      [116,126]      [126,129]      [129,134]      [134,136]      [136,141]      [141,144]      [144,146]      [146,151]      [151,158]      [158,166]      [166,174]      [174,178]      [178,187]      [187,197]      [197,200]      [200,202]      [202,209]      [209,218]      [218,220]      [220,226]      [226,233]      [233,235]      [235,237]      [237,244]      [244,254]      [254,258]      [258,266]      [266,269]      [269,278]      [278,285]      [285,287]      [287,294]      [294,304]      [304,314]      [314,317]      [317,320]      [320,330]      [330,335]      
Machine 6: job_8_task_0   job_10_task_0  job_8_task_2   job_14_task_0  job_4_task_3   job_11_task_4  job_3_task_1   job_10_task_4  job_1_task_2   job_5_task_1   job_7_task_1   job_15_task_1  job_8_task_8   job_9_task_5   job_5_task_3   job_2_task_2   job_12_task_0  job_5_task_4   job_0_task_5   job_2_task_4   job_1_task_4   job_7_task_7   job_0_task_8   job_13_task_5  job_14_task_8  job_12_task_7  job_12_task_8  job_1_task_9   job_9_task_12  job_13_task_9  job_13_task_10 job_1_task_13  job_10_task_11 job_14_task_10 job_2_task_9   job_2_task_11  job_4_task_13  job_11_task_14 job_12_task_11 job_1_task_15  job_15_task_12 job_2_task_13  job_13_task_12 job_13_task_13 job_16_task_13 job_14_task_14 job_13_task_14 job_6_task_15  job_7_task_17  job_4_task_15  job_12_task_14 job_2_task_18  job_6_task_16  job_13_task_17 job_5_task_16  job_12_task_17 job_16_task_17 job_16_task_18 job_13_task_19 job_14_task_19 
           [0,9]          [9,19]         [19,25]        [25,30]        [30,39]        [39,48]        [48,56]        [56,62]        [62,69]        [69,71]        [71,76]        [76,84]        [84,85]        [85,89]        [89,92]        [92,93]        [93,101]       [101,110]      [110,115]      [115,123]      [123,129]      [129,139]      [139,147]      [147,155]      [155,162]      [164,167]      [167,173]      [173,174]      [174,184]      [184,185]      [185,190]      [190,195]      [197,198]      [198,204]      [204,206]      [209,212]      [216,222]      [222,232]      [232,236]      [236,245]      [245,247]      [247,254]      [254,257]      [257,259]      [259,265]      [265,273]      [273,276]      [276,285]      [285,292]      [292,300]      [300,302]      [302,311]      [311,313]      [313,317]      [317,319]      [319,321]      [321,323]      [323,326]      [326,328]      [328,333]      
Optimal Schedule Length: 335.0
Total (Unoptimized Schedule Length): 1852
Statistics
  - conflicts: 0
  - branches : 265
  - wall time: 1.2007625020000001s