
Problem
        task_0   task_1   task_2   task_3   task_4  task_5   task_6   task_7   task_8   task_9  task_10  task_11  task_12  task_13
job_0   (7, 8)   (3, 1)  (1, 10)  (1, 10)   (0, 4)  (2, 8)  (1, 10)   (5, 7)  (0, 10)   (3, 4)   (3, 8)   (0, 7)   (4, 9)   (5, 1)
job_1   (4, 7)   (6, 6)   (6, 8)   (7, 1)  (7, 10)  (2, 6)   (2, 4)   (7, 1)   (0, 3)   (0, 5)  (7, 10)  (1, 10)   (4, 2)   (2, 4)
job_2   (3, 3)   (5, 1)   (1, 7)   (1, 5)   (3, 6)  (1, 4)   (1, 2)   (5, 8)   (2, 5)   (4, 4)   (4, 8)   (0, 2)   (1, 1)   (0, 7)
job_3   (3, 7)   (3, 6)   (1, 2)   (3, 3)  (1, 10)  (7, 1)   (0, 2)   (1, 6)   (4, 9)   (2, 9)   (7, 7)   (7, 8)   (5, 2)   (3, 6)
job_4   (3, 8)  (4, 10)   (1, 5)   (6, 2)   (1, 8)  (7, 2)   (2, 6)   (4, 1)   (3, 2)   (3, 4)   (0, 1)   (1, 7)   (5, 7)   (6, 4)
job_5   (4, 5)   (1, 1)   (2, 6)   (3, 8)   (5, 2)  (1, 5)   (1, 8)  (6, 10)   (1, 2)  (2, 10)   (5, 6)   (0, 9)  (2, 10)   (1, 2)
job_6   (6, 6)  (0, 10)   (7, 4)   (7, 9)   (4, 3)  (5, 7)  (6, 10)   (7, 6)   (5, 8)   (5, 6)   (0, 3)   (2, 5)   (7, 6)   (2, 4)
job_7   (2, 7)   (0, 9)   (2, 6)   (7, 6)   (0, 8)  (4, 4)   (1, 5)  (1, 10)   (0, 2)   (3, 1)   (0, 1)   (1, 9)   (3, 3)   (7, 3)
job_8   (6, 7)   (4, 5)   (2, 2)   (0, 4)   (4, 9)  (7, 3)  (0, 10)   (5, 5)   (0, 4)   (5, 6)   (0, 9)   (2, 9)   (6, 4)  (1, 10)
job_9   (1, 1)   (7, 4)   (2, 5)   (4, 7)   (0, 5)  (3, 5)   (1, 3)   (6, 5)   (1, 9)   (0, 5)   (2, 3)   (4, 7)  (4, 10)   (0, 2)
job_10  (7, 8)  (2, 10)   (2, 2)   (3, 9)   (6, 3)  (0, 6)   (1, 7)   (5, 6)   (4, 7)   (5, 9)   (4, 8)   (1, 5)   (1, 4)   (0, 6)
job_11  (7, 3)   (4, 2)   (7, 6)   (0, 3)   (5, 9)  (2, 9)   (2, 5)   (6, 6)   (3, 4)   (6, 1)   (6, 5)   (4, 8)   (5, 7)   (0, 2)
job_12  (7, 6)   (6, 4)   (2, 9)   (6, 4)   (1, 7)  (5, 8)   (0, 2)   (0, 3)   (4, 9)   (6, 6)   (3, 8)   (2, 2)   (5, 4)   (1, 2)
job_13  (3, 7)   (7, 8)   (1, 9)   (4, 3)  (1, 10)  (3, 7)   (2, 2)   (3, 4)   (3, 8)   (5, 1)   (3, 8)   (2, 7)   (2, 5)   (3, 5)
job_14  (2, 9)   (5, 9)   (0, 2)   (1, 6)  (5, 10)  (1, 7)   (4, 2)   (0, 7)   (7, 6)   (6, 2)   (4, 5)   (6, 2)   (1, 3)   (3, 1)
job_15  (5, 9)  (4, 10)   (7, 3)   (1, 6)   (1, 6)  (6, 8)   (6, 3)  (5, 10)   (3, 6)   (7, 6)  (2, 10)   (3, 2)  (2, 10)   (7, 1)
job_16  (4, 9)   (2, 7)   (3, 8)   (2, 1)   (0, 5)  (0, 1)  (5, 10)   (4, 4)   (0, 7)   (7, 7)   (4, 9)   (0, 1)   (7, 7)   (1, 7)
job_17  (2, 9)   (0, 6)   (0, 8)   (2, 3)   (2, 2)  (0, 8)   (0, 9)   (2, 7)   (1, 9)   (0, 9)   (6, 8)   (6, 7)  (1, 10)   (4, 5)
job_18  (4, 3)   (6, 4)   (5, 5)   (4, 8)   (0, 9)  (7, 8)   (4, 4)   (4, 5)   (7, 6)   (2, 3)   (0, 3)   (0, 5)  (3, 10)   (2, 5)


Solution:
Machine 0: job_6_task_1   job_17_task_1  job_17_task_2  job_7_task_1   job_8_task_3   job_17_task_5  job_0_task_4   job_17_task_6  job_14_task_2  job_18_task_4  job_11_task_3  job_16_task_4  job_10_task_5  job_8_task_6   job_9_task_4   job_16_task_5  job_3_task_6   job_7_task_4   job_8_task_8   job_1_task_8   job_1_task_9   job_0_task_8   job_17_task_9  job_16_task_8  job_12_task_6  job_12_task_7  job_8_task_10  job_18_task_10 job_9_task_9   job_18_task_11 job_14_task_7  job_5_task_11  job_4_task_10  job_7_task_8   job_6_task_10  job_0_task_11  job_7_task_10  job_16_task_11 job_2_task_11  job_11_task_13 job_9_task_13  job_10_task_13 job_2_task_13  
           [6,16]         [16,22]        [22,30]        [30,39]        [39,43]        [43,51]        [51,55]        [55,64]        [66,68]        [68,77]        [77,80]        [80,85]        [85,91]        [91,101]       [101,106]      [106,107]      [107,109]      [109,117]      [117,121]      [121,124]      [124,129]      [129,139]      [139,148]      [148,155]      [155,157]      [157,160]      [160,169]      [169,172]      [172,177]      [177,182]      [182,189]      [189,198]      [198,199]      [199,201]      [201,204]      [204,211]      [211,212]      [212,213]      [213,215]      [215,217]      [222,224]      [238,244]      [249,256]      
Machine 1: job_9_task_0   job_2_task_2   job_0_task_2   job_5_task_1   job_0_task_3   job_13_task_2  job_15_task_3  job_3_task_2   job_5_task_5   job_15_task_4  job_5_task_6   job_3_task_4   job_13_task_4  job_0_task_6   job_2_task_3   job_10_task_6  job_14_task_3  job_12_task_4  job_4_task_2   job_17_task_8  job_3_task_7   job_9_task_6   job_4_task_4   job_2_task_5   job_5_task_8   job_2_task_6   job_9_task_8   job_14_task_5  job_7_task_6   job_7_task_7   job_1_task_11  job_4_task_11  job_10_task_11 job_7_task_11  job_17_task_12 job_10_task_12 job_8_task_13  job_2_task_12  job_16_task_13 job_14_task_12 job_5_task_13  job_12_task_13 
           [0,1]          [4,11]         [11,21]        [21,22]        [22,32]        [32,41]        [41,47]        [47,49]        [49,54]        [54,60]        [60,68]        [68,78]        [78,88]        [88,98]        [98,103]       [103,110]      [110,116]      [116,123]      [123,128]      [128,137]      [137,143]      [143,146]      [146,154]      [154,158]      [158,160]      [160,162]      [162,171]      [171,178]      [178,183]      [183,193]      [193,203]      [203,210]      [210,215]      [215,224]      [224,234]      [234,238]      [238,248]      [248,249]      [249,256]      [256,259]      [259,261]      [261,263]      
Machine 2: job_17_task_0  job_7_task_0   job_10_task_1  job_5_task_2   job_17_task_3  job_8_task_2   job_17_task_4  job_16_task_1  job_10_task_2  job_14_task_0  job_9_task_2   job_0_task_5   job_12_task_2  job_16_task_3  job_7_task_2   job_17_task_7  job_11_task_5  job_1_task_5   job_13_task_6  job_1_task_6   job_11_task_6  job_18_task_9  job_15_task_10 job_15_task_12 job_5_task_9   job_4_task_6   job_3_task_9   job_2_task_8   job_8_task_11  job_9_task_10  job_6_task_11  job_13_task_11 job_5_task_12  job_13_task_12 job_12_task_11 job_18_task_13 job_6_task_13  job_1_task_13  
           [0,9]          [9,16]         [16,26]        [26,32]        [32,35]        [35,37]        [37,39]        [39,46]        [46,48]        [48,57]        [57,62]        [62,70]        [70,79]        [79,80]        [80,86]        [86,93]        [93,102]       [102,108]      [108,110]      [110,114]      [114,119]      [119,122]      [130,140]      [153,163]      [163,173]      [173,179]      [179,188]      [188,193]      [193,202]      [202,205]      [205,210]      [210,217]      [217,227]      [227,232]      [232,234]      [234,239]      [239,243]      [243,247]      
Machine 3: job_2_task_0   job_13_task_0  job_0_task_1   job_3_task_0   job_3_task_1   job_4_task_0   job_5_task_3   job_16_task_2  job_10_task_3  job_3_task_3   job_13_task_5  job_2_task_4   job_9_task_5   job_13_task_7  job_15_task_8  job_13_task_8  job_11_task_8  job_0_task_9   job_0_task_10  job_15_task_11 job_12_task_10 job_4_task_8   job_4_task_9   job_18_task_12 job_13_task_10 job_7_task_9   job_3_task_13  job_7_task_12  job_13_task_13 job_14_task_13 
           [0,3]          [3,10]         [10,11]        [11,18]        [18,24]        [24,32]        [32,40]        [46,54]        [54,63]        [63,66]        [88,95]        [103,109]      [109,114]      [114,118]      [118,124]      [124,132]      [132,136]      [139,143]      [143,151]      [151,153]      [175,183]      [183,185]      [185,189]      [189,199]      [199,207]      [207,208]      [211,217]      [224,227]      [232,237]      [259,260]      
Machine 4: job_5_task_0   job_16_task_0  job_15_task_1  job_8_task_1   job_18_task_0  job_1_task_0   job_4_task_1   job_8_task_4   job_11_task_1  job_18_task_3  job_9_task_3   job_13_task_3  job_6_task_4   job_18_task_6  job_18_task_7  job_7_task_5   job_16_task_7  job_10_task_8  job_11_task_11 job_3_task_8   job_12_task_8  job_16_task_10 job_14_task_6  job_4_task_7   job_10_task_10 job_2_task_9   job_2_task_10  job_9_task_11  job_9_task_12  job_14_task_10 job_0_task_12  job_1_task_12  job_17_task_13 
           [0,5]          [5,14]         [14,24]        [24,29]        [29,32]        [32,39]        [39,49]        [49,58]        [58,60]        [60,68]        [68,75]        [75,78]        [78,81]        [85,89]        [89,94]        [117,121]      [121,125]      [134,141]      [142,150]      [150,159]      [160,169]      [169,178]      [178,180]      [180,181]      [183,191]      [193,197]      [197,205]      [205,212]      [212,222]      [222,227]      [227,236]      [236,238]      [238,243]      
Machine 5: job_2_task_1   job_15_task_0  job_18_task_2  job_5_task_4   job_14_task_1  job_11_task_4  job_6_task_5   job_15_task_7  job_8_task_7   job_16_task_6  job_0_task_7   job_10_task_7  job_14_task_4  job_12_task_5  job_8_task_9   job_6_task_8   job_2_task_7   job_10_task_9  job_5_task_10  job_13_task_9  job_6_task_9   job_11_task_12 job_3_task_12  job_4_task_12  job_12_task_12 job_0_task_13  
           [3,4]          [4,13]         [38,43]        [43,45]        [57,66]        [80,89]        [89,96]        [96,106]       [106,111]      [111,121]      [121,128]      [128,134]      [134,144]      [144,152]      [152,158]      [158,166]      [166,174]      [174,183]      [183,189]      [189,190]      [190,196]      [196,203]      [209,211]      [211,218]      [234,238]      [238,239]      
Machine 6: job_6_task_0   job_8_task_0   job_12_task_1  job_18_task_1  job_1_task_1   job_1_task_2   job_15_task_5  job_10_task_4  job_5_task_7   job_12_task_3  job_15_task_6  job_6_task_6   job_11_task_7  job_4_task_3   job_11_task_9  job_11_task_10 job_9_task_7   job_17_task_10 job_17_task_11 job_12_task_9  job_14_task_9  job_8_task_12  job_4_task_13  job_14_task_11 
           [0,6]          [6,13]         [30,34]        [34,38]        [39,45]        [45,53]        [60,68]        [68,71]        [71,81]        [81,85]        [85,88]        [96,106]       [119,125]      [128,130]      [136,137]      [137,142]      [146,151]      [151,159]      [159,166]      [169,175]      [201,203]      [203,207]      [218,222]      [227,229]      
Machine 7: job_0_task_0   job_10_task_0  job_13_task_1  job_12_task_0  job_15_task_2  job_6_task_2   job_11_task_0  job_9_task_1   job_6_task_3   job_1_task_3   job_1_task_4   job_11_task_2  job_8_task_5   job_18_task_5  job_3_task_5   job_7_task_3   job_18_task_8  job_6_task_7   job_1_task_7   job_15_task_9  job_1_task_10  job_4_task_5   job_16_task_9  job_15_task_13 job_3_task_10  job_14_task_8  job_3_task_11  job_6_task_12  job_16_task_12 job_7_task_13  
           [0,8]          [8,16]         [16,24]        [24,30]        [30,33]        [33,37]        [37,40]        [40,44]        [44,53]        [53,54]        [54,64]        [64,70]        [70,73]        [77,85]        [85,86]        [86,92]        [94,100]       [106,112]      [114,115]      [124,130]      [130,140]      [154,156]      [156,163]      [163,164]      [188,195]      [195,201]      [201,209]      [210,216]      [216,223]      [227,230]      
Optimal Schedule Length: 263.0
Total (Unoptimized Schedule Length): 1525
Statistics
  - conflicts: 0
  - branches : 0
  - wall time: 0.20290880700000002s