
Problem
         task_0   task_1   task_2   task_3   task_4  task_5   task_6  task_7   task_8   task_9  task_10  task_11 task_12  task_13  task_14 task_15
job_0    (5, 3)   (0, 5)  (4, 10)   (6, 9)   (3, 8)  (4, 1)   (6, 9)  (6, 9)   (4, 2)   (1, 5)   (3, 3)   (3, 8)  (5, 1)   (1, 4)   (0, 9)  (5, 2)
job_1    (0, 1)   (3, 2)   (2, 8)   (3, 7)   (6, 9)  (1, 7)   (3, 8)  (5, 3)   (6, 5)   (6, 1)   (4, 5)  (3, 10)  (2, 4)  (0, 10)   (5, 7)  (0, 6)
job_2    (5, 3)   (5, 6)  (2, 10)   (6, 7)  (3, 10)  (5, 4)   (4, 6)  (6, 2)   (4, 3)   (2, 5)   (1, 3)  (4, 10)  (0, 7)   (2, 6)   (4, 4)  (1, 7)
job_3    (3, 4)   (1, 9)   (4, 8)   (6, 2)   (5, 7)  (5, 7)   (2, 9)  (3, 1)   (1, 6)   (2, 2)  (2, 10)   (6, 5)  (1, 6)   (4, 3)  (5, 10)  (0, 5)
job_4    (4, 2)   (4, 5)   (2, 5)   (4, 3)   (5, 6)  (1, 2)   (3, 8)  (0, 1)   (2, 2)   (6, 2)   (0, 4)   (1, 9)  (3, 7)   (4, 4)  (6, 10)  (3, 9)
job_5    (4, 9)   (1, 5)   (6, 3)   (3, 7)   (4, 7)  (0, 1)   (0, 1)  (3, 9)   (5, 2)  (1, 10)   (1, 1)   (3, 9)  (6, 4)   (6, 1)   (3, 3)  (1, 4)
job_6    (3, 2)   (5, 3)   (6, 1)   (4, 9)   (3, 1)  (1, 5)   (2, 8)  (4, 2)  (0, 10)   (0, 8)   (3, 8)   (5, 4)  (1, 5)   (3, 5)   (2, 7)  (3, 8)
job_7   (2, 10)   (4, 1)   (0, 1)   (1, 3)  (4, 10)  (0, 2)   (1, 5)  (2, 8)   (1, 7)   (2, 4)   (4, 1)   (5, 9)  (3, 4)   (3, 5)   (6, 8)  (2, 2)
job_8    (0, 6)  (1, 10)   (1, 8)   (0, 5)  (4, 10)  (6, 5)  (2, 10)  (1, 2)  (3, 10)   (3, 2)   (1, 1)   (6, 6)  (5, 8)   (0, 5)  (5, 10)  (1, 3)
job_9    (5, 2)   (3, 1)   (2, 7)   (2, 9)   (6, 1)  (6, 4)   (5, 1)  (5, 3)   (0, 2)  (6, 10)   (2, 9)   (1, 2)  (5, 9)   (2, 7)   (6, 9)  (0, 6)
job_10   (4, 9)   (2, 5)   (6, 2)  (1, 10)   (4, 4)  (4, 3)   (3, 2)  (5, 1)   (5, 6)   (3, 5)   (4, 5)  (3, 10)  (0, 6)   (6, 9)   (4, 8)  (5, 6)
job_11   (0, 1)   (1, 5)   (2, 6)   (2, 1)   (3, 4)  (4, 9)  (0, 10)  (1, 4)   (5, 6)  (3, 10)   (6, 4)   (2, 5)  (6, 4)   (1, 4)   (5, 5)  (1, 6)
job_12   (0, 7)   (4, 2)   (2, 8)   (2, 6)   (0, 9)  (0, 3)   (6, 5)  (6, 3)   (3, 6)   (1, 8)   (6, 3)   (0, 4)  (1, 2)   (4, 2)   (6, 4)  (2, 6)
job_13   (2, 6)  (3, 10)   (4, 7)  (0, 10)  (2, 10)  (3, 4)   (2, 9)  (6, 9)   (1, 9)   (1, 3)   (3, 3)   (1, 5)  (0, 1)   (2, 6)   (1, 1)  (2, 9)
job_14   (3, 1)  (3, 10)   (4, 2)   (5, 9)   (0, 8)  (2, 9)   (2, 1)  (6, 3)   (4, 7)   (3, 6)   (5, 6)   (1, 6)  (4, 3)   (4, 8)   (6, 5)  (3, 2)


Solution:
Machine 0: job_11_task_0  job_1_task_0   job_8_task_0   job_12_task_0  job_0_task_1   job_13_task_3  job_8_task_3   job_4_task_7   job_11_task_6  job_9_task_8   job_5_task_5   job_5_task_6   job_7_task_2   job_4_task_10  job_12_task_4  job_14_task_4  job_12_task_5  job_7_task_5   job_10_task_12 job_8_task_13  job_2_task_12  job_12_task_11 job_6_task_8   job_6_task_9   job_0_task_14  job_9_task_15  job_13_task_12 job_1_task_13  job_3_task_15  job_1_task_15  
           [0,1]          [1,2]          [2,8]          [8,15]         [15,20]        [24,34]        [35,40]        [60,61]        [61,71]        [71,73]        [87,88]        [88,89]        [90,91]        [93,97]        [97,106]       [106,114]      [114,117]      [117,119]      [143,149]      [151,156]      [156,163]      [163,167]      [167,177]      [177,185]      [185,194]      [201,207]      [207,208]      [208,218]      [218,223]      [225,231]      
Machine 1: job_11_task_1  job_8_task_1   job_3_task_1   job_8_task_2   job_10_task_3  job_6_task_5   job_4_task_5   job_5_task_1   job_1_task_5   job_11_task_7  job_7_task_3   job_4_task_11  job_5_task_9   job_8_task_7   job_5_task_10  job_3_task_8   job_7_task_6   job_8_task_10  job_2_task_10  job_0_task_9   job_7_task_8   job_9_task_11  job_12_task_9  job_12_task_12 job_14_task_11 job_3_task_12  job_0_task_13  job_13_task_8  job_13_task_9  job_6_task_12  job_13_task_11 job_11_task_13 job_2_task_15  job_13_task_14 job_8_task_15  job_11_task_15 job_5_task_15  
           [1,6]          [8,18]         [18,27]        [27,35]        [35,45]        [45,50]        [50,52]        [52,57]        [57,64]        [71,75]        [91,94]        [97,106]       [106,116]      [116,118]      [118,119]      [121,127]      [127,132]      [133,134]      [134,137]      [137,142]      [142,149]      [149,151]      [152,160]      [167,169]      [169,175]      [175,181]      [181,185]      [185,194]      [194,197]      [197,202]      [202,207]      [207,211]      [211,218]      [218,219]      [219,222]      [222,228]      [228,232]      
Machine 2: job_13_task_0  job_2_task_2   job_1_task_2   job_10_task_1  job_4_task_2   job_11_task_2  job_11_task_3  job_9_task_2   job_9_task_3   job_13_task_4  job_7_task_0   job_4_task_8   job_12_task_2  job_12_task_3  job_3_task_6   job_8_task_6   job_14_task_5  job_14_task_6  job_2_task_9   job_3_task_9   job_7_task_7   job_9_task_10  job_6_task_6   job_3_task_10  job_13_task_6  job_7_task_9   job_11_task_11 job_9_task_13  job_2_task_13  job_12_task_15 job_1_task_12  job_13_task_13 job_6_task_14  job_13_task_15 job_7_task_15  
           [0,6]          [9,19]         [19,27]        [27,32]        [32,37]        [37,43]        [43,44]        [44,51]        [51,60]        [60,70]        [70,80]        [80,82]        [82,90]        [90,96]        [96,105]       [105,115]      [115,124]      [124,125]      [125,130]      [130,132]      [132,140]      [140,149]      [149,157]      [157,167]      [167,176]      [176,180]      [180,185]      [185,192]      [192,198]      [198,204]      [204,208]      [208,214]      [214,221]      [221,230]      [230,232]      
Machine 3: job_6_task_0   job_3_task_0   job_13_task_1  job_1_task_1   job_14_task_0  job_14_task_1  job_9_task_1   job_2_task_4   job_6_task_4   job_1_task_3   job_11_task_4  job_4_task_6   job_5_task_3   job_1_task_6   job_13_task_5  job_10_task_6  job_0_task_4   job_5_task_7   job_11_task_9  job_4_task_12  job_10_task_9  job_3_task_7   job_8_task_8   job_8_task_9   job_10_task_11 job_0_task_10  job_12_task_8  job_14_task_9  job_1_task_11  job_0_task_11  job_5_task_11  job_6_task_10  job_7_task_12  job_13_task_10 job_7_task_13  job_6_task_13  job_4_task_15  job_5_task_14  job_6_task_15  job_14_task_15 
           [0,2]          [2,6]          [6,16]         [16,18]        [18,19]        [19,29]        [29,30]        [30,40]        [40,41]        [41,48]        [48,52]        [52,60]        [60,67]        [67,75]        [75,79]        [79,81]        [81,89]        [89,98]        [98,108]       [108,115]      [115,120]      [120,121]      [121,131]      [131,133]      [133,143]      [143,146]      [146,152]      [152,158]      [158,168]      [168,176]      [176,185]      [185,193]      [193,197]      [197,200]      [200,205]      [205,210]      [210,219]      [219,222]      [222,230]      [230,232]      
Machine 4: job_10_task_0  job_4_task_0   job_4_task_1   job_13_task_2  job_6_task_3   job_3_task_2   job_4_task_3   job_5_task_0   job_11_task_5  job_0_task_2   job_10_task_4  job_10_task_5  job_12_task_1  job_5_task_4   job_14_task_2  job_7_task_1   job_8_task_4   job_0_task_5   job_2_task_6   job_7_task_4   job_2_task_8   job_10_task_10 job_1_task_10  job_4_task_13  job_0_task_8   job_14_task_8  job_2_task_11  job_6_task_7   job_12_task_13 job_14_task_12 job_7_task_10  job_3_task_13  job_14_task_13 job_2_task_14  job_10_task_14 
           [0,9]          [9,11]         [11,16]        [16,23]        [23,32]        [32,40]        [40,43]        [43,52]        [52,61]        [61,71]        [71,75]        [75,78]        [78,80]        [80,87]        [87,89]        [89,90]        [90,100]       [100,101]      [101,107]      [107,117]      [117,120]      [120,125]      [125,130]      [130,134]      [134,136]      [137,144]      [144,154]      [157,159]      [169,171]      [175,178]      [180,181]      [181,184]      [184,192]      [198,202]      [210,218]      
Machine 5: job_2_task_0   job_2_task_1   job_0_task_0   job_6_task_1   job_9_task_0   job_2_task_5   job_4_task_4   job_3_task_4   job_3_task_5   job_9_task_6   job_9_task_7   job_1_task_7   job_11_task_8  job_10_task_7  job_14_task_3  job_5_task_8   job_10_task_8  job_8_task_12  job_9_task_12  job_14_task_10 job_8_task_14  job_0_task_12  job_7_task_11  job_6_task_11  job_3_task_14  job_0_task_15  job_11_task_14 job_1_task_14  job_10_task_15 
           [0,3]          [3,9]          [9,12]         [12,15]        [15,17]        [40,44]        [44,50]        [50,57]        [57,64]        [65,66]        [66,69]        [75,78]        [78,84]        [84,85]        [89,98]        [98,100]       [108,114]      [143,151]      [151,160]      [160,166]      [166,176]      [176,177]      [181,190]      [193,197]      [197,207]      [207,209]      [211,216]      [218,225]      [225,231]      
Machine 6: job_6_task_2   job_2_task_3   job_10_task_2  job_3_task_3   job_1_task_4   job_5_task_2   job_9_task_4   job_9_task_5   job_0_task_3   job_9_task_9   job_4_task_9   job_1_task_8   job_1_task_9   job_8_task_5   job_0_task_6   job_2_task_7   job_11_task_10 job_12_task_6  job_0_task_7   job_14_task_7  job_8_task_11  job_12_task_7  job_4_task_14  job_12_task_10 job_3_task_11  job_12_task_14 job_13_task_7  job_11_task_12 job_9_task_14  job_10_task_13 job_5_task_12  job_5_task_13  job_7_task_14  job_14_task_14 
           [15,16]        [20,27]        [32,34]        [40,42]        [48,57]        [57,60]        [60,61]        [61,65]        [72,81]        [81,91]        [91,93]        [93,98]        [98,99]        [100,105]      [105,114]      [114,116]      [116,120]      [120,125]      [125,134]      [134,137]      [137,143]      [143,146]      [146,156]      [160,163]      [167,172]      [172,176]      [176,185]      [185,189]      [192,201]      [201,210]      [210,214]      [214,215]      [215,223]      [223,228]      
Optimal Schedule Length: 232.0
Total (Unoptimized Schedule Length): 1313
Statistics
  - conflicts: 0
  - branches : 0
  - wall time: 0.780361364s