
Problem
        task_0  task_1   task_2   task_3   task_4   task_5   task_6   task_7  task_8   task_9  task_10  task_11  task_12  task_13  task_14  task_15
job_0   (6, 2)  (0, 3)   (7, 3)   (0, 6)   (5, 1)   (4, 8)  (8, 10)   (3, 9)  (2, 8)   (2, 5)   (4, 1)   (4, 9)   (8, 6)  (6, 10)   (5, 5)   (1, 8)
job_1   (4, 3)  (2, 9)   (6, 8)   (0, 5)   (7, 6)   (5, 3)   (6, 2)   (4, 4)  (2, 7)   (1, 2)  (4, 10)   (0, 6)   (6, 5)   (3, 7)  (8, 10)  (1, 10)
job_2   (8, 9)  (2, 4)   (5, 4)   (3, 7)   (5, 8)   (3, 2)   (1, 2)   (4, 9)  (2, 7)   (8, 9)   (5, 2)   (2, 7)  (4, 10)   (4, 7)   (0, 8)   (5, 3)
job_3   (0, 7)  (6, 1)   (2, 9)   (0, 8)   (3, 3)   (1, 2)  (0, 10)   (5, 8)  (5, 8)   (1, 4)   (1, 5)   (8, 2)   (1, 8)   (0, 7)   (0, 9)   (0, 4)
job_4   (2, 3)  (3, 1)   (4, 6)   (0, 9)   (8, 1)   (2, 3)   (2, 1)   (2, 2)  (6, 1)  (6, 10)   (5, 6)   (7, 6)   (8, 4)   (2, 3)   (1, 7)  (6, 10)
job_5   (1, 7)  (1, 3)   (2, 8)  (5, 10)   (0, 2)   (1, 4)   (6, 3)   (7, 1)  (5, 8)   (3, 7)   (8, 8)   (7, 4)   (8, 6)   (8, 9)   (2, 5)   (8, 7)
job_6   (4, 7)  (2, 2)   (5, 1)   (6, 2)  (1, 10)   (6, 9)   (6, 6)   (0, 2)  (2, 5)   (1, 6)   (1, 3)   (1, 8)   (2, 2)   (0, 9)   (1, 2)  (4, 10)
job_7   (8, 5)  (6, 1)   (6, 4)   (2, 5)   (1, 2)  (0, 10)   (1, 2)   (8, 7)  (7, 5)   (5, 3)   (5, 4)   (3, 6)   (4, 4)  (8, 10)   (2, 4)   (3, 2)
job_8   (4, 6)  (3, 7)   (0, 4)   (6, 9)   (8, 2)   (7, 2)   (0, 4)   (6, 3)  (3, 4)   (7, 4)   (7, 9)   (3, 3)   (4, 2)   (3, 6)   (0, 6)   (4, 1)
job_9   (8, 1)  (3, 5)   (4, 4)   (8, 6)   (4, 2)  (4, 10)   (0, 6)   (0, 2)  (5, 4)   (0, 3)   (3, 1)   (5, 5)   (7, 5)   (4, 4)   (1, 3)   (5, 3)
job_10  (6, 1)  (2, 2)   (7, 3)   (8, 8)   (0, 3)   (2, 1)  (2, 10)   (3, 1)  (5, 6)   (2, 2)  (8, 10)   (2, 7)   (2, 3)   (8, 1)   (1, 8)  (5, 10)
job_11  (8, 6)  (4, 4)   (3, 8)   (3, 9)   (4, 7)   (2, 5)   (0, 8)   (2, 2)  (4, 8)   (3, 2)   (0, 5)  (4, 10)   (7, 7)   (5, 5)   (5, 4)   (2, 6)
job_12  (1, 7)  (6, 6)  (4, 10)   (3, 4)   (6, 3)   (0, 3)   (6, 4)   (1, 3)  (4, 1)   (1, 1)   (3, 7)   (1, 6)   (7, 6)   (6, 9)  (4, 10)   (4, 3)
job_13  (5, 2)  (6, 2)   (1, 5)   (2, 6)   (4, 2)   (2, 9)   (3, 1)  (2, 10)  (1, 9)   (8, 7)   (1, 3)   (8, 9)   (8, 7)   (8, 9)   (8, 5)  (7, 10)
job_14  (8, 5)  (1, 6)  (2, 10)   (1, 2)   (7, 5)   (6, 8)   (2, 1)   (7, 3)  (2, 7)   (5, 2)   (3, 5)   (5, 2)   (7, 6)   (7, 6)   (6, 4)  (6, 10)


Solution:
Machine 0: job_0_task_1   job_0_task_3   job_8_task_2   job_1_task_3   job_4_task_3   job_5_task_4   job_7_task_5   job_8_task_6   job_3_task_0   job_10_task_4  job_12_task_5  job_9_task_6   job_11_task_6  job_3_task_3   job_9_task_7   job_6_task_7   job_3_task_6   job_11_task_10 job_9_task_9   job_8_task_14  job_1_task_11  job_3_task_13  job_6_task_13  job_2_task_14  job_3_task_14  job_3_task_15  
           [2,5]          [8,14]         [17,21]        [21,26]        [26,35]        [40,42]        [42,52]        [52,56]        [56,63]        [63,66]        [66,69]        [71,77]        [77,85]        [85,93]        [93,95]        [96,98]        [98,108]       [108,113]      [113,116]      [126,132]      [134,140]      [145,152]      [155,164]      [164,172]      [172,181]      [181,185]      
Machine 1: job_5_task_0   job_13_task_2  job_5_task_1   job_12_task_0  job_14_task_1  job_7_task_4   job_5_task_5   job_7_task_6   job_2_task_6   job_13_task_8  job_6_task_4   job_14_task_3  job_12_task_7  job_12_task_9  job_13_task_10 job_3_task_5   job_12_task_11 job_6_task_9   job_6_task_10  job_6_task_11  job_1_task_9   job_3_task_9   job_3_task_10  job_3_task_12  job_0_task_15  job_4_task_14  job_9_task_14  job_6_task_14  job_10_task_14 job_1_task_15  
           [0,7]          [7,12]         [12,15]        [15,22]        [25,31]        [35,37]        [42,46]        [52,54]        [54,56]        [59,68]        [68,78]        [78,80]        [81,84]        [85,86]        [86,89]        [96,98]        [98,104]       [105,111]      [111,114]      [114,122]      [122,124]      [124,128]      [128,133]      [137,145]      [145,153]      [153,160]      [162,165]      [165,167]      [167,175]      [175,185]      
Machine 2: job_4_task_0   job_1_task_1   job_13_task_3  job_2_task_1   job_5_task_2   job_7_task_3   job_10_task_1  job_13_task_5  job_4_task_5   job_13_task_7  job_6_task_1   job_14_task_2  job_11_task_5  job_3_task_2   job_11_task_7  job_0_task_8   job_0_task_9   job_6_task_8   job_4_task_6   job_2_task_8   job_4_task_7   job_1_task_8   job_10_task_5  job_10_task_6  job_14_task_6  job_2_task_11  job_10_task_9  job_14_task_8  job_4_task_13  job_6_task_12  job_10_task_11 job_10_task_12 job_5_task_14  job_11_task_15 job_7_task_14  
           [0,3]          [3,12]         [12,18]        [18,22]        [22,30]        [30,35]        [35,37]        [37,46]        [46,49]        [49,59]        [59,61]        [61,71]        [71,76]        [76,85]        [85,87]        [87,95]        [95,100]       [100,105]      [105,106]      [106,113]      [113,115]      [115,122]      [122,123]      [123,133]      [133,134]      [134,141]      [141,143]      [143,150]      [150,153]      [153,155]      [156,163]      [163,166]      [166,171]      [171,177]      [177,181]      
Machine 3: job_4_task_1   job_8_task_1   job_11_task_2  job_2_task_3   job_11_task_3  job_9_task_1   job_13_task_6  job_2_task_5   job_12_task_3  job_5_task_9   job_0_task_7   job_8_task_8   job_7_task_11  job_12_task_10 job_3_task_4   job_8_task_11  job_11_task_9  job_9_task_10  job_8_task_13  job_10_task_7  job_1_task_13  job_14_task_10 job_7_task_15  
           [3,4]          [10,17]        [19,27]        [27,34]        [34,43]        [43,48]        [48,49]        [52,54]        [54,58]        [58,65]        [65,74]        [74,78]        [78,84]        [86,93]        [93,96]        [102,105]      [105,107]      [116,117]      [120,126]      [133,134]      [145,152]      [152,157]      [181,183]      
Machine 4: job_1_task_0   job_8_task_0   job_4_task_2   job_11_task_1  job_13_task_4  job_0_task_5   job_6_task_0   job_12_task_2  job_9_task_2   job_11_task_4  job_9_task_4   job_9_task_5   job_1_task_7   job_2_task_7   job_12_task_8  job_7_task_12  job_11_task_8  job_0_task_10  job_0_task_11  job_8_task_12  job_11_task_11 job_1_task_10  job_8_task_15  job_2_task_12  job_2_task_13  job_9_task_13  job_12_task_14 job_12_task_15 job_6_task_15  
           [0,3]          [3,9]          [9,15]         [15,19]        [19,21]        [21,29]        [29,36]        [36,46]        [48,52]        [52,59]        [59,61]        [61,71]        [71,75]        [75,84]        [84,85]        [85,89]        [93,101]       [101,102]      [102,111]      [111,113]      [113,123]      [124,134]      [134,135]      [141,151]      [151,158]      [158,162]      [162,172]      [172,175]      [175,185]      
Machine 5: job_13_task_0  job_0_task_4   job_2_task_2   job_5_task_3   job_2_task_4   job_5_task_8   job_1_task_5   job_6_task_2   job_7_task_9   job_7_task_10  job_9_task_8   job_3_task_7   job_3_task_8   job_4_task_10  job_2_task_10  job_10_task_8  job_0_task_14  job_9_task_11  job_14_task_9  job_11_task_13 job_14_task_11 job_11_task_14 job_9_task_15  job_2_task_15  job_10_task_15 
           [0,2]          [14,15]        [22,26]        [30,40]        [40,48]        [50,58]        [58,61]        [61,62]        [70,73]        [73,77]        [95,99]        [108,116]      [116,124]      [126,132]      [132,134]      [134,140]      [140,145]      [145,150]      [150,152]      [152,157]      [157,159]      [159,163]      [165,168]      [172,175]      [175,185]      
Machine 6: job_0_task_0   job_13_task_1  job_10_task_0  job_1_task_2   job_7_task_1   job_7_task_2   job_12_task_1  job_8_task_3   job_5_task_6   job_8_task_7   job_12_task_4  job_6_task_3   job_3_task_1   job_1_task_6   job_12_task_6  job_6_task_5   job_6_task_6   job_14_task_5  job_4_task_8   job_4_task_9   job_0_task_13  job_1_task_12  job_12_task_13 job_4_task_15  job_14_task_14 job_14_task_15 
           [0,2]          [2,4]          [4,5]          [12,20]        [20,21]        [21,25]        [25,31]        [31,40]        [46,49]        [56,59]        [59,62]        [62,64]        [64,65]        [65,67]        [77,81]        [81,90]        [90,96]        [96,104]       [115,116]      [116,126]      [126,136]      [140,145]      [145,154]      [160,170]      [171,175]      [175,185]      
Machine 7: job_0_task_2   job_1_task_4   job_10_task_2  job_5_task_7   job_8_task_5   job_7_task_8   job_5_task_11  job_14_task_4  job_8_task_9   job_8_task_10  job_12_task_12 job_4_task_11  job_14_task_7  job_11_task_12 job_9_task_12  job_14_task_12 job_14_task_13 job_13_task_15 
           [5,8]          [26,32]        [37,40]        [49,50]        [50,52]        [65,70]        [73,77]        [80,85]        [85,89]        [89,98]        [104,110]      [132,138]      [138,141]      [145,152]      [152,157]      [159,165]      [165,171]      [173,183]      
Machine 8: job_2_task_0   job_11_task_0  job_7_task_0   job_14_task_0  job_9_task_0   job_0_task_6   job_4_task_4   job_8_task_4   job_10_task_3  job_9_task_3   job_7_task_7   job_5_task_10  job_13_task_9  job_5_task_12  job_5_task_13  job_13_task_11 job_13_task_12 job_0_task_12  job_2_task_9   job_13_task_13 job_3_task_11  job_13_task_14 job_4_task_12  job_10_task_10 job_1_task_14  job_10_task_13 job_7_task_13  job_5_task_15  
           [0,9]          [9,15]         [15,20]        [20,25]        [25,26]        [29,39]        [39,40]        [40,42]        [42,50]        [52,58]        [58,65]        [65,73]        [73,80]        [80,86]        [86,95]        [95,104]       [104,111]      [111,117]      [117,126]      [126,135]      [135,137]      [137,142]      [142,146]      [146,156]      [156,166]      [166,167]      [167,177]      [177,184]      
Optimal Schedule Length: 185.0
Total (Unoptimized Schedule Length): 1276
Statistics
  - conflicts: 0
  - branches : 0
  - wall time: 0.717644575s