
Problem
        task_0   task_1   task_2   task_3   task_4   task_5   task_6   task_7   task_8   task_9  task_10
job_0   (1, 9)   (2, 6)   (0, 7)   (3, 7)   (0, 1)   (2, 1)   (2, 5)   (4, 4)   (5, 5)   (5, 7)   (1, 3)
job_1   (3, 2)   (3, 9)   (1, 4)   (2, 3)   (4, 5)  (3, 10)   (1, 4)   (2, 6)   (5, 8)   (5, 4)   (1, 4)
job_2   (1, 2)   (3, 5)   (5, 1)   (5, 4)   (4, 5)   (4, 3)  (2, 10)   (2, 6)   (0, 8)   (2, 2)   (3, 5)
job_3   (5, 9)   (2, 9)   (5, 5)   (2, 5)   (4, 5)   (2, 3)   (0, 6)   (4, 4)   (1, 2)   (2, 5)   (5, 4)
job_4   (4, 1)  (4, 10)   (0, 5)   (5, 3)   (1, 3)   (1, 9)   (0, 9)   (2, 1)   (5, 9)   (4, 8)   (2, 1)
job_5   (1, 2)   (3, 5)   (0, 9)   (5, 2)   (5, 4)   (0, 9)   (5, 1)  (4, 10)   (2, 6)   (2, 1)   (3, 9)
job_6   (2, 8)   (2, 3)   (2, 3)   (4, 5)  (1, 10)   (1, 3)   (5, 7)   (1, 6)   (4, 5)   (4, 2)   (1, 4)
job_7   (3, 9)   (3, 2)  (3, 10)   (2, 8)  (2, 10)   (2, 2)  (2, 10)   (1, 9)   (0, 9)   (3, 1)   (2, 5)
job_8   (1, 4)   (5, 9)  (4, 10)   (2, 9)   (4, 1)   (2, 1)  (4, 10)   (1, 2)  (1, 10)   (3, 4)   (5, 8)
job_9   (5, 3)   (0, 3)   (3, 7)   (1, 5)   (3, 9)   (4, 1)   (5, 6)   (3, 3)   (4, 7)   (3, 5)   (0, 2)
job_10  (5, 5)   (2, 8)   (0, 2)   (5, 2)   (2, 1)   (0, 4)   (4, 2)   (5, 5)   (0, 1)   (1, 5)   (0, 8)
job_11  (3, 1)   (4, 4)   (5, 5)   (3, 9)   (1, 7)  (4, 10)   (0, 4)  (4, 10)   (3, 3)   (1, 3)   (1, 1)
job_12  (5, 5)   (4, 7)   (4, 2)   (1, 4)   (3, 3)   (4, 4)   (1, 3)   (4, 7)  (5, 10)   (0, 1)   (3, 2)
job_13  (2, 8)   (2, 2)   (0, 2)   (2, 7)   (3, 8)   (5, 4)   (2, 6)   (1, 5)   (3, 9)   (2, 4)   (2, 5)
job_14  (5, 4)   (5, 8)  (1, 10)   (2, 6)   (1, 4)   (1, 7)   (3, 9)  (4, 10)   (4, 4)   (3, 3)   (2, 2)
job_15  (4, 3)   (0, 4)   (0, 8)  (0, 10)  (4, 10)   (5, 1)   (5, 9)   (5, 4)   (3, 6)   (3, 4)  (4, 10)
job_16  (5, 8)   (5, 7)   (5, 1)  (5, 10)   (3, 5)   (3, 1)   (0, 8)   (1, 4)   (5, 4)  (4, 10)   (0, 9)
job_17  (3, 5)   (3, 5)   (3, 9)   (3, 3)   (1, 6)   (2, 4)   (0, 4)   (5, 3)   (0, 4)   (5, 1)   (5, 1)
job_18  (1, 9)   (4, 6)   (2, 8)   (4, 4)  (2, 10)   (3, 6)   (5, 4)   (3, 8)   (0, 1)   (5, 9)   (4, 9)


Solution:
Machine 0: job_4_task_2   job_15_task_1  job_15_task_2  job_15_task_3  job_5_task_2   job_13_task_2  job_0_task_2   job_9_task_1   job_11_task_6  job_5_task_5   job_4_task_6   job_16_task_6  job_10_task_2  job_0_task_4   job_12_task_9  job_7_task_8   job_18_task_8  job_10_task_5  job_3_task_6   job_16_task_10 job_2_task_8   job_10_task_8  job_17_task_6  job_10_task_10 job_17_task_8  job_9_task_10  
           [11,16]        [16,20]        [20,28]        [28,38]        [38,47]        [47,49]        [52,59]        [59,62]        [89,93]        [93,102]       [102,111]      [111,119]      [119,121]      [127,128]      [139,140]      [140,149]      [149,150]      [150,154]      [154,160]      [160,169]      [169,177]      [177,178]      [178,182]      [184,192]      [192,196]      [196,198]      
Machine 1: job_18_task_0  job_8_task_0   job_5_task_0   job_0_task_0   job_2_task_0   job_14_task_2  job_1_task_2   job_14_task_4  job_6_task_4   job_14_task_5  job_12_task_3  job_11_task_4  job_4_task_4   job_12_task_6  job_9_task_3   job_4_task_5   job_6_task_5   job_1_task_6   job_16_task_7  job_6_task_7   job_8_task_7   job_7_task_7   job_8_task_8   job_13_task_7  job_17_task_4  job_11_task_9  job_10_task_9  job_3_task_8   job_11_task_10 job_0_task_10  job_6_task_10  job_1_task_10  
           [0,9]          [9,13]         [13,15]        [15,24]        [24,26]        [26,36]        [36,40]        [46,50]        [50,60]        [60,67]        [67,71]        [71,78]        [78,81]        [81,84]        [84,89]        [89,98]        [98,101]       [111,115]      [119,123]      [123,129]      [129,131]      [131,140]      [140,150]      [150,155]      [155,161]      [176,179]      [179,184]      [184,186]      [186,187]      [188,191]      [191,195]      [195,199]      
Machine 2: job_6_task_0   job_13_task_0  job_6_task_1   job_13_task_1  job_18_task_2  job_7_task_3   job_6_task_2   job_14_task_3  job_0_task_1   job_13_task_3  job_1_task_3   job_3_task_1   job_18_task_4  job_7_task_4   job_8_task_3   job_10_task_1  job_7_task_5   job_8_task_5   job_3_task_3   job_7_task_6   job_2_task_6   job_13_task_6  job_4_task_7   job_10_task_4  job_0_task_5   job_0_task_6   job_3_task_5   job_1_task_7   job_2_task_7   job_17_task_5  job_5_task_8   job_5_task_9   job_13_task_9  job_2_task_9   job_13_task_10 job_3_task_9   job_7_task_10  job_14_task_10 job_4_task_10  
           [0,8]          [8,16]         [16,19]        [19,21]        [21,29]        [29,37]        [37,40]        [40,46]        [46,52]        [52,59]        [59,62]        [62,71]        [71,81]        [81,91]        [91,100]       [100,108]      [108,110]      [110,111]      [111,116]      [116,126]      [126,136]      [136,142]      [142,143]      [143,144]      [144,145]      [145,150]      [150,153]      [153,159]      [159,165]      [165,169]      [169,175]      [175,176]      [176,180]      [180,182]      [182,187]      [187,192]      [192,197]      [197,199]      [199,200]      
Machine 3: job_7_task_0   job_7_task_1   job_7_task_2   job_11_task_0  job_1_task_0   job_1_task_1   job_5_task_1   job_2_task_1   job_17_task_0  job_17_task_1  job_17_task_2  job_11_task_3  job_12_task_4  job_9_task_2   job_16_task_4  job_13_task_4  job_18_task_5  job_16_task_5  job_1_task_5   job_9_task_4   job_0_task_3   job_14_task_6  job_18_task_7  job_17_task_3  job_15_task_8  job_9_task_7   job_13_task_8  job_15_task_9  job_8_task_9   job_11_task_8  job_5_task_10  job_9_task_9   job_7_task_9   job_14_task_9  job_2_task_10  job_12_task_10 
           [0,9]          [9,11]         [11,21]        [21,22]        [22,24]        [24,33]        [33,38]        [38,43]        [43,48]        [48,53]        [53,62]        [62,71]        [71,74]        [74,81]        [81,86]        [86,94]        [94,100]       [100,101]      [101,111]      [111,120]      [120,127]      [127,136]      [136,144]      [144,147]      [147,153]      [153,156]      [156,165]      [165,169]      [169,173]      [173,176]      [176,185]      [185,190]      [190,191]      [191,194]      [194,199]      [199,201]      
Machine 4: job_4_task_0   job_4_task_1   job_15_task_0  job_18_task_1  job_12_task_1  job_11_task_1  job_18_task_3  job_8_task_2   job_6_task_3   job_15_task_4  job_12_task_2  job_1_task_4   job_2_task_4   job_2_task_5   job_12_task_5  job_11_task_5  job_12_task_7  job_11_task_7  job_8_task_4   job_5_task_7   job_8_task_6   job_3_task_4   job_9_task_5   job_16_task_9  job_14_task_7  job_10_task_6  job_0_task_7   job_4_task_9   job_6_task_8   job_9_task_8   job_3_task_7   job_14_task_8  job_6_task_9   job_15_task_10 job_18_task_10 
           [0,1]          [1,11]         [11,14]        [14,20]        [20,27]        [27,31]        [31,35]        [35,45]        [45,50]        [50,60]        [60,62]        [62,67]        [67,72]        [72,75]        [75,79]        [79,89]        [89,96]        [96,106]       [106,107]      [108,118]      [118,128]      [128,133]      [133,134]      [134,144]      [144,154]      [154,156]      [156,160]      [160,168]      [168,173]      [173,180]      [180,184]      [184,188]      [188,190]      [190,200]      [200,209]      
Machine 5: job_14_task_0  job_16_task_0  job_12_task_0  job_14_task_1  job_8_task_1   job_16_task_1  job_3_task_0   job_11_task_2  job_9_task_0   job_16_task_2  job_2_task_2   job_2_task_3   job_16_task_3  job_4_task_3   job_10_task_0  job_5_task_3   job_5_task_4   job_3_task_2   job_15_task_5  job_13_task_5  job_15_task_6  job_5_task_6   job_18_task_6  job_6_task_6   job_15_task_7  job_10_task_3  job_16_task_8  job_12_task_8  job_9_task_6   job_4_task_8   job_18_task_9  job_10_task_7  job_0_task_8   job_1_task_8   job_0_task_9   job_17_task_7  job_1_task_9   job_8_task_10  job_3_task_10  job_17_task_9  job_17_task_10 
           [0,4]          [4,12]         [12,17]        [17,25]        [25,34]        [34,41]        [41,50]        [50,55]        [55,58]        [58,59]        [59,60]        [60,64]        [64,74]        [74,77]        [77,82]        [82,84]        [84,88]        [88,93]        [93,94]        [94,98]        [98,107]       [107,108]      [108,112]      [112,119]      [119,123]      [123,125]      [125,129]      [129,139]      [139,145]      [145,154]      [154,163]      [163,168]      [168,173]      [173,181]      [181,188]      [188,191]      [191,195]      [195,203]      [203,207]      [207,208]      [208,209]      
Optimal Schedule Length: 209.0
Total (Unoptimized Schedule Length): 1119
Statistics
  - conflicts: 0
  - branches : 0
  - wall time: 0.248807613s