
Problem
          task_0   task_1    task_2    task_3   task_4   task_5   task_6   task_7    task_8    task_9   task_10   task_11   task_12  task_13  task_14  task_15  task_16   task_17   task_18   task_19
job_0    (14, 3)   (4, 5)  (16, 10)    (1, 6)  (13, 1)  (12, 2)  (17, 9)   (3, 6)    (0, 1)  (11, 10)   (18, 5)    (0, 6)    (7, 8)  (10, 3)   (4, 4)   (4, 2)  (14, 1)   (18, 8)   (17, 4)   (14, 4)
job_1    (0, 10)   (0, 9)    (9, 9)    (6, 5)   (4, 6)  (17, 2)  (15, 5)  (19, 2)    (8, 6)    (8, 8)   (15, 7)   (17, 8)   (7, 10)   (6, 5)   (1, 2)  (12, 2)   (5, 4)   (15, 8)    (3, 9)  (10, 10)
job_2   (11, 10)  (17, 8)   (13, 3)   (6, 10)  (7, 10)   (6, 8)  (17, 8)   (1, 6)  (16, 10)    (7, 7)    (4, 3)    (2, 9)    (0, 1)   (4, 6)   (3, 7)   (4, 3)   (1, 7)    (8, 4)    (8, 7)   (16, 7)
job_3    (17, 9)  (17, 7)    (9, 2)    (5, 5)  (11, 7)   (2, 6)   (8, 2)   (9, 3)   (18, 7)    (4, 3)    (1, 6)    (6, 2)    (9, 7)   (9, 6)  (12, 9)  (15, 5)   (9, 7)   (12, 8)    (3, 1)   (11, 9)
job_4    (14, 9)  (12, 4)  (16, 10)  (13, 10)   (8, 1)   (3, 6)  (14, 1)   (0, 7)    (9, 5)    (6, 3)    (9, 2)    (7, 7)    (1, 1)   (2, 5)  (14, 2)  (11, 8)   (0, 3)   (13, 1)    (3, 7)   (13, 9)
job_5    (17, 6)  (10, 6)   (18, 5)    (8, 7)  (0, 10)   (6, 4)  (2, 10)  (14, 4)   (14, 2)    (4, 3)    (0, 7)   (19, 4)   (17, 3)  (18, 5)  (19, 5)  (18, 8)  (16, 2)   (15, 7)    (3, 2)   (14, 1)
job_6     (3, 3)  (18, 1)   (0, 10)    (6, 5)   (5, 2)   (6, 5)   (6, 8)   (9, 7)   (13, 9)    (1, 3)    (4, 5)    (8, 8)   (12, 4)   (6, 2)  (11, 6)   (6, 7)  (10, 3)    (2, 6)  (10, 10)   (11, 7)
job_7     (6, 5)   (0, 1)    (9, 9)    (0, 6)   (7, 6)  (18, 6)  (1, 10)   (0, 1)    (7, 6)  (13, 10)   (13, 2)   (14, 6)   (18, 6)  (18, 1)   (4, 6)  (7, 10)   (0, 7)    (2, 7)   (13, 5)    (2, 3)
job_8    (19, 7)  (16, 1)   (8, 10)    (4, 3)  (10, 5)   (2, 8)   (8, 9)  (14, 8)   (13, 3)   (16, 5)    (0, 2)  (16, 10)  (12, 10)  (14, 3)   (8, 9)   (1, 9)  (10, 4)   (13, 1)   (10, 7)    (5, 6)
job_9     (8, 7)   (0, 4)  (12, 10)   (10, 5)   (3, 5)   (5, 1)   (8, 6)  (18, 6)    (4, 7)   (15, 9)  (13, 10)   (17, 1)    (2, 4)   (6, 8)   (5, 4)   (0, 1)   (8, 3)    (4, 5)   (17, 7)   (1, 10)
job_10   (17, 4)  (15, 6)   (10, 8)    (9, 6)  (18, 4)  (3, 10)  (15, 2)   (7, 5)    (5, 1)   (14, 6)   (17, 2)    (0, 3)   (19, 2)  (14, 6)   (1, 3)   (1, 9)   (8, 5)  (19, 10)   (19, 4)    (7, 1)
job_11   (17, 3)   (0, 4)    (4, 3)   (19, 3)   (6, 3)  (12, 2)   (2, 3)  (15, 9)    (8, 3)    (7, 1)   (12, 1)    (9, 4)   (19, 1)  (13, 6)  (10, 3)  (7, 10)  (15, 5)    (1, 6)   (17, 3)    (5, 9)
job_12   (19, 3)  (14, 6)    (0, 9)  (19, 10)  (11, 9)   (0, 7)  (2, 10)   (7, 6)    (9, 5)   (16, 4)   (4, 10)   (11, 8)  (17, 10)   (6, 5)  (18, 4)  (17, 1)  (19, 2)   (14, 6)   (10, 7)    (7, 7)
job_13   (14, 1)   (2, 9)    (6, 2)    (5, 6)   (2, 5)  (11, 2)   (4, 9)  (12, 7)    (4, 6)    (0, 1)    (4, 1)   (11, 4)   (17, 4)  (10, 3)   (2, 8)  (6, 10)  (11, 2)   (15, 5)   (18, 4)   (12, 8)
job_14   (18, 3)   (9, 1)    (2, 1)   (9, 10)   (1, 8)  (11, 6)   (4, 7)  (13, 6)    (7, 5)   (14, 5)    (0, 2)   (17, 8)    (2, 1)   (1, 9)  (17, 4)  (19, 1)  (15, 6)   (17, 9)   (14, 3)   (1, 10)
job_15   (14, 2)  (12, 8)    (2, 3)    (5, 7)   (4, 2)  (8, 10)   (2, 8)  (10, 2)    (9, 5)    (9, 5)   (12, 3)   (15, 9)   (18, 1)  (5, 10)   (1, 5)  (13, 2)   (0, 8)   (13, 3)    (0, 6)   (17, 7)


Solution:
Machine 0: job_11_task_1  job_9_task_1   job_12_task_2  job_6_task_2   job_7_task_1   job_1_task_0   job_1_task_1   job_7_task_3   job_12_task_5  job_0_task_8   job_5_task_4   job_8_task_10  job_14_task_10 job_13_task_9  job_4_task_7   job_7_task_7   job_0_task_11  job_2_task_12  job_5_task_10  job_10_task_11 job_15_task_16 job_4_task_16  job_9_task_15  job_7_task_16  job_15_task_18 
           [3,7]          [7,11]         [11,20]        [20,30]        [30,31]        [31,41]        [41,50]        [50,56]        [56,63]        [63,64]        [64,74]        [74,76]        [76,78]        [78,79]        [79,86]        [86,87]        [88,94]        [102,103]      [103,110]      [117,120]      [120,128]      [131,134]      [134,135]      [135,142]      [142,148]      
Machine 1: job_14_task_4  job_0_task_3   job_2_task_7   job_7_task_6   job_6_task_9   job_3_task_10  job_14_task_13 job_11_task_17 job_15_task_14 job_4_task_12  job_8_task_15  job_2_task_16  job_1_task_14  job_10_task_14 job_10_task_15 job_14_task_19 job_9_task_19  
           [15,23]        [25,31]        [60,66]        [69,79]        [79,82]        [83,89]        [89,98]        [98,104]       [104,109]      [109,110]      [110,119]      [119,126]      [126,128]      [129,132]      [132,141]      [141,151]      [151,161]      
Machine 2: job_14_task_2  job_15_task_2  job_13_task_1  job_11_task_6  job_8_task_5   job_13_task_4  job_15_task_6  job_3_task_5   job_12_task_6  job_5_task_6   job_14_task_12 job_9_task_12  job_2_task_11  job_4_task_13  job_13_task_14 job_6_task_17  job_7_task_17  job_7_task_19  
           [4,5]          [10,13]        [13,22]        [23,26]        [33,41]        [44,49]        [49,57]        [58,64]        [64,74]        [78,88]        [88,89]        [89,93]        [93,102]       [115,120]      [120,128]      [128,134]      [146,153]      [158,161]      
Machine 3: job_6_task_0   job_9_task_4   job_10_task_5  job_0_task_7   job_4_task_5   job_2_task_14  job_4_task_18  job_1_task_18  job_3_task_18  job_5_task_18  
           [0,3]          [26,31]        [31,41]        [49,55]        [72,78]        [109,116]      [135,142]      [142,151]      [151,152]      [158,160]      
Machine 4: job_11_task_2  job_0_task_1   job_15_task_4  job_8_task_3   job_14_task_6  job_9_task_8   job_13_task_6  job_1_task_4   job_13_task_8  job_3_task_9   job_13_task_10 job_6_task_10  job_2_task_10  job_12_task_10 job_5_task_9   job_2_task_13  job_0_task_14  job_0_task_15  job_2_task_15  job_7_task_14  job_9_task_17  
           [7,10]         [10,15]        [20,22]        [22,25]        [29,36]        [44,51]        [51,60]        [64,70]        [70,76]        [78,81]        [81,82]        [82,87]        [87,90]        [90,100]       [100,103]      [103,109]      [109,113]      [114,116]      [116,119]      [119,125]      [138,143]      
Machine 5: job_15_task_3  job_9_task_5   job_6_task_4   job_13_task_3  job_3_task_3   job_10_task_8  job_15_task_13 job_9_task_14  job_1_task_16  job_8_task_19  job_11_task_19 
           [13,20]        [31,32]        [36,38]        [38,44]        [44,49]        [57,58]        [94,104]       [104,108]      [130,134]      [134,140]      [152,161]      
Machine 6: job_7_task_0   job_11_task_4  job_2_task_3   job_6_task_3   job_13_task_2  job_6_task_5   job_2_task_5   job_6_task_6   job_1_task_3   job_5_task_5   job_4_task_9   job_3_task_11  job_9_task_13  job_6_task_13  job_6_task_15  job_1_task_13  job_12_task_13 job_13_task_15 
           [0,5]          [18,21]        [21,31]        [31,36]        [36,38]        [38,43]        [43,51]        [51,59]        [59,64]        [74,78]        [91,94]        [94,96]        [96,104]       [106,108]      [114,121]      [121,126]      [126,131]      [131,141]      
Machine 7: job_2_task_4   job_11_task_9  job_10_task_7  job_14_task_8  job_7_task_4   job_11_task_15 job_12_task_7  job_2_task_9   job_7_task_8   job_0_task_12  job_4_task_11  job_1_task_12  job_7_task_15  job_12_task_19 job_10_task_19 
           [31,41]        [44,45]        [47,52]        [52,57]        [57,63]        [63,73]        [74,80]        [80,87]        [87,93]        [94,102]       [102,109]      [110,120]      [125,135]      [151,158]      [160,161]      
Machine 8: job_9_task_0   job_8_task_2   job_15_task_5  job_9_task_6   job_11_task_8  job_8_task_6   job_4_task_4   job_5_task_3   job_3_task_6   job_1_task_8   job_1_task_9   job_6_task_11  job_8_task_14  job_2_task_17  job_9_task_16  job_10_task_16 job_2_task_18  
           [0,7]          [11,21]        [22,32]        [32,38]        [38,41]        [41,50]        [52,53]        [57,64]        [64,66]        [79,85]        [85,93]        [93,101]       [101,110]      [131,135]      [135,138]      [141,146]      [146,153]      
Machine 9: job_14_task_1  job_14_task_3  job_10_task_3  job_3_task_2   job_7_task_2   job_11_task_11 job_1_task_2   job_6_task_7   job_3_task_7   job_15_task_8  job_15_task_9  job_12_task_8  job_4_task_8   job_4_task_10  job_3_task_12  job_3_task_13  job_3_task_16  
           [3,4]          [5,15]         [21,27]        [35,37]        [37,46]        [46,50]        [50,59]        [59,66]        [68,71]        [71,76]        [76,81]        [81,86]        [86,91]        [94,96]        [96,103]       [103,109]      [131,138]      
Machine 10: job_10_task_2  job_9_task_3   job_8_task_4   job_5_task_1   job_15_task_7  job_11_task_14 job_13_task_13 job_0_task_13  job_8_task_16  job_6_task_16  job_8_task_18  job_6_task_18  job_12_task_18 job_1_task_19  
           [13,21]        [21,26]        [28,33]        [46,52]        [57,59]        [59,62]        [98,101]       [102,105]      [119,123]      [123,126]      [126,133]      [134,144]      [144,151]      [151,161]      
Machine 11: job_2_task_0   job_14_task_5  job_12_task_4  job_13_task_5  job_3_task_4   job_0_task_9   job_13_task_11 job_12_task_11 job_6_task_14  job_4_task_15  job_13_task_16 job_6_task_19  job_3_task_19  
           [0,10]         [23,29]        [30,39]        [49,51]        [51,58]        [73,83]        [90,94]        [100,108]      [108,114]      [123,131]      [141,143]      [145,152]      [152,161]      
Machine 12: job_15_task_1  job_9_task_2   job_11_task_5  job_4_task_1   job_0_task_5   job_11_task_10 job_13_task_7  job_15_task_10 job_8_task_12  job_6_task_12  job_3_task_14  job_1_task_15  job_3_task_17  job_13_task_19 
           [2,10]         [11,21]        [21,23]        [23,27]        [36,38]        [45,46]        [60,67]        [81,84]        [86,96]        [102,106]      [109,118]      [128,130]      [138,146]      [152,160]      
Machine 13: job_2_task_2   job_0_task_4   job_14_task_7  job_4_task_3   job_11_task_13 job_8_task_8   job_6_task_8   job_9_task_10  job_7_task_9   job_7_task_10  job_15_task_15 job_8_task_17  job_15_task_17 job_4_task_17  job_4_task_19  job_7_task_18  
           [18,21]        [35,36]        [36,42]        [42,52]        [52,58]        [58,61]        [66,75]        [75,85]        [93,103]       [103,105]      [118,120]      [123,124]      [128,131]      [134,135]      [144,153]      [153,158]      
Machine 14: job_15_task_0  job_0_task_0   job_12_task_1  job_13_task_0  job_4_task_0   job_8_task_7   job_10_task_9  job_14_task_9  job_4_task_6   job_5_task_7   job_5_task_8   job_8_task_13  job_7_task_11  job_0_task_16  job_4_task_14  job_10_task_13 job_14_task_18 job_12_task_17 job_0_task_19  job_5_task_19  
           [0,2]          [2,5]          [5,11]         [12,13]        [13,22]        [50,58]        [58,64]        [64,69]        [78,79]        [88,92]        [92,94]        [96,99]        [105,111]      [116,117]      [121,123]      [123,129]      [135,138]      [138,144]      [144,148]      [160,161]      
Machine 15: job_10_task_1  job_11_task_7  job_10_task_6  job_9_task_9   job_1_task_6   job_11_task_16 job_15_task_11 job_1_task_10  job_14_task_16 job_3_task_15  job_1_task_17  job_13_task_17 job_5_task_17  
           [7,13]         [29,38]        [41,43]        [51,60]        [72,77]        [77,82]        [84,93]        [93,100]       [120,126]      [126,131]      [134,142]      [143,148]      [151,158]      
Machine 16: job_8_task_1   job_0_task_2   job_4_task_2   job_8_task_9   job_2_task_8   job_8_task_11  job_12_task_9  job_5_task_16  job_2_task_19  
           [10,11]        [15,25]        [27,37]        [61,66]        [66,76]        [76,86]        [86,90]        [144,146]      [153,160]      
Machine 17: job_11_task_0  job_10_task_0  job_2_task_1   job_3_task_0   job_3_task_1   job_5_task_0   job_0_task_6   job_2_task_6   job_10_task_10 job_1_task_5   job_14_task_11 job_9_task_11  job_13_task_12 job_14_task_14 job_1_task_11  job_11_task_18 job_12_task_12 job_5_task_12  job_14_task_17 job_12_task_15 job_0_task_18  job_9_task_18  job_15_task_19 
           [0,3]          [3,7]          [10,18]        [18,27]        [27,34]        [34,40]        [40,49]        [52,60]        [64,66]        [70,72]        [78,86]        [88,89]        [94,98]        [98,102]       [102,110]      [110,113]      [113,123]      [123,126]      [126,135]      [135,136]      [136,140]      [144,151]      [151,158]      
Machine 18: job_14_task_0  job_6_task_1   job_10_task_4  job_9_task_7   job_5_task_2   job_7_task_5   job_3_task_8   job_0_task_10  job_15_task_12 job_7_task_12  job_7_task_13  job_0_task_17  job_5_task_13  job_12_task_14 job_5_task_15  job_13_task_18 
           [0,3]          [3,4]          [27,31]        [38,44]        [52,57]        [63,69]        [71,78]        [83,88]        [93,94]        [111,117]      [117,118]      [118,126]      [126,131]      [131,135]      [136,144]      [148,152]      
Machine 19: job_12_task_0  job_8_task_0   job_11_task_3  job_12_task_3  job_11_task_12 job_1_task_7   job_14_task_15 job_5_task_11  job_10_task_12 job_5_task_14  job_12_task_16 job_10_task_17 job_10_task_18 
           [0,3]          [3,10]         [10,13]        [20,30]        [50,51]        [77,79]        [102,103]      [110,114]      [120,122]      [131,136]      [136,138]      [146,156]      [156,160]      
Optimal Schedule Length: 161.0
Total (Unoptimized Schedule Length): 1745
Statistics
  - conflicts: 0
  - branches : 0
  - wall time: 28.534371915s