
Problem
        task_0   task_1  task_2   task_3   task_4   task_5   task_6  task_7   task_8   task_9  task_10 task_11  task_12
job_0   (3, 5)   (2, 2)  (5, 7)   (3, 9)   (0, 6)   (2, 1)   (2, 7)  (0, 1)  (3, 10)  (2, 10)  (1, 10)  (5, 2)   (3, 4)
job_1   (1, 6)   (4, 6)  (0, 5)   (0, 2)   (2, 4)   (3, 8)   (2, 2)  (0, 3)   (3, 3)   (0, 6)   (3, 9)  (5, 8)   (5, 4)
job_2   (5, 5)   (0, 7)  (3, 9)   (4, 4)   (4, 3)   (5, 6)   (3, 9)  (1, 1)   (3, 9)   (5, 4)   (0, 8)  (0, 5)   (1, 7)
job_3   (3, 2)  (1, 10)  (5, 9)   (2, 3)   (3, 2)   (3, 1)   (3, 8)  (2, 8)   (5, 7)   (0, 7)   (0, 9)  (0, 2)   (5, 2)
job_4   (1, 5)  (3, 10)  (2, 6)   (3, 5)   (3, 8)   (5, 5)   (4, 1)  (0, 6)   (0, 3)   (2, 6)   (1, 1)  (2, 6)  (0, 10)
job_5   (5, 9)   (3, 6)  (0, 9)   (2, 9)   (1, 7)   (0, 1)   (0, 2)  (5, 4)   (4, 4)   (2, 8)   (1, 2)  (2, 6)   (0, 2)
job_6   (2, 3)   (4, 5)  (3, 5)   (0, 4)   (2, 9)  (5, 10)   (0, 9)  (0, 1)   (0, 2)  (3, 10)   (4, 2)  (2, 6)   (2, 6)
job_7   (4, 3)   (1, 5)  (3, 6)   (4, 7)   (2, 4)   (3, 9)   (3, 8)  (4, 4)   (0, 8)   (4, 2)   (0, 6)  (5, 4)   (1, 9)
job_8   (4, 1)   (4, 6)  (2, 8)   (3, 5)   (5, 9)  (1, 10)   (3, 5)  (2, 8)   (1, 9)   (2, 8)   (5, 9)  (5, 1)   (2, 3)
job_9   (4, 3)   (4, 8)  (1, 4)   (4, 5)   (4, 5)   (5, 4)   (2, 8)  (0, 9)   (4, 8)  (5, 10)   (5, 3)  (4, 3)   (3, 4)
job_10  (0, 1)   (1, 3)  (5, 5)   (2, 8)   (0, 9)   (4, 2)   (0, 7)  (5, 3)   (1, 4)   (1, 4)   (0, 6)  (3, 9)   (0, 9)
job_11  (3, 4)   (5, 3)  (4, 1)  (2, 10)  (2, 10)   (0, 4)   (4, 3)  (5, 3)   (2, 4)   (1, 1)   (0, 2)  (2, 9)   (2, 3)
job_12  (4, 6)   (5, 7)  (4, 1)   (3, 8)  (3, 10)   (5, 4)   (2, 1)  (2, 9)   (0, 3)   (4, 8)   (0, 7)  (3, 2)   (4, 7)
job_13  (4, 2)   (4, 6)  (4, 2)   (0, 4)   (1, 9)   (1, 1)  (2, 10)  (2, 7)   (3, 9)   (0, 7)   (3, 2)  (3, 7)   (5, 4)
job_14  (4, 3)   (4, 4)  (0, 1)   (0, 1)   (5, 4)   (2, 4)   (0, 8)  (4, 5)   (3, 8)   (5, 8)   (2, 7)  (2, 3)   (0, 6)
job_15  (4, 6)   (3, 6)  (2, 7)   (2, 6)   (4, 2)   (2, 1)   (2, 6)  (5, 5)   (5, 9)   (3, 4)   (5, 6)  (2, 7)  (5, 10)


Solution:
Machine 0: job_10_task_0  job_2_task_1   job_13_task_3  job_10_task_4  job_5_task_2   job_0_task_4   job_1_task_2   job_14_task_2  job_14_task_3  job_1_task_3   job_5_task_5   job_14_task_6  job_10_task_6  job_5_task_6   job_9_task_7   job_0_task_7   job_6_task_3   job_4_task_7   job_4_task_8   job_10_task_10 job_11_task_5  job_6_task_6   job_6_task_7   job_6_task_8   job_7_task_8   job_7_task_10  job_1_task_7   job_12_task_8  job_2_task_10  job_1_task_9   job_13_task_9  job_3_task_9   job_12_task_10 job_11_task_10 job_3_task_10  job_2_task_11  job_4_task_12  job_10_task_12 job_3_task_11  job_14_task_12 job_5_task_12  
           [0,1]          [26,33]        [37,41]        [41,50]        [50,59]        [59,65]        [65,70]        [70,71]        [71,72]        [72,74]        [83,84]        [84,92]        [92,99]        [99,101]       [102,111]      [111,112]      [115,119]      [119,125]      [125,128]      [128,134]      [134,138]      [140,149]      [149,150]      [150,152]      [152,160]      [162,168]      [168,171]      [171,174]      [174,182]      [182,188]      [188,195]      [195,202]      [202,209]      [209,211]      [211,220]      [220,225]      [225,235]      [235,244]      [244,246]      [246,252]      [252,254]      
Machine 1: job_4_task_0   job_10_task_1  job_3_task_1   job_7_task_1   job_1_task_0   job_9_task_2   job_13_task_4  job_13_task_5  job_8_task_5   job_5_task_4   job_10_task_8  job_10_task_9  job_2_task_7   job_8_task_8   job_7_task_12  job_0_task_10  job_4_task_10  job_11_task_9  job_5_task_10  job_2_task_12  
           [0,5]          [5,8]          [8,18]         [18,23]        [23,29]        [30,34]        [41,50]        [50,51]        [51,61]        [76,83]        [102,106]      [106,110]      [140,141]      [141,150]      [175,184]      [184,194]      [194,195]      [195,196]      [199,201]      [225,232]      
Machine 2: job_6_task_0   job_0_task_1   job_8_task_2   job_10_task_3  job_15_task_2  job_15_task_3  job_4_task_2   job_15_task_5  job_15_task_6  job_3_task_3   job_13_task_6  job_7_task_4   job_0_task_5   job_5_task_3   job_1_task_4   job_14_task_5  job_11_task_3  job_9_task_6   job_0_task_6   job_11_task_4  job_6_task_4   job_8_task_7   job_12_task_6  job_13_task_7  job_12_task_7  job_1_task_6   job_3_task_7   job_0_task_9   job_4_task_9   job_8_task_9   job_11_task_8  job_5_task_9   job_15_task_11 job_4_task_11  job_14_task_10 job_6_task_11  job_11_task_11 job_14_task_11 job_5_task_11  job_6_task_12  job_8_task_12  job_11_task_12 
           [0,3]          [5,7]          [7,15]         [15,23]        [23,30]        [30,36]        [36,42]        [42,43]        [43,49]        [49,52]        [52,62]        [62,66]        [66,67]        [67,76]        [76,80]        [80,84]        [84,94]        [94,102]       [102,109]      [109,119]      [119,128]      [128,136]      [136,137]      [137,144]      [144,153]      [153,155]      [155,163]      [163,173]      [173,179]      [179,187]      [187,191]      [191,199]      [199,206]      [206,212]      [212,219]      [219,225]      [225,234]      [234,237]      [237,243]      [243,249]      [249,252]      [252,255]      
Machine 3: job_0_task_0   job_3_task_0   job_4_task_1   job_15_task_1  job_8_task_3   job_7_task_2   job_2_task_2   job_5_task_1   job_0_task_3   job_12_task_3  job_11_task_0  job_4_task_3   job_12_task_4  job_7_task_5   job_3_task_4   job_4_task_4   job_3_task_5   job_8_task_6   job_6_task_2   job_1_task_5   job_3_task_6   job_2_task_6   job_7_task_6   job_0_task_8   job_2_task_8   job_14_task_8  job_1_task_8   job_13_task_8  job_15_task_9  job_6_task_9   job_1_task_10  job_10_task_11 job_13_task_10 job_13_task_11 job_12_task_11 job_0_task_12  job_9_task_12  
           [0,5]          [5,7]          [7,17]         [17,23]        [23,28]        [28,34]        [34,43]        [43,49]        [49,58]        [58,66]        [66,70]        [70,75]        [75,85]        [85,94]        [94,96]        [96,104]       [104,105]      [105,110]      [110,115]      [115,123]      [123,131]      [131,140]      [140,148]      [148,158]      [158,167]      [167,175]      [175,178]      [178,187]      [187,191]      [191,201]      [201,210]      [210,219]      [219,221]      [221,228]      [228,230]      [230,234]      [234,238]      
Machine 4: job_8_task_0   job_8_task_1   job_7_task_0   job_15_task_0  job_9_task_0   job_13_task_0  job_9_task_1   job_13_task_1  job_13_task_2  job_15_task_4  job_12_task_0  job_14_task_0  job_7_task_3   job_12_task_2  job_1_task_1   job_14_task_1  job_9_task_3   job_2_task_3   job_9_task_4   job_11_task_2  job_2_task_4   job_10_task_5  job_6_task_1   job_14_task_7  job_5_task_8   job_4_task_6   job_9_task_8   job_11_task_6  job_9_task_11  job_7_task_7   job_7_task_9   job_12_task_9  job_6_task_10  job_12_task_12 
           [0,1]          [1,7]          [7,10]         [10,16]        [16,19]        [19,21]        [21,29]        [29,35]        [35,37]        [37,39]        [39,45]        [45,48]        [48,55]        [55,56]        [56,62]        [62,66]        [66,71]        [71,75]        [75,80]        [80,81]        [81,84]        [84,86]        [86,91]        [92,97]        [106,110]      [111,112]      [112,120]      [138,141]      [143,146]      [148,152]      [160,162]      [174,182]      [201,203]      [230,237]      
Machine 5: job_5_task_0   job_10_task_2  job_0_task_2   job_2_task_0   job_8_task_4   job_3_task_2   job_12_task_1  job_15_task_7  job_15_task_8  job_11_task_1  job_14_task_4  job_9_task_5   job_2_task_5   job_12_task_5  job_10_task_7  job_5_task_7   job_4_task_5   job_9_task_9   job_6_task_5   job_9_task_10  job_11_task_7  job_2_task_9   job_7_task_11  job_3_task_8   job_14_task_9  job_15_task_10 job_0_task_11  job_8_task_10  job_8_task_11  job_1_task_11  job_15_task_12 job_1_task_12  job_13_task_12 job_3_task_12  
           [0,9]          [9,14]         [14,21]        [21,26]        [28,37]        [37,46]        [46,53]        [53,58]        [58,67]        [70,73]        [73,77]        [80,84]        [84,90]        [90,94]        [99,102]       [102,106]      [106,111]      [120,130]      [130,140]      [140,143]      [143,146]      [167,171]      [171,175]      [175,182]      [182,190]      [191,197]      [197,199]      [199,208]      [208,209]      [210,218]      [218,228]      [228,232]      [232,236]      [246,248]      
Optimal Schedule Length: 255.0
Total (Unoptimized Schedule Length): 1138
Statistics
  - conflicts: 0
  - branches : 0
  - wall time: 0.27159049s