
Problem
          task_0   task_1    task_2    task_3   task_4    task_5   task_6    task_7    task_8    task_9   task_10   task_11  task_12  task_13   task_14   task_15   task_16  task_17
job_0     (8, 2)  (12, 6)    (3, 6)   (15, 8)   (9, 1)   (14, 8)   (1, 5)    (8, 3)    (1, 9)    (7, 3)    (3, 6)    (8, 1)  (2, 10)   (0, 4)   (12, 9)    (3, 5)    (5, 3)   (2, 3)
job_1    (12, 3)   (1, 8)   (11, 4)    (6, 8)  (12, 1)   (15, 7)   (7, 2)    (7, 4)   (14, 1)  (10, 10)    (4, 6)   (16, 5)   (3, 4)  (10, 4)   (13, 8)   (10, 5)    (0, 8)   (7, 4)
job_2    (10, 4)   (1, 2)   (12, 4)    (9, 9)  (15, 2)   (15, 8)  (16, 9)    (8, 9)    (6, 6)    (7, 9)   (10, 3)   (13, 6)   (6, 4)  (10, 6)    (2, 2)    (3, 9)    (0, 9)  (13, 5)
job_3     (8, 5)   (4, 7)    (2, 3)    (6, 9)   (1, 6)    (1, 4)  (7, 10)   (10, 2)    (1, 6)    (7, 7)   (13, 9)    (6, 2)   (4, 7)  (15, 2)    (0, 6)    (7, 3)    (4, 4)   (9, 1)
job_4     (0, 6)   (6, 5)   (12, 2)    (0, 1)  (16, 2)    (2, 8)  (15, 8)   (13, 1)    (7, 1)    (2, 5)    (3, 7)   (12, 7)  (16, 7)  (10, 2)   (11, 2)    (0, 7)    (2, 2)  (14, 2)
job_5     (2, 2)   (2, 3)   (10, 5)    (3, 7)  (8, 10)   (10, 9)  (13, 2)   (11, 5)    (7, 6)    (1, 9)   (9, 10)    (4, 4)   (3, 7)  (3, 10)    (7, 9)    (5, 9)    (3, 4)  (13, 1)
job_6   (16, 10)  (16, 9)    (2, 4)    (0, 9)  (12, 6)    (0, 1)  (5, 10)    (0, 3)    (2, 9)   (10, 2)   (2, 10)   (13, 4)  (8, 10)  (14, 8)    (8, 2)    (1, 7)   (4, 10)   (1, 4)
job_7    (5, 10)  (14, 6)   (9, 10)   (15, 9)  (11, 1)    (3, 7)   (1, 9)    (7, 1)  (16, 10)    (8, 7)    (7, 8)    (6, 5)   (9, 8)   (6, 1)   (9, 10)  (10, 10)  (13, 10)   (1, 4)
job_8    (13, 8)  (14, 7)    (6, 4)   (1, 10)   (3, 3)   (13, 4)  (16, 8)   (14, 8)    (3, 5)    (2, 5)  (13, 10)   (10, 6)  (14, 2)  (16, 8)    (4, 1)   (13, 3)    (7, 2)   (3, 9)
job_9    (14, 6)   (3, 1)    (0, 3)    (9, 7)  (11, 1)   (8, 10)  (11, 2)   (11, 2)    (0, 1)   (0, 10)    (6, 5)   (13, 2)  (16, 6)   (5, 5)   (16, 7)    (1, 3)    (7, 1)  (16, 1)
job_10   (12, 8)  (14, 5)   (13, 8)   (10, 2)  (11, 7)   (12, 4)   (5, 9)   (8, 10)    (0, 8)   (14, 7)    (9, 8)    (3, 7)  (16, 2)  (6, 10)    (6, 7)   (15, 1)   (2, 10)   (4, 3)
job_11   (13, 7)  (8, 10)    (7, 7)    (3, 5)   (8, 4)    (1, 9)  (11, 7)   (15, 2)    (0, 4)   (10, 5)    (7, 6)    (3, 7)  (15, 5)   (7, 3)   (14, 8)   (8, 10)    (1, 7)   (0, 4)
job_12    (4, 6)  (13, 2)    (5, 1)   (10, 1)   (8, 9)   (12, 7)  (13, 3)  (10, 10)    (6, 3)    (9, 9)   (16, 5)    (4, 4)  (12, 3)  (14, 4)   (15, 8)    (7, 8)   (15, 5)   (6, 5)
job_13   (10, 8)   (9, 2)   (13, 8)  (12, 10)   (3, 9)   (10, 2)  (2, 10)    (1, 4)    (7, 7)   (12, 9)   (13, 1)   (13, 8)   (6, 7)   (5, 4)   (14, 1)   (16, 4)   (12, 8)   (8, 2)
job_14   (11, 1)   (3, 2)    (7, 6)   (8, 10)  (11, 7)    (9, 8)  (10, 1)    (8, 5)   (13, 4)    (2, 9)   (12, 5)   (14, 3)   (8, 6)   (7, 3)    (4, 1)   (5, 10)    (1, 3)   (1, 5)
job_15    (5, 4)  (10, 7)    (9, 6)   (10, 5)  (5, 10)  (13, 10)   (9, 3)    (7, 5)    (2, 4)    (8, 8)   (16, 1)    (0, 6)   (1, 9)  (15, 8)   (14, 3)   (13, 1)    (8, 2)   (6, 5)
job_16    (2, 9)   (3, 9)    (8, 1)   (15, 5)  (11, 8)    (5, 2)  (10, 5)   (16, 3)   (10, 7)   (14, 7)   (10, 8)  (15, 10)  (14, 7)   (4, 5)   (14, 8)    (3, 5)    (5, 3)  (15, 3)
job_17   (13, 4)   (9, 3)    (3, 2)   (16, 7)   (2, 6)    (5, 6)   (0, 7)    (0, 5)    (9, 5)    (1, 7)    (5, 2)  (14, 10)  (15, 2)  (12, 8)    (8, 7)    (2, 9)    (4, 3)  (16, 8)
job_18    (1, 4)  (1, 10)  (11, 10)    (5, 9)   (8, 1)    (9, 5)   (8, 7)   (15, 3)    (5, 8)    (8, 4)    (9, 8)   (13, 6)  (8, 10)   (2, 4)   (10, 7)    (2, 5)   (9, 10)  (4, 10)
job_19    (2, 1)   (2, 8)  (10, 10)    (3, 9)  (14, 9)    (0, 5)  (15, 5)    (9, 5)    (6, 6)    (8, 8)   (14, 2)    (8, 3)   (6, 5)  (10, 1)  (15, 10)    (6, 7)    (2, 2)   (5, 3)


Solution:
Machine 0: job_4_task_0   job_9_task_2   job_4_task_3   job_6_task_3   job_6_task_5   job_6_task_7   job_19_task_5  job_17_task_6  job_17_task_7  job_10_task_8  job_11_task_8  job_9_task_8   job_9_task_9   job_15_task_11 job_4_task_15  job_0_task_13  job_2_task_16  job_3_task_14  job_1_task_16  job_11_task_17 
           [0,6]          [7,10]         [20,21]        [30,39]        [45,46]        [56,59]        [59,64]        [64,71]        [71,76]        [76,84]        [84,88]        [106,107]      [107,117]      [126,132]      [132,139]      [150,154]      [154,163]      [163,169]      [169,177]      [179,183]      
Machine 1: job_18_task_0  job_2_task_1   job_18_task_1  job_1_task_1   job_3_task_4   job_3_task_5   job_8_task_3   job_7_task_6   job_11_task_5  job_5_task_9   job_0_task_6   job_17_task_9  job_0_task_8   job_3_task_8   job_13_task_7  job_15_task_12 job_9_task_15  job_6_task_15  job_14_task_16 job_14_task_17 job_7_task_17  job_11_task_16 job_6_task_17  
           [0,4]          [4,6]          [6,16]         [23,31]        [31,37]        [37,41]        [41,51]        [56,65]        [65,74]        [74,83]        [83,88]        [88,95]        [95,104]       [104,110]      [110,114]      [132,141]      [148,151]      [152,159]      [160,163]      [163,168]      [168,172]      [172,179]      [179,183]      
Machine 2: job_5_task_0   job_16_task_0  job_5_task_1   job_19_task_0  job_3_task_2   job_19_task_1  job_6_task_2   job_4_task_5   job_17_task_4  job_6_task_8   job_6_task_10  job_4_task_9   job_13_task_6  job_8_task_9   job_15_task_8  job_14_task_9  job_18_task_13 job_2_task_14  job_18_task_15 job_0_task_12  job_4_task_16  job_10_task_16 job_17_task_15 job_0_task_17  job_19_task_16 
           [0,2]          [2,11]         [11,14]        [14,15]        [15,18]        [18,26]        [26,30]        [31,39]        [47,53]        [59,68]        [70,80]        [85,90]        [90,100]       [102,107]      [109,113]      [113,122]      [122,126]      [128,130]      [135,140]      [140,150]      [150,152]      [153,163]      [163,172]      [172,175]      [178,180]      
Machine 3: job_14_task_1  job_9_task_1   job_16_task_1  job_0_task_2   job_11_task_3  job_5_task_3   job_17_task_2  job_19_task_3  job_7_task_5   job_13_task_4  job_8_task_4   job_4_task_10  job_8_task_8   job_5_task_12  job_5_task_13  job_10_task_11 job_0_task_10  job_11_task_11 job_1_task_12  job_2_task_15  job_5_task_16  job_0_task_15  job_16_task_15 job_8_task_17  
           [1,3]          [6,7]          [11,20]        [20,26]        [26,31]        [31,38]        [38,40]        [40,49]        [49,56]        [56,65]        [65,68]        [90,97]        [97,102]       [102,109]      [109,119]      [119,126]      [126,132]      [132,139]      [139,143]      [143,152]      [152,156]      [163,168]      [168,173]      [174,183]      
Machine 4: job_12_task_0  job_3_task_1   job_12_task_11 job_5_task_11  job_1_task_10  job_16_task_13 job_3_task_12  job_14_task_14 job_18_task_17 job_8_task_14  job_6_task_16  job_17_task_16 job_3_task_16  job_10_task_17 
           [0,6]          [6,13]         [92,96]        [96,100]       [109,115]      [137,142]      [142,149]      [149,150]      [150,160]      [160,161]      [161,171]      [172,175]      [175,179]      [179,182]      
Machine 5: job_7_task_0   job_12_task_2  job_15_task_0  job_18_task_3  job_10_task_6  job_6_task_6   job_17_task_5  job_15_task_4  job_16_task_5  job_18_task_8  job_17_task_10 job_9_task_13  job_5_task_15  job_14_task_15 job_13_task_13 job_0_task_16  job_16_task_16 job_19_task_17 
           [0,10]         [10,11]        [11,15]        [26,35]        [37,46]        [46,56]        [56,62]        [63,73]        [73,75]        [75,83]        [95,97]        [136,141]      [141,150]      [150,160]      [160,164]      [168,171]      [173,176]      [180,183]      
Machine 6: job_4_task_1   job_3_task_3   job_8_task_2   job_12_task_8  job_1_task_3   job_2_task_8   job_7_task_11  job_19_task_8  job_2_task_12  job_9_task_10  job_7_task_13  job_10_task_13 job_3_task_11  job_10_task_14 job_13_task_12 job_19_task_12 job_12_task_17 job_19_task_15 job_15_task_17 
           [6,11]         [18,27]        [36,40]        [49,52]        [53,61]        [78,84]        [93,98]        [109,115]      [118,122]      [122,127]      [127,128]      [128,138]      [139,141]      [141,148]      [148,155]      [155,160]      [161,166]      [171,178]      [178,183]      
Machine 7: job_14_task_2  job_11_task_2  job_3_task_6   job_7_task_7   job_5_task_8   job_1_task_6   job_1_task_7   job_4_task_8   job_7_task_10  job_2_task_9   job_15_task_7  job_0_task_9   job_3_task_9   job_13_task_8  job_11_task_10 job_5_task_14  job_14_task_13 job_11_task_13 job_12_task_15 job_9_task_16  job_3_task_15  job_8_task_16  job_1_task_17  
           [3,9]          [17,24]        [41,51]        [65,66]        [66,72]        [72,74]        [74,78]        [84,85]        [85,93]        [93,102]       [104,109]      [109,112]      [112,119]      [119,126]      [126,132]      [132,141]      [142,145]      [145,148]      [148,156]      [156,157]      [169,172]      [172,174]      [177,181]      
Machine 8: job_3_task_0   job_0_task_0   job_11_task_1  job_12_task_4  job_16_task_2  job_14_task_3  job_18_task_4  job_5_task_4   job_18_task_6  job_11_task_4  job_10_task_7  job_2_task_7   job_7_task_9   job_18_task_9  job_0_task_7   job_9_task_5   job_14_task_7  job_18_task_12 job_15_task_9  job_6_task_12  job_0_task_11  job_14_task_12 job_19_task_9  job_6_task_14  job_19_task_11 job_17_task_14 job_11_task_15 job_15_task_16 job_13_task_17 
           [0,5]          [5,7]          [7,17]         [17,26]        [26,27]        [27,37]        [37,38]        [38,48]        [48,55]        [55,59]        [59,69]        [69,78]        [78,85]        [85,89]        [89,92]        [92,102]       [102,107]      [107,117]      [117,125]      [125,135]      [135,136]      [136,142]      [142,150]      [150,152]      [152,155]      [155,162]      [162,172]      [176,178]      [181,183]      
Machine 9: job_9_task_3   job_17_task_1  job_7_task_2   job_13_task_1  job_2_task_3   job_18_task_5  job_15_task_2  job_14_task_5  job_0_task_4   job_12_task_9  job_17_task_8  job_5_task_10  job_18_task_10 job_15_task_6  job_19_task_7  job_10_task_10 job_7_task_12  job_7_task_14  job_18_task_16 job_3_task_17  
           [10,17]        [17,20]        [20,30]        [30,32]        [32,41]        [41,46]        [46,52]        [52,60]        [60,61]        [61,70]        [76,81]        [83,93]        [93,101]       [101,104]      [104,109]      [109,117]      [117,125]      [128,138]      [140,150]      [179,180]      
Machine 10: job_2_task_0   job_13_task_0  job_12_task_3  job_15_task_1  job_10_task_3  job_5_task_2   job_19_task_2  job_12_task_7  job_5_task_5   job_15_task_3  job_3_task_7   job_13_task_5  job_14_task_6  job_6_task_9   job_16_task_6  job_16_task_8  job_11_task_9  job_1_task_9   job_2_task_10  job_16_task_10 job_4_task_13  job_2_task_13  job_18_task_14 job_8_task_11  job_1_task_13  job_7_task_15  job_19_task_13 job_1_task_15  
           [0,4]          [5,13]         [13,14]        [15,22]        [22,24]        [24,29]        [29,39]        [39,49]        [49,58]        [58,63]        [63,65]        [65,67]        [67,68]        [68,70]        [75,80]        [87,94]        [94,99]        [99,109]       [109,112]      [112,120]      [120,122]      [122,128]      [128,135]      [135,141]      [143,147]      [147,157]      [160,161]      [161,166]      
Machine 11: job_14_task_0  job_18_task_2  job_10_task_4  job_16_task_4  job_7_task_4   job_14_task_4  job_1_task_2   job_9_task_4   job_5_task_7   job_11_task_6  job_9_task_6   job_9_task_7   job_4_task_14  
           [0,1]          [16,26]        [26,33]        [33,41]        [41,42]        [42,49]        [49,53]        [53,54]        [60,65]        [74,81]        [102,104]      [104,106]      [122,124]      
Machine 12: job_10_task_0  job_2_task_2   job_0_task_1   job_4_task_2   job_1_task_0   job_12_task_5  job_10_task_5  job_6_task_4   job_13_task_3  job_1_task_4   job_12_task_12 job_4_task_11  job_14_task_10 job_13_task_9  job_17_task_13 job_0_task_14  job_13_task_16 
           [0,8]          [8,12]         [12,18]        [18,20]        [20,23]        [26,33]        [33,37]        [39,45]        [45,55]        [61,62]        [96,99]        [99,106]       [122,127]      [127,136]      [136,144]      [154,163]      [173,181]      
Machine 13: job_11_task_0  job_12_task_1  job_17_task_0  job_10_task_2  job_8_task_0   job_12_task_6  job_13_task_2  job_5_task_6   job_8_task_5   job_15_task_5  job_4_task_7   job_6_task_11  job_18_task_11 job_14_task_8  job_2_task_11  job_8_task_10  job_9_task_11  job_3_task_10  job_13_task_10 job_13_task_11 job_1_task_14  job_5_task_17  job_7_task_16  job_8_task_15  job_2_task_17  job_15_task_15 
           [0,7]          [7,9]          [9,13]         [13,21]        [21,29]        [33,36]        [36,44]        [58,60]        [68,72]        [73,83]        [83,84]        [84,88]        [101,107]      [107,111]      [112,118]      [118,128]      [128,130]      [130,139]      [139,140]      [140,148]      [148,156]      [156,157]      [157,167]      [167,170]      [170,175]      [175,176]      
Machine 14: job_9_task_0   job_10_task_1  job_7_task_1   job_8_task_1   job_19_task_4  job_0_task_5   job_1_task_8   job_8_task_7   job_10_task_9  job_16_task_9  job_17_task_11 job_12_task_13 job_14_task_11 job_16_task_12 job_6_task_13  job_8_task_12  job_19_task_10 job_11_task_14 job_16_task_14 job_13_task_14 job_15_task_14 job_4_task_17  
           [0,6]          [8,13]         [13,19]        [29,36]        [49,58]        [61,69]        [78,79]        [84,92]        [92,99]        [99,106]       [106,116]      [116,120]      [127,130]      [130,137]      [137,145]      [145,147]      [150,152]      [152,160]      [160,168]      [168,169]      [169,172]      [172,174]      
Machine 15: job_16_task_3  job_7_task_3   job_2_task_4   job_2_task_5   job_0_task_3   job_18_task_7  job_1_task_5   job_19_task_6  job_4_task_6   job_11_task_7  job_17_task_12 job_16_task_11 job_12_task_14 job_11_task_12 job_15_task_13 job_10_task_15 job_3_task_13  job_12_task_16 job_19_task_14 job_16_task_17 
           [27,32]        [32,41]        [41,43]        [43,51]        [51,59]        [59,62]        [62,69]        [69,74]        [74,82]        [82,84]        [116,118]      [120,130]      [130,138]      [139,144]      [144,152]      [152,153]      [153,155]      [156,161]      [161,171]      [176,179]      
Machine 16: job_6_task_0   job_6_task_1   job_4_task_4   job_17_task_3  job_2_task_6   job_7_task_8   job_8_task_6   job_16_task_7  job_12_task_10 job_4_task_12  job_1_task_11  job_15_task_10 job_10_task_12 job_9_task_12  job_9_task_14  job_8_task_13  job_9_task_17  job_13_task_15 job_17_task_17 
           [0,10]         [10,19]        [21,23]        [40,47]        [51,60]        [66,76]        [76,84]        [84,87]        [87,92]        [106,113]      [115,120]      [125,126]      [126,128]      [130,136]      [141,148]      [148,156]      [157,158]      [169,173]      [175,183]      
Optimal Schedule Length: 183.0
Total (Unoptimized Schedule Length): 2025
Statistics
  - conflicts: 0
  - branches : 49
  - wall time: 0.310842181s