
 Problem
         task_0  task_1  task_2  task_3  task_4  task_5  task_6  task_7  task_8  task_9 task_10 task_11 task_12 task_13 task_14 task_15 task_16 task_17
job_0   (1, 5)  (4, 0)  (1, 9)  (0, 0)  (3, 9)  (1, 3)  (3, 9)  (3, 8)  (0, 7)  (3, 4)  (0, 9)  (0, 7)  (4, 5)  (1, 3)  (1, 6)  (2, 7)  (3, 0)  (2, 2)
job_1   (1, 4)  (0, 0)  (1, 6)  (4, 9)  (1, 1)  (1, 3)  (1, 4)  (4, 7)  (0, 1)  (3, 2)  (0, 7)  (0, 0)  (2, 7)  (2, 1)  (0, 8)  (4, 3)  (1, 3)  (1, 6)
job_2   (3, 6)  (0, 4)  (2, 0)  (1, 4)  (4, 0)  (3, 4)  (0, 0)  (4, 3)  (2, 3)  (0, 0)  (3, 0)  (0, 3)  (0, 9)  (0, 1)  (2, 5)  (1, 5)  (1, 8)  (3, 0)
job_3   (0, 9)  (2, 5)  (3, 4)  (3, 4)  (2, 4)  (4, 5)  (1, 6)  (3, 8)  (0, 4)  (4, 7)  (3, 9)  (4, 3)  (0, 6)  (2, 6)  (4, 5)  (3, 0)  (0, 7)  (0, 0)
job_4   (4, 4)  (4, 0)  (1, 0)  (2, 2)  (4, 3)  (0, 0)  (4, 1)  (1, 5)  (1, 4)  (0, 4)  (0, 2)  (0, 8)  (1, 4)  (1, 6)  (0, 8)  (2, 6)  (0, 4)  (0, 6)
job_5   (4, 7)  (3, 5)  (3, 4)  (0, 6)  (2, 9)  (3, 2)  (0, 8)  (2, 1)  (3, 9)  (3, 7)  (0, 3)  (4, 5)  (0, 4)  (3, 4)  (2, 5)  (4, 9)  (3, 0)  (2, 1)
job_6   (3, 3)  (1, 9)  (2, 2)  (2, 8)  (0, 7)  (2, 6)  (0, 3)  (2, 8)  (3, 9)  (2, 4)  (1, 4)  (1, 0)  (3, 6)  (3, 8)  (0, 7)  (3, 9)  (2, 0)  (2, 2)
job_7   (1, 6)  (0, 8)  (4, 5)  (4, 2)  (4, 3)  (3, 4)  (1, 9)  (0, 2)  (4, 8)  (4, 0)  (3, 1)  (0, 8)  (0, 9)  (2, 3)  (3, 4)  (1, 4)  (0, 7)  (4, 3)
job_8   (2, 0)  (0, 6)  (0, 6)  (2, 0)  (3, 9)  (0, 8)  (0, 1)  (2, 8)  (2, 8)  (2, 1)  (3, 9)  (0, 1)  (0, 8)  (2, 3)  (1, 0)  (0, 1)  (2, 3)  (0, 1)
job_9   (2, 7)  (0, 0)  (4, 8)  (3, 6)  (1, 6)  (4, 7)  (4, 7)  (4, 3)  (2, 9)  (1, 1)  (3, 2)  (0, 9)  (1, 1)  (0, 9)  (4, 9)  (2, 6)  (0, 1)  (3, 3)
job_10  (3, 3)  (3, 5)  (2, 6)  (0, 1)  (3, 8)  (4, 3)  (0, 5)  (4, 0)  (3, 5)  (0, 2)  (3, 3)  (1, 2)  (1, 1)  (1, 6)  (0, 3)  (1, 8)  (0, 4)  (2, 1)
job_11  (2, 2)  (2, 5)  (4, 8)  (4, 1)  (4, 0)  (1, 2)  (1, 2)  (2, 4)  (2, 3)  (4, 2)  (4, 0)  (2, 2)  (4, 2)  (0, 6)  (0, 9)  (4, 5)  (1, 2)  (0, 5)
job_12  (1, 9)  (4, 2)  (0, 6)  (0, 8)  (1, 0)  (2, 7)  (2, 2)  (0, 2)  (4, 6)  (3, 1)  (0, 3)  (4, 2)  (3, 5)  (0, 2)  (0, 8)  (0, 2)  (3, 7)  (2, 0)
job_13  (3, 5)  (1, 5)  (3, 0)  (0, 7)  (2, 9)  (3, 6)  (3, 5)  (0, 8)  (4, 3)  (3, 5)  (4, 1)  (0, 4)  (0, 3)  (2, 5)  (3, 6)  (0, 3)  (1, 4)  (1, 8)
job_14  (2, 3)  (1, 0)  (0, 5)  (2, 3)  (1, 1)  (0, 0)  (2, 7)  (3, 4)  (0, 1)  (4, 3)  (0, 7)  (0, 0)  (2, 8)  (3, 4)  (0, 0)  (2, 7)  (4, 5)  (0, 4)
job_15  (2, 1)  (1, 7)  (2, 6)  (3, 9)  (2, 6)  (3, 5)  (4, 8)  (0, 7)  (1, 2)  (0, 6)  (3, 4)  (0, 3)  (3, 9)  (4, 8)  (1, 0)  (0, 7)  (3, 0)  (2, 5)
job_16  (0, 9)  (3, 5)  (3, 1)  (2, 5)  (3, 5)  (3, 3)  (1, 5)  (0, 7)  (3, 9)  (1, 2)  (0, 7)  (0, 0)  (3, 8)  (1, 8)  (4, 5)  (2, 0)  (4, 0)  (2, 0)
job_17  (3, 4)  (1, 2)  (3, 1)  (2, 0)  (1, 5)  (0, 0)  (3, 7)  (1, 7)  (0, 8)  (4, 4)  (4, 5)  (1, 5)  (0, 7)  (2, 4)  (0, 7)  (3, 1)  (1, 5)  (2, 4)
job_18  (1, 2)  (4, 4)  (2, 8)  (4, 5)  (2, 1)  (0, 4)  (3, 6)  (1, 4)  (3, 4)  (1, 6)  (1, 5)  (0, 9)  (1, 4)  (4, 7)  (2, 6)  (3, 5)  (2, 7)  (2, 3)

Solution:
Machine 0: job_3_task_0   job_9_task_1   job_16_task_0  job_8_task_1   job_5_task_3   job_6_task_4   job_0_task_3   job_8_task_2   job_7_task_1   job_13_task_3  job_1_task_1   job_18_task_5  job_14_task_2  job_12_task_2  job_12_task_3  job_17_task_5  job_5_task_6   job_6_task_6   job_2_task_1   job_14_task_5  job_15_task_7  job_4_task_5   job_12_task_7  job_17_task_8  job_15_task_9  job_7_task_7   job_10_task_3  job_8_task_5   job_4_task_9   job_8_task_6   job_0_task_8   job_4_task_10  job_13_task_7  job_3_task_8   job_4_task_11  job_16_task_7  job_18_task_11 job_10_task_6  job_14_task_8  job_1_task_8   job_17_task_12 job_0_task_10  job_2_task_6   job_7_task_11  job_2_task_9   job_9_task_11  job_1_task_10  job_1_task_11  job_14_task_10 job_13_task_11 job_14_task_11 job_15_task_11 job_5_task_10  job_2_task_11  job_7_task_12  job_10_task_9  job_0_task_11  job_12_task_10 job_13_task_12 job_9_task_13  job_16_task_10 job_2_task_12  job_16_task_11 job_11_task_13 job_14_task_14 job_3_task_12  job_4_task_14  job_5_task_12  job_11_task_14 job_1_task_14  job_2_task_13  job_12_task_13 job_6_task_14  job_8_task_11  job_17_task_14 job_12_task_14 job_10_task_14 job_8_task_12  job_13_task_15 job_15_task_15 job_7_task_16  job_4_task_16  job_12_task_15 job_3_task_16  job_3_task_17  job_4_task_17  job_9_task_16  job_8_task_15  job_10_task_16 job_11_task_17 job_14_task_17 job_8_task_17  
           [0,9]          [9,9]          [9,18]         [18,24]        [24,30]        [30,37]        [37,37]        [37,43]        [43,51]        [51,58]        [58,58]        [58,62]        [62,67]        [67,73]        [73,81]        [73,73]        [81,89]        [89,92]        [92,96]        [96,96]        [96,103]       [103,103]      [103,105]      [105,113]      [113,119]      [119,121]      [121,122]      [122,130]      [130,134]      [134,135]      [135,142]      [142,144]      [144,152]      [152,156]      [156,164]      [164,171]      [171,180]      [180,185]      [185,186]      [186,187]      [187,194]      [194,203]      [203,203]      [203,211]      [211,211]      [211,220]      [220,227]      [227,227]      [227,234]      [234,238]      [234,234]      [238,241]      [241,244]      [244,247]      [247,256]      [256,258]      [258,265]      [265,268]      [268,271]      [271,280]      [280,287]      [287,296]      [287,287]      [296,302]      [296,296]      [302,308]      [308,316]      [316,320]      [320,329]      [329,337]      [337,338]      [338,340]      [340,347]      [347,348]      [348,355]      [355,363]      [363,366]      [366,374]      [374,377]      [377,384]      [384,391]      [391,395]      [395,397]      [397,404]      [404,404]      [404,410]      [410,411]      [411,412]      [412,416]      [416,421]      [421,425]      [425,426]      
Machine 1: job_0_task_0   job_6_task_1   job_4_task_2   job_14_task_1  job_15_task_1  job_18_task_0  job_0_task_2   job_7_task_0   job_13_task_1  job_9_task_4   job_17_task_1  job_1_task_0   job_12_task_0  job_0_task_5   job_17_task_4  job_1_task_2   job_3_task_6   job_12_task_4  job_18_task_7  job_1_task_4   job_1_task_5   job_14_task_4  job_1_task_6   job_17_task_7  job_15_task_8  job_7_task_6   job_4_task_7   job_4_task_8   job_2_task_3   job_11_task_5  job_9_task_9   job_11_task_6  job_17_task_11 job_18_task_9  job_18_task_10 job_16_task_6  job_4_task_12  job_4_task_13  job_6_task_10  job_6_task_11  job_18_task_12 job_16_task_9  job_9_task_12  job_15_task_14 job_10_task_11 job_10_task_12 job_10_task_13 job_0_task_13  job_0_task_14  job_16_task_13 job_7_task_15  job_11_task_16 job_2_task_15  job_1_task_16  job_2_task_16  job_17_task_16 job_1_task_17  job_10_task_15 job_8_task_14  job_13_task_16 job_13_task_17 
           [0,5]          [5,14]         [14,14]        [14,14]        [14,21]        [21,23]        [23,32]        [32,38]        [38,43]        [43,49]        [49,51]        [51,55]        [55,64]        [64,67]        [67,72]        [72,78]        [78,84]        [84,84]        [84,88]        [88,89]        [89,92]        [92,93]        [93,97]        [98,105]       [105,107]      [107,116]      [116,121]      [121,125]      [125,129]      [129,131]      [131,132]      [132,134]      [134,139]      [139,145]      [145,150]      [155,160]      [164,168]      [168,174]      [176,180]      [180,180]      [180,184]      [210,212]      [220,221]      [261,261]      [264,266]      [266,267]      [267,273]      [273,276]      [276,282]      [296,304]      [304,308]      [334,336]      [343,348]      [348,351]      [351,359]      [359,364]      [364,370]      [370,378]      [378,378]      [378,382]      [382,390]      
Machine 2: job_8_task_0   job_9_task_0   job_15_task_0  job_14_task_0  job_3_task_1   job_6_task_2   job_6_task_3   job_15_task_2  job_18_task_2  job_3_task_4   job_8_task_3   job_15_task_4  job_18_task_4  job_5_task_4   job_13_task_4  job_17_task_3  job_6_task_5   job_4_task_3   job_11_task_0  job_16_task_3  job_11_task_1  job_14_task_3  job_12_task_5  job_2_task_2   job_12_task_6  job_6_task_7   job_10_task_2  job_9_task_8   job_14_task_6  job_5_task_7   job_11_task_7  job_8_task_7   job_11_task_8  job_8_task_8   job_11_task_11 job_8_task_9   job_6_task_9   job_18_task_14 job_17_task_13 job_2_task_8   job_1_task_12  job_14_task_12 job_1_task_13  job_7_task_13  job_13_task_13 job_0_task_15  job_9_task_15  job_14_task_15 job_0_task_17  job_18_task_16 job_3_task_13  job_4_task_15  job_16_task_15 job_16_task_17 job_5_task_14  job_18_task_17 job_2_task_14  job_5_task_17  job_6_task_16  job_6_task_17  job_17_task_17 job_8_task_13  job_15_task_17 job_12_task_17 job_8_task_16  job_10_task_17 
           [0,0]          [0,7]          [7,8]          [8,11]         [11,16]        [16,18]        [18,26]        [26,32]        [32,40]        [40,44]        [44,44]        [44,50]        [50,51]        [51,60]        [60,69]        [60,60]        [69,75]        [75,77]        [77,79]        [79,84]        [84,89]        [89,92]        [92,99]        [99,99]        [99,101]       [101,109]      [109,115]      [115,124]      [124,131]      [131,132]      [134,138]      [138,146]      [146,149]      [149,157]      [157,159]      [159,160]      [172,176]      [191,197]      [197,201]      [206,209]      [227,234]      [234,242]      [242,243]      [256,259]      [271,276]      [282,289]      [289,295]      [296,303]      [303,305]      [305,312]      [312,318]      [318,324]      [318,318]      [318,318]      [324,329]      [329,332]      [338,343]      [343,344]      [356,356]      [356,358]      [364,368]      [374,377]      [384,389]      [404,404]      [412,415]      [416,417]      
Machine 3: job_6_task_0   job_13_task_0  job_5_task_1   job_5_task_2   job_3_task_2   job_9_task_3   job_17_task_0  job_3_task_3   job_15_task_3  job_0_task_4   job_13_task_2  job_17_task_2  job_16_task_1  job_10_task_0  job_18_task_6  job_0_task_6   job_16_task_2  job_5_task_5   job_15_task_5  job_2_task_0   job_17_task_6  job_7_task_5   job_10_task_1  job_13_task_5  job_8_task_4   job_16_task_4  job_0_task_7   job_18_task_8  job_13_task_6  job_3_task_7   job_16_task_5  job_10_task_4  job_6_task_8   job_5_task_8   job_14_task_7  job_0_task_9   job_9_task_10  job_2_task_5   job_7_task_10  job_13_task_9  job_16_task_8  job_5_task_9   job_1_task_9   job_2_task_10  job_15_task_10 job_3_task_10  job_10_task_8  job_6_task_12  job_12_task_9  job_15_task_12 job_6_task_13  job_10_task_10 job_8_task_10  job_12_task_12 job_13_task_14 job_14_task_13 job_16_task_12 job_0_task_16  job_7_task_14  job_18_task_15 job_5_task_13  job_3_task_15  job_5_task_16  job_6_task_15  job_17_task_15 job_2_task_17  job_15_task_16 job_12_task_16 job_9_task_17  
           [0,3]          [3,8]          [8,13]         [13,17]        [17,21]        [21,27]        [27,31]        [31,35]        [35,44]        [44,53]        [44,44]        [53,54]        [54,59]        [59,62]        [62,68]        [68,77]        [77,78]        [78,80]        [80,85]        [85,91]        [91,98]        [98,102]       [102,107]      [107,113]      [113,122]      [122,127]      [127,135]      [135,139]      [139,144]      [144,152]      [152,155]      [155,163]      [163,172]      [172,181]      [181,185]      [185,189]      [189,191]      [191,195]      [195,196]      [196,201]      [201,210]      [210,217]      [217,219]      [217,217]      [219,223]      [223,232]      [232,237]      [237,243]      [243,244]      [244,253]      [253,261]      [261,264]      [264,273]      [273,278]      [278,284]      [284,288]      [288,296]      [296,296]      [296,300]      [300,305]      [320,324]      [324,324]      [343,343]      [347,356]      [356,357]      [359,359]      [384,384]      [397,404]      [411,414]      
Machine 4: job_5_task_0   job_0_task_1   job_4_task_0   job_4_task_1   job_9_task_2   job_18_task_1  job_18_task_3  job_3_task_5   job_9_task_5   job_7_task_2   job_7_task_3   job_12_task_1  job_7_task_4   job_9_task_6   job_9_task_7   job_1_task_3   job_15_task_6  job_4_task_4   job_11_task_2  job_4_task_6   job_11_task_3  job_1_task_7   job_11_task_4  job_17_task_9  job_17_task_10 job_7_task_8   job_2_task_4   job_7_task_9   job_12_task_8  job_11_task_9  job_11_task_10 job_13_task_8  job_3_task_9   job_10_task_5  job_11_task_12 job_18_task_13 job_10_task_7  job_14_task_9  job_13_task_10 job_2_task_7   job_3_task_11  job_5_task_11  job_15_task_13 job_0_task_12  job_12_task_11 job_9_task_14  job_14_task_16 job_16_task_14 job_3_task_14  job_16_task_16 job_11_task_15 job_5_task_15  job_1_task_15  job_7_task_17  
           [0,7]          [7,7]          [7,11]         [11,11]        [11,19]        [23,27]        [40,45]        [45,50]        [50,57]        [57,62]        [62,64]        [64,66]        [66,69]        [69,76]        [76,79]        [79,88]        [88,96]        [96,99]        [99,107]       [107,108]      [108,109]      [109,116]      [109,109]      [116,120]      [120,125]      [125,133]      [133,133]      [133,133]      [133,139]      [149,151]      [151,151]      [152,155]      [156,163]      [163,166]      [166,168]      [184,191]      [191,191]      [191,194]      [201,202]      [203,206]      [232,235]      [244,249]      [253,261]      [265,270]      [270,272]      [280,289]      [303,308]      [308,313]      [318,323]      [318,318]      [329,334]      [334,343]      [343,346]      [391,394]      
Optimal Schedule Length: 426.0
Total (Unoptimized Schedule Length): 1501
Statistics
  - conflicts: 0
  - branches : 151
  - wall time: 0.551029s