
 Problem
          task_0  task_1   task_2   task_3   task_4   task_5   task_6   task_7  task_8   task_9  task_10  task_11  task_12  task_13
job_0    (4, 4)  (9, 5)   (0, 3)   (0, 0)   (5, 6)   (1, 9)   (2, 0)   (3, 1)  (2, 2)   (2, 6)   (6, 2)   (5, 2)   (4, 3)   (0, 8)
job_1    (9, 4)  (4, 2)   (5, 4)   (6, 9)   (3, 8)   (4, 8)   (5, 6)   (3, 4)  (8, 9)   (6, 5)   (0, 2)  (10, 3)   (3, 9)   (6, 2)
job_2    (9, 5)  (5, 3)   (8, 6)   (8, 5)   (6, 3)   (4, 5)   (5, 8)  (10, 0)  (1, 8)   (6, 5)   (7, 2)   (2, 7)   (4, 4)   (9, 1)
job_3    (1, 2)  (4, 3)   (8, 7)   (4, 1)   (3, 9)   (1, 7)   (6, 9)   (3, 3)  (8, 2)   (9, 0)   (8, 0)   (7, 0)   (6, 7)   (2, 3)
job_4    (1, 9)  (2, 9)   (5, 3)  (10, 8)   (3, 2)   (7, 2)   (6, 4)   (5, 7)  (8, 7)   (5, 1)   (2, 4)   (6, 6)  (10, 1)   (2, 9)
job_5    (2, 3)  (1, 2)   (9, 1)   (0, 2)   (2, 0)   (6, 7)   (1, 8)  (10, 8)  (0, 5)   (2, 1)   (7, 3)   (3, 1)   (0, 4)   (1, 7)
job_6    (1, 5)  (1, 4)   (4, 3)   (5, 1)   (3, 1)   (8, 5)   (1, 2)   (1, 1)  (9, 5)  (10, 1)   (4, 7)   (7, 8)  (10, 7)   (8, 4)
job_7    (6, 2)  (6, 6)   (0, 5)   (6, 8)   (4, 2)   (0, 9)   (4, 8)  (10, 4)  (6, 1)   (2, 4)   (4, 6)   (1, 5)   (6, 3)   (3, 0)
job_8    (0, 4)  (3, 8)   (5, 4)   (8, 8)   (4, 3)   (8, 6)   (0, 0)   (4, 9)  (6, 6)   (1, 3)   (1, 6)   (2, 5)   (5, 1)   (8, 0)
job_9   (10, 9)  (8, 6)  (10, 6)   (2, 1)   (6, 3)   (7, 5)   (2, 5)   (0, 0)  (1, 3)   (5, 8)   (4, 1)   (6, 7)   (6, 7)  (10, 9)
job_10  (10, 1)  (4, 1)  (10, 5)   (5, 0)   (3, 7)   (3, 7)  (10, 2)   (6, 3)  (5, 0)   (1, 8)   (0, 4)   (7, 5)   (2, 3)   (7, 2)
job_11   (3, 6)  (4, 9)   (8, 4)   (6, 0)   (5, 9)   (2, 5)   (8, 8)   (8, 3)  (6, 7)   (2, 2)   (0, 0)   (6, 1)  (10, 6)   (2, 5)
job_12   (2, 8)  (7, 2)   (6, 7)   (4, 7)   (6, 7)   (9, 9)   (6, 7)   (0, 9)  (4, 3)   (7, 7)   (4, 4)   (0, 6)   (3, 6)   (6, 5)
job_13   (5, 6)  (6, 0)   (3, 2)   (2, 2)   (4, 0)   (0, 9)   (9, 3)   (3, 1)  (8, 7)   (3, 2)   (2, 9)   (7, 0)   (5, 6)   (3, 4)
job_14   (8, 4)  (1, 3)   (1, 9)   (9, 8)   (4, 1)  (10, 9)   (3, 2)   (3, 3)  (4, 0)  (10, 7)   (1, 0)  (10, 2)  (10, 2)   (5, 5)
job_15   (6, 7)  (4, 3)   (3, 0)  (10, 8)  (10, 3)   (4, 7)   (2, 4)   (7, 0)  (4, 5)   (0, 8)  (10, 9)   (7, 1)   (0, 0)   (9, 0)
job_16   (2, 1)  (0, 8)   (5, 2)   (6, 3)   (9, 3)   (9, 4)  (10, 9)   (3, 0)  (4, 1)   (8, 3)   (2, 3)   (6, 2)   (8, 9)   (5, 0)
job_17   (2, 2)  (6, 1)   (2, 1)   (0, 9)   (6, 3)   (3, 9)   (1, 2)   (9, 2)  (6, 6)   (3, 4)   (9, 2)   (4, 4)   (6, 9)   (3, 3)
job_18   (8, 5)  (1, 5)   (6, 6)   (1, 0)   (7, 6)   (3, 4)   (6, 6)   (6, 8)  (0, 0)   (1, 8)   (9, 5)   (0, 4)   (3, 6)   (2, 5)

Solution:
Machine 0: job_8_task_0   job_7_task_2   job_0_task_2   job_0_task_3   job_16_task_1  job_5_task_3   job_13_task_5  job_17_task_3  job_7_task_5   job_8_task_6   job_12_task_7  job_9_task_7   job_5_task_8   job_18_task_8  job_15_task_9  job_12_task_11 job_18_task_11 job_10_task_10 job_5_task_12  job_15_task_12 job_1_task_10  job_11_task_10 job_0_task_13  
           [0,4]          [8,13]         [14,17]        [17,17]        [24,32]        [32,34]        [34,43]        [46,55]        [55,64]        [64,64]        [64,73]        [73,73]        [89,94]        [97,97]        [102,110]      [110,116]      [116,120]      [120,124]      [124,128]      [124,124]      [128,130]      [142,142]      [166,174]      
Machine 1: job_4_task_0   job_18_task_1  job_6_task_0   job_3_task_0   job_14_task_1  job_5_task_1   job_6_task_1   job_14_task_2  job_0_task_5   job_18_task_3  job_6_task_6   job_6_task_7   job_3_task_5   job_5_task_6   job_9_task_8   job_17_task_6  job_14_task_10 job_18_task_9  job_10_task_9  job_2_task_8   job_5_task_13  job_8_task_9   job_8_task_10  job_7_task_11  
           [0,9]          [9,14]         [14,19]        [19,21]        [21,24]        [24,26]        [26,30]        [30,39]        [39,48]        [48,48]        [50,52]        [52,53]        [54,61]        [73,81]        [81,84]        [84,86]        [96,96]        [97,105]       [107,115]      [115,123]      [128,135]      [135,138]      [138,144]      [152,157]      
Machine 2: job_12_task_0  job_17_task_0  job_4_task_1   job_5_task_0   job_9_task_3   job_16_task_0  job_13_task_3  job_5_task_4   job_11_task_5  job_17_task_2  job_0_task_6   job_9_task_6   job_15_task_6  job_0_task_8   job_0_task_9   job_13_task_10 job_5_task_9   job_4_task_10  job_16_task_10 job_10_task_12 job_18_task_13 job_11_task_9  job_7_task_9   job_8_task_11  job_2_task_11  job_4_task_13  job_11_task_13 job_3_task_13  
           [0,8]          [8,10]         [10,19]        [19,22]        [22,23]        [23,24]        [24,26]        [34,34]        [40,45]        [45,46]        [48,48]        [61,66]        [66,70]        [80,82]        [82,88]        [88,97]        [97,98]        [108,112]      [112,115]      [129,132]      [133,138]      [140,142]      [142,146]      [146,151]      [151,158]      [158,167]      [174,179]      [180,183]      
Machine 3: job_11_task_0  job_8_task_1   job_13_task_2  job_15_task_2  job_10_task_4  job_1_task_4   job_4_task_4   job_6_task_4   job_3_task_4   job_18_task_5  job_1_task_7   job_10_task_5  job_17_task_5  job_13_task_7  job_0_task_7   job_14_task_6  job_14_task_7  job_13_task_9  job_17_task_9  job_5_task_11  job_16_task_7  job_13_task_13 job_3_task_7   job_12_task_12 job_18_task_12 job_1_task_12  job_17_task_13 job_7_task_13  
           [0,6]          [6,14]         [14,16]        [18,18]        [27,34]        [34,42]        [42,44]        [44,45]        [45,54]        [54,58]        [58,62]        [62,69]        [69,78]        [78,79]        [79,80]        [80,82]        [82,85]        [86,88]        [103,107]      [107,108]      [107,107]      [114,118]      [118,121]      [121,127]      [127,133]      [133,142]      [171,174]      [188,188]      
Machine 4: job_0_task_0   job_1_task_1   job_11_task_1  job_15_task_1  job_10_task_1  job_3_task_1   job_12_task_3  job_6_task_2   job_13_task_4  job_3_task_3   job_1_task_5   job_8_task_4   job_7_task_4   job_15_task_5  job_14_task_4  job_7_task_6   job_8_task_7   job_2_task_5   job_12_task_8  job_14_task_8  job_6_task_10  job_9_task_10  job_15_task_8  job_12_task_10 job_16_task_8  job_17_task_11 job_7_task_10  job_2_task_12  job_0_task_12  
           [0,4]          [4,6]          [6,15]         [15,18]        [18,19]        [21,24]        [24,31]        [31,34]        [31,31]        [37,38]        [42,50]        [50,53]        [53,55]        [55,62]        [62,63]        [64,72]        [72,81]        [81,86]        [86,89]        [86,86]        [89,96]        [96,97]        [97,102]       [102,106]      [107,108]      [112,116]      [146,152]      [158,162]      [163,166]      
Machine 5: job_13_task_0  job_1_task_2   job_2_task_1   job_8_task_2   job_0_task_4   job_4_task_2   job_10_task_3  job_11_task_4  job_6_task_3   job_16_task_2  job_1_task_6   job_9_task_9   job_4_task_7   job_2_task_6   job_4_task_9   job_10_task_8  job_13_task_12 job_14_task_13 job_8_task_12  job_0_task_11  job_16_task_13 
           [0,6]          [6,10]         [10,13]        [14,18]        [18,24]        [24,27]        [27,27]        [31,40]        [40,41]        [41,43]        [50,56]        [84,92]        [92,99]        [99,107]       [107,108]      [107,107]      [108,114]      [125,130]      [151,152]      [161,163]      [182,182]      
Machine 6: job_7_task_0   job_7_task_1   job_13_task_1  job_15_task_0  job_12_task_2  job_1_task_3   job_11_task_3  job_12_task_4  job_18_task_2  job_17_task_1  job_7_task_3   job_9_task_4   job_12_task_6  job_17_task_4  job_5_task_5   job_2_task_4   job_18_task_6  job_4_task_6   job_16_task_3  job_18_task_7  job_17_task_8  job_10_task_7  job_3_task_6   job_9_task_11  job_1_task_9   job_8_task_8   job_11_task_8  job_7_task_8   job_2_task_9   job_4_task_11  job_9_task_12  job_0_task_10  job_11_task_11 job_17_task_12 job_16_task_11 job_3_task_12  job_12_task_13 job_7_task_12  job_1_task_13  
           [0,2]          [2,8]          [8,8]          [8,15]         [15,22]        [22,31]        [31,31]        [31,38]        [38,44]        [44,45]        [45,53]        [53,56]        [56,63]        [63,66]        [66,73]        [73,76]        [76,82]        [82,86]        [86,89]        [89,97]        [97,103]       [103,106]      [106,115]      [115,122]      [122,127]      [127,133]      [133,140]      [140,141]      [141,146]      [146,152]      [152,159]      [159,161]      [161,162]      [162,171]      [171,173]      [173,180]      [180,185]      [185,188]      [188,190]      
Machine 7: job_12_task_1  job_4_task_5   job_18_task_4  job_9_task_5   job_15_task_7  job_12_task_9  job_6_task_11  job_5_task_10  job_13_task_11 job_15_task_11 job_3_task_11  job_10_task_11 job_10_task_13 job_2_task_10  
           [8,10]         [44,46]        [48,54]        [56,61]        [70,70]        [89,96]        [96,104]       [104,107]      [104,104]      [121,122]      [123,123]      [124,129]      [132,134]      [146,148]      
Machine 8: job_18_task_0  job_14_task_0  job_9_task_1   job_2_task_2   job_11_task_2  job_2_task_3   job_3_task_2   job_8_task_3   job_6_task_5   job_11_task_6  job_8_task_5   job_1_task_8   job_11_task_7  job_13_task_8  job_4_task_8   job_16_task_9  job_6_task_13  job_3_task_8   job_3_task_10  job_8_task_13  job_16_task_12 
           [0,5]          [5,9]          [9,15]         [15,21]        [21,25]        [25,30]        [30,37]        [37,45]        [45,50]        [50,58]        [58,64]        [64,73]        [73,76]        [79,86]        [99,106]       [108,111]      [112,116]      [121,123]      [123,123]      [152,152]      [173,182]      
Machine 9: job_1_task_0   job_2_task_0   job_0_task_1   job_5_task_2   job_12_task_5  job_14_task_3  job_13_task_6  job_6_task_8   job_17_task_7  job_16_task_4  job_16_task_5  job_18_task_10 job_17_task_10 job_3_task_9   job_15_task_13 job_2_task_13  
           [0,4]          [4,9]          [9,14]         [26,27]        [38,47]        [47,55]        [55,58]        [58,63]        [86,88]        [89,92]        [92,96]        [105,110]      [110,112]      [123,123]      [124,124]      [162,163]      
Machine 10: job_9_task_0   job_10_task_0  job_9_task_2   job_10_task_2  job_15_task_3  job_4_task_3   job_15_task_4  job_14_task_5  job_6_task_9   job_10_task_6  job_7_task_7   job_5_task_7   job_14_task_9  job_16_task_6  job_6_task_12  job_2_task_7   job_15_task_10 job_14_task_11 job_14_task_12 job_1_task_11  job_4_task_12  job_9_task_13  job_11_task_12 
           [0,9]          [9,10]         [15,21]        [21,26]        [26,34]        [34,42]        [42,45]        [63,72]        [72,73]        [73,75]        [75,79]        [81,89]        [89,96]        [96,105]       [105,112]      [112,112]      [112,121]      [121,123]      [123,125]      [130,133]      [152,153]      [159,168]      [168,174]      
Optimal Schedule Length: 190.0
Total (Unoptimized Schedule Length): 1149
Statistics
  - conflicts: 1
  - branches : 266
  - wall time: 0.014611s