
 Problem
         task_0  task_1  task_2  task_3  task_4  task_5  task_6  task_7  task_8  task_9 task_10 task_11 task_12 task_13 task_14
job_0   (4, 8)  (0, 6)  (3, 4)  (3, 7)  (5, 4)  (5, 7)  (3, 4)  (4, 1)  (2, 6)  (5, 4)  (5, 8)  (3, 9)  (3, 2)  (4, 1)  (1, 1)
job_1   (1, 4)  (0, 4)  (0, 8)  (1, 8)  (2, 6)  (1, 7)  (5, 8)  (4, 7)  (2, 1)  (5, 1)  (3, 4)  (2, 3)  (3, 8)  (4, 9)  (2, 0)
job_2   (5, 7)  (4, 1)  (2, 5)  (2, 5)  (1, 1)  (3, 8)  (5, 1)  (4, 1)  (0, 1)  (0, 4)  (2, 4)  (1, 2)  (2, 8)  (3, 4)  (2, 8)
job_3   (3, 6)  (0, 5)  (1, 9)  (4, 8)  (2, 2)  (2, 5)  (1, 2)  (3, 4)  (4, 5)  (3, 0)  (4, 3)  (0, 2)  (2, 9)  (5, 6)  (0, 8)
job_4   (1, 2)  (2, 1)  (1, 6)  (5, 4)  (4, 8)  (0, 4)  (4, 1)  (0, 5)  (4, 2)  (4, 8)  (3, 8)  (1, 9)  (1, 6)  (3, 9)  (4, 9)
job_5   (2, 6)  (1, 1)  (2, 5)  (5, 0)  (1, 6)  (4, 7)  (4, 7)  (2, 6)  (1, 0)  (2, 9)  (5, 9)  (4, 0)  (2, 6)  (2, 5)  (5, 4)
job_6   (3, 6)  (1, 0)  (4, 2)  (3, 3)  (1, 7)  (3, 4)  (2, 6)  (4, 5)  (2, 5)  (2, 4)  (3, 0)  (0, 7)  (3, 4)  (3, 6)  (0, 8)
job_7   (2, 7)  (0, 5)  (1, 6)  (2, 4)  (3, 3)  (1, 5)  (1, 8)  (0, 6)  (4, 9)  (4, 9)  (1, 0)  (0, 0)  (4, 5)  (3, 4)  (3, 1)
job_8   (0, 0)  (3, 2)  (5, 8)  (1, 8)  (5, 8)  (4, 3)  (2, 6)  (0, 4)  (3, 3)  (1, 4)  (4, 5)  (0, 4)  (1, 3)  (5, 3)  (5, 7)
job_9   (1, 2)  (2, 3)  (4, 4)  (2, 9)  (4, 1)  (3, 0)  (4, 2)  (3, 0)  (4, 8)  (4, 4)  (1, 1)  (2, 1)  (1, 5)  (0, 4)  (0, 9)
job_10  (0, 7)  (3, 0)  (4, 1)  (1, 5)  (0, 1)  (3, 3)  (1, 4)  (2, 9)  (3, 2)  (1, 0)  (3, 8)  (3, 2)  (5, 2)  (1, 4)  (5, 7)
job_11  (2, 0)  (0, 7)  (4, 3)  (1, 6)  (5, 9)  (3, 9)  (2, 1)  (0, 9)  (4, 1)  (0, 6)  (5, 9)  (4, 0)  (0, 0)  (3, 5)  (1, 2)
job_12  (5, 3)  (4, 9)  (5, 7)  (0, 8)  (0, 5)  (3, 6)  (3, 2)  (1, 6)  (3, 9)  (0, 4)  (0, 5)  (3, 3)  (2, 6)  (0, 0)  (1, 5)
job_13  (5, 2)  (4, 0)  (5, 9)  (2, 4)  (4, 4)  (0, 9)  (0, 4)  (2, 3)  (5, 3)  (5, 3)  (5, 6)  (4, 5)  (1, 1)  (5, 7)  (2, 6)
job_14  (5, 1)  (4, 7)  (0, 5)  (5, 3)  (3, 6)  (4, 2)  (3, 1)  (1, 4)  (3, 4)  (0, 1)  (4, 0)  (0, 4)  (4, 7)  (3, 6)  (4, 3)
job_15  (0, 6)  (4, 2)  (3, 0)  (1, 0)  (2, 6)  (1, 5)  (5, 0)  (3, 8)  (3, 9)  (4, 0)  (3, 5)  (2, 4)  (4, 0)  (3, 4)  (0, 6)
job_16  (0, 0)  (3, 1)  (1, 6)  (2, 2)  (1, 9)  (1, 2)  (2, 9)  (5, 3)  (2, 8)  (5, 2)  (4, 4)  (3, 7)  (5, 2)  (4, 3)  (3, 8)
job_17  (2, 4)  (3, 2)  (1, 4)  (3, 5)  (0, 3)  (1, 2)  (4, 8)  (4, 1)  (3, 1)  (5, 7)  (3, 3)  (4, 0)  (4, 2)  (1, 9)  (3, 8)
job_18  (2, 0)  (1, 2)  (2, 4)  (0, 9)  (3, 7)  (3, 2)  (1, 8)  (3, 8)  (5, 4)  (2, 5)  (2, 7)  (0, 8)  (4, 0)  (2, 6)  (3, 7)

Solution:
Machine 0: job_8_task_0   job_11_task_1  job_16_task_0  job_1_task_1   job_0_task_1   job_18_task_3  job_1_task_2   job_3_task_1   job_7_task_1   job_4_task_5   job_12_task_3  job_4_task_7   job_12_task_4  job_15_task_0  job_10_task_0  job_14_task_2  job_13_task_5  job_17_task_4  job_13_task_6  job_11_task_7  job_2_task_8   job_2_task_9   job_10_task_4  job_8_task_7   job_7_task_7   job_3_task_11  job_11_task_9  job_12_task_9  job_6_task_11  job_14_task_9  job_18_task_11 job_7_task_11  job_11_task_12 job_14_task_11 job_12_task_10 job_8_task_11  job_3_task_14  job_9_task_13  job_9_task_14  job_6_task_14  job_12_task_13 job_15_task_14 
           [0,0]          [0,7]          [0,0]          [7,11]         [11,17]        [17,26]        [26,34]        [34,39]        [39,44]        [44,48]        [48,56]        [56,61]        [61,66]        [66,72]        [72,79]        [79,84]        [84,93]        [93,96]        [96,100]       [100,109]      [109,110]      [110,114]      [114,115]      [115,119]      [129,135]      [135,137]      [150,156]      [156,160]      [160,167]      [167,168]      [168,176]      [176,176]      [176,176]      [176,180]      [180,185]      [185,189]      [189,197]      [197,201]      [201,210]      [215,223]      [215,215]      [223,229]      
Machine 1: job_4_task_0   job_1_task_0   job_18_task_1  job_4_task_2   job_6_task_1   job_9_task_0   job_17_task_2  job_16_task_2  job_5_task_1   job_11_task_3  job_16_task_4  job_16_task_5  job_2_task_4   job_3_task_2   job_1_task_3   job_7_task_2   job_5_task_4   job_8_task_3   job_3_task_6   job_15_task_3  job_6_task_4   job_18_task_6  job_1_task_5   job_5_task_8   job_10_task_3  job_15_task_5  job_7_task_5   job_7_task_6   job_17_task_5  job_10_task_6  job_12_task_7  job_4_task_11  job_14_task_7  job_8_task_9   job_10_task_9  job_4_task_12  job_9_task_10  job_13_task_12 job_2_task_11  job_7_task_10  job_17_task_13 job_9_task_12  job_8_task_12  job_10_task_13 job_12_task_14 job_11_task_14 job_0_task_14  
           [0,2]          [2,6]          [6,8]          [8,14]         [14,14]        [14,16]        [16,20]        [20,26]        [26,27]        [27,33]        [33,42]        [42,44]        [44,45]        [45,54]        [54,62]        [62,68]        [68,74]        [74,82]        [82,84]        [82,82]        [84,91]        [91,99]        [99,106]       [106,106]      [106,111]      [111,116]      [116,121]      [121,129]      [129,131]      [131,135]      [135,141]      [141,150]      [150,154]      [154,158]      [154,154]      [158,164]      [164,165]      [165,166]      [167,169]      [173,173]      [175,184]      [188,193]      [193,196]      [208,212]      [215,220]      [234,236]      [253,254]      
Machine 2: job_7_task_0   job_11_task_0  job_18_task_0  job_4_task_1   job_17_task_0  job_18_task_2  job_5_task_0   job_13_task_3  job_16_task_3  job_5_task_2   job_2_task_2   job_2_task_3   job_9_task_1   job_16_task_6  job_9_task_3   job_1_task_4   job_7_task_3   job_3_task_4   job_3_task_5   job_11_task_6  job_15_task_4  job_16_task_8  job_5_task_7   job_6_task_6   job_8_task_6   job_13_task_7  job_6_task_8   job_0_task_8   job_18_task_9  job_1_task_8   job_5_task_9   job_10_task_7  job_6_task_9   job_18_task_10 job_2_task_10  job_3_task_12  job_1_task_11  job_2_task_12  job_9_task_11  job_15_task_11 job_5_task_12  job_18_task_13 job_5_task_13  job_1_task_14  job_12_task_12 job_13_task_14 job_2_task_14  
           [0,7]          [0,0]          [0,0]          [7,8]          [8,12]         [12,16]        [16,22]        [22,26]        [26,28]        [28,33]        [33,38]        [38,43]        [43,46]        [46,55]        [55,64]        [64,70]        [70,74]        [74,76]        [76,81]        [81,82]        [82,88]        [88,96]        [96,102]       [102,108]      [108,114]      [114,117]      [117,122]      [122,128]      [128,133]      [133,134]      [134,143]      [143,152]      [152,156]      [156,163]      [163,167]      [167,176]      [176,179]      [179,187]      [187,188]      [188,192]      [192,198]      [198,204]      [204,209]      [209,209]      [209,215]      [215,221]      [221,229]      
Machine 3: job_3_task_0   job_6_task_0   job_17_task_1  job_8_task_1   job_16_task_1  job_0_task_2   job_0_task_3   job_18_task_4  job_17_task_3  job_6_task_3   job_18_task_5  job_2_task_5   job_11_task_5  job_0_task_6   job_12_task_5  job_4_task_10  job_7_task_4   job_10_task_1  job_15_task_2  job_12_task_6  job_3_task_7   job_14_task_4  job_6_task_5   job_9_task_5   job_3_task_9   job_18_task_7  job_9_task_7   job_16_task_11 job_14_task_6  job_10_task_5  job_15_task_7  job_15_task_8  job_1_task_10  job_8_task_8   job_12_task_8  job_17_task_8  job_10_task_8  job_14_task_8  job_6_task_10  job_10_task_10 job_17_task_10 job_15_task_10 job_6_task_12  job_4_task_13  job_1_task_12  job_0_task_11  job_10_task_11 job_12_task_11 job_6_task_13  job_2_task_13  job_15_task_13 job_14_task_13 job_11_task_13 job_17_task_14 job_16_task_14 job_0_task_12  job_18_task_14 job_7_task_13  job_7_task_14  
           [0,6]          [6,12]         [12,14]        [14,16]        [16,17]        [17,21]        [21,28]        [28,35]        [35,40]        [40,43]        [43,45]        [45,53]        [53,62]        [62,66]        [66,72]        [72,80]        [80,83]        [80,80]        [80,80]        [83,85]        [85,89]        [89,95]        [95,99]        [95,95]        [99,99]        [99,107]       [107,107]      [107,114]      [114,115]      [115,118]      [118,126]      [126,135]      [135,139]      [139,142]      [142,151]      [151,152]      [152,154]      [154,158]      [158,158]      [158,166]      [166,169]      [169,174]      [174,178]      [178,187]      [187,195]      [195,204]      [204,206]      [206,209]      [209,215]      [215,219]      [219,223]      [223,229]      [229,234]      [234,242]      [242,250]      [250,252]      [252,259]      [259,263]      [263,264]      
Machine 4: job_0_task_0   job_12_task_1  job_13_task_1  job_11_task_2  job_6_task_2   job_2_task_1   job_4_task_4   job_13_task_4  job_14_task_1  job_4_task_6   job_9_task_2   job_3_task_3   job_4_task_8   job_4_task_9   job_15_task_1  job_5_task_5   job_10_task_2  job_5_task_6   job_0_task_7   job_9_task_4   job_3_task_8   job_8_task_5   job_16_task_10 job_14_task_5  job_9_task_6   job_2_task_7   job_6_task_7   job_9_task_8   job_1_task_7   job_3_task_10  job_17_task_6  job_15_task_9  job_17_task_7  job_7_task_8   job_11_task_8  job_9_task_9   job_5_task_11  job_13_task_11 job_8_task_10  job_7_task_9   job_11_task_11 job_14_task_10 job_17_task_11 job_17_task_12 job_16_task_13 job_7_task_12  job_18_task_12 job_14_task_12 job_4_task_14  job_1_task_13  job_15_task_12 job_14_task_14 job_0_task_13  
           [0,8]          [8,17]         [8,8]          [17,20]        [20,22]        [22,23]        [25,33]        [33,37]        [41,48]        [48,49]        [49,53]        [54,62]        [62,64]        [64,72]        [72,74]        [74,81]        [81,82]        [82,89]        [89,90]        [90,91]        [91,96]        [96,99]        [99,103]       [103,105]      [105,107]      [107,108]      [108,113]      [113,121]      [121,128]      [128,131]      [131,139]      [139,139]      [139,140]      [140,149]      [149,150]      [150,154]      [154,154]      [154,159]      [159,164]      [164,173]      [173,173]      [173,173]      [173,173]      [173,175]      [175,178]      [178,183]      [178,178]      [183,190]      [190,199]      [199,208]      [199,199]      [229,232]      [252,253]      
Machine 5: job_12_task_0  job_13_task_0  job_2_task_0   job_13_task_2  job_4_task_3   job_12_task_2  job_8_task_2   job_5_task_3   job_14_task_0  job_11_task_4  job_0_task_4   job_0_task_5   job_16_task_7  job_2_task_6   job_14_task_3  job_8_task_4   job_16_task_9  job_1_task_6   job_18_task_8  job_13_task_8  job_15_task_6  job_13_task_9  job_13_task_10 job_0_task_9   job_1_task_9   job_0_task_10  job_5_task_10  job_17_task_9  job_11_task_10 job_16_task_12 job_13_task_13 job_3_task_13  job_8_task_13  job_8_task_14  job_10_task_12 job_5_task_14  job_10_task_14 
           [0,3]          [3,5]          [5,12]         [12,21]        [21,25]        [25,32]        [32,40]        [40,40]        [40,41]        [41,50]        [50,54]        [54,61]        [61,64]        [64,65]        [84,87]        [87,95]        [96,98]        [106,114]      [114,118]      [118,121]      [118,118]      [121,124]      [124,130]      [130,134]      [134,135]      [135,143]      [143,152]      [152,159]      [159,168]      [168,170]      [170,177]      [177,183]      [196,199]      [199,206]      [206,208]      [209,213]      [213,220]      
Optimal Schedule Length: 264.0
Total (Unoptimized Schedule Length): 1274
Statistics
  - conflicts: 0
  - branches : 84
  - wall time: 0.53139s