
 Problem
         task_0  task_1  task_2  task_3  task_4  task_5  task_6  task_7  task_8  task_9 task_10 task_11 task_12 task_13 task_14 task_15
job_0   (1, 7)  (1, 8)  (1, 3)  (0, 1)  (1, 2)  (2, 9)  (2, 6)  (0, 9)  (0, 3)  (0, 8)  (2, 2)  (2, 6)  (2, 6)  (1, 7)  (1, 2)  (0, 6)
job_1   (1, 1)  (0, 2)  (0, 4)  (0, 4)  (1, 1)  (0, 2)  (1, 3)  (2, 3)  (0, 7)  (2, 9)  (0, 5)  (0, 3)  (2, 4)  (1, 3)  (2, 8)  (0, 1)
job_2   (0, 2)  (1, 7)  (0, 3)  (1, 0)  (1, 8)  (0, 1)  (0, 5)  (0, 0)  (1, 8)  (2, 7)  (0, 5)  (2, 2)  (1, 5)  (0, 9)  (0, 2)  (0, 8)
job_3   (1, 4)  (2, 5)  (0, 5)  (1, 2)  (2, 1)  (2, 3)  (0, 5)  (2, 3)  (2, 1)  (2, 9)  (2, 4)  (1, 2)  (1, 9)  (2, 6)  (2, 9)  (2, 1)
job_4   (2, 0)  (1, 1)  (1, 0)  (0, 2)  (2, 3)  (1, 7)  (0, 4)  (1, 6)  (0, 8)  (2, 1)  (2, 8)  (0, 1)  (0, 3)  (2, 3)  (0, 7)  (0, 0)
job_5   (0, 0)  (0, 7)  (0, 9)  (2, 4)  (2, 6)  (1, 0)  (0, 2)  (2, 0)  (2, 8)  (2, 1)  (2, 0)  (0, 2)  (1, 0)  (2, 5)  (0, 5)  (0, 4)
job_6   (1, 6)  (1, 1)  (0, 5)  (0, 1)  (0, 0)  (1, 1)  (2, 1)  (0, 5)  (0, 3)  (0, 9)  (2, 3)  (0, 6)  (1, 8)  (0, 4)  (1, 1)  (0, 1)
job_7   (0, 0)  (2, 0)  (2, 2)  (2, 1)  (0, 4)  (2, 5)  (2, 4)  (0, 1)  (1, 1)  (0, 1)  (2, 9)  (0, 7)  (0, 6)  (0, 5)  (2, 3)  (2, 7)
job_8   (0, 1)  (2, 4)  (2, 1)  (0, 9)  (1, 4)  (0, 8)  (0, 8)  (2, 9)  (2, 6)  (1, 2)  (2, 7)  (0, 1)  (0, 9)  (0, 4)  (0, 0)  (0, 7)
job_9   (2, 2)  (2, 6)  (0, 5)  (0, 9)  (0, 6)  (0, 5)  (0, 0)  (2, 8)  (1, 5)  (2, 0)  (0, 2)  (2, 1)  (0, 7)  (2, 1)  (1, 1)  (1, 8)
job_10  (0, 6)  (0, 9)  (2, 2)  (2, 0)  (1, 4)  (1, 3)  (2, 6)  (1, 4)  (0, 2)  (2, 0)  (1, 7)  (2, 5)  (2, 0)  (0, 5)  (0, 9)  (1, 4)
job_11  (0, 4)  (1, 5)  (0, 3)  (1, 8)  (2, 5)  (2, 8)  (2, 0)  (2, 8)  (1, 4)  (2, 4)  (0, 4)  (1, 9)  (0, 3)  (2, 8)  (0, 0)  (0, 0)
job_12  (2, 5)  (0, 5)  (2, 9)  (0, 3)  (2, 8)  (1, 2)  (0, 4)  (0, 7)  (2, 3)  (1, 7)  (0, 9)  (2, 3)  (1, 7)  (2, 3)  (0, 7)  (1, 5)
job_13  (2, 5)  (2, 4)  (2, 8)  (2, 9)  (2, 3)  (1, 9)  (0, 9)  (1, 4)  (1, 8)  (1, 3)  (1, 4)  (2, 5)  (2, 1)  (0, 1)  (0, 1)  (2, 1)
job_14  (0, 0)  (1, 7)  (0, 7)  (0, 5)  (2, 2)  (0, 6)  (2, 2)  (2, 5)  (2, 7)  (2, 8)  (2, 8)  (0, 1)  (2, 8)  (1, 0)  (2, 0)  (1, 7)
job_15  (1, 6)  (2, 3)  (1, 6)  (0, 0)  (0, 8)  (1, 7)  (0, 1)  (1, 7)  (1, 5)  (0, 1)  (0, 4)  (0, 1)  (0, 9)  (2, 6)  (1, 0)  (1, 3)
job_16  (1, 7)  (0, 2)  (2, 3)  (0, 9)  (0, 5)  (2, 3)  (1, 3)  (0, 0)  (1, 1)  (2, 9)  (0, 8)  (0, 7)  (2, 7)  (0, 0)  (1, 1)  (1, 3)
job_17  (1, 7)  (0, 1)  (1, 9)  (1, 0)  (1, 4)  (0, 6)  (0, 9)  (0, 5)  (2, 4)  (2, 9)  (1, 3)  (1, 2)  (0, 8)  (1, 5)  (1, 8)  (1, 1)
job_18  (1, 9)  (0, 5)  (1, 3)  (1, 2)  (0, 8)  (1, 3)  (1, 2)  (1, 7)  (0, 8)  (1, 4)  (2, 8)  (1, 7)  (0, 7)  (1, 3)  (2, 1)  (2, 0)

Solution:
Machine 0: job_5_task_0   job_7_task_0   job_8_task_0   job_14_task_0  job_11_task_0  job_12_task_1  job_8_task_3   job_17_task_1  job_2_task_0   job_12_task_3  job_10_task_0  job_18_task_1  job_10_task_1  job_14_task_2  job_0_task_3   job_14_task_3  job_2_task_2   job_9_task_2   job_11_task_2  job_3_task_2   job_16_task_1  job_7_task_4   job_16_task_3  job_8_task_5   job_17_task_5  job_1_task_1   job_18_task_4  job_1_task_2   job_15_task_3  job_17_task_6  job_12_task_6  job_4_task_3   job_1_task_3   job_5_task_1   job_8_task_6   job_9_task_3   job_2_task_5   job_14_task_5  job_15_task_4  job_2_task_6   job_2_task_7   job_12_task_7  job_3_task_6   job_0_task_7   job_1_task_5   job_6_task_2   job_16_task_4  job_5_task_2   job_16_task_7  job_17_task_7  job_9_task_4   job_6_task_3   job_4_task_6   job_6_task_4   job_7_task_7   job_0_task_8   job_6_task_7   job_1_task_8   job_7_task_9   job_9_task_5   job_9_task_6   job_18_task_8  job_15_task_6  job_0_task_9   job_13_task_6  job_6_task_8   job_12_task_10 job_10_task_8  job_6_task_9   job_2_task_10  job_4_task_8   job_7_task_11  job_5_task_6   job_16_task_10 job_15_task_9  job_11_task_10 job_1_task_10  job_15_task_10 job_17_task_12 job_8_task_11  job_7_task_12  job_9_task_10  job_6_task_11  job_8_task_12  job_15_task_11 job_1_task_11  job_2_task_13  job_10_task_13 job_16_task_11 job_15_task_12 job_9_task_12  job_16_task_13 job_14_task_11 job_5_task_11  job_7_task_13  job_4_task_11  job_4_task_12  job_10_task_14 job_12_task_14 job_11_task_12 job_8_task_13  job_8_task_14  job_18_task_12 job_2_task_14  job_11_task_14 job_11_task_15 job_5_task_14  job_2_task_15  job_8_task_15  job_4_task_14  job_4_task_15  job_6_task_13  job_0_task_15  job_5_task_15  job_13_task_13 job_13_task_14 job_6_task_15  job_1_task_15  
           [0,0]          [0,0]          [0,1]          [0,0]          [1,5]          [5,10]         [10,19]        [19,20]        [20,22]        [22,25]        [25,31]        [31,36]        [36,45]        [45,52]        [52,53]        [53,58]        [58,61]        [61,66]        [66,69]        [69,74]        [74,76]        [76,80]        [80,89]        [89,97]        [97,103]       [103,105]      [105,113]      [113,117]      [117,117]      [117,126]      [126,130]      [130,132]      [132,136]      [136,143]      [143,151]      [151,160]      [160,161]      [161,167]      [167,175]      [175,180]      [180,180]      [180,187]      [187,192]      [192,201]      [201,203]      [203,208]      [208,213]      [213,222]      [222,222]      [222,227]      [227,233]      [233,234]      [234,238]      [234,234]      [238,239]      [239,242]      [242,247]      [247,254]      [254,255]      [255,260]      [260,260]      [260,268]      [268,269]      [269,277]      [277,286]      [286,289]      [289,298]      [298,300]      [300,309]      [309,314]      [314,322]      [322,329]      [329,331]      [331,339]      [339,340]      [340,344]      [344,349]      [349,353]      [353,361]      [361,362]      [362,368]      [368,370]      [370,376]      [376,385]      [385,386]      [386,389]      [389,398]      [398,403]      [403,410]      [410,419]      [419,426]      [419,419]      [426,427]      [427,429]      [429,434]      [434,435]      [435,438]      [438,447]      [447,454]      [454,457]      [457,461]      [461,461]      [461,468]      [468,470]      [468,468]      [468,468]      [470,475]      [475,483]      [483,490]      [490,497]      [497,497]      [497,501]      [501,507]      [507,511]      [511,512]      [512,513]      [513,514]      [514,515]      
Machine 1: job_0_task_0   job_17_task_0  job_0_task_1   job_18_task_0  job_14_task_1  job_17_task_2  job_0_task_2   job_17_task_3  job_2_task_1   job_3_task_0   job_2_task_3   job_11_task_1  job_16_task_0  job_15_task_0  job_0_task_4   job_8_task_4   job_17_task_4  job_18_task_2  job_11_task_3  job_1_task_0   job_18_task_3  job_2_task_4   job_15_task_2  job_12_task_5  job_3_task_3   job_6_task_0   job_4_task_1   job_4_task_2   job_18_task_5  job_6_task_1   job_10_task_4  job_1_task_4   job_4_task_5   job_18_task_6  job_13_task_5  job_10_task_5  job_18_task_7  job_11_task_8  job_10_task_7  job_8_task_9   job_15_task_5  job_2_task_8   job_12_task_9  job_1_task_6   job_16_task_6  job_16_task_8  job_6_task_5   job_4_task_7   job_7_task_8   job_17_task_10 job_17_task_11 job_5_task_5   job_18_task_9  job_15_task_7  job_15_task_8  job_9_task_8   job_13_task_7  job_3_task_11  job_3_task_12  job_13_task_8  job_10_task_10 job_2_task_12  job_12_task_12 job_18_task_11 job_13_task_9  job_13_task_10 job_11_task_11 job_0_task_13  job_17_task_13 job_17_task_14 job_6_task_12  job_0_task_14  job_17_task_15 job_1_task_13  job_16_task_14 job_16_task_15 job_15_task_14 job_15_task_15 job_9_task_14  job_5_task_12  job_9_task_15  job_14_task_13 job_14_task_15 job_10_task_15 job_12_task_15 job_18_task_13 job_6_task_14  
           [0,7]          [7,14]         [14,22]        [22,31]        [31,38]        [38,47]        [47,50]        [47,47]        [50,57]        [57,61]        [61,61]        [61,66]        [66,73]        [73,79]        [79,81]        [81,85]        [85,89]        [89,92]        [92,100]       [100,101]      [101,103]      [103,111]      [111,117]      [117,119]      [119,121]      [121,127]      [127,128]      [128,128]      [128,131]      [131,132]      [132,136]      [136,137]      [137,144]      [144,146]      [146,155]      [155,158]      [158,165]      [165,169]      [169,173]      [173,175]      [175,182]      [182,190]      [200,207]      [207,210]      [216,219]      [222,223]      [234,235]      [238,244]      [244,245]      [245,248]      [248,250]      [256,256]      [268,272]      [272,279]      [279,284]      [284,289]      [289,293]      [293,295]      [295,304]      [304,312]      [312,319]      [319,324]      [324,331]      [331,338]      [338,341]      [341,345]      [345,354]      [357,364]      [364,369]      [369,377]      [377,385]      [385,387]      [387,388]      [393,396]      [419,420]      [420,423]      [425,425]      [425,428]      [428,429]      [429,429]      [429,437]      [437,437]      [440,447]      [447,451]      [454,459]      [468,471]      [501,502]      
Machine 2: job_4_task_0   job_7_task_1   job_12_task_0  job_8_task_1   job_8_task_2   job_12_task_2  job_13_task_0  job_13_task_1  job_9_task_0   job_13_task_2  job_12_task_4  job_9_task_1   job_13_task_3  job_3_task_1   job_7_task_2   job_7_task_3   job_14_task_4  job_10_task_2  job_10_task_3  job_13_task_4  job_16_task_2  job_15_task_1  job_0_task_5   job_0_task_6   job_7_task_5   job_11_task_4  job_11_task_5  job_7_task_6   job_11_task_6  job_11_task_7  job_3_task_4   job_3_task_5   job_4_task_4   job_8_task_7   job_10_task_6  job_8_task_8   job_14_task_6  job_14_task_7  job_14_task_8  job_14_task_9  job_3_task_7   job_12_task_8  job_3_task_8   job_3_task_9   job_1_task_7   job_16_task_5  job_2_task_9   job_5_task_3   job_17_task_8  job_17_task_9  job_6_task_6   job_16_task_9  job_5_task_4   job_7_task_10  job_9_task_7   job_1_task_9   job_3_task_10  job_0_task_10  job_11_task_9  job_8_task_10  job_9_task_9   job_0_task_11  job_10_task_9  job_18_task_10 job_12_task_11 job_2_task_11  job_14_task_10 job_4_task_9   job_6_task_10  job_10_task_11 job_5_task_7   job_5_task_8   job_10_task_12 job_4_task_10  job_0_task_12  job_5_task_9   job_3_task_13  job_5_task_10  job_12_task_13 job_3_task_14  job_9_task_11  job_13_task_11 job_13_task_12 job_3_task_15  job_1_task_12  job_1_task_14  job_16_task_12 job_15_task_13 job_9_task_13  job_14_task_12 job_5_task_13  job_7_task_14  job_14_task_14 job_4_task_13  job_7_task_15  job_11_task_13 job_18_task_14 job_18_task_15 job_13_task_15 
           [0,0]          [0,0]          [0,5]          [5,9]          [9,10]         [10,19]        [19,24]        [24,28]        [28,30]        [30,38]        [38,46]        [46,52]        [52,61]        [61,66]        [66,68]        [68,69]        [69,71]        [71,73]        [73,73]        [73,76]        [76,79]        [79,82]        [82,91]        [91,97]        [97,102]       [102,107]      [107,115]      [115,119]      [115,115]      [119,127]      [127,128]      [128,131]      [132,135]      [151,160]      [160,166]      [166,172]      [172,174]      [174,179]      [179,186]      [186,194]      [194,197]      [197,200]      [200,201]      [201,210]      [210,213]      [213,216]      [216,223]      [223,227]      [227,231]      [231,240]      [240,241]      [241,250]      [250,256]      [256,265]      [265,273]      [273,282]      [282,286]      [286,288]      [288,292]      [292,299]      [292,292]      [299,305]      [305,305]      [305,313]      [313,316]      [316,318]      [318,326]      [326,327]      [327,330]      [330,335]      [335,335]      [335,343]      [335,335]      [343,351]      [351,357]      [357,358]      [358,364]      [358,358]      [364,367]      [367,376]      [376,377]      [377,382]      [382,383]      [383,384]      [389,393]      [396,404]      [410,417]      [419,425]      [426,427]      [427,435]      [435,440]      [440,443]      [440,440]      [443,446]      [446,453]      [457,465]      [471,472]      [472,472]      [513,514]      
Optimal Schedule Length: 515.0
Total (Unoptimized Schedule Length): 1317
Statistics
  - conflicts: 0
  - branches : 60
  - wall time: 0.022368000000000002s