
 Problem
         task_0  task_1  task_2  task_3  task_4  task_5  task_6  task_7  task_8  task_9 task_10 task_11 task_12 task_13 task_14 task_15 task_16 task_17 task_18
job_0   (0, 6)  (2, 2)  (3, 7)  (4, 5)  (4, 6)  (4, 9)  (3, 8)  (2, 7)  (2, 0)  (0, 5)  (0, 0)  (4, 4)  (4, 8)  (4, 2)  (4, 1)  (2, 2)  (4, 1)  (4, 1)  (2, 9)
job_1   (2, 9)  (3, 3)  (1, 2)  (3, 9)  (0, 9)  (0, 7)  (1, 2)  (3, 3)  (0, 7)  (0, 4)  (4, 4)  (1, 3)  (2, 1)  (3, 8)  (0, 2)  (0, 1)  (1, 7)  (4, 5)  (3, 4)
job_2   (0, 4)  (4, 7)  (3, 8)  (1, 5)  (4, 1)  (0, 7)  (0, 5)  (0, 2)  (1, 0)  (4, 6)  (2, 3)  (4, 6)  (4, 3)  (4, 0)  (4, 9)  (1, 4)  (2, 3)  (3, 5)  (3, 9)
job_3   (2, 0)  (2, 3)  (1, 1)  (2, 5)  (4, 6)  (4, 9)  (1, 8)  (3, 9)  (0, 5)  (2, 3)  (2, 5)  (1, 0)  (2, 2)  (3, 6)  (3, 3)  (4, 1)  (1, 2)  (4, 8)  (1, 9)
job_4   (0, 2)  (0, 6)  (3, 0)  (2, 1)  (3, 0)  (2, 1)  (2, 8)  (4, 8)  (3, 6)  (2, 2)  (4, 3)  (0, 2)  (3, 2)  (4, 9)  (3, 1)  (0, 7)  (1, 9)  (4, 2)  (4, 4)
job_5   (1, 2)  (0, 3)  (0, 9)  (0, 7)  (3, 4)  (4, 3)  (1, 0)  (3, 1)  (3, 6)  (1, 2)  (4, 3)  (1, 2)  (4, 2)  (0, 2)  (4, 2)  (1, 7)  (3, 4)  (0, 3)  (2, 8)
job_6   (3, 3)  (3, 2)  (0, 8)  (4, 4)  (3, 3)  (1, 2)  (2, 1)  (2, 1)  (0, 0)  (1, 8)  (0, 7)  (2, 6)  (4, 6)  (2, 6)  (2, 5)  (1, 0)  (3, 7)  (1, 2)  (0, 7)
job_7   (0, 7)  (4, 2)  (3, 0)  (3, 9)  (0, 6)  (0, 4)  (3, 3)  (0, 1)  (1, 2)  (4, 7)  (1, 8)  (4, 7)  (4, 3)  (2, 0)  (1, 2)  (1, 3)  (2, 1)  (1, 9)  (4, 3)
job_8   (3, 8)  (0, 0)  (4, 0)  (1, 8)  (4, 1)  (4, 7)  (3, 1)  (0, 2)  (0, 2)  (4, 0)  (4, 1)  (1, 2)  (1, 5)  (2, 5)  (0, 7)  (3, 1)  (1, 4)  (4, 9)  (1, 4)
job_9   (0, 8)  (0, 0)  (1, 7)  (3, 4)  (1, 4)  (2, 1)  (2, 6)  (3, 9)  (0, 6)  (1, 5)  (3, 9)  (2, 9)  (4, 7)  (2, 1)  (1, 8)  (4, 8)  (2, 9)  (1, 8)  (0, 2)
job_10  (4, 7)  (1, 2)  (1, 7)  (1, 4)  (1, 3)  (0, 5)  (2, 8)  (0, 7)  (3, 6)  (0, 1)  (3, 1)  (2, 1)  (0, 9)  (3, 3)  (2, 5)  (0, 1)  (4, 2)  (3, 8)  (3, 0)
job_11  (2, 8)  (3, 3)  (4, 6)  (4, 5)  (0, 4)  (4, 5)  (1, 6)  (3, 6)  (2, 0)  (2, 9)  (4, 7)  (4, 6)  (2, 9)  (3, 8)  (3, 1)  (0, 6)  (0, 8)  (1, 3)  (1, 0)
job_12  (3, 0)  (3, 4)  (0, 8)  (4, 8)  (4, 4)  (0, 4)  (2, 0)  (4, 4)  (0, 7)  (4, 1)  (3, 5)  (0, 2)  (2, 3)  (4, 1)  (3, 4)  (0, 5)  (3, 2)  (3, 9)  (1, 8)
job_13  (1, 1)  (2, 0)  (0, 0)  (4, 8)  (2, 4)  (3, 5)  (2, 7)  (4, 0)  (4, 0)  (2, 8)  (2, 9)  (0, 4)  (0, 4)  (4, 8)  (1, 6)  (0, 0)  (0, 0)  (0, 1)  (2, 9)
job_14  (2, 7)  (4, 3)  (4, 9)  (4, 4)  (0, 2)  (0, 1)  (0, 9)  (2, 2)  (2, 3)  (0, 3)  (2, 6)  (2, 6)  (2, 3)  (2, 6)  (0, 5)  (4, 0)  (2, 6)  (3, 1)  (3, 9)
job_15  (4, 5)  (3, 9)  (3, 2)  (2, 9)  (4, 3)  (3, 3)  (4, 9)  (2, 2)  (3, 7)  (4, 8)  (2, 6)  (1, 3)  (4, 5)  (1, 1)  (0, 5)  (1, 1)  (0, 9)  (2, 2)  (0, 6)
job_16  (4, 4)  (4, 2)  (4, 2)  (0, 2)  (3, 2)  (0, 4)  (1, 0)  (4, 3)  (3, 1)  (1, 4)  (4, 2)  (3, 2)  (0, 1)  (4, 1)  (3, 1)  (0, 2)  (3, 6)  (3, 8)  (1, 8)

Solution:
Machine 0: job_9_task_0   job_2_task_0   job_9_task_1   job_13_task_2  job_0_task_0   job_7_task_0   job_12_task_2  job_4_task_0   job_4_task_1   job_11_task_4  job_5_task_1   job_1_task_4   job_6_task_2   job_9_task_8   job_5_task_2   job_7_task_4   job_1_task_5   job_8_task_1   job_14_task_4  job_14_task_5  job_14_task_6  job_10_task_5  job_2_task_5   job_5_task_3   job_6_task_8   job_12_task_5  job_2_task_6   job_7_task_5   job_2_task_7   job_1_task_8   job_12_task_8  job_16_task_3  job_7_task_7   job_6_task_10  job_14_task_9  job_3_task_8   job_10_task_7  job_16_task_5  job_8_task_7   job_8_task_8   job_1_task_9   job_0_task_9   job_0_task_10  job_13_task_11 job_10_task_9  job_13_task_12 job_4_task_11  job_12_task_11 job_10_task_12 job_14_task_14 job_8_task_14  job_4_task_15  job_16_task_12 job_10_task_15 job_1_task_14  job_1_task_15  job_12_task_15 job_5_task_13  job_15_task_14 job_11_task_15 job_15_task_16 job_16_task_15 job_6_task_18  job_15_task_18 job_13_task_15 job_13_task_16 job_13_task_17 job_9_task_18  job_5_task_17  job_11_task_16 
           [0,8]          [8,12]         [8,8]          [8,8]          [12,18]        [18,25]        [25,33]        [33,35]        [35,41]        [41,45]        [45,48]        [48,57]        [57,65]        [65,71]        [71,80]        [80,86]        [86,93]        [86,86]        [93,95]        [95,96]        [96,105]       [105,110]      [110,117]      [117,124]      [124,124]      [124,128]      [128,133]      [133,137]      [137,139]      [139,146]      [146,153]      [153,155]      [155,156]      [156,163]      [163,166]      [166,171]      [171,178]      [178,182]      [182,184]      [184,186]      [186,190]      [190,195]      [195,195]      [195,199]      [199,200]      [200,204]      [204,206]      [206,208]      [214,223]      [223,228]      [228,235]      [235,242]      [242,243]      [243,244]      [244,246]      [246,247]      [249,254]      [255,257]      [257,262]      [262,268]      [273,282]      [282,284]      [284,291]      [291,297]      [297,297]      [297,297]      [297,298]      [302,304]      [306,309]      [309,317]      
Machine 1: job_13_task_0  job_5_task_0   job_9_task_2   job_10_task_1  job_10_task_2  job_9_task_4   job_3_task_2   job_1_task_2   job_10_task_3  job_10_task_4  job_2_task_3   job_11_task_6  job_9_task_9   job_3_task_6   job_8_task_3   job_1_task_6   job_6_task_5   job_6_task_9   job_2_task_8   job_7_task_8   job_5_task_6   job_16_task_6  job_7_task_10  job_3_task_11  job_5_task_9   job_15_task_11 job_9_task_14  job_16_task_9  job_8_task_11  job_8_task_12  job_1_task_11  job_5_task_11  job_6_task_15  job_8_task_16  job_4_task_16  job_2_task_15  job_15_task_13 job_1_task_16  job_15_task_15 job_6_task_17  job_5_task_15  job_12_task_18 job_9_task_17  job_13_task_14 job_7_task_14  job_7_task_15  job_3_task_16  job_16_task_18 job_7_task_17  job_8_task_18  job_11_task_17 job_3_task_18  job_11_task_18 
           [0,1]          [1,3]          [8,15]         [15,17]        [17,24]        [24,28]        [28,29]        [29,31]        [31,35]        [35,38]        [38,43]        [61,67]        [71,76]        [76,84]        [88,96]        [96,98]        [106,108]      [124,132]      [139,139]      [156,158]      [177,177]      [182,182]      [184,192]      [192,192]      [192,194]      [194,197]      [197,205]      [205,209]      [211,213]      [213,218]      [218,221]      [221,223]      [238,238]      [238,242]      [242,251]      [251,255]      [255,256]      [256,263]      [263,264]      [264,266]      [266,273]      [273,281]      [281,289]      [289,295]      [295,297]      [297,300]      [300,302]      [302,310]      [310,319]      [319,323]      [323,326]      [326,335]      [326,326]      
Machine 2: job_3_task_0   job_11_task_0  job_1_task_0   job_13_task_1  job_3_task_1   job_14_task_0  job_15_task_3  job_9_task_5   job_9_task_6   job_3_task_3   job_0_task_1   job_4_task_3   job_13_task_4  job_4_task_5   job_4_task_6   job_11_task_8  job_11_task_9  job_13_task_6  job_15_task_7  job_9_task_11  job_6_task_6   job_6_task_7   job_10_task_6  job_14_task_7  job_12_task_6  job_13_task_9  job_14_task_8  job_13_task_10 job_4_task_9   job_0_task_7   job_0_task_8   job_2_task_10  job_6_task_11  job_14_task_10 job_3_task_9   job_15_task_10 job_3_task_10  job_14_task_11 job_9_task_13  job_3_task_12  job_11_task_12 job_14_task_12 job_12_task_12 job_10_task_11 job_14_task_13 job_1_task_12  job_8_task_13  job_6_task_13  job_6_task_14  job_10_task_14 job_14_task_16 job_2_task_16  job_9_task_16  job_15_task_17 job_7_task_13  job_13_task_18 job_0_task_15  job_7_task_16  job_5_task_18  job_0_task_18  
           [0,0]          [0,8]          [8,17]         [8,8]          [17,20]        [20,27]        [27,36]        [36,37]        [37,43]        [43,48]        [48,50]        [50,51]        [51,55]        [55,56]        [56,64]        [89,89]        [89,98]        [98,105]       [105,107]      [107,116]      [116,117]      [117,118]      [118,126]      [126,128]      [128,128]      [128,136]      [136,139]      [139,148]      [148,150]      [150,157]      [157,157]      [159,162]      [163,169]      [169,175]      [175,178]      [178,184]      [184,189]      [189,195]      [195,196]      [196,198]      [198,207]      [207,210]      [210,213]      [213,214]      [214,220]      [221,222]      [222,227]      [227,233]      [233,238]      [238,243]      [243,249]      [255,258]      [263,272]      [283,285]      [288,288]      [298,307]      [307,309]      [309,310]      [310,318]      [319,328]      
Machine 3: job_12_task_0  job_12_task_1  job_6_task_0   job_15_task_1  job_9_task_3   job_11_task_1  job_15_task_2  job_1_task_1   job_2_task_2   job_1_task_3   job_4_task_2   job_9_task_7   job_4_task_4   job_6_task_1   job_0_task_2   job_7_task_2   job_7_task_3   job_15_task_5  job_8_task_0   job_11_task_7  job_13_task_5  job_9_task_10  job_6_task_4   job_3_task_7   job_15_task_8  job_1_task_7   job_5_task_4   job_0_task_6   job_7_task_6   job_4_task_8   job_8_task_6   job_16_task_4  job_5_task_7   job_5_task_8   job_10_task_8  job_12_task_10 job_10_task_10 job_16_task_8  job_3_task_13  job_4_task_12  job_11_task_13 job_1_task_13  job_10_task_13 job_11_task_14 job_4_task_14  job_8_task_15  job_16_task_11 job_6_task_16  job_12_task_14 job_14_task_17 job_14_task_18 job_12_task_16 job_12_task_17 job_2_task_17  job_16_task_14 job_2_task_18  job_16_task_16 job_3_task_14  job_16_task_17 job_5_task_16  job_10_task_17 job_1_task_18  job_10_task_18 
           [0,0]          [0,4]          [4,7]          [7,16]         [16,20]        [20,23]        [23,25]        [25,28]        [28,36]        [36,45]        [45,45]        [45,54]        [54,54]        [54,56]        [56,63]        [63,63]        [63,72]        [72,75]        [75,83]        [83,89]        [89,94]        [94,103]       [103,106]      [106,115]      [115,122]      [122,125]      [125,129]      [129,137]      [137,140]      [140,146]      [151,152]      [155,157]      [177,178]      [178,184]      [184,190]      [198,203]      [203,204]      [204,205]      [205,211]      [211,213]      [213,221]      [222,230]      [230,233]      [233,234]      [234,235]      [235,236]      [236,238]      [238,245]      [245,249]      [249,250]      [250,259]      [259,261]      [261,270]      [270,275]      [275,276]      [276,285]      [285,291]      [291,294]      [294,302]      [302,306]      [321,329]      [329,333]      [329,329]      
Machine 4: job_15_task_0  job_10_task_0  job_2_task_1   job_13_task_3  job_11_task_2  job_11_task_3  job_14_task_1  job_14_task_2  job_3_task_4   job_11_task_5  job_7_task_1   job_15_task_4  job_3_task_5   job_0_task_3   job_12_task_3  job_8_task_2   job_14_task_3  job_6_task_3   job_15_task_6  job_2_task_4   job_13_task_7  job_13_task_8  job_0_task_4   job_12_task_4  job_0_task_5   job_16_task_0  job_4_task_7   job_8_task_4   job_16_task_1  job_12_task_7  job_8_task_5   job_16_task_2  job_2_task_9   job_11_task_10 job_15_task_9  job_5_task_5   job_7_task_9   job_9_task_12  job_8_task_9   job_11_task_11 job_12_task_9  job_4_task_10  job_16_task_7  job_2_task_11  job_8_task_10  job_1_task_10  job_5_task_10  job_6_task_12  job_4_task_13  job_14_task_15 job_16_task_10 job_2_task_12  job_2_task_13  job_12_task_13 job_2_task_14  job_15_task_12 job_5_task_12  job_9_task_15  job_5_task_14  job_7_task_11  job_16_task_13 job_0_task_11  job_13_task_13 job_7_task_12  job_0_task_12  job_3_task_15  job_0_task_13  job_0_task_14  job_8_task_17  job_3_task_17  job_0_task_16  job_0_task_17  job_10_task_16 job_1_task_17  job_4_task_17  job_4_task_18  job_7_task_18  
           [0,5]          [5,12]         [12,19]        [19,27]        [27,33]        [33,38]        [38,41]        [41,50]        [50,56]        [56,61]        [61,63]        [63,66]        [66,75]        [75,80]        [80,88]        [88,88]        [88,92]        [92,96]        [96,105]       [105,106]      [105,105]      [105,105]      [106,112]      [112,116]      [116,125]      [125,129]      [129,137]      [137,138]      [138,140]      [140,144]      [144,151]      [151,153]      [153,159]      [159,166]      [166,174]      [174,177]      [177,184]      [184,191]      [191,191]      [191,197]      [197,198]      [198,201]      [201,204]      [204,210]      [210,211]      [211,215]      [215,218]      [218,224]      [224,233]      [233,233]      [233,235]      [235,238]      [238,238]      [238,239]      [239,248]      [248,253]      [253,255]      [255,263]      [263,265]      [265,272]      [272,273]      [273,277]      [277,285]      [285,288]      [288,296]      [296,297]      [297,299]      [299,300]      [300,309]      [309,317]      [317,318]      [318,319]      [319,321]      [321,326]      [326,328]      [328,332]      [332,335]      
Optimal Schedule Length: 335.0
Total (Unoptimized Schedule Length): 1389
Statistics
  - conflicts: 0
  - branches : 176
  - wall time: 0.17896800000000002s