
 Problem
          task_0   task_1   task_2   task_3   task_4   task_5   task_6   task_7   task_8   task_9  task_10  task_11  task_12  task_13  task_14  task_15  task_16  task_17
job_0    (6, 0)   (4, 4)   (9, 5)   (2, 5)   (7, 2)   (8, 2)   (6, 4)  (12, 6)   (5, 1)   (4, 8)   (5, 6)  (11, 1)   (8, 8)  (11, 9)   (0, 7)   (1, 1)   (7, 1)  (12, 1)
job_1    (6, 3)   (3, 8)   (2, 1)  (13, 3)  (11, 0)  (12, 7)   (5, 9)  (12, 7)   (8, 3)   (9, 7)  (12, 3)   (1, 7)   (2, 2)  (11, 9)   (7, 5)   (5, 1)  (13, 9)   (7, 6)
job_2    (9, 6)   (1, 6)  (11, 5)  (13, 2)   (7, 2)  (10, 8)   (4, 3)  (13, 3)   (8, 5)   (9, 4)  (10, 3)   (0, 0)   (9, 5)   (3, 2)  (12, 1)   (5, 9)   (3, 0)   (9, 5)
job_3    (3, 4)  (13, 5)  (12, 7)   (0, 7)  (10, 2)  (13, 0)   (5, 0)   (9, 8)  (12, 3)  (12, 6)   (5, 2)   (2, 9)   (5, 5)   (6, 1)   (6, 9)   (8, 0)   (3, 1)   (8, 9)
job_4    (5, 7)   (1, 4)   (9, 9)  (13, 4)  (10, 2)   (8, 2)   (4, 5)   (4, 7)   (4, 3)  (10, 1)  (10, 1)   (8, 2)   (6, 6)   (6, 9)   (4, 9)   (4, 3)   (0, 4)   (1, 0)
job_5    (4, 7)   (4, 0)   (6, 7)   (4, 1)   (7, 1)   (7, 6)  (10, 1)  (10, 0)   (0, 8)   (3, 3)  (10, 6)   (1, 8)   (6, 7)   (2, 8)   (1, 9)   (8, 6)   (8, 8)   (8, 5)
job_6    (9, 1)  (12, 9)   (5, 4)   (3, 5)   (0, 5)   (6, 7)   (5, 0)   (8, 5)   (7, 6)   (2, 5)   (5, 3)   (8, 5)   (1, 1)   (4, 9)   (5, 1)   (7, 2)  (12, 1)  (11, 7)
job_7   (10, 4)   (1, 8)   (1, 6)   (7, 4)   (7, 3)  (10, 3)   (6, 2)  (10, 0)   (0, 3)   (2, 1)  (11, 3)   (7, 9)   (5, 9)  (11, 4)  (11, 1)   (6, 8)   (2, 4)   (8, 4)
job_8   (13, 9)  (11, 0)   (5, 1)   (2, 0)   (1, 2)  (10, 3)   (4, 8)  (10, 4)  (13, 5)   (2, 6)   (0, 2)   (8, 1)  (12, 0)   (9, 7)   (7, 5)   (8, 6)  (11, 1)  (13, 0)
job_9    (1, 5)   (4, 4)   (5, 6)   (2, 0)   (6, 1)   (7, 0)   (4, 3)   (7, 4)   (8, 6)   (8, 3)  (11, 9)  (11, 0)  (11, 4)   (3, 3)   (9, 8)  (13, 0)   (5, 2)   (2, 6)
job_10  (10, 5)   (1, 8)  (13, 9)  (11, 5)   (0, 2)   (6, 4)  (11, 4)   (9, 8)   (8, 5)  (10, 3)   (4, 4)   (5, 7)   (3, 7)   (5, 0)   (6, 8)   (9, 9)   (1, 3)   (9, 0)
job_11   (0, 0)   (2, 8)   (1, 7)   (3, 7)   (1, 6)   (8, 2)   (6, 9)   (6, 1)   (4, 1)  (10, 9)   (9, 3)  (12, 5)   (9, 9)   (5, 3)   (2, 6)  (13, 5)   (9, 7)  (11, 7)
job_12  (10, 4)   (0, 9)   (5, 1)   (0, 1)  (11, 9)   (1, 2)   (1, 2)   (4, 6)   (9, 3)  (12, 5)   (9, 7)   (6, 0)  (10, 3)   (2, 8)   (4, 6)   (6, 1)   (1, 1)   (1, 5)
job_13   (7, 1)   (8, 2)  (10, 4)   (9, 7)   (0, 0)  (12, 9)  (10, 8)   (4, 9)   (2, 1)   (7, 3)   (8, 2)  (12, 2)   (3, 1)   (6, 0)   (8, 3)   (1, 9)  (12, 5)   (5, 8)
job_14   (6, 3)  (10, 3)   (2, 9)  (11, 7)   (8, 9)   (9, 1)   (8, 2)   (3, 5)   (1, 6)   (7, 6)  (10, 8)  (11, 2)   (5, 9)   (9, 3)   (8, 6)   (3, 9)   (4, 9)   (2, 9)
job_15   (4, 3)  (13, 0)   (9, 9)  (12, 0)   (1, 3)   (7, 2)   (8, 2)   (4, 7)   (9, 7)   (8, 5)  (11, 3)   (0, 5)   (8, 3)   (3, 1)  (12, 6)   (4, 6)   (5, 2)   (1, 9)
job_16   (2, 3)  (12, 6)   (3, 0)   (7, 0)   (5, 1)   (8, 2)   (1, 4)  (12, 3)   (7, 5)  (10, 4)   (1, 0)   (5, 5)  (10, 7)   (6, 0)   (4, 3)   (3, 3)   (1, 7)   (5, 4)
job_17  (11, 3)   (8, 2)  (13, 4)   (0, 7)   (9, 2)   (9, 5)  (13, 8)   (4, 5)   (4, 5)   (9, 8)   (8, 0)   (2, 2)  (13, 6)   (7, 0)  (13, 4)   (2, 5)   (7, 2)   (4, 4)

Solution:
Machine 0: job_11_task_0  job_12_task_1  job_12_task_3  job_3_task_3   job_13_task_4  job_17_task_3  job_5_task_8   job_10_task_4  job_6_task_4   job_8_task_10  job_15_task_11 job_7_task_8   job_2_task_11  job_0_task_14  job_4_task_16  
           [0,0]          [11,20]        [22,23]        [23,30]        [23,23]        [30,37]        [37,45]        [48,50]        [50,55]        [60,62]        [84,89]        [101,104]      [115,115]      [121,128]      [149,153]      
Machine 1: job_7_task_1   job_9_task_0   job_15_task_4  job_4_task_1   job_8_task_4   job_10_task_1  job_11_task_2  job_12_task_5  job_12_task_6  job_16_task_6  job_14_task_8  job_11_task_4  job_2_task_1   job_5_task_11  job_7_task_2   job_1_task_11  job_13_task_15 job_5_task_14  job_16_task_10 job_6_task_12  job_15_task_17 job_0_task_15  job_12_task_16 job_12_task_17 job_16_task_16 job_10_task_16 job_4_task_17  
           [4,12]         [12,17]        [17,20]        [20,24]        [24,26]        [26,34]        [34,41]        [41,43]        [43,45]        [45,49]        [49,55]        [55,61]        [61,67]        [67,75]        [75,81]        [81,88]        [88,97]        [97,106]       [106,106]      [110,111]      [118,127]      [134,135]      [136,137]      [137,142]      [142,149]      [149,152]      [153,153]      
Machine 2: job_14_task_2  job_16_task_0  job_1_task_2   job_8_task_3   job_11_task_1  job_0_task_3   job_9_task_3   job_13_task_8  job_8_task_9   job_3_task_11  job_6_task_9   job_5_task_13  job_1_task_12  job_7_task_9   job_11_task_14 job_12_task_13 job_9_task_17  job_17_task_11 job_14_task_17 job_17_task_15 job_7_task_16  
           [7,16]         [16,19]        [20,21]        [24,24]        [24,32]        [32,37]        [32,32]        [53,54]        [54,60]        [70,79]        [79,84]        [84,92]        [92,94]        [104,105]      [105,111]      [111,119]      [119,125]      [127,129]      [129,138]      [140,145]      [145,149]      
Machine 3: job_3_task_0   job_1_task_1   job_6_task_3   job_16_task_2  job_14_task_7  job_11_task_3  job_5_task_9   job_13_task_12 job_9_task_13  job_15_task_13 job_3_task_16  job_14_task_15 job_10_task_12 job_2_task_13  job_16_task_15 job_2_task_16  
           [0,4]          [6,14]         [21,26]        [38,38]        [43,48]        [48,55]        [55,58]        [69,70]        [71,74]        [93,94]        [99,100]       [100,109]      [111,118]      [133,135]      [136,139]      [148,148]      
Machine 4: job_15_task_0  job_5_task_0   job_0_task_1   job_5_task_1   job_5_task_3   job_9_task_1   job_15_task_7  job_9_task_6   job_8_task_6   job_13_task_7  job_12_task_7  job_0_task_9   job_17_task_7  job_11_task_8  job_17_task_8  job_4_task_6   job_4_task_7   job_4_task_8   job_2_task_6   job_10_task_10 job_15_task_15 job_14_task_16 job_6_task_13  job_12_task_14 job_16_task_14 job_4_task_14  job_4_task_15  job_17_task_17 
           [0,3]          [3,10]         [10,14]        [10,10]        [17,18]        [18,22]        [24,31]        [33,36]        [36,44]        [44,53]        [53,59]        [60,68]        [68,73]        [73,74]        [74,79]        [79,84]        [84,91]        [91,94]        [94,97]        [97,101]       [103,109]      [109,118]      [118,127]      [127,133]      [133,136]      [137,146]      [146,149]      [149,153]      
Machine 5: job_4_task_0   job_6_task_2   job_12_task_2  job_8_task_2   job_9_task_2   job_3_task_6   job_16_task_4  job_1_task_6   job_0_task_8   job_6_task_6   job_3_task_10  job_0_task_10  job_14_task_12 job_3_task_12  job_6_task_10  job_9_task_16  job_11_task_13 job_10_task_11 job_16_task_11 job_15_task_16 job_10_task_13 job_1_task_15  job_7_task_12  job_13_task_17 job_6_task_14  job_2_task_15  job_16_task_17 
           [0,7]          [17,21]        [21,22]        [23,24]        [24,30]        [35,35]        [39,40]        [45,54]        [54,55]        [62,62]        [67,69]        [69,75]        [75,84]        [84,89]        [89,92]        [92,94]        [101,104]      [104,111]      [111,116]      [116,118]      [118,118]      [120,121]      [121,130]      [130,138]      [138,139]      [139,148]      [149,153]      
Machine 6: job_0_task_0   job_14_task_0  job_1_task_0   job_5_task_2   job_9_task_4   job_0_task_6   job_10_task_5  job_6_task_5   job_11_task_6  job_11_task_7  job_13_task_13 job_5_task_12  job_3_task_13  job_3_task_14  job_7_task_6   job_12_task_11 job_4_task_12  job_4_task_13  job_10_task_14 job_16_task_13 job_12_task_15 job_7_task_15  
           [0,0]          [0,3]          [3,6]          [10,17]        [32,33]        [41,45]        [50,54]        [55,62]        [63,72]        [72,73]        [72,72]        [75,82]        [89,90]        [90,99]        [99,101]       [108,108]      [112,118]      [118,127]      [127,135]      [127,127]      [135,136]      [136,144]      
Machine 7: job_13_task_0  job_5_task_4   job_15_task_5  job_5_task_5   job_9_task_5   job_0_task_4   job_9_task_7   job_16_task_3  job_13_task_9  job_14_task_9  job_6_task_8   job_16_task_8  job_2_task_4   job_7_task_3   job_7_task_4   job_1_task_14  job_7_task_11  job_8_task_14  job_1_task_17  job_0_task_16  job_17_task_13 job_6_task_15  job_17_task_16 
           [0,1]          [18,19]        [20,22]        [22,28]        [33,33]        [37,39]        [39,43]        [39,39]        [54,57]        [57,63]        [71,77]        [77,82]        [83,85]        [85,89]        [89,92]        [104,109]      [109,118]      [119,124]      [130,136]      [136,137]      [136,136]      [139,141]      [145,147]      
Machine 8: job_13_task_1  job_17_task_1  job_15_task_6  job_14_task_4  job_0_task_5   job_14_task_6  job_16_task_5  job_9_task_8   job_9_task_9   job_15_task_9  job_13_task_10 job_11_task_5  job_1_task_8   job_6_task_7   job_8_task_11  job_13_task_14 job_4_task_5   job_10_task_8  job_0_task_12  job_15_task_12 job_14_task_14 job_3_task_15  job_2_task_8   job_6_task_11  job_4_task_11  job_5_task_15  job_5_task_16  job_8_task_15  job_17_task_10 job_3_task_17  job_5_task_17  job_7_task_17  
           [1,3]          [3,5]          [22,24]        [24,33]        [39,41]        [41,43]        [43,45]        [45,51]        [51,54]        [54,59]        [59,61]        [61,63]        [63,66]        [66,71]        [71,72]        [72,75]        [75,77]        [77,82]        [82,90]        [90,93]        [93,99]        [99,99]        [100,105]      [105,110]      [110,112]      [112,118]      [118,126]      [127,133]      [127,127]      [135,144]      [144,149]      [149,153]      
Machine 9: job_2_task_0   job_6_task_0   job_15_task_2  job_13_task_3  job_0_task_2   job_4_task_2   job_14_task_5  job_3_task_7   job_15_task_8  job_17_task_4  job_17_task_5  job_10_task_7  job_1_task_9   job_9_task_14  job_11_task_10 job_14_task_13 job_12_task_8  job_11_task_12 job_12_task_10 job_2_task_9   job_8_task_13  job_17_task_9  job_2_task_12  job_11_task_16 job_10_task_15 job_2_task_17  job_10_task_17 
           [0,6]          [6,7]          [7,16]         [16,23]        [23,28]        [28,37]        [37,38]        [38,46]        [46,53]        [53,55]        [55,60]        [60,68]        [68,75]        [75,83]        [83,86]        [86,89]        [89,92]        [92,101]       [101,108]      [108,112]      [112,119]      [119,127]      [127,132]      [132,139]      [139,148]      [148,153]      [153,153]      
Machine 10: job_7_task_0   job_14_task_1  job_12_task_0  job_13_task_2  job_10_task_0  job_5_task_6   job_5_task_7   job_3_task_4   job_8_task_5   job_13_task_6  job_8_task_7   job_5_task_10  job_14_task_10 job_4_task_4   job_11_task_9  job_10_task_9  job_2_task_5   job_7_task_5   job_16_task_9  job_7_task_7   job_4_task_9   job_4_task_10  job_12_task_12 job_2_task_10  job_16_task_12 
           [0,4]          [4,7]          [7,11]         [11,15]        [15,20]        [28,29]        [29,29]        [30,32]        [32,35]        [35,43]        [44,48]        [58,64]        [64,72]        [72,74]        [74,83]        [83,86]        [86,94]        [94,97]        [97,101]       [101,101]      [106,107]      [107,108]      [108,111]      [112,115]      [116,123]      
Machine 11: job_17_task_0  job_14_task_3  job_8_task_1   job_12_task_4  job_1_task_4   job_10_task_3  job_10_task_6  job_9_task_10  job_9_task_11  job_9_task_12  job_14_task_11 job_0_task_11  job_2_task_2   job_15_task_10 job_1_task_13  job_7_task_10  job_0_task_13  job_7_task_13  job_7_task_14  job_8_task_16  job_11_task_17 job_6_task_17  
           [0,3]          [16,23]        [23,23]        [23,32]        [32,32]        [43,48]        [54,58]        [58,67]        [67,67]        [67,71]        [72,74]        [75,76]        [76,81]        [81,84]        [95,104]       [105,108]      [112,121]      [130,134]      [134,135]      [135,136]      [139,146]      [146,153]      
Machine 12: job_6_task_1   job_3_task_2   job_15_task_3  job_13_task_5  job_16_task_1  job_1_task_5   job_0_task_7   job_3_task_8   job_1_task_7   job_3_task_9   job_13_task_11 job_16_task_7  job_8_task_12  job_1_task_10  job_11_task_11 job_12_task_9  job_15_task_14 job_13_task_16 job_2_task_14  job_0_task_17  job_6_task_16  
           [7,16]         [16,23]        [16,16]        [23,32]        [32,38]        [38,45]        [45,51]        [51,54]        [54,61]        [61,67]        [67,69]        [69,72]        [72,72]        [75,78]        [86,91]        [92,97]        [97,103]       [103,108]      [135,136]      [137,138]      [141,142]      
Machine 13: job_15_task_1  job_17_task_2  job_3_task_1   job_8_task_0   job_1_task_3   job_3_task_5   job_10_task_2  job_8_task_8   job_17_task_6  job_4_task_3   job_2_task_3   job_9_task_15  job_2_task_7   job_11_task_15 job_1_task_16  job_17_task_12 job_8_task_17  job_17_task_14 
           [4,4]          [5,9]          [9,14]         [14,23]        [23,26]        [32,32]        [34,43]        [48,53]        [60,68]        [68,72]        [81,83]        [83,83]        [97,100]       [111,116]      [121,130]      [130,136]      [136,136]      [136,140]      
Optimal Schedule Length: 153.0
Total (Unoptimized Schedule Length): 1394
Statistics
  - conflicts: 0
  - branches : 35
  - wall time: 0.528784s