
Problem
         task_0   task_1   task_2  task_3   task_4   task_5   task_6   task_7   task_8   task_9  task_10  task_11  task_12  task_13 task_14  task_15 task_16  task_17
job_0    (5, 6)   (2, 8)   (4, 8)  (5, 9)   (4, 1)   (0, 9)   (4, 9)   (0, 1)   (2, 6)   (1, 7)   (1, 7)   (2, 2)   (0, 6)   (6, 8)  (5, 6)   (5, 8)  (1, 7)   (0, 2)
job_1    (4, 2)   (2, 1)   (5, 8)  (0, 9)  (5, 10)   (5, 2)   (4, 4)   (2, 6)   (5, 6)   (4, 5)  (6, 10)   (5, 3)   (2, 5)   (6, 4)  (6, 6)   (0, 2)  (6, 2)   (6, 3)
job_2    (0, 2)   (0, 3)  (6, 10)  (1, 6)   (1, 4)   (1, 2)   (5, 7)   (4, 2)   (3, 7)  (4, 10)   (6, 8)   (1, 2)   (4, 3)   (4, 3)  (6, 6)   (5, 7)  (2, 3)   (5, 5)
job_3    (2, 4)   (5, 8)   (5, 5)  (5, 9)   (0, 8)   (6, 6)   (6, 6)   (5, 9)   (4, 1)   (4, 7)   (2, 9)  (0, 10)   (5, 1)   (4, 7)  (5, 9)   (2, 3)  (2, 6)   (2, 6)
job_4    (6, 5)   (0, 9)   (3, 5)  (2, 5)   (4, 3)   (1, 1)   (5, 2)   (5, 2)   (4, 6)   (2, 6)   (5, 1)   (4, 3)   (2, 8)   (2, 1)  (3, 3)   (5, 3)  (1, 5)   (5, 6)
job_5   (3, 10)  (3, 10)   (2, 4)  (2, 3)   (6, 3)   (4, 8)   (4, 2)   (6, 4)   (4, 2)  (0, 10)   (3, 6)   (3, 2)   (1, 3)   (2, 9)  (4, 5)   (0, 6)  (0, 1)   (1, 9)
job_6    (5, 1)   (0, 2)   (6, 6)  (2, 3)   (6, 8)   (1, 2)   (0, 2)   (4, 6)   (2, 1)   (6, 3)   (0, 6)   (1, 4)   (6, 9)   (6, 5)  (2, 1)   (0, 6)  (2, 7)   (6, 3)
job_7   (5, 10)   (2, 9)   (1, 5)  (4, 4)   (4, 6)   (0, 2)  (4, 10)   (3, 7)   (1, 2)   (4, 6)   (1, 6)   (5, 4)   (6, 5)   (0, 6)  (4, 4)   (6, 6)  (3, 9)  (3, 10)
job_8    (2, 7)   (4, 6)   (3, 3)  (2, 4)   (2, 9)   (6, 5)   (2, 1)   (6, 9)   (5, 6)   (4, 8)   (2, 3)  (5, 10)  (6, 10)   (0, 7)  (2, 1)   (4, 6)  (3, 1)  (1, 10)
job_9    (1, 3)   (6, 4)   (2, 3)  (2, 1)   (2, 5)  (2, 10)   (5, 3)   (2, 3)   (0, 1)   (1, 4)   (2, 6)   (1, 2)   (4, 6)   (5, 4)  (4, 1)   (0, 4)  (5, 8)   (1, 4)
job_10   (3, 3)   (6, 5)   (6, 4)  (3, 4)   (6, 3)   (6, 2)   (3, 5)   (2, 4)   (2, 2)   (6, 6)   (4, 8)   (1, 1)   (1, 2)  (1, 10)  (3, 6)   (0, 1)  (2, 3)   (3, 1)
job_11   (5, 9)   (6, 5)   (5, 9)  (4, 3)   (3, 9)  (5, 10)   (3, 6)   (4, 7)  (6, 10)   (0, 8)   (0, 9)   (6, 6)   (1, 7)   (2, 5)  (1, 4)   (5, 5)  (4, 4)   (0, 9)
job_12   (6, 9)   (3, 7)   (2, 5)  (1, 1)   (0, 9)   (6, 1)   (1, 7)   (0, 9)   (4, 7)   (3, 1)   (6, 9)   (4, 4)   (2, 9)   (1, 2)  (1, 1)   (4, 5)  (5, 3)   (1, 2)
job_13  (4, 10)   (5, 1)   (0, 6)  (3, 8)   (0, 4)  (2, 10)   (1, 9)   (4, 1)   (2, 4)   (2, 9)   (6, 9)   (1, 4)   (1, 8)  (1, 10)  (5, 8)  (6, 10)  (1, 1)   (6, 9)
job_14   (6, 7)   (5, 3)   (2, 3)  (0, 5)  (6, 10)   (3, 6)   (0, 1)   (6, 3)   (0, 9)   (0, 8)   (2, 2)   (2, 7)   (1, 4)   (5, 2)  (2, 7)   (3, 9)  (5, 3)   (6, 9)
job_15  (5, 10)   (6, 4)   (1, 9)  (2, 6)   (6, 1)   (5, 9)   (4, 3)   (5, 5)   (2, 7)   (2, 9)   (3, 6)  (3, 10)   (0, 7)   (3, 6)  (1, 7)   (1, 8)  (6, 9)   (1, 3)
job_16   (4, 6)   (0, 2)   (5, 9)  (2, 4)   (3, 2)   (2, 7)   (0, 2)   (0, 2)   (4, 1)   (3, 5)   (0, 3)   (2, 3)   (4, 6)   (1, 8)  (4, 7)  (3, 10)  (0, 5)   (5, 3)
job_17   (4, 8)   (3, 4)  (1, 10)  (1, 1)   (6, 5)  (6, 10)  (5, 10)   (5, 5)   (2, 4)   (2, 4)   (1, 8)  (4, 10)   (1, 1)   (6, 3)  (1, 6)   (1, 5)  (0, 9)   (1, 7)
job_18   (4, 1)   (2, 8)   (3, 3)  (6, 3)   (2, 5)  (4, 10)   (2, 3)  (0, 10)   (4, 7)   (0, 9)   (3, 1)   (3, 9)   (5, 7)   (0, 3)  (0, 5)   (5, 5)  (4, 5)   (5, 8)
job_19   (5, 2)   (6, 1)  (5, 10)  (5, 3)  (4, 10)   (0, 4)   (3, 6)   (6, 5)   (4, 5)   (1, 9)   (3, 7)   (1, 1)   (5, 9)   (5, 9)  (4, 7)  (1, 10)  (2, 8)   (6, 5)


Solution:
Machine 0: job_2_task_0   job_2_task_1   job_13_task_2  job_16_task_1  job_13_task_4  job_4_task_1   job_12_task_4  job_14_task_3  job_5_task_9   job_19_task_5  job_3_task_4   job_12_task_7  job_18_task_7  job_0_task_5   job_14_task_6  job_18_task_9  job_0_task_7   job_1_task_3   job_6_task_1   job_7_task_5   job_11_task_9  job_14_task_8  job_16_task_6  job_16_task_7  job_14_task_9  job_6_task_6   job_11_task_10 job_0_task_12  job_15_task_12 job_16_task_10 job_3_task_11  job_9_task_8   job_6_task_10  job_8_task_13  job_7_task_13  job_18_task_13 job_18_task_14 job_6_task_15  job_17_task_16 job_9_task_15  job_5_task_15  job_5_task_16  job_11_task_17 job_16_task_16 job_1_task_15  job_10_task_15 job_0_task_17  
           [0,2]          [2,5]          [16,22]        [28,30]        [35,39]        [40,49]        [49,58]        [58,63]        [63,73]        [73,77]        [77,85]        [85,94]        [94,104]       [104,113]      [113,114]      [114,123]      [123,124]      [124,133]      [136,138]      [140,142]      [142,150]      [150,159]      [161,163]      [163,165]      [165,173]      [173,175]      [175,184]      [184,190]      [190,197]      [197,200]      [200,210]      [210,211]      [211,217]      [225,232]      [232,238]      [238,241]      [241,246]      [258,264]      [283,292]      [292,296]      [296,302]      [302,303]      [303,312]      [312,317]      [317,319]      [319,320]      [320,322]      
Machine 1: job_9_task_0   job_2_task_3   job_2_task_4   job_12_task_3  job_2_task_5   job_13_task_6  job_12_task_6  job_15_task_2  job_17_task_2  job_17_task_3  job_19_task_9  job_5_task_12  job_19_task_11 job_7_task_2   job_0_task_9   job_0_task_10  job_13_task_11 job_7_task_8   job_13_task_12 job_6_task_5   job_7_task_10  job_4_task_5   job_13_task_13 job_17_task_10 job_11_task_12 job_15_task_14 job_9_task_9   job_2_task_11  job_6_task_11  job_14_task_12 job_17_task_12 job_15_task_15 job_16_task_13 job_9_task_11  job_19_task_15 job_10_task_11 job_11_task_14 job_10_task_12 job_10_task_13 job_17_task_14 job_17_task_15 job_15_task_17 job_13_task_16 job_12_task_13 job_0_task_16  job_12_task_14 job_4_task_16  job_17_task_17 job_8_task_17  job_5_task_17  job_9_task_17  job_12_task_17 
           [0,3]          [32,38]        [38,42]        [42,43]        [43,45]        [52,61]        [63,70]        [70,79]        [79,89]        [89,90]        [104,113]      [113,116]      [120,121]      [125,130]      [131,138]      [138,145]      [157,161]      [161,163]      [163,171]      [171,173]      [173,179]      [179,180]      [180,190]      [190,198]      [198,205]      [205,212]      [212,216]      [216,218]      [218,222]      [222,226]      [226,227]      [227,235]      [235,243]      [243,245]      [245,255]      [255,256]      [256,260]      [260,262]      [262,272]      [272,278]      [278,283]      [283,286]      [286,287]      [288,290]      [290,297]      [297,298]      [298,303]      [303,310]      [310,320]      [320,329]      [329,333]      [333,335]      
Machine 2: job_3_task_0   job_0_task_1   job_18_task_1  job_5_task_2   job_1_task_1   job_5_task_3   job_12_task_2  job_8_task_0   job_13_task_5  job_14_task_2  job_8_task_3   job_9_task_2   job_18_task_4  job_13_task_8  job_8_task_4   job_9_task_3   job_18_task_6  job_15_task_3  job_8_task_6   job_9_task_4   job_9_task_5   job_13_task_9  job_7_task_1   job_0_task_8   job_15_task_8  job_16_task_3  job_15_task_9  job_6_task_3   job_16_task_5  job_4_task_3   job_3_task_10  job_0_task_11  job_17_task_8  job_17_task_9  job_6_task_8   job_10_task_7  job_1_task_7   job_14_task_10 job_10_task_8  job_8_task_10  job_9_task_7   job_16_task_11 job_14_task_11 job_9_task_10  job_5_task_13  job_4_task_9   job_11_task_13 job_14_task_14 job_8_task_14  job_1_task_12  job_6_task_14  job_4_task_12  job_4_task_13  job_3_task_15  job_19_task_16 job_12_task_12 job_3_task_16  job_3_task_17  job_2_task_16  job_6_task_16  job_10_task_16 
           [0,4]          [6,14]         [14,22]        [22,26]        [26,27]        [27,30]        [30,35]        [35,42]        [42,52]        [52,55]        [55,59]        [59,62]        [62,67]        [67,71]        [71,80]        [80,81]        [82,85]        [85,91]        [91,92]        [92,97]        [97,107]       [107,116]      [116,125]      [125,131]      [131,138]      [138,142]      [142,151]      [151,154]      [154,161]      [161,166]      [166,175]      [175,177]      [177,181]      [181,185]      [185,186]      [186,190]      [190,196]      [196,198]      [198,200]      [200,203]      [203,206]      [206,209]      [209,216]      [216,222]      [222,231]      [231,237]      [237,242]      [242,249]      [249,250]      [252,257]      [257,258]      [259,267]      [267,268]      [268,271]      [271,279]      [279,288]      [288,294]      [294,300]      [302,305]      [305,312]      [320,323]      
Machine 3: job_5_task_0   job_5_task_1   job_12_task_1  job_13_task_3  job_11_task_4  job_18_task_2  job_10_task_0  job_8_task_2   job_4_task_2   job_10_task_3  job_17_task_1  job_10_task_6  job_19_task_6  job_11_task_6  job_14_task_5  job_5_task_10  job_5_task_11  job_19_task_10 job_18_task_10 job_18_task_11 job_12_task_9  job_16_task_4  job_7_task_7   job_15_task_10 job_15_task_11 job_2_task_8   job_16_task_9  job_15_task_13 job_14_task_15 job_4_task_14  job_7_task_16  job_10_task_14 job_16_task_15 job_7_task_17  job_8_task_16  job_10_task_17 
           [0,10]         [10,20]        [20,27]        [27,35]        [35,44]        [44,47]        [47,50]        [51,54]        [54,59]        [59,63]        [63,67]        [72,77]        [77,83]        [85,91]        [91,97]        [97,103]       [103,105]      [113,120]      [123,124]      [124,133]      [133,134]      [142,144]      [152,159]      [159,165]      [165,175]      [175,182]      [182,187]      [197,203]      [249,258]      [268,271]      [272,281]      [281,287]      [287,297]      [297,307]      [307,308]      [323,324]      
Machine 4: job_13_task_0  job_18_task_0  job_1_task_0   job_0_task_2   job_16_task_0  job_11_task_3  job_5_task_5   job_5_task_6   job_8_task_1   job_17_task_0  job_5_task_8   job_13_task_7  job_19_task_4  job_18_task_5  job_11_task_7  job_0_task_4   job_19_task_8  job_15_task_6  job_18_task_8  job_0_task_6   job_12_task_8  job_7_task_3   job_7_task_4   job_7_task_6   job_3_task_8   job_3_task_9   job_7_task_9   job_16_task_8  job_2_task_7   job_4_task_4   job_6_task_7   job_1_task_6   job_8_task_9   job_2_task_9   job_17_task_11 job_4_task_8   job_1_task_9   job_16_task_12 job_19_task_14 job_10_task_10 job_3_task_13  job_4_task_11  job_7_task_14  job_2_task_12  job_9_task_12  job_12_task_11 job_16_task_14 job_2_task_13  job_5_task_14  job_9_task_14  job_8_task_15  job_11_task_16 job_18_task_16 job_12_task_15 
           [0,10]         [10,11]        [11,13]        [14,22]        [22,28]        [30,33]        [35,43]        [43,45]        [45,51]        [51,59]        [59,61]        [61,62]        [62,72]        [72,82]        [91,98]        [98,99]        [99,104]       [104,107]      [107,114]      [114,123]      [123,130]      [130,134]      [134,140]      [142,152]      [155,156]      [156,163]      [163,169]      [169,170]      [172,174]      [174,177]      [177,183]      [185,189]      [189,197]      [197,207]      [207,217]      [217,223]      [223,228]      [228,234]      [234,241]      [241,249]      [249,256]      [256,259]      [259,263]      [263,266]      [266,272]      [272,276]      [276,283]      [283,286]      [286,291]      [291,292]      [292,298]      [298,302]      [302,307]      [307,312]      
Machine 5: job_0_task_0   job_11_task_0  job_13_task_1  job_14_task_1  job_19_task_0  job_11_task_2  job_3_task_1   job_19_task_2  job_3_task_2   job_19_task_3  job_15_task_0  job_3_task_3   job_11_task_5  job_0_task_3   job_15_task_5  job_7_task_0   job_1_task_2   job_15_task_7  job_16_task_2  job_6_task_0   job_17_task_6  job_3_task_7   job_1_task_4   job_2_task_6   job_17_task_7  job_8_task_8   job_1_task_5   job_19_task_12 job_4_task_6   job_9_task_6   job_1_task_8   job_8_task_11  job_4_task_7   job_7_task_11  job_19_task_13 job_18_task_12 job_3_task_12  job_4_task_10  job_14_task_13 job_13_task_14 job_1_task_11  job_18_task_15 job_3_task_14  job_0_task_14  job_9_task_13  job_11_task_15 job_0_task_15  job_4_task_15  job_14_task_16 job_2_task_15  job_9_task_16  job_18_task_17 job_4_task_17  job_12_task_16 job_2_task_17  job_16_task_17 
           [0,6]          [6,15]         [15,16]        [16,19]        [19,21]        [21,30]        [30,38]        [38,48]        [48,53]        [53,56]        [56,66]        [66,75]        [75,85]        [85,94]        [94,103]       [103,113]      [113,121]      [121,126]      [126,135]      [135,136]      [136,146]      [146,155]      [155,165]      [165,172]      [172,177]      [177,183]      [183,185]      [185,194]      [194,196]      [196,199]      [199,205]      [205,215]      [215,217]      [217,221]      [221,230]      [230,237]      [237,238]      [238,239]      [239,241]      [241,249]      [249,252]      [252,257]      [257,266]      [266,272]      [272,276]      [276,281]      [281,289]      [289,292]      [292,295]      [295,302]      [302,310]      [310,318]      [318,324]      [324,327]      [327,332]      [332,335]      
Machine 6: job_14_task_0  job_12_task_0  job_11_task_1  job_19_task_1  job_2_task_2   job_5_task_4   job_4_task_0   job_9_task_1   job_5_task_7   job_10_task_1  job_10_task_2  job_18_task_3  job_12_task_5  job_10_task_4  job_15_task_1  job_10_task_5  job_14_task_4  job_8_task_5   job_3_task_5   job_15_task_4  job_19_task_7  job_3_task_6   job_17_task_4  job_17_task_5  job_8_task_7   job_11_task_8  job_6_task_2   job_14_task_7  job_13_task_10 job_6_task_4   job_12_task_10 job_11_task_11 job_6_task_9   job_0_task_13  job_10_task_9  job_2_task_10  job_8_task_12  job_7_task_12  job_1_task_10  job_6_task_12  job_17_task_13 job_6_task_13  job_15_task_16 job_7_task_15  job_13_task_15 job_1_task_13  job_2_task_14  job_1_task_14  job_13_task_17 job_14_task_17 job_19_task_17 job_1_task_16  job_6_task_17  job_1_task_17  
           [0,7]          [7,16]         [16,21]        [21,22]        [22,32]        [32,35]        [35,40]        [42,46]        [46,50]        [50,55]        [55,59]        [59,62]        [62,63]        [63,66]        [66,70]        [70,72]        [72,82]        [82,87]        [87,93]        [93,94]        [94,99]        [99,105]       [105,110]      [110,120]      [120,129]      [129,139]      [139,145]      [145,148]      [148,157]      [157,165]      [165,174]      [184,190]      [190,193]      [193,201]      [201,207]      [207,215]      [215,225]      [225,230]      [230,240]      [240,249]      [249,252]      [252,257]      [257,266]      [266,272]      [272,282]      [282,286]      [286,292]      [292,298]      [298,307]      [307,316]      [316,321]      [321,323]      [323,326]      [326,329]      
Optimal Schedule Length: 335.0
Total (Unoptimized Schedule Length): 1969
Statistics
  - conflicts: 0
  - branches : 41
  - wall time: 0.49746313300000006s