
Problem
         task_0   task_1   task_2   task_3   task_4   task_5   task_6  task_7  task_8   task_9  task_10  task_11 task_12  task_13 task_14  task_15 task_16  task_17
job_0    (2, 9)   (4, 9)   (7, 9)   (6, 2)   (3, 8)   (1, 2)   (5, 2)  (3, 9)  (2, 9)  (5, 10)   (7, 8)  (7, 10)  (4, 4)   (2, 9)  (0, 3)   (3, 3)  (7, 1)   (5, 1)
job_1    (5, 7)   (3, 4)   (3, 4)  (7, 10)   (3, 6)   (7, 3)   (3, 5)  (7, 1)  (7, 2)   (3, 6)   (2, 6)   (0, 1)  (5, 1)   (3, 8)  (4, 6)  (1, 10)  (6, 7)  (4, 10)
job_2    (5, 8)   (0, 8)   (3, 7)   (4, 7)   (1, 5)   (5, 5)   (5, 9)  (0, 8)  (2, 2)   (3, 8)   (0, 5)   (1, 5)  (1, 6)   (4, 5)  (1, 2)   (0, 7)  (0, 9)   (5, 6)
job_3    (0, 7)   (2, 4)   (3, 3)   (0, 7)   (0, 8)   (0, 8)   (2, 7)  (2, 2)  (0, 9)   (6, 8)   (6, 5)   (5, 7)  (1, 7)   (6, 4)  (4, 7)   (1, 2)  (1, 1)   (7, 1)
job_4   (4, 10)   (3, 2)   (0, 5)   (2, 3)   (3, 1)  (5, 10)  (1, 10)  (3, 9)  (5, 5)   (2, 8)   (2, 9)   (3, 4)  (4, 9)   (4, 5)  (2, 6)   (2, 9)  (2, 7)   (1, 3)
job_5    (4, 2)   (6, 7)   (0, 9)   (1, 9)   (7, 4)   (6, 9)   (2, 6)  (4, 3)  (7, 4)   (4, 3)   (6, 8)   (5, 5)  (5, 9)   (6, 1)  (7, 8)   (2, 1)  (7, 4)   (0, 8)
job_6    (2, 8)   (5, 3)   (0, 9)   (5, 4)  (5, 10)   (5, 7)   (4, 5)  (3, 7)  (3, 9)  (5, 10)   (5, 5)   (1, 2)  (7, 4)   (3, 9)  (0, 3)   (0, 5)  (4, 3)   (5, 6)
job_7    (4, 4)   (5, 7)   (3, 2)   (7, 2)   (4, 6)   (7, 1)   (0, 4)  (5, 4)  (7, 3)   (1, 6)   (4, 7)   (4, 2)  (3, 9)   (5, 9)  (5, 1)   (7, 3)  (5, 6)   (0, 7)
job_8    (1, 5)   (7, 5)   (3, 9)   (5, 2)   (6, 1)   (0, 5)   (0, 2)  (5, 7)  (5, 2)   (5, 4)   (0, 1)   (1, 9)  (7, 1)  (6, 10)  (2, 5)   (6, 4)  (1, 4)   (4, 2)
job_9    (5, 4)   (1, 2)   (4, 7)   (5, 5)   (7, 3)  (2, 10)   (1, 7)  (0, 4)  (5, 7)   (0, 8)   (7, 8)   (2, 3)  (5, 8)   (6, 4)  (4, 6)   (4, 5)  (3, 1)   (6, 3)
job_10   (5, 1)   (0, 1)   (2, 6)   (0, 7)  (4, 10)   (0, 8)   (2, 5)  (5, 5)  (0, 9)   (3, 7)   (2, 1)   (5, 5)  (7, 6)   (5, 4)  (1, 3)  (2, 10)  (0, 8)   (5, 4)
job_11   (3, 8)   (7, 8)   (2, 4)   (6, 3)   (6, 7)   (2, 9)   (3, 4)  (2, 4)  (2, 3)  (0, 10)   (4, 4)   (4, 7)  (0, 3)   (4, 4)  (2, 6)   (1, 9)  (2, 3)   (5, 3)
job_12   (5, 3)   (6, 1)  (0, 10)   (7, 7)   (4, 8)   (7, 1)  (7, 10)  (1, 4)  (0, 6)   (2, 7)   (7, 8)  (6, 10)  (2, 7)  (4, 10)  (5, 5)   (3, 6)  (1, 7)   (4, 8)
job_13   (1, 9)  (6, 10)   (3, 6)   (7, 2)  (1, 10)   (1, 6)   (3, 8)  (0, 3)  (4, 8)   (6, 6)  (2, 10)   (2, 3)  (7, 1)   (1, 1)  (6, 3)   (3, 8)  (2, 5)   (2, 7)
job_14   (7, 3)   (3, 9)   (0, 7)   (3, 8)   (1, 4)   (4, 6)  (6, 10)  (0, 2)  (1, 1)   (6, 2)   (0, 7)   (0, 4)  (4, 4)   (6, 8)  (6, 2)   (3, 2)  (4, 3)   (0, 5)


Solution:
Machine 0: job_3_task_0   job_12_task_2  job_2_task_1   job_4_task_2   job_10_task_1  job_6_task_2   job_10_task_3  job_5_task_2   job_3_task_3   job_10_task_5  job_14_task_2  job_12_task_8  job_3_task_4   job_3_task_5   job_7_task_6   job_2_task_7   job_10_task_8  job_13_task_7  job_9_task_7   job_11_task_9  job_3_task_8   job_8_task_5   job_8_task_6   job_9_task_9   job_2_task_10  job_1_task_11  job_14_task_7  job_11_task_12 job_8_task_10  job_5_task_17  job_0_task_14  job_14_task_10 job_14_task_11 job_6_task_14  job_6_task_15  job_2_task_15  job_2_task_16  job_10_task_16 job_7_task_17  job_14_task_17 
           [0,7]          [7,17]         [17,25]        [25,30]        [30,31]        [31,40]        [40,47]        [47,56]        [56,63]        [63,71]        [71,78]        [78,84]        [84,92]        [92,100]       [100,104]      [104,112]      [112,121]      [121,124]      [124,128]      [128,138]      [138,147]      [147,152]      [152,154]      [154,162]      [162,167]      [167,168]      [168,170]      [170,173]      [173,174]      [174,182]      [182,185]      [185,192]      [192,196]      [196,199]      [199,204]      [204,211]      [211,220]      [220,228]      [228,235]      [235,240]      
Machine 1: job_8_task_0   job_13_task_0  job_9_task_1   job_2_task_4   job_4_task_6   job_5_task_3   job_12_task_7  job_13_task_4  job_0_task_5   job_13_task_5  job_14_task_4  job_9_task_6   job_7_task_9   job_13_task_13 job_6_task_11  job_2_task_11  job_14_task_8  job_2_task_12  job_8_task_11  job_2_task_14  job_1_task_15  job_10_task_14 job_3_task_12  job_12_task_16 job_11_task_15 job_8_task_16  job_4_task_17  job_3_task_15  job_3_task_16  
           [0,5]          [5,14]         [23,25]        [41,46]        [46,56]        [56,65]        [65,69]        [69,79]        [79,81]        [81,87]        [87,91]        [91,98]        [111,117]      [162,163]      [164,166]      [167,172]      [172,173]      [173,179]      [179,188]      [188,190]      [190,200]      [200,203]      [203,210]      [210,217]      [217,226]      [226,230]      [233,236]      [236,238]      [238,239]      
Machine 2: job_6_task_0   job_0_task_0   job_3_task_1   job_11_task_2  job_4_task_3   job_10_task_2  job_11_task_5  job_9_task_5   job_10_task_6  job_5_task_6   job_12_task_9  job_4_task_9   job_3_task_6   job_0_task_8   job_2_task_8   job_11_task_7  job_11_task_8  job_12_task_12 job_3_task_7   job_4_task_10  job_10_task_10 job_5_task_15  job_13_task_10 job_13_task_11 job_1_task_10  job_9_task_11  job_0_task_13  job_4_task_14  job_4_task_15  job_11_task_14 job_8_task_14  job_10_task_15 job_13_task_16 job_4_task_16  job_11_task_16 job_13_task_17 
           [0,8]          [8,17]         [17,21]        [21,25]        [30,33]        [33,39]        [39,48]        [63,73]        [73,78]        [78,84]        [84,91]        [92,100]       [100,107]      [107,116]      [116,118]      [119,123]      [123,126]      [126,133]      [133,135]      [135,144]      [144,145]      [145,146]      [148,158]      [158,161]      [161,167]      [170,173]      [173,182]      [182,188]      [188,197]      [197,203]      [203,208]      [208,218]      [218,223]      [223,230]      [230,233]      [233,240]      
Machine 3: job_11_task_0  job_14_task_1  job_4_task_1   job_1_task_1   job_1_task_2   job_2_task_2   job_4_task_4   job_7_task_2   job_3_task_2   job_0_task_4   job_13_task_2  job_8_task_2   job_4_task_7   job_1_task_4   job_14_task_3  job_1_task_6   job_0_task_7   job_6_task_7   job_13_task_6  job_11_task_6  job_6_task_8   job_2_task_9   job_10_task_9  job_4_task_11  job_1_task_9   job_1_task_13  job_6_task_13  job_7_task_12  job_12_task_15 job_13_task_15 job_9_task_16  job_0_task_15  job_14_task_15 
           [0,8]          [8,17]         [17,19]        [19,23]        [23,27]        [27,34]        [34,35]        [35,37]        [37,40]        [40,48]        [48,54]        [54,63]        [63,72]        [72,78]        [78,86]        [86,91]        [91,100]       [100,107]      [107,115]      [115,119]      [119,128]      [129,137]      [137,144]      [144,148]      [148,154]      [169,177]      [180,189]      [190,199]      [199,205]      [205,213]      [213,214]      [214,217]      [222,224]      
Machine 4: job_4_task_0   job_5_task_0   job_7_task_0   job_0_task_1   job_12_task_4  job_2_task_3   job_9_task_2   job_10_task_4  job_7_task_4   job_6_task_6   job_5_task_7   job_5_task_9   job_14_task_5  job_7_task_10  job_13_task_8  job_12_task_13 job_11_task_10 job_11_task_11 job_4_task_12  job_4_task_13  job_0_task_12  job_11_task_13 job_1_task_14  job_2_task_13  job_7_task_11  job_9_task_14  job_9_task_15  job_14_task_12 job_6_task_16  job_1_task_17  job_12_task_17 job_14_task_16 job_3_task_14  job_8_task_17  
           [0,10]         [10,12]        [12,16]        [17,26]        [26,34]        [34,41]        [41,48]        [48,58]        [61,67]        [76,81]        [84,87]        [91,94]        [94,100]       [117,124]      [124,132]      [133,143]      [143,147]      [147,154]      [154,163]      [163,168]      [168,172]      [173,177]      [177,183]      [183,188]      [188,190]      [190,196]      [196,201]      [201,205]      [205,208]      [208,218]      [218,226]      [226,229]      [229,236]      [236,238]      
Machine 5: job_12_task_0  job_2_task_0   job_10_task_0  job_1_task_0   job_9_task_0   job_6_task_1   job_7_task_1   job_4_task_5   job_6_task_3   job_9_task_3   job_6_task_4   job_2_task_5   job_6_task_5   job_2_task_6   job_0_task_6   job_4_task_8   job_8_task_3   job_10_task_7  job_7_task_7   job_5_task_11  job_5_task_12  job_0_task_9   job_6_task_9   job_9_task_8   job_6_task_10  job_8_task_7   job_8_task_8   job_8_task_9   job_1_task_12  job_10_task_11 job_9_task_12  job_12_task_14 job_3_task_11  job_10_task_13 job_7_task_13  job_7_task_14  job_6_task_17  job_7_task_16  job_0_task_17  job_2_task_17  job_10_task_17 job_11_task_17 
           [0,3]          [3,11]         [11,12]        [12,19]        [19,23]        [23,26]        [26,33]        [35,45]        [45,49]        [49,54]        [54,64]        [64,69]        [69,76]        [76,85]        [85,87]        [87,92]        [92,94]        [94,99]        [104,108]      [108,113]      [113,122]      [123,133]      [133,143]      [143,150]      [150,155]      [155,162]      [162,164]      [164,168]      [168,169]      [169,174]      [174,182]      [182,187]      [187,194]      [194,198]      [199,208]      [208,209]      [209,215]      [215,221]      [221,222]      [223,229]      [230,234]      [234,237]      
Machine 6: job_12_task_1  job_5_task_1   job_11_task_3  job_11_task_4  job_0_task_3   job_13_task_1  job_5_task_5   job_8_task_4   job_5_task_10  job_12_task_11 job_14_task_6  job_5_task_13  job_13_task_9  job_3_task_9   job_3_task_10  job_13_task_14 job_14_task_9  job_9_task_13  job_8_task_13  job_1_task_16  job_8_task_15  job_14_task_13 job_14_task_14 job_3_task_13  job_9_task_17  
           [3,4]          [12,19]        [25,28]        [28,35]        [35,37]        [37,47]        [69,78]        [94,95]        [95,103]       [103,113]      [113,123]      [123,124]      [142,148]      [148,156]      [156,161]      [163,166]      [173,175]      [182,186]      [189,199]      [200,207]      [208,212]      [212,220]      [220,222]      [224,228]      [228,231]      
Machine 7: job_14_task_0  job_8_task_1   job_11_task_1  job_12_task_3  job_0_task_2   job_12_task_5  job_12_task_6  job_1_task_3   job_13_task_3  job_7_task_3   job_9_task_4   job_5_task_4   job_7_task_5   job_1_task_5   job_5_task_8   job_1_task_7   job_1_task_8   job_12_task_10 job_7_task_8   job_5_task_14  job_0_task_10  job_0_task_11  job_5_task_16  job_13_task_12 job_9_task_10  job_6_task_12  job_10_task_12 job_8_task_12  job_7_task_15  job_0_task_16  job_3_task_17  
           [0,3]          [5,10]         [10,18]        [18,25]        [26,35]        [35,36]        [36,46]        [46,56]        [56,58]        [58,60]        [60,63]        [65,69]        [69,70]        [78,81]        [87,91]        [91,92]        [92,94]        [94,102]       [108,111]      [124,132]      [133,141]      [141,151]      [151,155]      [161,162]      [162,170]      [176,180]      [180,186]      [188,189]      [209,212]      [217,218]      [239,240]      
Optimal Schedule Length: 240.0
Total (Unoptimized Schedule Length): 1504
Statistics
  - conflicts: 0
  - branches : 0
  - wall time: 0.5794305120000001s