
Problem
         task_0  task_1   task_2   task_3  task_4   task_5   task_6   task_7   task_8   task_9
job_0    (2, 1)  (1, 9)   (3, 9)   (1, 9)  (2, 8)   (1, 8)   (0, 8)   (3, 5)   (2, 7)   (0, 2)
job_1    (1, 8)  (2, 8)   (3, 6)   (1, 7)  (2, 9)   (3, 3)   (2, 5)   (3, 2)   (1, 8)   (1, 9)
job_2    (3, 7)  (1, 8)   (1, 9)   (1, 7)  (0, 4)   (0, 1)   (3, 7)  (1, 10)   (1, 9)   (1, 4)
job_3    (3, 7)  (0, 8)   (0, 8)   (0, 5)  (3, 4)   (3, 6)   (2, 9)   (0, 6)   (3, 1)   (0, 8)
job_4    (2, 6)  (2, 6)  (3, 10)   (0, 2)  (1, 7)  (2, 10)   (1, 9)   (2, 2)   (2, 4)   (2, 5)
job_5    (3, 2)  (3, 3)   (3, 3)  (2, 10)  (0, 2)   (1, 1)  (1, 10)  (1, 10)  (2, 10)   (3, 8)
job_6    (2, 4)  (0, 1)   (2, 4)   (1, 3)  (3, 6)   (3, 8)   (1, 7)   (1, 9)   (0, 4)   (2, 3)
job_7    (0, 2)  (3, 6)   (1, 7)  (3, 10)  (3, 2)   (2, 4)   (1, 7)   (1, 7)   (0, 4)   (2, 1)
job_8    (0, 8)  (1, 7)   (3, 6)   (3, 9)  (0, 3)   (3, 5)  (0, 10)   (3, 2)   (1, 1)   (2, 5)
job_9    (2, 3)  (1, 8)  (3, 10)   (3, 4)  (1, 9)  (2, 10)  (1, 10)   (1, 6)   (0, 4)   (3, 1)
job_10   (1, 7)  (1, 8)   (1, 9)   (1, 7)  (2, 3)   (2, 1)   (1, 6)   (1, 1)   (1, 5)   (3, 9)
job_11   (2, 9)  (1, 6)   (3, 8)   (1, 5)  (3, 8)   (1, 9)   (0, 2)   (2, 3)   (2, 3)   (3, 6)
job_12   (1, 3)  (0, 2)   (3, 7)   (2, 4)  (0, 4)   (3, 9)   (1, 2)   (3, 8)   (2, 7)  (3, 10)
job_13  (2, 10)  (3, 8)   (2, 9)   (0, 5)  (1, 1)   (0, 2)   (3, 8)  (3, 10)   (2, 5)   (1, 6)
job_14   (1, 8)  (3, 2)  (0, 10)   (0, 9)  (1, 6)  (3, 10)   (2, 6)   (3, 4)   (1, 6)   (1, 1)
job_15   (0, 8)  (1, 9)   (2, 5)   (3, 8)  (0, 1)   (3, 1)   (1, 3)   (2, 8)   (2, 8)  (3, 10)
job_16   (1, 4)  (3, 2)   (2, 5)   (0, 1)  (1, 8)  (1, 10)   (1, 6)   (2, 5)   (3, 7)   (1, 4)
job_17   (0, 3)  (0, 8)   (2, 4)   (1, 6)  (2, 6)   (1, 8)   (2, 6)   (1, 1)  (2, 10)   (1, 2)


Solution:
Machine 0: job_15_task_0  job_8_task_0   job_3_task_1   job_17_task_0  job_17_task_1  job_7_task_0   job_3_task_2   job_12_task_1  job_14_task_2  job_6_task_1   job_14_task_3  job_5_task_4   job_3_task_3   job_12_task_4  job_4_task_3   job_13_task_3  job_16_task_3  job_15_task_4  job_2_task_4   job_2_task_5   job_8_task_4   job_8_task_6   job_3_task_7   job_13_task_5  job_0_task_6   job_3_task_9   job_11_task_6  job_0_task_9   job_6_task_8   job_7_task_8   job_9_task_8   
           [0,8]          [8,16]         [16,24]        [24,27]        [27,35]        [35,37]        [37,45]        [45,47]        [47,57]        [57,58]        [58,67]        [67,69]        [69,74]        [74,78]        [78,80]        [80,85]        [85,86]        [108,109]      [124,128]      [128,129]      [129,132]      [178,188]      [188,194]      [194,196]      [214,222]      [248,256]      [256,258]      [274,276]      [318,322]      [341,345]      [347,351]      
Machine 1: job_1_task_0   job_0_task_1   job_9_task_1   job_14_task_0  job_2_task_1   job_12_task_0  job_10_task_0  job_15_task_1  job_16_task_0  job_2_task_2   job_11_task_1  job_10_task_1  job_8_task_1   job_0_task_3   job_1_task_3   job_7_task_2   job_2_task_3   job_10_task_2  job_6_task_3   job_16_task_4  job_9_task_4   job_5_task_5   job_17_task_3  job_5_task_6   job_4_task_4   job_11_task_3  job_14_task_4  job_13_task_4  job_10_task_3  job_16_task_5  job_0_task_5   job_15_task_6  job_5_task_7   job_12_task_6  job_17_task_5  job_6_task_6   job_11_task_5  job_2_task_7   job_16_task_6  job_10_task_6  job_9_task_6   job_4_task_6   job_7_task_6   job_1_task_8   job_6_task_7   job_10_task_7  job_10_task_8  job_17_task_7  job_2_task_8   job_7_task_7   job_9_task_7   job_1_task_9   job_14_task_8  job_8_task_8   job_13_task_9  job_16_task_9  job_2_task_9   job_17_task_9  job_14_task_9  
           [0,8]          [8,17]         [17,25]        [25,33]        [33,41]        [41,44]        [44,51]        [51,60]        [60,64]        [64,73]        [73,79]        [79,87]        [87,94]        [94,103]       [103,110]      [110,117]      [117,124]      [124,133]      [133,136]      [136,144]      [144,153]      [153,154]      [154,160]      [160,170]      [170,177]      [177,182]      [182,188]      [188,189]      [189,196]      [196,206]      [206,214]      [214,217]      [217,227]      [227,229]      [229,237]      [237,244]      [244,253]      [253,263]      [263,269]      [269,275]      [275,285]      [285,294]      [294,301]      [301,309]      [309,318]      [318,319]      [319,324]      [324,325]      [325,334]      [334,341]      [341,347]      [347,356]      [356,362]      [362,363]      [363,369]      [369,373]      [373,377]      [377,379]      [379,380]      
Machine 2: job_0_task_0   job_9_task_0   job_13_task_0  job_4_task_0   job_11_task_0  job_1_task_1   job_4_task_1   job_5_task_3   job_6_task_0   job_13_task_2  job_12_task_3  job_6_task_2   job_15_task_2  job_16_task_2  job_17_task_2  job_0_task_4   job_1_task_4   job_9_task_5   job_17_task_4  job_3_task_6   job_4_task_5   job_1_task_6   job_7_task_5   job_10_task_4  job_10_task_5  job_14_task_6  job_15_task_7  job_15_task_8  job_5_task_8   job_17_task_6  job_12_task_8  job_13_task_8  job_11_task_7  job_11_task_8  job_0_task_8   job_16_task_7  job_4_task_7   job_4_task_8   job_4_task_9   job_6_task_9   job_17_task_8  job_7_task_9   job_8_task_9   
           [0,1]          [1,4]          [4,14]         [14,20]        [20,29]        [29,37]        [37,43]        [43,53]        [53,57]        [57,66]        [66,70]        [70,74]        [74,79]        [79,84]        [84,88]        [103,111]      [111,120]      [153,163]      [163,169]      [169,178]      [178,188]      [188,193]      [193,197]      [197,200]      [200,201]      [201,207]      [217,225]      [225,233]      [233,243]      [243,249]      [249,256]      [256,261]      [261,264]      [264,267]      [267,274]      [274,279]      [294,296]      [296,300]      [300,305]      [322,325]      [325,335]      [345,346]      [363,368]      
Machine 3: job_2_task_0   job_3_task_0   job_5_task_0   job_5_task_1   job_0_task_2   job_5_task_2   job_13_task_1  job_14_task_1  job_9_task_2   job_12_task_2  job_1_task_2   job_4_task_2   job_16_task_1  job_7_task_1   job_9_task_3   job_11_task_2  job_8_task_2   job_15_task_3  job_12_task_5  job_8_task_3   job_7_task_3   job_6_task_4   job_3_task_4   job_6_task_5   job_15_task_5  job_3_task_5   job_2_task_6   job_1_task_5   job_7_task_4   job_8_task_5   job_11_task_4  job_14_task_5  job_13_task_6  job_13_task_7  job_1_task_7   job_14_task_7  job_0_task_7   job_12_task_7  job_15_task_9  job_3_task_8   job_8_task_7   job_5_task_9   job_12_task_9  job_11_task_9  job_16_task_8  job_10_task_9  job_9_task_9   
           [0,7]          [7,14]         [14,16]        [16,19]        [19,28]        [28,31]        [31,39]        [39,41]        [41,51]        [51,58]        [58,64]        [64,74]        [74,76]        [76,82]        [82,86]        [86,94]        [94,100]       [100,108]      [108,117]      [117,126]      [126,136]      [136,142]      [142,146]      [146,154]      [154,155]      [155,161]      [161,168]      [168,171]      [171,173]      [173,178]      [182,190]      [190,200]      [200,208]      [208,218]      [218,220]      [220,224]      [224,229]      [229,237]      [237,247]      [247,248]      [248,250]      [250,258]      [258,268]      [268,274]      [279,286]      [324,333]      [351,352]      
Optimal Schedule Length: 380.0
Total (Unoptimized Schedule Length): 1063
Statistics
  - conflicts: 1
  - branches : 181
  - wall time: 0.039239458000000005s