
Problem
          task_0   task_1    task_2   task_3    task_4   task_5    task_6    task_7    task_8    task_9   task_10  task_11  task_12   task_13   task_14   task_15  task_16
job_0     (9, 5)  (13, 3)   (11, 5)  (15, 9)    (3, 2)  (10, 9)   (14, 2)   (16, 5)   (15, 9)    (4, 5)    (0, 3)  (8, 10)  (12, 2)   (15, 8)    (7, 4)    (2, 8)   (3, 7)
job_1     (8, 9)   (3, 7)    (3, 7)   (8, 2)    (2, 1)  (0, 10)   (15, 5)   (16, 3)   (11, 8)   (7, 10)    (4, 3)  (11, 9)  (11, 8)    (9, 7)    (5, 9)   (7, 10)   (0, 3)
job_2    (13, 2)  (10, 9)   (13, 2)  (13, 8)    (0, 3)   (0, 7)    (8, 7)   (15, 4)   (9, 10)    (7, 1)   (3, 10)  (10, 7)  (10, 8)    (9, 2)    (2, 5)  (13, 10)  (13, 5)
job_3     (5, 3)  (14, 6)   (12, 6)   (5, 6)    (7, 9)  (13, 6)    (9, 6)    (9, 2)   (11, 5)  (11, 10)  (12, 10)   (8, 2)  (14, 8)    (0, 7)    (5, 4)   (16, 7)  (16, 9)
job_4     (5, 8)   (7, 6)   (11, 2)   (8, 1)   (11, 9)   (6, 3)   (16, 5)    (5, 9)    (1, 3)   (14, 2)    (9, 9)  (13, 6)   (2, 6)    (5, 8)    (6, 6)    (3, 3)   (1, 8)
job_5     (1, 9)   (9, 5)    (9, 6)  (12, 2)   (7, 10)  (3, 10)  (11, 10)    (8, 5)   (11, 1)    (2, 7)    (7, 3)  (13, 4)   (0, 5)   (9, 10)    (3, 9)    (8, 8)   (4, 8)
job_6     (2, 7)  (10, 8)   (14, 9)  (14, 7)   (13, 4)  (12, 4)    (4, 8)    (2, 7)    (3, 8)    (0, 1)  (11, 10)   (7, 4)   (8, 8)    (3, 1)    (4, 8)    (9, 7)  (12, 3)
job_7     (0, 1)   (3, 1)    (6, 3)   (8, 2)    (1, 4)  (10, 7)   (16, 9)    (4, 8)    (5, 3)   (14, 2)   (10, 9)   (5, 1)  (14, 5)    (6, 3)   (13, 4)    (6, 6)   (6, 9)
job_8    (15, 5)  (11, 9)  (10, 10)  (9, 10)    (5, 6)   (0, 7)    (2, 3)   (14, 2)  (11, 10)   (14, 6)    (9, 1)   (8, 9)   (8, 3)   (10, 8)    (9, 6)    (1, 3)   (2, 6)
job_9    (10, 7)  (3, 10)    (0, 2)   (6, 6)    (4, 5)   (5, 8)    (8, 5)    (2, 3)   (10, 9)   (15, 4)   (6, 10)   (7, 7)   (8, 1)   (10, 4)   (7, 10)    (8, 3)   (5, 2)
job_10   (10, 9)   (2, 5)    (0, 5)  (12, 1)   (7, 10)   (2, 6)    (1, 1)    (1, 1)   (8, 10)    (2, 7)    (9, 7)  (16, 7)   (3, 6)  (10, 10)    (3, 4)   (10, 4)   (9, 3)
job_11    (5, 1)   (5, 6)   (14, 3)   (9, 5)    (3, 2)  (11, 7)    (0, 6)  (10, 10)   (11, 7)    (5, 8)   (15, 6)  (13, 7)  (12, 6)    (2, 5)   (10, 5)    (3, 7)  (11, 7)
job_12   (13, 9)  (7, 10)   (12, 5)  (13, 8)    (5, 3)   (0, 7)   (14, 2)    (3, 2)    (0, 6)   (15, 6)   (16, 6)  (10, 5)   (4, 5)   (14, 2)    (7, 8)    (2, 7)  (13, 7)
job_13    (2, 7)  (11, 4)    (0, 7)   (8, 8)    (9, 3)   (2, 7)    (2, 8)   (12, 7)    (9, 6)    (1, 3)   (10, 1)   (9, 7)  (16, 5)   (4, 10)  (15, 10)    (8, 7)   (1, 4)
job_14   (15, 4)   (4, 8)    (8, 2)   (6, 8)    (4, 5)   (3, 7)   (13, 7)    (2, 2)   (12, 2)   (15, 7)    (0, 9)   (8, 3)  (12, 4)    (7, 4)    (3, 5)   (14, 5)   (0, 5)
job_15   (15, 7)   (1, 6)    (0, 2)   (0, 2)   (16, 4)  (16, 9)    (2, 5)   (10, 4)    (7, 9)    (4, 5)   (13, 6)  (13, 1)  (14, 7)  (15, 10)    (3, 6)   (14, 4)   (7, 5)
job_16   (10, 9)   (0, 5)   (10, 5)   (8, 3)    (2, 5)   (6, 4)   (16, 4)  (14, 10)   (11, 1)    (2, 5)    (6, 9)  (13, 6)   (7, 3)    (8, 7)    (6, 9)   (15, 4)   (6, 8)
job_17  (13, 10)   (8, 3)    (5, 1)   (9, 2)   (11, 6)  (13, 7)   (10, 6)    (0, 3)  (14, 10)   (6, 10)    (6, 7)  (12, 4)  (14, 3)   (13, 8)    (3, 5)   (9, 10)  (16, 9)
job_18    (7, 1)   (2, 2)    (9, 2)  (15, 4)  (10, 10)  (11, 5)    (3, 3)    (6, 6)   (16, 2)   (7, 10)    (9, 4)  (14, 5)  (14, 4)    (4, 8)   (14, 8)    (6, 7)  (6, 10)


Solution:
Machine 0: job_7_task_0   job_16_task_1  job_13_task_2  job_15_task_2  job_15_task_3  job_1_task_5   job_9_task_2   job_2_task_4   job_2_task_5   job_10_task_2  job_12_task_5  job_11_task_6  job_17_task_7  job_12_task_8  job_8_task_5   job_14_task_10 job_5_task_12  job_0_task_10  job_3_task_13  job_6_task_9   job_14_task_16 job_1_task_16  
           [0,1]          [9,14]         [14,21]        [21,23]        [23,25]        [26,36]        [36,38]        [38,41]        [41,48]        [48,53]        [56,63]        [63,69]        [73,76]        [76,82]        [82,89]        [89,98]        [101,106]      [108,111]      [114,121]      [130,131]      [148,153]      [173,176]      
Machine 1: job_5_task_0   job_7_task_4   job_15_task_1  job_4_task_8   job_10_task_6  job_10_task_7  job_13_task_9  job_4_task_16  job_13_task_16 job_8_task_15  
           [0,9]          [11,15]        [15,21]        [53,56]        [70,71]        [71,72]        [83,86]        [149,157]      [162,166]      [166,169]      
Machine 2: job_13_task_0  job_6_task_0   job_18_task_1  job_1_task_4   job_10_task_1  job_13_task_5  job_13_task_6  job_16_task_4  job_15_task_6  job_10_task_5  job_9_task_7   job_14_task_7  job_16_task_9  job_5_task_9   job_8_task_6   job_10_task_9  job_4_task_12  job_6_task_7   job_2_task_14  job_11_task_13 job_0_task_15  job_12_task_15 job_8_task_16  
           [0,7]          [7,14]         [14,16]        [25,26]        [34,39]        [39,46]        [46,54]        [54,59]        [59,64]        [64,70]        [70,73]        [73,75]        [78,83]        [83,90]        [90,93]        [93,100]       [106,112]      [112,119]      [130,135]      [135,140]      [140,148]      [163,170]      [170,176]      
Machine 3: job_7_task_1   job_1_task_1   job_1_task_2   job_9_task_1   job_11_task_4  job_5_task_5   job_14_task_5  job_0_task_4   job_12_task_7  job_18_task_6  job_2_task_10  job_14_task_14 job_10_task_12 job_6_task_8   job_5_task_14  job_17_task_14 job_4_task_15  job_0_task_16  job_6_task_13  job_11_task_15 job_15_task_14 job_10_task_14 
           [1,2]          [9,16]         [16,23]        [23,33]        [33,35]        [35,45]        [45,52]        [52,54]        [65,67]        [72,75]        [93,103]       [111,116]      [116,122]      [122,130]      [130,139]      [139,144]      [145,148]      [148,155]      [155,156]      [156,163]      [163,169]      [169,173]      
Machine 4: job_14_task_1  job_14_task_4  job_9_task_4   job_6_task_6   job_1_task_10  job_0_task_9   job_18_task_13 job_15_task_9  job_7_task_7   job_13_task_13 job_12_task_12 job_6_task_14  job_5_task_16  
           [16,24]        [35,40]        [45,50]        [66,74]        [77,80]        [103,108]      [108,116]      [116,121]      [123,131]      [131,141]      [141,146]      [156,164]      [170,178]      
Machine 5: job_4_task_0   job_11_task_0  job_3_task_0   job_11_task_1  job_3_task_3   job_17_task_2  job_4_task_7   job_12_task_4  job_9_task_5   job_8_task_4   job_11_task_9  job_4_task_13  job_3_task_14  job_7_task_8   job_7_task_11  job_1_task_14  job_9_task_16  
           [0,8]          [8,9]          [9,12]         [12,18]        [28,34]        [38,39]        [44,53]        [53,56]        [56,64]        [67,73]        [103,111]      [112,120]      [124,128]      [131,134]      [146,147]      [147,156]      [173,175]      
Machine 6: job_7_task_2   job_14_task_3  job_4_task_5   job_9_task_3   job_16_task_5  job_18_task_7  job_16_task_10 job_17_task_9  job_17_task_10 job_9_task_10  job_4_task_14  job_16_task_14 job_18_task_15 job_18_task_16 job_7_task_13  job_16_task_16 job_7_task_15  job_7_task_16  
           [2,5]          [27,35]        [36,39]        [39,45]        [59,63]        [75,81]        [83,92]        [92,102]       [102,109]      [109,119]      [120,126]      [128,137]      [137,144]      [144,154]      [154,157]      [157,165]      [165,171]      [171,180]      
Machine 7: job_18_task_0  job_4_task_1   job_12_task_1  job_5_task_4   job_3_task_4   job_10_task_4  job_1_task_9   job_2_task_9   job_18_task_9  job_5_task_10  job_15_task_8  job_14_task_13 job_16_task_12 job_9_task_11  job_0_task_14  job_6_task_11  job_9_task_14  job_12_task_14 job_1_task_15  job_15_task_16 
           [0,1]          [8,14]         [14,24]        [24,34]        [34,43]        [54,64]        [67,77]        [77,78]        [83,93]        [93,96]        [96,105]       [107,111]      [112,115]      [119,126]      [131,135]      [141,145]      [145,155]      [155,163]      [163,173]      [173,178]      
Machine 8: job_1_task_0   job_7_task_3   job_4_task_3   job_1_task_3   job_14_task_2  job_13_task_3  job_17_task_1  job_16_task_3  job_2_task_6   job_5_task_7   job_9_task_6   job_10_task_8  job_14_task_11 job_3_task_11  job_0_task_11  job_16_task_13 job_9_task_12  job_8_task_11  job_8_task_12  job_6_task_12  job_13_task_15 job_5_task_15  job_9_task_15  
           [0,9]          [9,11]         [22,23]        [23,25]        [25,27]        [27,35]        [35,38]        [47,50]        [50,57]        [59,64]        [64,69]        [72,82]        [98,101]       [103,105]      [111,121]      [121,128]      [128,129]      [135,144]      [144,147]      [147,155]      [155,162]      [162,170]      [170,173]      
Machine 9: job_0_task_0   job_5_task_1   job_5_task_2   job_18_task_2  job_11_task_3  job_13_task_4  job_17_task_3  job_3_task_6   job_3_task_7   job_8_task_3   job_2_task_8   job_13_task_8  job_4_task_10  job_18_task_10 job_10_task_10 job_13_task_11 job_5_task_13  job_2_task_13  job_8_task_10  job_1_task_13  job_17_task_15 job_8_task_14  job_6_task_15  job_10_task_16 
           [0,5]          [9,14]         [14,20]        [20,22]        [22,27]        [35,38]        [39,41]        [49,55]        [55,57]        [57,67]        [67,77]        [77,83]        [83,92]        [93,97]        [100,107]      [107,114]      [114,124]      [128,130]      [134,135]      [135,142]      [150,160]      [160,166]      [166,173]      [177,180]      
Machine 10: job_16_task_0  job_9_task_0   job_2_task_1   job_10_task_0  job_6_task_1   job_16_task_2  job_8_task_2   job_18_task_4  job_17_task_6  job_15_task_7  job_0_task_5   job_11_task_7  job_9_task_8   job_13_task_10 job_7_task_5   job_2_task_11  job_2_task_12  job_12_task_11 job_9_task_13  job_7_task_10  job_11_task_14 job_8_task_13  job_10_task_13 job_10_task_15 
           [0,9]          [9,16]         [16,25]        [25,34]        [34,42]        [42,47]        [47,57]        [57,67]        [67,73]        [73,77]        [77,86]        [86,96]        [96,105]       [105,106]      [106,113]      [113,120]      [120,128]      [128,133]      [133,137]      [137,146]      [146,151]      [151,159]      [159,169]      [173,177]      
Machine 11: job_13_task_1  job_8_task_1   job_4_task_2   job_0_task_2   job_4_task_4   job_11_task_5  job_17_task_4  job_5_task_6   job_1_task_8   job_18_task_5  job_5_task_8   job_16_task_8  job_3_task_8   job_3_task_9   job_11_task_8  job_1_task_11  job_8_task_8   job_1_task_12  job_6_task_10  job_11_task_16 
           [7,11]         [11,20]        [20,22]        [22,27]        [27,36]        [36,43]        [43,49]        [49,59]        [59,67]        [67,72]        [72,73]        [77,78]        [78,83]        [83,93]        [96,103]       [103,112]      [112,122]      [122,130]      [131,141]      [163,170]      
Machine 12: job_5_task_3   job_3_task_2   job_12_task_2  job_10_task_3  job_13_task_7  job_6_task_5   job_14_task_8  job_3_task_10  job_14_task_12 job_17_task_11 job_0_task_12  job_11_task_12 job_6_task_16  
           [20,22]        [22,28]        [28,33]        [53,54]        [54,61]        [62,66]        [75,77]        [93,103]       [103,107]      [109,113]      [121,123]      [124,130]      [173,176]      
Machine 13: job_12_task_0  job_2_task_0   job_0_task_1   job_17_task_0  job_2_task_2   job_2_task_3   job_12_task_3  job_3_task_5   job_17_task_5  job_6_task_4   job_14_task_6  job_5_task_11  job_4_task_11  job_16_task_11 job_11_task_11 job_15_task_10 job_15_task_11 job_17_task_13 job_2_task_15  job_2_task_16  job_7_task_14  job_12_task_16 
           [0,9]          [9,11]         [11,14]        [14,24]        [25,27]        [27,35]        [35,43]        [43,49]        [49,56]        [58,62]        [62,69]        [96,100]       [100,106]      [106,112]      [117,124]      [124,130]      [130,131]      [131,139]      [141,151]      [151,156]      [157,161]      [170,177]      
Machine 14: job_3_task_1   job_11_task_2  job_6_task_2   job_6_task_3   job_4_task_9   job_12_task_6  job_16_task_7  job_17_task_8  job_0_task_6   job_8_task_7   job_18_task_11 job_18_task_12 job_3_task_12  job_18_task_14 job_17_task_12 job_8_task_9   job_7_task_9   job_15_task_12 job_14_task_15 job_7_task_12  job_12_task_13 job_15_task_15 
           [12,18]        [18,21]        [42,51]        [51,58]        [58,60]        [63,65]        [67,77]        [77,87]        [87,89]        [93,95]        [97,102]       [102,106]      [106,114]      [116,124]      [125,128]      [128,134]      [134,136]      [136,143]      [143,148]      [148,153]      [153,155]      [169,173]      
Machine 15: job_8_task_0   job_15_task_0  job_14_task_0  job_18_task_3  job_1_task_6   job_0_task_3   job_2_task_7   job_14_task_9  job_12_task_9  job_0_task_8   job_9_task_9   job_11_task_10 job_0_task_13  job_16_task_15 job_13_task_14 job_15_task_13 
           [0,5]          [5,12]         [12,16]        [22,26]        [36,41]        [41,50]        [57,61]        [77,84]        [84,90]        [94,103]       [105,109]      [111,117]      [123,131]      [137,141]      [141,151]      [151,161]      
Machine 16: job_15_task_4  job_15_task_5  job_4_task_6   job_1_task_7   job_16_task_6  job_18_task_8  job_0_task_7   job_12_task_10 job_10_task_11 job_7_task_6   job_13_task_12 job_3_task_15  job_3_task_16  job_17_task_16 
           [25,29]        [29,38]        [39,44]        [44,47]        [63,67]        [81,83]        [89,94]        [98,104]       [107,114]      [114,123]      [125,130]      [132,139]      [139,148]      [160,169]      
Optimal Schedule Length: 180.0
Total (Unoptimized Schedule Length): 1867
Statistics
  - conflicts: 0
  - branches : 75
  - wall time: 0.741488284s