
Problem
        task_0   task_1   task_2   task_3  task_4   task_5  task_6   task_7   task_8   task_9 task_10 task_11  task_12  task_13  task_14  task_15
job_0   (0, 7)   (3, 8)   (0, 5)  (4, 10)  (0, 8)   (4, 7)  (1, 4)   (3, 6)   (2, 6)   (2, 8)  (0, 1)  (1, 4)   (1, 2)   (0, 6)   (3, 7)   (3, 9)
job_1   (4, 1)   (2, 1)   (0, 9)   (2, 9)  (2, 1)   (3, 8)  (2, 5)   (2, 6)   (3, 7)  (2, 10)  (3, 2)  (2, 2)   (2, 1)   (4, 7)   (2, 8)  (1, 10)
job_2   (4, 7)   (3, 9)   (0, 7)   (1, 4)  (4, 2)   (1, 1)  (2, 9)   (3, 5)   (1, 6)   (2, 2)  (0, 5)  (0, 6)   (3, 2)   (4, 1)   (4, 4)   (0, 9)
job_3   (2, 2)   (2, 3)   (3, 5)   (3, 6)  (1, 6)   (0, 7)  (4, 9)   (0, 8)  (2, 10)   (4, 7)  (4, 9)  (0, 9)  (0, 10)   (3, 3)   (1, 8)   (3, 4)
job_4   (2, 5)   (2, 1)   (3, 4)   (2, 6)  (2, 1)  (0, 10)  (1, 4)   (2, 7)   (3, 9)   (3, 8)  (0, 1)  (4, 1)   (1, 7)   (4, 1)   (3, 3)   (4, 5)
job_5   (4, 3)  (4, 10)   (0, 9)   (4, 5)  (1, 9)   (1, 3)  (0, 1)   (3, 3)   (0, 1)   (1, 7)  (3, 9)  (1, 7)   (4, 3)   (3, 8)   (3, 4)   (3, 5)
job_6   (0, 2)   (3, 6)   (0, 3)   (2, 9)  (2, 6)  (2, 10)  (2, 9)   (1, 8)   (3, 5)   (3, 8)  (4, 6)  (1, 9)  (0, 10)  (3, 10)   (3, 6)   (3, 7)
job_7   (0, 6)   (2, 6)   (4, 9)   (1, 2)  (4, 6)   (0, 2)  (2, 7)  (0, 10)   (0, 8)   (4, 8)  (0, 3)  (3, 2)   (3, 1)   (1, 1)   (4, 6)   (4, 3)
job_8   (1, 3)  (3, 10)   (1, 4)   (1, 2)  (2, 7)   (1, 7)  (1, 7)   (0, 7)   (4, 5)   (4, 7)  (0, 7)  (1, 1)  (4, 10)   (1, 3)  (1, 10)   (2, 4)
job_9   (2, 9)  (2, 10)  (4, 10)   (4, 3)  (2, 3)   (2, 9)  (0, 4)   (1, 6)   (0, 6)   (3, 9)  (3, 1)  (4, 6)   (3, 3)   (3, 2)   (1, 8)  (4, 10)
job_10  (4, 8)   (4, 1)   (4, 7)  (2, 10)  (4, 1)   (4, 8)  (2, 7)   (3, 5)   (1, 9)   (0, 5)  (3, 1)  (0, 6)   (0, 8)   (2, 9)   (4, 5)   (2, 5)
job_11  (3, 2)   (2, 9)   (1, 9)   (4, 8)  (3, 3)   (3, 2)  (3, 3)   (4, 6)   (3, 3)   (2, 8)  (3, 9)  (1, 4)   (4, 6)  (2, 10)   (3, 8)   (1, 9)


Solution:
Machine 0: job_6_task_0   job_0_task_0   job_6_task_2   job_5_task_2   job_7_task_0   job_0_task_2   job_3_task_5   job_5_task_6   job_2_task_2   job_5_task_8   job_0_task_4   job_1_task_2   job_3_task_7   job_6_task_12  job_8_task_7   job_9_task_6   job_7_task_5   job_9_task_8   job_8_task_10  job_7_task_7   job_7_task_8   job_10_task_9  job_4_task_5   job_7_task_10  job_10_task_11 job_3_task_11  job_3_task_12  job_4_task_10  job_0_task_10  job_10_task_12 job_2_task_10  job_2_task_11  job_0_task_13  job_2_task_15  
           [0,2]          [2,9]          [9,12]         [14,23]        [23,29]        [29,34]        [34,41]        [45,46]        [46,53]        [53,54]        [60,68]        [68,77]        [77,85]        [104,114]      [114,121]      [121,125]      [125,127]      [131,137]      [138,145]      [145,155]      [155,163]      [163,168]      [168,178]      [178,181]      [181,187]      [188,197]      [197,207]      [208,209]      [209,210]      [210,218]      [218,223]      [223,229]      [229,235]      [238,247]      
Machine 1: job_8_task_0   job_11_task_2  job_3_task_4   job_5_task_4   job_8_task_2   job_5_task_5   job_8_task_3   job_2_task_3   job_5_task_9   job_6_task_7   job_5_task_11  job_0_task_6   job_8_task_5   job_6_task_11  job_8_task_6   job_7_task_3   job_9_task_7   job_10_task_8  job_2_task_5   job_8_task_11  job_11_task_11 job_8_task_13  job_4_task_6   job_9_task_14  job_8_task_14  job_2_task_8   job_7_task_13  job_4_task_12  job_0_task_11  job_0_task_12  job_3_task_14  job_11_task_15 job_1_task_15  
           [0,3]          [14,23]        [23,29]        [29,38]        [38,42]        [42,45]        [45,47]        [53,57]        [57,64]        [67,75]        [75,82]        [82,86]        [86,93]        [95,104]       [104,111]      [111,113]      [125,131]      [137,146]      [146,147]      [147,148]      [163,167]      [172,175]      [178,182]      [182,190]      [190,200]      [200,206]      [206,207]      [210,217]      [217,221]      [221,223]      [223,231]      [231,240]      [241,251]      
Machine 2: job_3_task_0   job_3_task_1   job_11_task_1  job_6_task_3   job_9_task_0   job_6_task_4   job_9_task_1   job_6_task_5   job_6_task_6   job_1_task_1   job_8_task_4   job_4_task_0   job_4_task_1   job_1_task_3   job_7_task_1   job_1_task_4   job_10_task_3  job_9_task_4   job_9_task_5   job_4_task_3   job_10_task_6  job_7_task_6   job_1_task_6   job_4_task_4   job_11_task_9  job_1_task_7   job_3_task_8   job_2_task_6   job_0_task_8   job_4_task_7   job_1_task_9   job_0_task_9   job_2_task_9   job_11_task_13 job_1_task_11  job_1_task_12  job_10_task_13 job_1_task_14  job_8_task_15  job_10_task_15 
           [0,2]          [2,5]          [5,14]         [14,23]        [23,32]        [32,38]        [38,48]        [48,58]        [58,67]        [67,68]        [68,75]        [75,80]        [80,81]        [81,90]        [90,96]        [96,97]        [97,107]       [107,110]      [110,119]      [119,125]      [125,132]      [132,139]      [139,144]      [144,145]      [145,153]      [153,159]      [159,169]      [169,178]      [178,184]      [184,191]      [191,201]      [201,209]      [209,211]      [211,221]      [221,223]      [223,224]      [224,233]      [233,241]      [241,245]      [245,250]      
Machine 3: job_11_task_0  job_6_task_1   job_3_task_2   job_3_task_3   job_0_task_1   job_8_task_1   job_2_task_1   job_5_task_7   job_11_task_4  job_11_task_5  job_11_task_6  job_5_task_10  job_6_task_8   job_6_task_9   job_4_task_2   job_0_task_7   job_5_task_13  job_1_task_5   job_6_task_13  job_6_task_14  job_10_task_7  job_5_task_14  job_11_task_8  job_9_task_9   job_9_task_10  job_11_task_10 job_1_task_8   job_10_task_10 job_9_task_12  job_9_task_13  job_6_task_15  job_2_task_7   job_7_task_11  job_7_task_12  job_4_task_8   job_4_task_9   job_3_task_13  job_5_task_15  job_1_task_10  job_4_task_14  job_11_task_14 job_2_task_12  job_3_task_15  job_0_task_14  job_0_task_15  
           [0,2]          [2,8]          [8,13]         [13,19]        [19,27]        [27,37]        [37,46]        [46,49]        [50,53]        [53,55]        [55,58]        [64,73]        [75,80]        [80,88]        [88,92]        [92,98]        [98,106]       [106,114]      [114,124]      [124,130]      [132,137]      [137,141]      [141,144]      [144,153]      [153,154]      [154,163]      [163,170]      [170,171]      [171,174]      [174,176]      [176,183]      [183,188]      [188,190]      [190,191]      [191,200]      [200,208]      [208,211]      [211,216]      [216,218]      [218,221]      [221,229]      [229,231]      [231,235]      [235,242]      [242,251]      
Machine 4: job_5_task_0   job_1_task_0   job_5_task_1   job_10_task_0  job_10_task_1  job_5_task_3   job_2_task_0   job_10_task_2  job_11_task_3  job_0_task_3   job_3_task_6   job_0_task_5   job_9_task_2   job_9_task_3   job_6_task_10  job_5_task_12  job_7_task_2   job_10_task_4  job_10_task_5  job_7_task_4   job_8_task_8   job_8_task_9   job_11_task_7  job_2_task_4   job_8_task_12  job_9_task_11  job_7_task_9   job_3_task_9   job_3_task_10  job_11_task_12 job_9_task_15  job_4_task_11  job_7_task_14  job_4_task_13  job_7_task_15  job_4_task_15  job_1_task_13  job_2_task_13  job_2_task_14  job_10_task_14 
           [0,3]          [3,4]          [4,14]         [14,22]        [22,23]        [23,28]        [28,35]        [35,42]        [42,50]        [50,60]        [60,69]        [69,76]        [76,86]        [86,89]        [89,95]        [95,98]        [98,107]       [107,108]      [108,116]      [116,122]      [123,128]      [128,135]      [135,141]      [141,143]      [148,158]      [158,164]      [164,172]      [172,179]      [179,188]      [188,194]      [194,204]      [209,210]      [210,216]      [217,218]      [218,221]      [221,226]      [226,233]      [233,234]      [234,238]      [238,243]      
Optimal Schedule Length: 251.0
Total (Unoptimized Schedule Length): 1111
Statistics
  - conflicts: 0
  - branches : 0
  - wall time: 0.831801399s