
Problem
         task_0   task_1   task_2   task_3   task_4   task_5   task_6   task_7   task_8   task_9  task_10  task_11  task_12  task_13  task_14  task_15  task_16  task_17 task_18
job_0    (4, 3)   (7, 5)   (3, 7)   (6, 8)  (3, 10)   (1, 6)   (3, 9)   (4, 4)   (7, 9)   (0, 1)   (0, 7)   (5, 3)   (1, 3)   (3, 8)   (5, 1)  (3, 10)   (1, 6)   (2, 7)  (7, 5)
job_1    (4, 2)  (6, 10)   (0, 1)   (0, 5)   (3, 1)   (2, 8)   (1, 8)   (4, 3)  (1, 10)   (2, 8)   (2, 9)  (6, 10)  (0, 10)   (6, 5)   (0, 9)   (5, 4)   (0, 2)   (0, 1)  (1, 3)
job_2   (3, 10)   (3, 2)   (1, 6)   (4, 9)   (4, 7)   (0, 8)   (4, 6)   (0, 5)   (7, 8)   (4, 5)   (1, 6)   (0, 5)   (6, 3)   (4, 5)  (7, 10)   (2, 2)   (2, 4)   (7, 4)  (2, 9)
job_3    (4, 6)  (3, 10)   (4, 2)  (6, 10)   (5, 8)   (4, 4)   (6, 2)   (6, 2)   (5, 2)   (5, 3)   (5, 8)   (5, 1)   (2, 2)   (3, 2)   (6, 8)   (0, 8)   (0, 8)   (0, 6)  (1, 1)
job_4   (3, 10)  (4, 10)   (1, 7)   (1, 4)   (1, 7)   (0, 2)   (6, 8)   (6, 1)   (4, 8)  (1, 10)   (5, 2)   (7, 9)   (0, 3)   (5, 9)   (6, 1)   (6, 6)   (0, 3)   (6, 4)  (6, 6)
job_5   (6, 10)   (4, 1)   (3, 9)   (0, 6)   (2, 1)   (5, 2)   (2, 4)   (4, 3)   (6, 9)   (3, 6)   (5, 5)   (3, 9)   (4, 5)   (5, 3)   (0, 2)   (0, 8)   (0, 2)  (4, 10)  (5, 4)
job_6    (5, 1)   (2, 3)   (1, 2)   (0, 1)   (1, 5)   (2, 3)  (4, 10)   (6, 2)   (6, 4)   (6, 8)   (3, 7)  (0, 10)   (1, 6)  (7, 10)   (2, 2)   (1, 6)   (6, 3)   (3, 7)  (6, 5)
job_7    (7, 2)   (7, 1)   (4, 9)   (4, 5)   (6, 5)   (4, 3)   (0, 3)   (4, 3)   (5, 8)   (0, 9)   (0, 6)   (1, 8)   (2, 1)   (2, 3)   (3, 4)   (6, 1)   (2, 9)  (0, 10)  (3, 3)
job_8    (2, 3)   (7, 3)   (7, 3)   (0, 1)   (7, 8)   (4, 1)   (6, 8)   (6, 6)   (7, 2)   (1, 8)   (2, 6)   (0, 2)   (1, 7)   (6, 6)   (2, 8)   (5, 7)  (2, 10)   (6, 6)  (5, 2)
job_9    (6, 2)   (6, 1)  (3, 10)   (0, 6)   (4, 4)   (6, 7)   (3, 4)   (6, 9)   (4, 1)   (2, 3)   (7, 6)   (7, 3)   (0, 2)   (7, 3)   (0, 4)   (3, 1)   (6, 3)   (2, 8)  (5, 1)
job_10   (4, 8)   (6, 5)   (7, 8)   (6, 4)   (4, 2)   (0, 9)   (1, 7)   (6, 5)   (5, 9)   (3, 3)  (3, 10)   (2, 9)   (0, 1)   (3, 8)   (0, 8)   (5, 1)   (7, 4)   (4, 6)  (5, 2)
job_11   (0, 5)   (2, 7)   (6, 9)  (7, 10)   (4, 4)   (3, 9)   (6, 7)  (1, 10)   (3, 2)   (7, 5)   (4, 2)   (0, 9)   (1, 2)   (1, 2)   (1, 2)   (5, 7)   (6, 6)   (6, 7)  (0, 3)
job_12   (2, 2)   (0, 1)   (2, 4)   (3, 4)   (3, 6)  (7, 10)   (1, 9)   (0, 6)   (0, 5)   (0, 9)   (6, 8)  (3, 10)   (2, 1)   (4, 6)   (4, 4)   (5, 7)   (3, 5)  (6, 10)  (3, 6)
job_13   (4, 3)   (3, 2)   (0, 1)  (0, 10)   (5, 2)   (0, 8)   (4, 9)   (5, 4)   (7, 2)   (5, 9)   (3, 7)   (7, 5)   (5, 5)   (1, 3)   (2, 2)   (2, 9)   (4, 5)   (1, 7)  (1, 1)
job_14   (6, 8)   (4, 2)   (0, 6)   (6, 1)   (0, 4)   (6, 5)   (1, 8)   (4, 4)   (1, 8)  (5, 10)   (7, 6)   (5, 1)   (1, 5)   (6, 6)   (6, 2)   (4, 1)   (4, 9)   (3, 5)  (5, 2)
job_15   (5, 4)   (6, 4)   (4, 2)   (0, 7)   (4, 9)   (5, 1)   (3, 1)   (3, 5)   (0, 2)   (6, 7)   (5, 7)   (1, 2)   (6, 7)   (4, 7)   (0, 6)   (1, 2)   (3, 2)   (6, 1)  (2, 7)


Solution:
Machine 0: job_11_task_0  job_12_task_1  job_8_task_3   job_1_task_2   job_1_task_3   job_6_task_3   job_13_task_2  job_13_task_3  job_13_task_5  job_4_task_5   job_14_task_2  job_10_task_5  job_2_task_5   job_5_task_3   job_12_task_7  job_14_task_4  job_15_task_3  job_12_task_8  job_7_task_6   job_2_task_7   job_12_task_9  job_9_task_3   job_15_task_8  job_10_task_12 job_7_task_9   job_0_task_9   job_0_task_10  job_6_task_11  job_8_task_11  job_11_task_11 job_7_task_10  job_2_task_11  job_1_task_12  job_4_task_12  job_5_task_14  job_9_task_12  job_3_task_15  job_5_task_15  job_10_task_14 job_1_task_14  job_15_task_14 job_9_task_14  job_3_task_16  job_5_task_16  job_4_task_16  job_7_task_17  job_3_task_17  job_1_task_16  job_1_task_17  job_11_task_18 
           [0,5]          [5,6]          [14,15]        [20,21]        [21,26]        [26,27]        [35,36]        [36,46]        [48,56]        [56,58]        [60,66]        [66,75]        [75,83]        [83,89]        [89,95]        [95,99]        [99,106]       [106,111]      [111,114]      [114,119]      [119,128]      [128,134]      [134,136]      [136,137]      [137,146]      [146,147]      [147,154]      [154,164]      [164,166]      [166,175]      [175,181]      [181,186]      [186,196]      [196,199]      [199,201]      [201,203]      [203,211]      [211,219]      [219,227]      [227,236]      [236,242]      [242,246]      [246,254]      [254,256]      [256,259]      [259,269]      [269,275]      [275,277]      [277,278]      [278,281]      
Machine 1: job_6_task_2   job_2_task_2   job_4_task_2   job_6_task_4   job_4_task_3   job_4_task_4   job_12_task_6  job_1_task_6   job_0_task_5   job_10_task_6  job_1_task_8   job_14_task_6  job_11_task_7  job_8_task_9   job_14_task_8  job_2_task_10  job_4_task_9   job_0_task_12  job_14_task_12 job_8_task_12  job_6_task_12  job_11_task_12 job_7_task_11  job_15_task_11 job_11_task_13 job_11_task_14 job_13_task_13 job_0_task_16  job_6_task_15  job_13_task_17 job_13_task_18 job_15_task_15 job_3_task_18  job_1_task_18  
           [19,21]        [26,32]        [32,39]        [39,44]        [44,48]        [48,55]        [55,64]        [64,72]        [72,78]        [78,85]        [89,99]        [105,113]      [113,123]      [123,131]      [131,139]      [139,145]      [151,161]      [161,164]      [164,169]      [169,176]      [176,182]      [182,184]      [184,192]      [192,194]      [194,196]      [196,198]      [198,201]      [201,207]      [208,214]      [222,229]      [229,230]      [242,244]      [275,276]      [278,281]      
Machine 2: job_12_task_0  job_8_task_0   job_11_task_1  job_12_task_2  job_6_task_1   job_1_task_5   job_6_task_5   job_5_task_4   job_5_task_6   job_1_task_9   job_1_task_10  job_10_task_11 job_8_task_10  job_12_task_12 job_9_task_9   job_3_task_12  job_7_task_12  job_8_task_14  job_7_task_13  job_13_task_14 job_6_task_14  job_13_task_15 job_2_task_15  job_2_task_16  job_7_task_16  job_8_task_16  job_0_task_17  job_2_task_18  job_9_task_17  job_15_task_18 
           [0,2]          [2,5]          [5,12]         [12,16]        [16,19]        [42,50]        [50,53]        [89,90]        [92,96]        [99,107]       [107,116]      [123,132]      [132,138]      [162,163]      [176,179]      [182,184]      [192,193]      [193,201]      [201,204]      [204,206]      [206,208]      [208,217]      [217,219]      [219,223]      [223,232]      [232,242]      [242,249]      [249,258]      [258,266]      [266,273]      
Machine 3: job_2_task_0   job_4_task_0   job_12_task_3  job_2_task_1   job_0_task_2   job_13_task_1  job_12_task_4  job_1_task_4   job_0_task_4   job_3_task_1   job_5_task_2   job_9_task_2   job_0_task_6   job_11_task_5  job_10_task_9  job_10_task_10 job_15_task_6  job_15_task_7  job_11_task_8  job_6_task_10  job_5_task_9   job_13_task_10 job_12_task_11 job_9_task_6   job_5_task_11  job_0_task_13  job_3_task_13  job_0_task_15  job_12_task_16 job_10_task_13 job_7_task_14  job_14_task_17 job_15_task_16 job_9_task_15  job_6_task_17  job_12_task_18 job_7_task_18  
           [0,10]         [10,20]        [20,24]        [24,26]        [26,33]        [33,35]        [35,41]        [41,42]        [42,52]        [52,62]        [62,71]        [71,81]        [81,90]        [90,99]        [110,113]      [113,123]      [123,124]      [124,129]      [129,131]      [131,138]      [139,145]      [145,152]      [152,162]      [162,166]      [166,175]      [175,183]      [184,186]      [188,198]      [198,203]      [203,211]      [211,215]      [234,239]      [244,246]      [246,247]      [249,256]      [256,262]      [269,272]      
Machine 4: job_0_task_0   job_1_task_0   job_10_task_0  job_13_task_0  job_3_task_0   job_4_task_1   job_2_task_3   job_7_task_2   job_5_task_1   job_2_task_4   job_14_task_1  job_10_task_4  job_8_task_5   job_7_task_3   job_6_task_6   job_3_task_2   job_11_task_4  job_15_task_2  job_1_task_7   job_2_task_6   job_7_task_5   job_13_task_6  job_5_task_7   job_15_task_4  job_7_task_7   job_3_task_5   job_14_task_7  job_0_task_7   job_2_task_9   job_9_task_4   job_4_task_8   job_11_task_10 job_12_task_13 job_12_task_14 job_9_task_8   job_5_task_12  job_2_task_13  job_15_task_13 job_13_task_16 job_14_task_15 job_14_task_16 job_10_task_17 job_5_task_17  
           [0,3]          [3,5]          [5,13]         [13,16]        [16,22]        [22,32]        [32,41]        [41,50]        [50,51]        [51,58]        [58,60]        [60,62]        [62,63]        [63,68]        [68,78]        [78,80]        [80,84]        [84,86]        [86,89]        [89,95]        [95,98]        [98,107]       [107,110]      [110,119]      [119,122]      [122,126]      [126,130]      [130,134]      [134,139]      [139,143]      [143,151]      [151,153]      [163,169]      [169,173]      [175,176]      [176,181]      [194,199]      [209,216]      [217,222]      [224,225]      [225,234]      [234,240]      [256,266]      
Machine 5: job_6_task_0   job_15_task_0  job_13_task_4  job_5_task_5   job_3_task_4   job_10_task_8  job_13_task_7  job_15_task_5  job_13_task_9  job_7_task_8   job_14_task_9  job_5_task_10  job_0_task_11  job_14_task_11 job_3_task_8   job_3_task_9   job_4_task_10  job_3_task_10  job_15_task_10 job_3_task_11  job_13_task_12 job_0_task_14  job_5_task_13  job_12_task_15 job_11_task_15 job_4_task_13  job_8_task_15  job_10_task_15 job_1_task_15  job_14_task_18 job_10_task_18 job_9_task_18  job_8_task_18  job_5_task_18  
           [0,1]          [1,5]          [46,48]        [90,92]        [93,101]       [101,110]      [110,114]      [119,120]      [120,129]      [129,137]      [139,149]      [149,154]      [154,157]      [157,158]      [159,161]      [161,164]      [164,166]      [166,174]      [174,181]      [181,182]      [182,187]      [187,188]      [188,191]      [191,198]      [198,205]      [205,214]      [214,221]      [227,228]      [236,240]      [240,242]      [242,244]      [266,267]      [267,269]      [269,273]      
Machine 6: job_5_task_0   job_1_task_1   job_10_task_1  job_11_task_2  job_0_task_3   job_14_task_0  job_10_task_3  job_15_task_1  job_9_task_0   job_9_task_1   job_4_task_6   job_14_task_3  job_7_task_4   job_8_task_6   job_3_task_3   job_6_task_7   job_10_task_7  job_14_task_5  job_11_task_6  job_8_task_7   job_6_task_8   job_6_task_9   job_5_task_8   job_4_task_7   job_12_task_10 job_3_task_6   job_9_task_5   job_3_task_7   job_15_task_9  job_9_task_7   job_1_task_11  job_8_task_13  job_2_task_12  job_3_task_14  job_15_task_12 job_14_task_13 job_1_task_13  job_7_task_15  job_4_task_14  job_14_task_14 job_4_task_15  job_11_task_16 job_12_task_17 job_6_task_16  job_9_task_16  job_11_task_17 job_15_task_17 job_8_task_17  job_4_task_17  job_4_task_18  job_6_task_18  
           [0,10]         [10,20]        [20,25]        [25,34]        [34,42]        [42,50]        [50,54]        [54,58]        [58,60]        [60,61]        [61,69]        [69,70]        [70,75]        [75,83]        [83,93]        [93,95]        [95,100]       [100,105]      [105,112]      [112,118]      [118,122]      [122,130]      [130,139]      [139,140]      [140,148]      [148,150]      [150,157]      [157,159]      [159,166]      [166,175]      [175,185]      [185,191]      [191,194]      [194,202]      [202,209]      [209,215]      [215,220]      [220,221]      [221,222]      [222,224]      [224,230]      [230,236]      [236,246]      [246,249]      [249,252]      [252,259]      [259,260]      [260,266]      [266,270]      [270,276]      [276,281]      
Machine 7: job_7_task_0   job_7_task_1   job_0_task_1   job_8_task_1   job_8_task_2   job_8_task_4   job_10_task_2  job_11_task_3  job_12_task_5  job_13_task_8  job_8_task_8   job_2_task_8   job_11_task_9  job_0_task_8   job_14_task_10 job_13_task_11 job_4_task_11  job_9_task_10  job_6_task_13  job_9_task_11  job_2_task_14  job_9_task_13  job_2_task_17  job_10_task_16 job_0_task_18  
           [0,2]          [2,3]          [3,8]          [8,11]         [11,14]        [15,23]        [25,33]        [34,44]        [44,54]        [114,116]      [118,120]      [120,128]      [131,136]      [136,145]      [149,155]      [155,160]      [166,175]      [179,185]      [185,195]      [195,198]      [199,209]      [209,212]      [223,227]      [228,232]      [249,254]      
Optimal Schedule Length: 281.0
Total (Unoptimized Schedule Length): 1600
Statistics
  - conflicts: 0
  - branches : 39
  - wall time: 0.340137289s