
Problem
         task_0   task_1   task_2   task_3  task_4   task_5   task_6  task_7   task_8   task_9  task_10  task_11  task_12  task_13
job_0    (2, 5)   (1, 1)  (2, 10)   (0, 4)  (3, 6)   (0, 9)   (1, 5)  (3, 9)   (1, 8)   (3, 3)  (1, 10)   (2, 7)   (2, 2)   (3, 7)
job_1    (0, 2)   (3, 6)   (2, 1)   (2, 6)  (1, 5)   (2, 3)  (1, 10)  (2, 8)   (0, 9)   (1, 5)   (0, 1)   (1, 6)   (0, 7)   (0, 8)
job_2    (2, 2)  (3, 10)   (2, 3)  (2, 10)  (3, 6)   (3, 3)   (2, 1)  (3, 8)   (1, 5)   (3, 6)   (3, 6)   (3, 3)   (2, 4)   (0, 5)
job_3    (0, 4)   (0, 6)   (2, 1)   (2, 9)  (3, 9)  (0, 10)   (0, 8)  (2, 9)   (3, 3)   (0, 2)   (0, 8)   (3, 9)   (1, 6)   (0, 4)
job_4    (2, 1)   (0, 1)   (0, 8)   (0, 4)  (1, 4)   (1, 1)   (2, 4)  (0, 5)   (3, 8)  (2, 10)   (3, 4)   (0, 1)   (1, 1)   (1, 5)
job_5    (0, 2)   (2, 2)   (0, 1)   (3, 9)  (3, 7)   (1, 2)   (0, 1)  (0, 5)   (0, 3)   (3, 2)   (1, 5)   (2, 4)   (3, 1)   (0, 8)
job_6    (2, 8)   (0, 8)   (2, 3)   (1, 1)  (1, 5)   (1, 5)   (1, 7)  (1, 9)  (1, 10)   (0, 9)   (3, 5)   (3, 8)   (1, 5)   (1, 3)
job_7    (3, 7)  (3, 10)   (3, 7)   (2, 6)  (0, 4)   (0, 3)   (1, 4)  (2, 5)   (1, 9)  (0, 10)   (1, 3)   (2, 9)   (2, 9)   (0, 3)
job_8    (2, 5)   (3, 8)   (2, 7)   (2, 4)  (0, 7)  (1, 10)   (2, 7)  (3, 4)   (0, 6)   (0, 2)   (1, 8)   (1, 5)   (1, 5)   (2, 1)
job_9    (0, 7)   (1, 6)   (2, 4)   (3, 9)  (0, 1)  (2, 10)  (1, 10)  (1, 1)   (3, 2)   (2, 7)   (3, 3)   (0, 8)   (0, 6)   (0, 5)
job_10   (2, 8)   (2, 5)   (2, 1)   (0, 1)  (0, 4)   (1, 6)   (3, 8)  (1, 5)   (3, 4)   (3, 5)   (3, 2)   (1, 1)   (0, 8)  (1, 10)
job_11   (0, 4)   (0, 1)  (1, 10)   (2, 6)  (1, 6)   (2, 2)   (3, 6)  (0, 8)   (2, 9)   (3, 3)   (3, 8)   (2, 3)   (3, 9)   (2, 7)
job_12  (3, 10)   (1, 6)   (3, 7)   (3, 3)  (3, 6)   (3, 5)   (1, 7)  (3, 3)   (3, 1)   (0, 1)   (1, 7)  (2, 10)   (2, 7)   (2, 2)
job_13   (1, 4)   (1, 3)   (0, 1)   (3, 7)  (3, 6)   (2, 9)   (1, 7)  (0, 4)   (3, 9)   (3, 3)   (1, 5)   (1, 1)   (2, 4)   (0, 5)
job_14  (3, 10)   (1, 9)   (0, 9)  (1, 10)  (3, 4)   (0, 4)   (0, 2)  (2, 6)   (2, 3)   (0, 2)   (3, 7)   (1, 5)  (0, 10)   (1, 9)


Solution:
Machine 0: job_3_task_0   job_3_task_1   job_11_task_0  job_9_task_0   job_11_task_1  job_6_task_1   job_1_task_0   job_14_task_2  job_0_task_3   job_13_task_2  job_5_task_0   job_3_task_5   job_0_task_5   job_7_task_4   job_4_task_1   job_7_task_5   job_8_task_4   job_4_task_2   job_10_task_3  job_9_task_4   job_10_task_4  job_3_task_6   job_5_task_2   job_14_task_5  job_4_task_3   job_11_task_7  job_14_task_6  job_1_task_8   job_7_task_9   job_13_task_7  job_4_task_7   job_6_task_9   job_14_task_9  job_5_task_6   job_3_task_9   job_5_task_7   job_8_task_8   job_3_task_10  job_5_task_8   job_1_task_10  job_8_task_9   job_14_task_12 job_12_task_9  job_7_task_13  job_1_task_12  job_1_task_13  job_9_task_11  job_10_task_12 job_9_task_12  job_9_task_13  job_4_task_11  job_13_task_13 job_5_task_13  job_2_task_13  job_3_task_13  
           [0,4]          [4,10]         [10,14]        [14,21]        [21,22]        [22,30]        [30,32]        [32,41]        [41,45]        [45,46]        [46,48]        [77,87]        [87,96]        [96,100]       [100,101]      [101,104]      [104,111]      [111,119]      [119,120]      [120,121]      [121,125]      [125,133]      [133,134]      [134,138]      [138,142]      [142,150]      [150,152]      [152,161]      [161,171]      [171,175]      [175,180]      [180,189]      [189,191]      [191,192]      [192,194]      [194,199]      [199,205]      [205,213]      [213,216]      [216,217]      [217,219]      [219,229]      [229,230]      [230,233]      [233,240]      [240,248]      [255,263]      [263,271]      [271,277]      [277,282]      [285,286]      [291,296]      [296,304]      [304,309]      [309,313]      
Machine 1: job_13_task_0  job_13_task_1  job_0_task_1   job_14_task_1  job_9_task_1   job_11_task_2  job_12_task_1  job_6_task_3   job_6_task_4   job_14_task_3  job_1_task_4   job_6_task_5   job_11_task_4  job_6_task_6   job_6_task_7   job_6_task_8   job_1_task_6   job_7_task_6   job_0_task_6   job_8_task_5   job_10_task_5  job_7_task_8   job_4_task_4   job_9_task_6   job_4_task_5   job_13_task_6  job_12_task_6  job_0_task_8   job_10_task_7  job_9_task_7   job_5_task_5   job_2_task_8   job_1_task_9   job_7_task_10  job_14_task_11 job_0_task_10  job_1_task_11  job_12_task_10 job_8_task_10  job_8_task_11  job_14_task_13 job_10_task_11 job_8_task_12  job_5_task_10  job_10_task_13 job_13_task_10 job_13_task_11 job_6_task_12  job_6_task_13  job_4_task_12  job_4_task_13  job_3_task_12  
           [0,4]          [4,7]          [7,8]          [10,19]        [21,27]        [27,37]        [37,43]        [43,44]        [44,49]        [49,59]        [59,64]        [64,69]        [69,75]        [75,82]        [82,91]        [91,101]       [101,111]      [111,115]      [115,120]      [120,130]      [130,136]      [136,145]      [145,149]      [149,159]      [159,160]      [160,167]      [167,174]      [174,182]      [182,187]      [187,188]      [188,190]      [190,195]      [195,200]      [200,203]      [205,210]      [215,225]      [225,231]      [231,238]      [238,246]      [246,251]      [251,260]      [260,261]      [261,266]      [266,271]      [271,281]      [281,286]      [286,287]      [287,292]      [292,295]      [295,296]      [296,301]      [301,307]      
Machine 2: job_0_task_0   job_6_task_0   job_0_task_2   job_8_task_0   job_3_task_2   job_3_task_3   job_2_task_0   job_6_task_2   job_1_task_2   job_1_task_3   job_10_task_0  job_11_task_3  job_9_task_2   job_8_task_2   job_7_task_3   job_2_task_2   job_10_task_1  job_8_task_3   job_4_task_0   job_1_task_5   job_2_task_3   job_10_task_2  job_11_task_5  job_5_task_1   job_13_task_5  job_9_task_5   job_7_task_7   job_1_task_7   job_3_task_7   job_14_task_7  job_11_task_8  job_4_task_6   job_2_task_6   job_8_task_6   job_14_task_8  job_9_task_9   job_7_task_11  job_7_task_12  job_4_task_9   job_11_task_11 job_0_task_11  job_12_task_11 job_0_task_12  job_12_task_12 job_12_task_13 job_8_task_13  job_5_task_11  job_13_task_12 job_2_task_12  job_11_task_13 
           [0,5]          [5,13]         [13,23]        [23,28]        [28,29]        [29,38]        [38,40]        [40,43]        [43,44]        [44,50]        [50,58]        [58,64]        [64,68]        [68,75]        [75,81]        [81,84]        [84,89]        [89,93]        [93,94]        [94,97]        [97,107]       [107,108]      [108,110]      [110,112]      [112,121]      [121,131]      [131,136]      [136,144]      [144,153]      [153,159]      [159,168]      [168,172]      [172,173]      [173,180]      [180,183]      [191,198]      [203,212]      [212,221]      [223,233]      [233,236]      [236,243]      [243,253]      [253,255]      [255,262]      [262,264]      [266,267]      [271,275]      [287,291]      [291,295]      [307,314]      
Machine 3: job_14_task_0  job_7_task_0   job_7_task_1   job_12_task_0  job_1_task_1   job_8_task_1   job_7_task_2   job_2_task_1   job_3_task_4   job_0_task_4   job_9_task_3   job_13_task_3  job_12_task_2  job_13_task_4  job_11_task_6  job_12_task_3  job_14_task_4  job_12_task_4  job_2_task_4   job_5_task_3   job_0_task_7   job_12_task_5  job_10_task_6  job_2_task_5   job_5_task_4   job_2_task_7   job_3_task_8   job_9_task_8   job_12_task_7  job_8_task_7   job_14_task_10 job_11_task_9  job_10_task_8  job_0_task_9   job_4_task_8   job_12_task_8  job_11_task_10 job_13_task_8  job_10_task_9  job_2_task_9   job_9_task_10  job_10_task_10 job_6_task_10  job_5_task_9   job_13_task_9  job_2_task_10  job_6_task_11  job_4_task_10  job_2_task_11  job_5_task_12  job_3_task_11  job_11_task_12 job_0_task_13  
           [0,10]         [10,17]        [17,27]        [27,37]        [37,43]        [43,51]        [51,58]        [58,68]        [68,77]        [77,83]        [83,92]        [92,99]        [99,106]       [106,112]      [112,118]      [118,121]      [121,125]      [125,131]      [131,137]      [137,146]      [146,155]      [155,160]      [160,168]      [168,171]      [171,178]      [178,186]      [186,189]      [189,191]      [191,194]      [194,198]      [198,205]      [205,208]      [208,212]      [212,215]      [215,223]      [223,224]      [224,232]      [232,241]      [241,246]      [246,252]      [252,255]      [255,257]      [257,262]      [262,264]      [264,267]      [267,273]      [273,281]      [281,285]      [285,288]      [288,289]      [289,298]      [298,307]      [307,314]      
Optimal Schedule Length: 314.0
Total (Unoptimized Schedule Length): 1148
Statistics
  - conflicts: 0
  - branches : 0
  - wall time: 0.20711990700000002s