
Problem
         task_0   task_1   task_2   task_3   task_4   task_5   task_6   task_7   task_8   task_9  task_10
job_0    (2, 1)   (3, 4)   (3, 9)   (2, 4)   (3, 5)   (2, 9)   (1, 4)  (1, 10)   (1, 3)   (2, 8)   (3, 4)
job_1    (2, 5)   (0, 5)   (3, 3)   (1, 3)   (2, 8)   (1, 4)   (0, 4)   (0, 6)   (0, 6)   (1, 1)   (2, 8)
job_2    (0, 2)   (2, 7)   (1, 4)   (3, 4)   (2, 3)   (1, 1)   (3, 6)   (2, 7)   (0, 3)   (2, 7)   (3, 1)
job_3    (2, 1)   (2, 3)   (3, 3)   (3, 4)   (3, 2)   (1, 6)   (2, 6)   (1, 5)   (0, 3)   (2, 9)   (1, 8)
job_4    (1, 1)   (3, 7)   (0, 6)   (1, 7)  (1, 10)  (3, 10)   (1, 5)   (0, 9)   (3, 6)   (0, 1)  (1, 10)
job_5    (3, 1)  (0, 10)   (2, 3)   (2, 9)   (0, 5)   (2, 6)   (1, 6)   (3, 3)   (0, 6)   (1, 5)   (2, 4)
job_6    (1, 9)   (0, 7)   (1, 7)   (2, 3)   (3, 4)  (3, 10)   (1, 5)   (2, 2)  (2, 10)   (0, 5)   (0, 6)
job_7    (3, 7)   (2, 7)   (1, 4)   (0, 9)   (0, 6)   (0, 8)   (2, 7)   (2, 8)   (1, 8)   (0, 8)   (3, 1)
job_8    (0, 9)   (2, 9)   (1, 2)   (0, 5)   (1, 6)   (1, 7)   (1, 4)   (2, 2)   (0, 8)   (0, 4)  (1, 10)
job_9    (2, 4)   (0, 4)   (3, 3)   (3, 2)   (1, 3)   (1, 6)   (3, 2)   (2, 2)   (0, 7)   (2, 2)  (3, 10)
job_10  (1, 10)   (1, 3)   (3, 1)   (1, 9)   (0, 1)   (2, 6)   (2, 3)  (0, 10)   (1, 4)  (1, 10)   (1, 2)
job_11  (3, 10)   (3, 3)  (0, 10)   (2, 3)   (0, 3)   (2, 1)   (0, 9)  (1, 10)   (3, 3)  (0, 10)   (3, 3)
job_12   (3, 1)   (0, 2)   (2, 3)  (2, 10)   (3, 8)   (2, 5)   (2, 7)   (1, 2)   (2, 2)   (0, 7)   (0, 7)
job_13   (3, 4)   (0, 1)   (2, 1)   (3, 1)   (0, 1)   (0, 3)   (2, 5)   (0, 6)   (2, 7)   (3, 4)   (3, 8)
job_14   (3, 8)   (2, 6)   (2, 7)   (1, 5)   (2, 9)   (1, 9)   (2, 5)   (2, 1)   (1, 8)   (1, 7)   (2, 6)
job_15   (0, 2)   (2, 1)   (0, 8)   (0, 4)   (2, 5)  (3, 10)  (0, 10)   (2, 5)   (3, 3)   (0, 2)   (0, 3)
job_16   (3, 7)   (1, 9)   (1, 6)   (2, 7)  (0, 10)   (2, 7)  (2, 10)   (3, 9)   (2, 2)   (3, 5)   (2, 7)
job_17   (0, 2)  (1, 10)   (2, 2)   (1, 3)   (0, 3)  (0, 10)   (2, 4)   (1, 7)   (0, 3)   (2, 3)   (1, 7)
job_18   (1, 2)   (1, 5)  (3, 10)   (1, 8)   (1, 4)   (0, 5)   (1, 6)   (1, 8)   (3, 4)   (0, 3)   (2, 4)
job_19  (3, 10)   (3, 6)   (2, 5)   (3, 1)   (1, 7)   (1, 6)   (3, 3)   (0, 3)   (1, 5)   (0, 6)   (1, 9)


Solution:
Machine 0: job_8_task_0   job_17_task_0  job_6_task_1   job_15_task_0  job_1_task_1   job_4_task_2   job_7_task_3   job_16_task_4  job_15_task_2  job_5_task_1   job_12_task_1  job_11_task_2  job_7_task_4   job_2_task_0   job_15_task_3  job_8_task_3   job_9_task_1   job_7_task_5   job_13_task_1  job_10_task_4  job_5_task_4   job_11_task_4  job_17_task_4  job_17_task_5  job_11_task_6  job_13_task_4  job_13_task_5  job_18_task_5  job_15_task_6  job_4_task_7   job_1_task_6   job_10_task_7  job_13_task_7  job_19_task_7  job_1_task_7   job_8_task_8   job_3_task_8   job_9_task_8   job_5_task_8   job_1_task_8   job_19_task_9  job_8_task_9   job_17_task_8  job_11_task_9  job_12_task_9  job_4_task_9   job_2_task_8   job_6_task_9   job_7_task_9   job_18_task_9  job_12_task_10 job_6_task_10  job_15_task_9  job_15_task_10 
           [0,9]          [9,11]         [11,18]        [18,20]        [20,25]        [25,31]        [31,40]        [40,50]        [50,58]        [58,68]        [68,70]        [70,80]        [80,86]        [86,88]        [88,92]        [92,97]        [97,101]       [101,109]      [109,110]      [110,111]      [114,119]      [126,129]      [129,132]      [132,142]      [150,159]      [159,160]      [160,163]      [163,168]      [168,178]      [178,187]      [187,191]      [191,201]      [201,207]      [207,210]      [210,216]      [216,224]      [224,227]      [227,234]      [234,240]      [240,246]      [246,252]      [252,256]      [256,259]      [259,269]      [269,276]      [276,277]      [277,280]      [280,285]      [285,293]      [293,296]      [296,303]      [303,309]      [309,311]      [311,314]      
Machine 1: job_4_task_0   job_6_task_0   job_16_task_1  job_16_task_2  job_18_task_0  job_7_task_2   job_10_task_0  job_4_task_3   job_18_task_1  job_6_task_2   job_17_task_1  job_4_task_4   job_14_task_3  job_10_task_1  job_8_task_2   job_10_task_3  job_18_task_3  job_8_task_4   job_1_task_3   job_14_task_5  job_17_task_3  job_19_task_4  job_3_task_5   job_2_task_2   job_8_task_5   job_18_task_4  job_9_task_4   job_19_task_5  job_4_task_6   job_0_task_6   job_1_task_5   job_9_task_5   job_8_task_6   job_6_task_6   job_11_task_7  job_2_task_5   job_3_task_7   job_18_task_6  job_0_task_7   job_5_task_6   job_14_task_8  job_19_task_8  job_17_task_7  job_18_task_7  job_12_task_7  job_7_task_8   job_10_task_8  job_0_task_8   job_14_task_9  job_10_task_9  job_8_task_10  job_4_task_10  job_1_task_9   job_5_task_9   job_19_task_10 job_3_task_10  job_17_task_10 job_10_task_10 
           [0,1]          [1,10]         [10,19]        [19,25]        [25,27]        [27,31]        [31,41]        [41,48]        [48,53]        [53,60]        [60,70]        [70,80]        [80,85]        [85,88]        [88,90]        [90,99]        [99,107]       [107,113]      [113,116]      [116,125]      [125,128]      [128,135]      [135,141]      [141,145]      [145,152]      [152,156]      [156,159]      [159,165]      [165,170]      [170,174]      [174,178]      [178,184]      [184,188]      [188,193]      [193,203]      [203,204]      [204,209]      [209,215]      [215,225]      [225,231]      [231,239]      [239,244]      [244,251]      [251,259]      [259,261]      [261,269]      [269,273]      [273,276]      [276,283]      [283,293]      [293,303]      [303,313]      [313,314]      [314,319]      [319,328]      [328,336]      [336,343]      [343,345]      
Machine 2: job_0_task_0   job_1_task_0   job_3_task_0   job_3_task_1   job_8_task_1   job_7_task_1   job_16_task_3  job_14_task_1  job_14_task_2  job_15_task_1  job_9_task_0   job_16_task_5  job_16_task_6  job_5_task_2   job_12_task_2  job_12_task_3  job_0_task_3   job_6_task_3   job_19_task_2  job_14_task_4  job_5_task_3   job_2_task_1   job_17_task_2  job_11_task_3  job_15_task_4  job_0_task_5   job_1_task_4   job_13_task_2  job_11_task_5  job_10_task_5  job_7_task_6   job_3_task_6   job_13_task_6  job_12_task_5  job_5_task_5   job_10_task_6  job_2_task_4   job_14_task_6  job_12_task_6  job_7_task_7   job_8_task_7   job_17_task_6  job_6_task_7   job_14_task_7  job_9_task_7   job_6_task_8   job_13_task_8  job_2_task_7   job_3_task_9   job_16_task_8  job_15_task_7  job_12_task_8  job_9_task_9   job_17_task_9  job_16_task_10 job_0_task_9   job_2_task_9   job_14_task_10 job_18_task_10 job_1_task_10  job_5_task_10  
           [0,1]          [1,6]          [6,7]          [7,10]         [10,19]        [19,26]        [26,33]        [33,39]        [39,46]        [46,47]        [47,51]        [51,58]        [58,68]        [68,71]        [71,74]        [74,84]        [84,88]        [88,91]        [91,96]        [96,105]       [105,114]      [114,121]      [121,123]      [123,126]      [126,131]      [131,140]      [140,148]      [148,149]      [149,150]      [150,156]      [156,163]      [163,169]      [169,174]      [174,179]      [179,185]      [185,188]      [188,191]      [191,196]      [196,203]      [203,211]      [211,213]      [213,217]      [217,219]      [219,220]      [220,222]      [222,232]      [232,239]      [239,246]      [246,255]      [255,257]      [257,262]      [262,264]      [264,266]      [266,269]      [269,276]      [276,284]      [284,291]      [291,297]      [297,301]      [314,322]      [322,326]      
Machine 3: job_16_task_0  job_7_task_0   job_4_task_1   job_14_task_0  job_11_task_0  job_19_task_0  job_0_task_1   job_5_task_0   job_0_task_2   job_11_task_1  job_12_task_0  job_18_task_2  job_19_task_1  job_3_task_2   job_1_task_2   job_10_task_2  job_3_task_3   job_0_task_4   job_6_task_4   job_13_task_0  job_4_task_5   job_19_task_3  job_3_task_4   job_12_task_4  job_6_task_5   job_9_task_2   job_9_task_3   job_15_task_5  job_13_task_3  job_2_task_3   job_16_task_7  job_19_task_6  job_9_task_6   job_4_task_8   job_11_task_8  job_2_task_6   job_5_task_7   job_13_task_9  job_13_task_10 job_16_task_9  job_18_task_8  job_9_task_10  job_15_task_8  job_11_task_10 job_0_task_10  job_2_task_10  job_7_task_10  
           [0,7]          [7,14]         [14,21]        [21,29]        [29,39]        [39,49]        [49,53]        [53,54]        [54,63]        [63,66]        [66,67]        [67,77]        [77,83]        [83,86]        [86,89]        [89,90]        [90,94]        [94,99]        [99,103]       [103,107]      [107,117]      [117,118]      [118,120]      [120,128]      [128,138]      [138,141]      [141,143]      [143,153]      [153,154]      [154,158]      [158,167]      [167,170]      [184,186]      [187,193]      [203,206]      [206,212]      [231,234]      [239,243]      [243,251]      [257,262]      [262,266]      [266,276]      [276,279]      [279,282]      [284,288]      [291,292]      [293,294]      
Optimal Schedule Length: 345.0
Total (Unoptimized Schedule Length): 1187
Statistics
  - conflicts: 1
  - branches : 221
  - wall time: 0.07506647600000001s