
Problem
         task_0   task_1   task_2   task_3   task_4   task_5   task_6   task_7   task_8   task_9  task_10  task_11  task_12  task_13  task_14  task_15  task_16  task_17  task_18
job_0    (4, 8)   (4, 8)   (0, 8)   (0, 1)   (3, 7)   (4, 4)   (0, 4)   (4, 9)   (2, 8)   (4, 2)   (3, 5)   (0, 3)   (3, 6)   (0, 6)   (0, 9)   (0, 4)   (1, 6)   (2, 5)  (3, 10)
job_1    (2, 8)   (4, 1)   (0, 5)   (1, 8)  (4, 10)  (3, 10)   (2, 1)   (2, 8)   (4, 9)  (3, 10)  (3, 10)   (0, 1)   (2, 7)   (4, 4)   (0, 4)   (2, 2)   (1, 6)   (4, 6)   (0, 2)
job_2    (1, 7)   (3, 3)   (0, 5)  (3, 10)   (4, 7)   (2, 6)   (1, 6)   (3, 5)   (3, 5)  (4, 10)   (4, 2)   (2, 2)   (2, 6)   (3, 4)   (1, 6)  (3, 10)   (3, 1)   (4, 9)   (4, 9)
job_3    (3, 9)   (1, 3)   (1, 5)   (2, 2)   (2, 6)   (0, 6)   (4, 7)  (4, 10)   (0, 9)   (1, 5)   (2, 2)   (4, 9)   (0, 9)  (4, 10)   (1, 8)   (0, 6)   (2, 8)   (3, 2)   (4, 1)
job_4    (0, 7)   (2, 7)   (0, 3)   (1, 6)   (4, 8)  (3, 10)  (4, 10)   (4, 3)   (2, 2)   (4, 2)   (4, 2)   (0, 6)   (0, 8)   (1, 6)   (3, 3)   (3, 2)   (0, 6)  (0, 10)   (0, 3)
job_5    (3, 4)   (2, 4)   (2, 1)   (1, 7)   (3, 9)   (0, 2)   (1, 6)   (2, 4)   (1, 7)   (3, 6)   (4, 3)   (4, 7)   (3, 7)   (0, 9)   (0, 4)   (4, 7)   (4, 5)   (4, 5)   (1, 7)
job_6    (0, 3)   (3, 3)   (4, 8)   (4, 1)   (1, 2)   (3, 5)   (1, 9)   (4, 6)   (0, 6)   (3, 9)   (2, 5)   (1, 2)   (4, 7)  (3, 10)   (4, 4)   (0, 1)   (4, 7)   (2, 5)   (1, 2)
job_7    (3, 4)   (2, 8)   (2, 5)   (4, 1)   (3, 4)   (2, 9)   (0, 1)   (2, 7)   (0, 5)   (3, 6)   (1, 6)   (1, 1)   (2, 4)   (2, 3)  (3, 10)   (0, 7)   (3, 5)   (0, 1)   (1, 1)
job_8    (0, 6)  (0, 10)   (1, 6)   (2, 5)   (0, 9)   (1, 4)   (3, 7)   (2, 1)   (2, 4)   (3, 1)   (3, 1)   (1, 3)   (0, 2)   (1, 6)   (3, 6)   (3, 1)   (4, 6)   (4, 5)   (2, 1)
job_9    (4, 1)   (0, 8)   (4, 9)   (2, 9)   (2, 3)   (0, 9)   (0, 3)  (4, 10)   (1, 2)   (1, 7)   (2, 7)   (2, 3)   (4, 2)   (3, 8)   (0, 5)   (2, 6)  (3, 10)   (2, 5)  (2, 10)
job_10   (4, 6)   (3, 4)   (1, 9)   (1, 7)   (3, 4)   (1, 9)   (4, 2)  (1, 10)   (0, 5)   (3, 9)   (1, 2)  (2, 10)   (0, 5)   (1, 2)   (3, 9)   (1, 9)   (3, 7)   (4, 5)   (3, 2)
job_11   (1, 2)   (1, 5)   (3, 1)   (3, 5)   (4, 5)   (4, 2)   (0, 2)   (1, 5)  (0, 10)   (0, 1)   (4, 6)   (0, 4)   (0, 4)   (3, 5)   (4, 6)   (0, 8)   (4, 3)   (3, 3)   (3, 7)
job_12   (3, 8)   (0, 7)   (3, 1)   (0, 4)   (0, 1)   (1, 7)   (3, 1)  (2, 10)  (2, 10)   (4, 5)   (4, 1)   (1, 3)  (4, 10)   (2, 7)   (1, 9)   (3, 1)   (0, 1)  (2, 10)   (2, 1)
job_13  (1, 10)   (2, 1)   (0, 3)  (1, 10)   (3, 7)   (2, 6)   (3, 2)  (3, 10)   (4, 3)   (1, 1)   (1, 6)   (4, 7)   (2, 6)   (4, 9)   (0, 6)   (2, 3)   (2, 1)   (0, 4)   (3, 3)
job_14   (1, 2)   (4, 1)   (3, 2)   (4, 7)   (0, 6)   (0, 1)   (3, 7)   (4, 1)   (2, 4)   (0, 6)   (3, 6)   (1, 9)   (0, 1)   (4, 7)  (4, 10)   (0, 3)   (3, 6)   (2, 1)   (4, 9)
job_15   (4, 7)   (4, 6)   (2, 3)  (2, 10)   (3, 4)   (0, 7)   (3, 7)  (0, 10)   (3, 9)  (3, 10)   (1, 1)  (4, 10)   (0, 8)   (0, 5)   (2, 5)   (0, 8)   (0, 8)   (4, 6)   (3, 4)
job_16   (2, 7)   (2, 5)  (1, 10)   (0, 7)   (3, 8)   (1, 9)   (4, 3)   (2, 9)   (3, 5)   (3, 2)  (0, 10)   (4, 8)   (3, 1)   (3, 9)   (3, 7)   (4, 3)   (1, 3)   (4, 4)   (0, 1)
job_17   (1, 5)   (3, 1)   (3, 1)   (4, 4)   (3, 9)  (0, 10)   (0, 3)   (4, 6)   (1, 2)   (4, 4)  (0, 10)  (2, 10)   (1, 1)   (1, 4)   (1, 3)   (1, 7)   (2, 3)   (1, 7)   (3, 5)
job_18   (0, 9)   (4, 4)   (1, 7)   (4, 7)   (4, 5)   (3, 7)   (1, 1)   (4, 8)   (3, 5)   (2, 9)   (1, 9)  (1, 10)  (1, 10)   (4, 1)   (2, 7)   (1, 2)   (0, 9)   (4, 6)   (4, 2)


Solution:
Machine 0: job_18_task_0  job_4_task_0   job_9_task_1   job_2_task_2   job_6_task_0   job_15_task_5  job_12_task_1  job_3_task_5   job_1_task_2   job_0_task_2   job_4_task_2   job_0_task_3   job_16_task_3  job_13_task_2  job_9_task_5   job_8_task_0   job_15_task_7  job_12_task_3  job_5_task_5   job_9_task_6   job_8_task_1   job_12_task_4  job_0_task_6   job_14_task_4  job_17_task_5  job_14_task_5  job_3_task_8   job_17_task_6  job_10_task_8  job_11_task_6  job_6_task_8   job_7_task_6   job_11_task_8  job_14_task_9  job_8_task_4   job_11_task_9  job_17_task_10 job_0_task_11  job_7_task_8   job_15_task_12 job_14_task_12 job_15_task_13 job_3_task_12  job_16_task_10 job_4_task_11  job_11_task_11 job_0_task_13  job_10_task_12 job_4_task_12  job_5_task_13  job_11_task_12 job_9_task_14  job_0_task_14  job_1_task_11  job_5_task_14  job_8_task_12  job_15_task_15 job_0_task_15  job_11_task_15 job_1_task_14  job_14_task_15 job_15_task_16 job_13_task_14 job_4_task_16  job_3_task_15  job_18_task_16 job_6_task_15  job_7_task_15  job_4_task_17  job_12_task_16 job_13_task_17 job_4_task_18  job_7_task_17  job_1_task_18  job_16_task_18 
           [0,9]          [9,16]         [16,24]        [24,29]        [29,32]        [32,39]        [39,46]        [46,52]        [52,57]        [57,65]        [65,68]        [68,69]        [69,76]        [76,79]        [79,88]        [88,94]        [94,104]       [104,108]      [108,110]      [110,113]      [113,123]      [123,124]      [124,128]      [128,134]      [134,144]      [144,145]      [145,154]      [154,157]      [157,162]      [166,168]      [175,181]      [181,182]      [189,199]      [199,205]      [205,214]      [214,215]      [220,230]      [230,233]      [233,238]      [238,246]      [246,247]      [247,252]      [252,261]      [261,271]      [271,277]      [277,281]      [281,287]      [287,292]      [292,300]      [300,309]      [309,313]      [313,318]      [318,327]      [327,328]      [328,332]      [332,334]      [334,342]      [342,346]      [346,354]      [354,358]      [358,361]      [361,369]      [369,375]      [375,381]      [381,387]      [387,396]      [396,397]      [397,404]      [404,414]      [414,415]      [415,419]      [419,422]      [422,423]      [436,438]      [450,451]      
Machine 1: job_2_task_0   job_13_task_0  job_3_task_1   job_3_task_2   job_17_task_0  job_10_task_2  job_18_task_2  job_16_task_2  job_10_task_3  job_1_task_3   job_5_task_3   job_14_task_0  job_4_task_3   job_10_task_5  job_11_task_0  job_13_task_3  job_11_task_1  job_6_task_4   job_18_task_6  job_5_task_6   job_2_task_6   job_12_task_5  job_16_task_5  job_10_task_7  job_6_task_6   job_8_task_2   job_5_task_8   job_9_task_8   job_9_task_9   job_11_task_7  job_3_task_9   job_17_task_8  job_18_task_10 job_15_task_10 job_18_task_11 job_10_task_10 job_8_task_5   job_18_task_12 job_14_task_11 job_13_task_9  job_13_task_10 job_6_task_11  job_7_task_10  job_12_task_11 job_7_task_11  job_17_task_12 job_17_task_13 job_17_task_14 job_17_task_15 job_10_task_13 job_4_task_13  job_2_task_14  job_12_task_14 job_8_task_11  job_3_task_14  job_10_task_15 job_8_task_13  job_0_task_16  job_18_task_15 job_17_task_17 job_1_task_16  job_5_task_18  job_16_task_16 job_6_task_18  job_7_task_18  
           [0,7]          [7,17]         [17,20]        [20,25]        [25,30]        [30,39]        [39,46]        [46,56]        [56,63]        [63,71]        [71,78]        [78,80]        [80,86]        [86,95]        [95,97]        [97,107]       [107,112]      [112,114]      [114,115]      [115,121]      [121,127]      [127,134]      [134,143]      [143,153]      [153,162]      [162,168]      [168,175]      [175,177]      [177,184]      [184,189]      [189,194]      [194,196]      [196,205]      [205,206]      [206,216]      [216,218]      [218,222]      [222,232]      [235,244]      [254,255]      [255,261]      [266,268]      [268,274]      [274,277]      [277,278]      [278,279]      [279,283]      [283,286]      [286,293]      [293,295]      [300,306]      [306,312]      [312,321]      [321,324]      [324,332]      [332,341]      [341,347]      [347,353]      [353,355]      [355,362]      [362,368]      [375,382]      [393,396]      [414,416]      [423,424]      
Machine 2: job_1_task_0   job_16_task_0  job_15_task_2  job_15_task_3  job_16_task_1  job_3_task_3   job_5_task_1   job_3_task_4   job_9_task_3   job_4_task_1   job_5_task_2   job_9_task_4   job_13_task_1  job_7_task_1   job_7_task_2   job_2_task_5   job_1_task_6   job_1_task_7   job_5_task_7   job_13_task_5  job_0_task_8   job_7_task_5   job_12_task_7  job_18_task_9  job_14_task_8  job_8_task_3   job_16_task_7  job_12_task_8  job_7_task_7   job_9_task_10  job_3_task_10  job_4_task_8   job_9_task_11  job_10_task_11 job_2_task_11  job_2_task_12  job_6_task_10  job_17_task_11 job_15_task_14 job_13_task_12 job_8_task_7   job_8_task_8   job_7_task_12  job_12_task_13 job_7_task_13  job_17_task_16 job_9_task_15  job_1_task_12  job_18_task_14 job_0_task_17  job_1_task_15  job_9_task_17  job_9_task_18  job_13_task_15 job_13_task_16 job_3_task_16  job_14_task_17 job_6_task_17  job_12_task_17 job_12_task_18 job_8_task_18  
           [0,8]          [8,15]         [15,18]        [18,28]        [28,33]        [33,35]        [35,39]        [39,45]        [45,54]        [54,61]        [61,62]        [62,65]        [65,66]        [66,74]        [74,79]        [91,97]        [118,119]      [119,127]      [127,131]      [136,142]      [158,166]      [166,175]      [175,185]      [185,194]      [194,198]      [198,203]      [203,212]      [212,222]      [222,229]      [229,236]      [236,238]      [238,240]      [240,243]      [243,253]      [253,255]      [255,261]      [261,266]      [266,276]      [276,281]      [281,287]      [287,288]      [288,292]      [292,296]      [296,303]      [303,306]      [306,309]      [318,324]      [328,335]      [335,342]      [353,358]      [358,360]      [360,365]      [365,375]      [375,378]      [378,379]      [387,395]      [395,396]      [409,414]      [415,425]      [425,426]      [446,447]      
Machine 3: job_3_task_0   job_2_task_1   job_5_task_0   job_12_task_0  job_10_task_1  job_15_task_4  job_2_task_3   job_6_task_1   job_15_task_6  job_17_task_1  job_17_task_2  job_7_task_0   job_12_task_2  job_18_task_5  job_10_task_4  job_0_task_4   job_5_task_4   job_17_task_4  job_14_task_2  job_16_task_4  job_1_task_5   job_6_task_5   job_11_task_2  job_11_task_3  job_13_task_4  job_15_task_8  job_4_task_5   job_18_task_8  job_7_task_4   job_14_task_6  job_12_task_6  job_2_task_7   job_15_task_9  job_2_task_8   job_13_task_6  job_5_task_9   job_10_task_9  job_13_task_7  job_0_task_10  job_16_task_8  job_14_task_10 job_6_task_9   job_1_task_9   job_16_task_9  job_0_task_12  job_7_task_9   job_5_task_12  job_8_task_6   job_9_task_13  job_1_task_10  job_2_task_13  job_8_task_9   job_10_task_14 job_11_task_13 job_8_task_10  job_6_task_13  job_2_task_15  job_16_task_12 job_16_task_13 job_9_task_16  job_4_task_14  job_7_task_14  job_4_task_15  job_2_task_16  job_8_task_14  job_16_task_14 job_14_task_16 job_10_task_16 job_8_task_15  job_12_task_15 job_11_task_17 job_0_task_18  job_7_task_16  job_11_task_18 job_17_task_18 job_15_task_18 job_3_task_17  job_13_task_18 job_10_task_18 
           [0,9]          [9,12]         [12,16]        [16,24]        [24,28]        [28,32]        [32,42]        [42,45]        [45,52]        [52,53]        [53,54]        [54,58]        [58,59]        [62,69]        [69,73]        [73,80]        [80,89]        [89,98]        [98,100]       [100,108]      [108,118]      [118,123]      [123,124]      [124,129]      [129,136]      [136,145]      [145,155]      [155,160]      [160,164]      [164,171]      [171,172]      [172,177]      [177,187]      [187,192]      [192,194]      [194,200]      [200,209]      [209,219]      [219,224]      [224,229]      [229,235]      [235,244]      [244,254]      [254,256]      [256,262]      [262,268]      [268,275]      [275,282]      [282,290]      [290,300]      [300,304]      [304,305]      [305,314]      [314,319]      [319,320]      [320,330]      [330,340]      [340,341]      [341,350]      [350,360]      [360,363]      [363,373]      [373,375]      [375,376]      [376,382]      [382,389]      [389,395]      [395,402]      [402,403]      [403,404]      [404,407]      [407,417]      [417,422]      [422,429]      [429,434]      [434,438]      [438,440]      [440,443]      [443,445]      
Machine 4: job_15_task_0  job_15_task_1  job_9_task_0   job_10_task_0  job_0_task_0   job_18_task_1  job_9_task_2   job_0_task_1   job_1_task_1   job_18_task_3  job_18_task_4  job_6_task_2   job_17_task_3  job_1_task_4   job_2_task_4   job_14_task_1  job_3_task_6   job_6_task_3   job_14_task_3  job_0_task_5   job_4_task_4   job_3_task_7   job_18_task_7  job_10_task_6  job_9_task_7   job_0_task_7   job_7_task_3   job_11_task_4  job_11_task_5  job_16_task_6  job_6_task_7   job_14_task_7  job_4_task_6   job_17_task_7  job_1_task_8   job_2_task_9   job_0_task_9   job_5_task_10  job_17_task_9  job_15_task_11 job_4_task_7   job_5_task_11  job_3_task_11  job_2_task_10  job_13_task_8  job_4_task_9   job_12_task_9  job_4_task_10  job_9_task_12  job_11_task_10 job_12_task_10 job_13_task_11 job_12_task_12 job_14_task_13 job_6_task_12  job_16_task_11 job_3_task_13  job_14_task_14 job_18_task_13 job_11_task_14 job_13_task_13 job_1_task_13  job_5_task_15  job_6_task_14  job_5_task_16  job_11_task_16 job_5_task_17  job_15_task_17 job_2_task_17  job_16_task_15 job_2_task_18  job_6_task_16  job_8_task_16  job_14_task_18 job_18_task_17 job_1_task_17  job_10_task_17 job_8_task_17  job_16_task_17 job_18_task_18 job_3_task_18  
           [0,7]          [7,13]         [13,14]        [14,20]        [20,28]        [28,32]        [32,41]        [41,49]        [49,50]        [50,57]        [57,62]        [62,70]        [70,74]        [74,84]        [84,91]        [91,92]        [92,99]        [99,100]       [100,107]      [107,111]      [111,119]      [119,129]      [129,137]      [137,139]      [139,149]      [149,158]      [158,159]      [159,164]      [164,166]      [166,169]      [169,175]      [175,176]      [176,186]      [186,192]      [192,201]      [201,211]      [211,213]      [213,216]      [216,220]      [220,230]      [230,233]      [233,240]      [240,249]      [249,251]      [251,254]      [254,256]      [256,261]      [261,263]      [263,265]      [265,271]      [271,272]      [272,279]      [279,289]      [289,296]      [296,303]      [303,311]      [311,321]      [321,331]      [331,332]      [332,338]      [338,347]      [347,351]      [351,358]      [358,362]      [362,367]      [367,370]      [370,375]      [375,381]      [381,390]      [390,393]      [393,402]      [402,409]      [409,415]      [415,424]      [424,430]      [430,436]      [436,441]      [441,446]      [446,450]      [450,452]      [452,453]      
Optimal Schedule Length: 453.0
Total (Unoptimized Schedule Length): 1983
Statistics
  - conflicts: 0
  - branches : 78
  - wall time: 0.207360539s