
Problem
         task_0   task_1   task_2   task_3   task_4   task_5   task_6  task_7   task_8  task_9  task_10  task_11  task_12  task_13 task_14  task_15  task_16
job_0    (4, 8)   (5, 6)   (3, 1)   (4, 4)   (1, 7)   (1, 9)   (0, 2)  (1, 7)   (3, 4)  (1, 3)   (0, 7)   (4, 4)   (3, 2)   (4, 1)  (2, 2)   (4, 4)   (5, 5)
job_1    (3, 3)   (0, 1)   (2, 4)   (3, 3)   (4, 3)   (3, 8)   (0, 7)  (1, 8)   (2, 6)  (5, 2)   (0, 5)   (2, 7)   (2, 6)   (1, 8)  (1, 6)   (4, 3)   (1, 5)
job_2   (4, 10)   (3, 1)   (3, 5)  (5, 10)  (0, 10)  (2, 10)   (4, 7)  (3, 1)  (5, 10)  (5, 7)   (0, 1)   (5, 1)   (0, 3)   (5, 3)  (4, 8)   (0, 4)   (3, 4)
job_3    (4, 2)   (4, 2)   (5, 5)   (1, 8)   (0, 7)   (1, 4)   (5, 2)  (0, 3)   (0, 6)  (1, 5)   (3, 7)   (3, 8)   (5, 9)  (3, 10)  (3, 5)   (1, 2)   (2, 1)
job_4    (1, 2)  (5, 10)   (2, 9)   (4, 5)   (5, 7)   (0, 9)   (4, 3)  (4, 1)   (3, 1)  (4, 6)   (4, 7)   (1, 5)   (5, 6)   (5, 3)  (0, 1)   (5, 4)  (2, 10)
job_5   (0, 10)   (4, 9)  (0, 10)   (5, 2)   (2, 6)   (4, 2)   (3, 2)  (0, 5)   (1, 4)  (3, 4)  (1, 10)   (3, 3)   (5, 3)   (0, 8)  (1, 9)  (3, 10)   (4, 3)
job_6    (2, 9)   (4, 9)   (2, 3)   (5, 5)   (3, 4)   (5, 2)   (0, 7)  (5, 6)   (4, 5)  (0, 3)   (1, 1)   (0, 3)   (2, 8)   (4, 5)  (4, 6)   (0, 7)   (4, 4)
job_7    (2, 8)   (1, 6)   (4, 1)   (4, 4)   (2, 8)   (5, 7)   (3, 4)  (3, 2)   (2, 3)  (5, 4)   (0, 8)   (5, 1)  (3, 10)   (4, 3)  (3, 7)   (3, 3)   (3, 2)
job_8    (3, 8)   (5, 7)   (5, 8)   (3, 6)   (5, 5)   (5, 9)   (1, 8)  (2, 6)  (2, 10)  (4, 5)   (4, 4)   (4, 6)   (4, 5)   (4, 8)  (5, 8)  (5, 10)   (5, 6)
job_9    (5, 8)   (4, 4)   (5, 2)   (5, 1)   (4, 6)   (3, 1)   (5, 5)  (0, 8)   (5, 3)  (4, 1)   (1, 6)  (0, 10)   (3, 6)   (5, 3)  (4, 6)  (2, 10)   (5, 4)
job_10   (5, 7)  (2, 10)   (2, 1)   (4, 6)   (1, 8)   (3, 1)   (2, 7)  (5, 1)  (5, 10)  (0, 1)   (3, 9)   (0, 6)   (2, 9)  (3, 10)  (2, 7)   (0, 4)   (1, 4)
job_11   (2, 6)   (1, 9)   (5, 5)   (5, 7)   (3, 2)   (2, 9)   (4, 8)  (5, 4)   (0, 4)  (2, 9)   (3, 4)   (0, 9)   (5, 7)   (3, 6)  (4, 5)   (5, 1)   (1, 7)
job_12   (4, 5)   (5, 5)   (0, 3)   (5, 4)   (2, 5)   (1, 1)  (2, 10)  (0, 7)   (2, 2)  (4, 3)   (3, 3)  (4, 10)   (3, 9)   (4, 8)  (3, 4)   (5, 7)   (3, 4)


Solution:
Machine 0: job_5_task_0   job_1_task_1   job_5_task_2   job_3_task_4   job_1_task_6   job_12_task_2  job_2_task_4   job_3_task_7   job_3_task_8   job_5_task_7   job_4_task_5   job_12_task_7  job_9_task_7   job_11_task_8  job_10_task_9  job_0_task_6   job_6_task_6   job_9_task_11  job_10_task_11 job_5_task_13  job_11_task_11 job_6_task_9   job_2_task_10  job_6_task_11  job_7_task_10  job_4_task_14  job_1_task_10  job_10_task_15 job_0_task_10  job_2_task_12  job_6_task_15  job_2_task_15  
           [0,10]         [11,12]        [19,29]        [29,36]        [53,60]        [76,79]        [86,96]        [97,100]       [100,106]      [106,111]      [111,120]      [120,127]      [127,135]      [135,139]      [139,140]      [141,143]      [144,151]      [154,164]      [164,170]      [170,178]      [178,187]      [187,190]      [190,191]      [191,194]      [194,202]      [204,205]      [205,210]      [210,214]      [214,221]      [227,230]      [238,245]      [245,249]      
Machine 1: job_4_task_0   job_11_task_1  job_3_task_3   job_10_task_4  job_7_task_1   job_3_task_5   job_8_task_6   job_1_task_7   job_12_task_5  job_3_task_9   job_5_task_8   job_0_task_4   job_5_task_10  job_0_task_5   job_9_task_10  job_0_task_7   job_4_task_11  job_5_task_14  job_0_task_9   job_6_task_10  job_10_task_16 job_1_task_13  job_1_task_14  job_3_task_15  job_11_task_16 job_1_task_16  
           [0,2]          [6,15]         [15,23]        [33,41]        [41,47]        [47,51]        [54,62]        [62,70]        [105,106]      [106,111]      [111,115]      [115,122]      [122,132]      [132,141]      [148,154]      [154,161]      [165,170]      [178,187]      [187,190]      [190,191]      [214,218]      [223,231]      [231,237]      [242,244]      [245,252]      [252,257]      
Machine 2: job_11_task_0  job_6_task_0   job_10_task_1  job_10_task_2  job_1_task_2   job_7_task_0   job_11_task_5  job_10_task_6  job_7_task_4   job_8_task_7   job_8_task_8   job_4_task_2   job_6_task_2   job_5_task_4   job_12_task_4  job_12_task_6  job_2_task_5   job_1_task_8   job_12_task_8  job_11_task_9  job_7_task_8   job_10_task_12 job_10_task_14 job_6_task_12  job_1_task_11  job_1_task_12  job_9_task_15  job_3_task_16  job_0_task_14  job_4_task_16  
           [0,6]          [6,15]         [15,25]        [25,26]        [26,30]        [30,38]        [41,50]        [50,57]        [57,65]        [65,71]        [71,81]        [81,90]        [90,93]        [94,100]       [100,105]      [106,116]      [116,126]      [126,132]      [132,134]      [139,148]      [151,154]      [170,179]      [190,197]      [197,205]      [210,217]      [217,223]      [223,233]      [244,245]      [245,247]      [247,257]      
Machine 3: job_8_task_0   job_1_task_0   job_1_task_3   job_8_task_3   job_11_task_4  job_10_task_5  job_1_task_5   job_2_task_1   job_2_task_2   job_9_task_5   job_5_task_6   job_0_task_2   job_3_task_10  job_5_task_9   job_3_task_11  job_4_task_8   job_6_task_4   job_5_task_11  job_12_task_10 job_2_task_7   job_7_task_6   job_7_task_7   job_10_task_10 job_11_task_10 job_12_task_12 job_9_task_12  job_0_task_8   job_10_task_13 job_5_task_15  job_12_task_14 job_3_task_13  job_7_task_12  job_11_task_13 job_7_task_14  job_3_task_14  job_0_task_12  job_7_task_15  job_7_task_16  job_2_task_16  job_12_task_16 
           [0,8]          [8,11]         [30,33]        [33,39]        [39,41]        [41,42]        [45,53]        [62,63]        [63,68]        [101,102]      [103,105]      [105,106]      [111,118]      [118,122]      [122,130]      [130,131]      [131,135]      [135,138]      [138,141]      [141,142]      [142,146]      [146,148]      [148,157]      [157,161]      [161,170]      [170,176]      [176,180]      [180,190]      [190,200]      [200,204]      [204,214]      [214,224]      [224,230]      [230,237]      [237,242]      [242,244]      [244,247]      [247,249]      [249,253]      [253,257]      
Machine 4: job_3_task_0   job_3_task_1   job_12_task_0  job_5_task_1   job_0_task_0   job_10_task_3  job_6_task_1   job_1_task_4   job_7_task_2   job_7_task_3   job_2_task_0   job_9_task_1   job_11_task_6  job_8_task_9   job_8_task_10  job_4_task_3   job_9_task_4   job_5_task_5   job_0_task_3   job_8_task_11  job_8_task_12  job_4_task_6   job_4_task_7   job_2_task_6   job_12_task_9  job_4_task_9   job_9_task_9   job_12_task_11 job_4_task_10  job_6_task_8   job_8_task_13  job_12_task_13 job_5_task_16  job_6_task_13  job_6_task_14  job_9_task_14  job_0_task_11  job_7_task_13  job_11_task_14 job_2_task_14  job_0_task_13  job_1_task_15  job_0_task_15  job_6_task_16  
           [0,2]          [2,4]          [4,9]          [10,19]        [19,27]        [27,33]        [33,42]        [42,45]        [47,48]        [48,52]        [52,62]        [64,68]        [68,76]        [81,86]        [86,90]        [90,95]        [95,101]       [101,103]      [106,110]      [110,116]      [116,121]      [121,124]      [124,125]      [126,133]      [134,137]      [137,143]      [147,148]      [148,158]      [158,165]      [165,170]      [170,178]      [178,186]      [200,203]      [205,210]      [210,216]      [216,222]      [222,226]      [226,229]      [230,235]      [236,244]      [244,245]      [245,248]      [248,252]      [252,256]      
Machine 5: job_10_task_0  job_3_task_2   job_8_task_1   job_8_task_2   job_11_task_2  job_11_task_3  job_8_task_4   job_8_task_5   job_9_task_0   job_4_task_1   job_12_task_1  job_2_task_3   job_12_task_3  job_9_task_2   job_5_task_3   job_9_task_3   job_3_task_6   job_0_task_1   job_4_task_4   job_9_task_6   job_10_task_7  job_10_task_8  job_6_task_3   job_11_task_7  job_7_task_5   job_6_task_5   job_9_task_8   job_2_task_8   job_6_task_7   job_7_task_9   job_5_task_12  job_2_task_9   job_4_task_12  job_8_task_14  job_4_task_13  job_3_task_12  job_1_task_9   job_11_task_12 job_7_task_11  job_9_task_13  job_8_task_15  job_2_task_11  job_8_task_16  job_2_task_13  job_9_task_16  job_4_task_15  job_11_task_15 job_12_task_15 job_0_task_16  
           [0,7]          [7,12]         [12,19]        [19,27]        [27,32]        [32,39]        [39,44]        [44,53]        [53,61]        [61,71]        [71,76]        [76,86]        [86,90]        [90,92]        [92,94]        [94,95]        [95,97]        [97,103]       [103,110]      [110,115]      [115,116]      [116,126]      [126,131]      [131,135]      [135,142]      [142,144]      [144,147]      [147,157]      [157,163]      [163,167]      [167,170]      [170,177]      [177,183]      [183,191]      [191,194]      [194,203]      [203,205]      [205,212]      [212,213]      [213,216]      [216,226]      [226,227]      [227,233]      [233,236]      [236,240]      [240,244]      [244,245]      [245,252]      [252,257]      
Optimal Schedule Length: 257.0
Total (Unoptimized Schedule Length): 1195
Statistics
  - conflicts: 0
  - branches : 0
  - wall time: 0.379222257s