
 Problem
         task_0  task_1  task_2  task_3  task_4  task_5  task_6  task_7  task_8  task_9 task_10 task_11 task_12
job_0   (0, 2)  (4, 0)  (2, 6)  (6, 3)  (2, 0)  (6, 3)  (6, 4)  (1, 8)  (2, 1)  (5, 6)  (3, 1)  (6, 4)  (3, 2)
job_1   (2, 8)  (5, 5)  (1, 6)  (1, 4)  (5, 4)  (1, 9)  (4, 2)  (1, 2)  (3, 1)  (3, 5)  (7, 9)  (3, 2)  (4, 9)
job_2   (7, 0)  (7, 9)  (7, 6)  (2, 2)  (6, 2)  (6, 6)  (6, 1)  (1, 3)  (3, 4)  (0, 7)  (2, 4)  (0, 3)  (1, 0)
job_3   (1, 0)  (2, 8)  (3, 8)  (0, 4)  (3, 7)  (6, 4)  (3, 1)  (5, 6)  (5, 1)  (3, 4)  (1, 7)  (0, 5)  (6, 6)
job_4   (6, 9)  (2, 0)  (0, 1)  (4, 4)  (0, 0)  (6, 0)  (7, 3)  (1, 5)  (1, 4)  (4, 7)  (2, 3)  (7, 3)  (7, 8)
job_5   (3, 1)  (4, 6)  (6, 7)  (2, 7)  (5, 5)  (0, 5)  (5, 8)  (5, 5)  (5, 1)  (1, 1)  (4, 9)  (6, 3)  (4, 2)
job_6   (6, 8)  (7, 8)  (4, 2)  (3, 1)  (7, 0)  (4, 6)  (2, 5)  (5, 1)  (3, 6)  (2, 0)  (5, 9)  (3, 5)  (3, 1)
job_7   (7, 9)  (1, 5)  (6, 6)  (6, 5)  (6, 4)  (6, 3)  (4, 4)  (5, 1)  (6, 9)  (4, 7)  (0, 7)  (5, 6)  (2, 5)
job_8   (3, 6)  (6, 4)  (0, 4)  (7, 7)  (1, 3)  (1, 5)  (0, 8)  (6, 6)  (2, 7)  (7, 7)  (5, 6)  (2, 9)  (4, 7)
job_9   (3, 5)  (4, 3)  (7, 7)  (0, 8)  (4, 4)  (1, 1)  (7, 2)  (5, 2)  (6, 9)  (6, 6)  (7, 8)  (7, 2)  (5, 8)
job_10  (7, 2)  (7, 6)  (4, 6)  (4, 6)  (2, 0)  (5, 9)  (2, 5)  (1, 5)  (3, 5)  (2, 2)  (1, 9)  (6, 7)  (4, 7)
job_11  (6, 1)  (6, 4)  (3, 0)  (4, 2)  (3, 7)  (7, 1)  (7, 3)  (2, 0)  (6, 9)  (3, 2)  (2, 9)  (7, 4)  (6, 5)
job_12  (0, 2)  (6, 1)  (5, 0)  (5, 7)  (6, 0)  (0, 0)  (6, 7)  (0, 2)  (2, 4)  (2, 7)  (3, 9)  (5, 6)  (0, 3)
job_13  (7, 4)  (6, 3)  (1, 0)  (1, 0)  (2, 9)  (4, 4)  (0, 5)  (4, 3)  (3, 0)  (3, 0)  (0, 1)  (1, 0)  (2, 9)
job_14  (6, 7)  (6, 5)  (1, 2)  (1, 1)  (6, 4)  (4, 1)  (7, 9)  (5, 3)  (6, 4)  (5, 9)  (4, 0)  (0, 2)  (1, 8)
job_15  (4, 6)  (4, 2)  (6, 1)  (2, 1)  (6, 7)  (7, 0)  (6, 3)  (5, 7)  (1, 8)  (5, 1)  (2, 4)  (5, 4)  (5, 3)
job_16  (7, 3)  (0, 5)  (7, 7)  (2, 9)  (1, 0)  (7, 2)  (1, 1)  (6, 6)  (2, 8)  (2, 1)  (7, 4)  (5, 5)  (7, 1)
job_17  (7, 8)  (4, 2)  (2, 3)  (1, 0)  (3, 2)  (3, 3)  (0, 1)  (6, 2)  (4, 0)  (5, 7)  (1, 5)  (6, 9)  (7, 4)
job_18  (6, 7)  (4, 7)  (6, 3)  (7, 8)  (1, 8)  (3, 3)  (3, 8)  (7, 3)  (7, 7)  (3, 6)  (2, 9)  (2, 2)  (3, 0)

Solution:
Machine 0: job_12_task_0  job_0_task_0   job_8_task_2   job_3_task_3   job_9_task_3   job_8_task_6   job_16_task_1  job_5_task_5   job_4_task_2   job_4_task_4   job_17_task_6  job_12_task_5  job_12_task_7  job_13_task_6  job_7_task_10  job_3_task_11  job_13_task_10 job_12_task_12 job_2_task_9   job_14_task_11 job_2_task_11  
           [0,2]          [2,4]          [11,15]        [24,28]        [31,39]        [39,47]        [47,52]        [54,59]        [64,65]        [69,69]        [70,71]        [74,74]        [92,94]        [116,121]      [123,130]      [130,135]      [135,136]      [136,139]      [180,187]      [187,189]      [191,194]      
Machine 1: job_3_task_0   job_7_task_1   job_1_task_2   job_1_task_3   job_8_task_4   job_8_task_5   job_1_task_5   job_18_task_4  job_9_task_5   job_1_task_7   job_14_task_2  job_14_task_3  job_10_task_7  job_17_task_3  job_10_task_10 job_16_task_4  job_5_task_9   job_4_task_7   job_4_task_8   job_13_task_2  job_13_task_3  job_16_task_6  job_3_task_10  job_13_task_11 job_15_task_8  job_0_task_7   job_17_task_10 job_2_task_7   job_14_task_12 job_2_task_12  
           [0,0]          [9,14]         [14,20]        [20,24]        [24,27]        [27,32]        [32,41]        [41,49]        [49,50]        [50,52]        [52,54]        [54,55]        [55,60]        [64,64]        [67,76]        [76,76]        [81,82]        [90,95]        [95,99]        [102,102]      [102,102]      [111,112]      [118,125]      [136,136]      [142,150]      [156,164]      [164,169]      [173,176]      [189,197]      [197,197]      
Machine 2: job_1_task_0   job_3_task_1   job_0_task_2   job_10_task_4  job_5_task_3   job_10_task_6  job_17_task_2  job_4_task_1   job_10_task_9  job_16_task_3  job_8_task_8   job_15_task_3  job_2_task_3   job_11_task_7  job_12_task_8  job_6_task_6   job_13_task_4  job_12_task_9  job_4_task_10  job_6_task_9   job_8_task_11  job_0_task_4   job_18_task_10 job_13_task_12 job_11_task_10 job_15_task_10 job_16_task_8  job_0_task_8   job_16_task_9  job_7_task_12  job_18_task_11 job_2_task_10  
           [0,8]          [8,16]         [16,22]        [36,36]        [42,49]        [49,54]        [61,64]        [64,64]        [65,67]        [67,76]        [80,87]        [87,88]        [88,90]        [93,93]        [94,98]        [98,103]       [103,112]      [112,119]      [119,122]      [119,119]      [122,131]      [131,131]      [134,143]      [143,152]      [152,161]      [161,165]      [165,173]      [173,174]      [174,175]      [175,180]      [180,182]      [187,191]      
Machine 3: job_8_task_0   job_9_task_0   job_5_task_0   job_3_task_2   job_3_task_4   job_18_task_5  job_18_task_6  job_10_task_8  job_17_task_4  job_17_task_5  job_1_task_8   job_1_task_9   job_11_task_2  job_11_task_4  job_6_task_3   job_3_task_6   job_6_task_8   job_3_task_9   job_12_task_10 job_13_task_8  job_13_task_9  job_18_task_9  job_1_task_11  job_6_task_11  job_6_task_12  job_11_task_9  job_2_task_8   job_18_task_12 job_0_task_10  job_0_task_12  
           [0,6]          [6,11]         [11,12]        [16,24]        [28,35]        [49,52]        [52,60]        [60,65]        [65,67]        [67,70]        [70,71]        [71,76]        [71,71]        [76,83]        [83,84]        [106,107]      [107,113]      [114,118]      [119,128]      [128,128]      [128,128]      [128,134]      [134,136]      [136,141]      [141,142]      [144,146]      [176,180]      [182,182]      [187,188]      [193,195]      
Machine 4: job_15_task_0  job_0_task_1   job_15_task_1  job_18_task_1  job_9_task_1   job_10_task_2  job_5_task_1   job_10_task_3  job_9_task_4   job_1_task_6   job_17_task_1  job_4_task_3   job_11_task_3  job_7_task_6   job_6_task_2   job_5_task_10  job_14_task_5  job_6_task_5   job_4_task_9   job_13_task_5  job_7_task_9   job_13_task_7  job_8_task_12  job_1_task_12  job_17_task_8  job_10_task_12 job_14_task_10 job_5_task_12  
           [0,6]          [6,6]          [6,8]          [8,15]         [15,18]        [18,24]        [24,30]        [30,36]        [39,43]        [43,45]        [59,61]        [65,69]        [71,73]        [74,78]        [78,80]        [82,91]        [91,92]        [92,98]        [99,106]       [112,116]      [116,123]      [123,126]      [131,138]      [138,147]      [152,152]      [180,187]      [187,187]      [202,204]      
Machine 5: job_1_task_1   job_1_task_4   job_10_task_5  job_5_task_4   job_5_task_6   job_12_task_2  job_12_task_3  job_5_task_7   job_7_task_7   job_5_task_8   job_9_task_7   job_14_task_7  job_6_task_7   job_3_task_7   job_3_task_8   job_8_task_10  job_6_task_10  job_12_task_11 job_15_task_7  job_7_task_11  job_15_task_9  job_17_task_9  job_15_task_11 job_15_task_12 job_14_task_9  job_0_task_9   job_9_task_12  job_16_task_11 
           [8,13]         [24,28]        [36,45]        [49,54]        [59,67]        [67,67]        [67,74]        [74,79]        [79,80]        [80,81]        [86,88]        [102,105]      [105,106]      [107,113]      [113,114]      [114,120]      [120,129]      [129,135]      [135,142]      [142,148]      [150,151]      [152,159]      [165,169]      [169,172]      [172,181]      [181,187]      [187,195]      [195,200]      
Machine 6: job_18_task_0  job_8_task_1   job_14_task_0  job_18_task_2  job_7_task_2   job_6_task_0   job_5_task_2   job_7_task_3   job_14_task_1  job_11_task_0  job_4_task_0   job_12_task_1  job_7_task_4   job_11_task_1  job_4_task_5   job_7_task_5   job_8_task_7   job_12_task_4  job_14_task_4  job_15_task_2  job_12_task_6  job_15_task_4  job_13_task_1  job_3_task_5   job_7_task_8   job_9_task_8   job_0_task_3   job_2_task_4   job_15_task_6  job_0_task_5   job_11_task_8  job_2_task_5   job_17_task_7  job_0_task_6   job_16_task_7  job_9_task_9   job_14_task_8  job_2_task_6   job_10_task_11 job_17_task_11 job_0_task_11  job_3_task_12  job_5_task_11  job_11_task_12 
           [0,7]          [7,11]         [11,18]        [18,21]        [21,27]        [27,35]        [35,42]        [42,47]        [47,52]        [52,53]        [53,62]        [62,63]        [63,67]        [67,71]        [71,71]        [71,74]        [74,80]        [74,74]        [80,84]        [84,85]        [85,92]        [92,99]        [99,102]       [102,106]      [106,115]      [115,124]      [124,127]      [127,129]      [129,132]      [132,135]      [135,144]      [144,150]      [150,152]      [152,156]      [156,162]      [162,168]      [168,172]      [172,173]      [173,180]      [180,189]      [189,193]      [193,199]      [199,202]      [202,207]      
Machine 7: job_2_task_0   job_7_task_0   job_10_task_0  job_10_task_1  job_8_task_3   job_9_task_2   job_18_task_3  job_16_task_0  job_2_task_1   job_17_task_0  job_16_task_2  job_6_task_1   job_13_task_0  job_2_task_2   job_6_task_4   job_9_task_6   job_11_task_5  job_4_task_6   job_11_task_6  job_14_task_6  job_8_task_9   job_15_task_5  job_16_task_5  job_18_task_7  job_18_task_8  job_1_task_10  job_4_task_11  job_4_task_12  job_11_task_11 job_9_task_10  job_9_task_11  job_16_task_10 job_17_task_12 job_16_task_12 
           [0,0]          [0,9]          [9,11]         [11,17]        [17,24]        [24,31]        [31,39]        [39,42]        [42,51]        [51,59]        [59,66]        [66,74]        [74,78]        [78,84]        [84,84]        [84,86]        [86,87]        [87,90]        [90,93]        [93,102]       [102,109]      [102,102]      [109,111]      [111,114]      [114,121]      [121,130]      [130,133]      [133,141]      [161,165]      [168,176]      [176,178]      [178,182]      [189,193]      [200,201]      
Optimal Schedule Length: 207.0
Total (Unoptimized Schedule Length): 1061
Statistics
  - conflicts: 1
  - branches : 246
  - wall time: 0.02994016s