
Problem
          task_0    task_1    task_2   task_3   task_4   task_5    task_6    task_7    task_8    task_9  task_10  task_11  task_12   task_13  task_14   task_15   task_16
job_0     (0, 7)    (8, 2)  (16, 10)   (2, 1)  (6, 10)  (13, 7)    (7, 5)   (15, 1)    (7, 2)    (3, 3)  (12, 1)   (6, 3)  (14, 7)   (12, 6)  (11, 2)   (13, 2)   (10, 8)
job_1     (1, 3)   (14, 9)    (6, 3)  (10, 4)   (5, 6)   (7, 6)    (4, 2)   (16, 3)  (14, 10)    (0, 1)  (5, 10)   (2, 1)   (7, 8)    (7, 8)  (10, 5)   (12, 2)   (11, 2)
job_2     (5, 7)    (8, 4)    (8, 9)  (10, 5)   (6, 2)   (2, 1)   (13, 2)  (14, 10)   (10, 7)  (14, 10)  (15, 3)  (12, 2)   (5, 6)   (16, 9)   (7, 2)   (14, 2)    (7, 9)
job_3     (8, 8)  (13, 10)    (8, 4)  (11, 7)  (15, 8)   (7, 8)    (7, 2)   (1, 10)    (4, 4)   (4, 10)   (7, 2)  (12, 6)   (7, 5)    (1, 5)   (5, 5)   (14, 6)   (10, 1)
job_4    (10, 6)   (14, 4)   (14, 2)   (8, 6)  (12, 3)   (8, 1)  (12, 10)   (15, 8)    (1, 7)    (3, 6)  (11, 1)   (5, 6)  (12, 2)   (16, 5)   (0, 3)    (4, 1)   (16, 5)
job_5     (2, 9)   (12, 2)    (0, 8)   (3, 6)   (5, 7)   (5, 4)    (4, 4)    (3, 8)   (13, 9)    (1, 2)   (0, 7)   (4, 1)   (8, 5)   (14, 2)  (13, 4)   (14, 3)    (5, 8)
job_6     (2, 9)    (0, 9)   (13, 8)   (7, 4)  (13, 6)   (0, 7)    (2, 2)   (14, 1)   (15, 2)   (5, 10)  (2, 10)   (2, 5)  (10, 8)    (2, 7)   (8, 4)    (6, 3)   (10, 8)
job_7    (3, 10)   (16, 7)    (7, 2)  (13, 5)  (12, 9)   (5, 6)   (14, 8)   (14, 8)    (7, 9)    (0, 4)   (2, 5)   (0, 7)  (15, 8)   (16, 5)  (8, 10)    (5, 7)    (7, 4)
job_8     (7, 5)    (6, 5)    (9, 1)   (7, 6)   (0, 1)  (16, 2)    (5, 7)    (5, 9)    (2, 6)    (8, 2)  (10, 9)   (0, 4)  (10, 2)    (6, 8)   (5, 8)    (3, 2)    (6, 5)
job_9     (6, 1)    (8, 7)    (0, 6)  (14, 4)  (10, 4)  (10, 7)    (5, 7)    (1, 5)   (11, 7)    (3, 1)  (12, 2)  (16, 4)   (7, 2)   (16, 7)  (10, 8)   (0, 10)    (6, 3)
job_10    (4, 3)    (9, 3)    (5, 6)  (14, 2)  (10, 1)   (9, 8)   (10, 3)    (7, 1)    (2, 4)    (1, 4)   (9, 7)  (15, 9)  (15, 1)   (15, 8)  (11, 4)   (16, 9)    (4, 6)
job_11   (12, 1)   (13, 3)   (1, 10)  (8, 10)  (10, 7)  (15, 8)    (9, 8)   (11, 2)   (12, 1)   (16, 3)   (4, 4)  (12, 9)  (12, 4)   (14, 3)  (14, 9)    (5, 3)    (4, 5)
job_12    (9, 6)    (6, 7)    (9, 3)  (11, 8)   (7, 1)   (5, 8)    (6, 7)    (8, 5)   (15, 3)    (5, 8)   (5, 1)  (13, 5)   (2, 2)  (16, 10)   (9, 9)    (6, 9)  (11, 10)
job_13    (8, 6)    (0, 1)    (4, 2)  (1, 10)   (5, 6)   (1, 2)   (10, 6)    (6, 1)   (11, 1)   (9, 10)  (14, 2)  (16, 7)  (11, 4)   (11, 6)   (2, 7)   (7, 10)   (15, 6)
job_14    (5, 6)   (10, 1)    (1, 6)   (2, 4)  (9, 10)  (13, 9)   (12, 2)   (16, 2)   (5, 10)    (0, 7)   (0, 2)   (6, 2)  (12, 1)   (11, 3)   (8, 7)    (8, 7)    (4, 7)
job_15  (15, 10)    (8, 2)   (0, 10)   (6, 2)  (14, 3)   (2, 8)  (15, 10)  (15, 10)   (15, 5)    (8, 8)  (10, 1)  (11, 3)   (9, 5)    (8, 8)  (15, 3)    (4, 9)    (1, 3)
job_16   (13, 8)    (9, 3)    (7, 5)  (15, 6)  (3, 10)  (15, 8)   (14, 2)   (15, 8)   (16, 5)    (2, 6)   (2, 3)  (8, 10)   (4, 8)    (3, 1)   (1, 1)  (14, 10)    (7, 9)


Solution:
Machine 0: job_13_task_1  job_0_task_0   job_6_task_1   job_5_task_2   job_9_task_2   job_15_task_2  job_8_task_4   job_6_task_5   job_7_task_9   job_7_task_11  job_1_task_9   job_5_task_10  job_8_task_11  job_14_task_9  job_14_task_10 job_4_task_14  job_9_task_15  
           [6,7]          [7,14]         [14,23]        [23,31]        [31,37]        [37,47]        [47,48]        [48,55]        [68,72]        [80,87]        [88,89]        [89,96]        [97,101]       [108,115]      [115,117]      [134,137]      [137,147]      
Machine 1: job_1_task_0   job_13_task_3  job_11_task_2  job_14_task_2  job_13_task_5  job_10_task_9  job_9_task_7   job_5_task_9   job_3_task_7   job_16_task_14 job_4_task_8   job_3_task_13  job_15_task_16 
           [0,3]          [9,19]         [19,29]        [29,35]        [35,37]        [43,47]        [70,75]        [77,79]        [82,92]        [95,96]        [105,112]      [121,126]      [147,150]      
Machine 2: job_6_task_0   job_5_task_0   job_2_task_5   job_14_task_3  job_10_task_8  job_6_task_6   job_16_task_9  job_15_task_5  job_0_task_3   job_16_task_10 job_7_task_10  job_8_task_8   job_13_task_14 job_6_task_10  job_12_task_12 job_6_task_11  job_1_task_11  job_6_task_13  
           [0,9]          [10,19]        [33,34]        [35,39]        [39,43]        [55,57]        [57,63]        [63,71]        [71,72]        [72,75]        [75,80]        [80,86]        [86,93]        [93,103]       [103,105]      [105,110]      [118,119]      [121,128]      
Machine 3: job_7_task_0   job_16_task_4  job_5_task_3   job_5_task_7   job_9_task_9   job_16_task_13 job_0_task_9   job_4_task_9   job_8_task_15  
           [0,10]         [23,33]        [33,39]        [60,68]        [93,94]        [94,95]        [108,111]      [112,118]      [153,155]      
Machine 4: job_10_task_0  job_13_task_2  job_5_task_6   job_1_task_6   job_11_task_10 job_16_task_12 job_3_task_8   job_5_task_11  job_3_task_9   job_11_task_16 job_4_task_15  job_15_task_15 job_14_task_16 job_10_task_16 
           [0,3]          [7,9]          [56,60]        [60,62]        [81,85]        [85,93]        [93,97]        [97,98]        [98,108]       [121,126]      [137,138]      [138,147]      [147,154]      [154,160]      
Machine 5: job_14_task_0  job_2_task_0   job_10_task_2  job_13_task_4  job_12_task_5  job_7_task_5   job_5_task_4   job_1_task_4   job_5_task_5   job_8_task_6   job_9_task_6   job_8_task_7   job_6_task_9   job_12_task_9  job_12_task_10 job_14_task_8  job_1_task_10  job_11_task_15 job_4_task_11  job_2_task_12  job_3_task_14  job_7_task_15  job_8_task_14  job_5_task_16  
           [0,6]          [6,13]         [13,19]        [19,25]        [25,33]        [33,39]        [39,46]        [46,52]        [52,56]        [56,63]        [63,70]        [70,79]        [79,89]        [89,97]        [97,98]        [98,108]       [108,118]      [118,121]      [121,127]      [127,133]      [133,138]      [138,145]      [145,153]      [153,161]      
Machine 6: job_9_task_0   job_12_task_1  job_1_task_2   job_8_task_1   job_2_task_4   job_12_task_6  job_13_task_7  job_15_task_3  job_0_task_4   job_8_task_13  job_0_task_11  job_14_task_11 job_12_task_15 job_9_task_16  job_6_task_15  job_8_task_16  
           [0,1]          [6,13]         [13,16]        [16,21]        [31,33]        [33,40]        [43,44]        [47,49]        [72,82]        [103,111]      [117,120]      [120,122]      [124,133]      [147,150]      [150,153]      [155,160]      
Machine 7: job_8_task_0   job_16_task_2  job_7_task_2   job_12_task_4  job_8_task_3   job_6_task_3   job_10_task_7  job_1_task_5   job_7_task_8   job_3_task_5   job_3_task_6   job_0_task_6   job_13_task_15 job_9_task_12  job_0_task_8   job_3_task_10  job_3_task_12  job_1_task_12  job_1_task_13  job_16_task_16 job_2_task_14  job_7_task_16  job_2_task_16  
           [0,5]          [12,17]        [17,19]        [24,25]        [25,31]        [32,36]        [36,37]        [52,58]        [59,68]        [72,80]        [80,82]        [89,94]        [94,104]       [104,106]      [106,108]      [108,110]      [116,121]      [121,129]      [129,137]      [137,146]      [146,148]      [148,152]      [152,161]      
Machine 8: job_13_task_0  job_9_task_1   job_2_task_1   job_2_task_2   job_3_task_0   job_15_task_1  job_11_task_3  job_12_task_7  job_0_task_1   job_3_task_2   job_4_task_3   job_4_task_5   job_16_task_11 job_8_task_9   job_15_task_9  job_5_task_12  job_15_task_13 job_7_task_14  job_14_task_14 job_14_task_15 job_6_task_14  
           [0,6]          [6,13]         [13,17]        [17,26]        [26,34]        [34,36]        [36,46]        [46,51]        [51,53]        [53,57]        [57,63]        [66,67]        [75,85]        [86,88]        [97,105]       [105,110]      [114,122]      [122,132]      [132,139]      [139,146]      [146,150]      
Machine 9: job_12_task_0  job_10_task_1  job_16_task_1  job_12_task_2  job_8_task_2   job_10_task_5  job_14_task_4  job_10_task_10 job_13_task_9  job_11_task_6  job_15_task_12 job_12_task_14 
           [0,6]          [6,9]          [9,12]         [13,16]        [22,23]        [23,31]        [39,49]        [49,56]        [56,66]        [66,74]        [109,114]      [115,124]      
Machine 10: job_4_task_0   job_14_task_1  job_1_task_3   job_10_task_4  job_2_task_3   job_10_task_6  job_13_task_6  job_9_task_4   job_11_task_4  job_9_task_5   job_2_task_8   job_8_task_10  job_8_task_12  job_15_task_10 job_6_task_12  job_9_task_14  job_1_task_14  job_0_task_16  job_3_task_16  job_6_task_16  
           [0,6]          [6,7]          [16,20]        [22,23]        [26,31]        [31,34]        [37,43]        [43,47]        [47,54]        [54,61]        [78,85]        [88,97]        [101,103]      [105,106]      [110,118]      [127,135]      [137,142]      [143,151]      [151,152]      [153,161]      
Machine 11: job_12_task_3  job_13_task_8  job_3_task_3   job_11_task_7  job_13_task_12 job_13_task_13 job_9_task_8   job_15_task_11 job_4_task_10  job_14_task_13 job_10_task_14 job_0_task_14  job_12_task_16 job_1_task_16  
           [16,24]        [44,45]        [57,64]        [74,76]        [76,80]        [80,86]        [86,93]        [106,109]      [118,119]      [123,126]      [135,139]      [139,141]      [141,151]      [151,153]      
Machine 12: job_11_task_0  job_5_task_1   job_7_task_4   job_14_task_6  job_4_task_4   job_4_task_6   job_11_task_8  job_11_task_11 job_11_task_12 job_9_task_10  job_3_task_11  job_0_task_10  job_2_task_11  job_14_task_12 job_4_task_12  job_0_task_13  job_1_task_15  
           [0,1]          [19,21]        [24,33]        [61,63]        [63,66]        [67,77]        [77,78]        [85,94]        [94,98]        [98,100]       [110,116]      [116,117]      [117,119]      [122,123]      [127,129]      [129,135]      [142,144]      
Machine 13: job_16_task_0  job_11_task_1  job_7_task_3   job_6_task_2   job_2_task_6   job_6_task_4   job_3_task_1   job_14_task_5  job_5_task_8   job_0_task_5   job_12_task_11 job_5_task_14  job_0_task_15  
           [0,8]          [8,11]         [19,24]        [24,32]        [34,36]        [36,42]        [42,52]        [52,61]        [68,77]        [82,89]        [98,103]       [112,116]      [141,143]      
Machine 14: job_1_task_1   job_4_task_1   job_4_task_2   job_10_task_3  job_9_task_3   job_16_task_6  job_7_task_6   job_7_task_7   job_6_task_7   job_15_task_4  job_13_task_10 job_2_task_7   job_1_task_8   job_2_task_9   job_11_task_13 job_11_task_14 job_5_task_13  job_16_task_15 job_0_task_12  job_5_task_15  job_3_task_15  job_2_task_15  
           [3,12]         [12,16]        [16,18]        [20,22]        [37,41]        [41,43]        [43,51]        [51,59]        [59,60]        [60,63]        [66,68]        [68,78]        [78,88]        [88,98]        [98,101]       [101,110]      [110,112]      [112,122]      [122,129]      [129,132]      [138,144]      [148,150]      
Machine 15: job_15_task_0  job_16_task_3  job_16_task_5  job_16_task_7  job_12_task_8  job_11_task_5  job_6_task_8   job_3_task_4   job_15_task_6  job_15_task_7  job_15_task_8  job_4_task_7   job_0_task_7   job_7_task_12  job_2_task_10  job_10_task_11 job_10_task_12 job_10_task_13 job_15_task_14 job_13_task_16 
           [0,10]         [17,23]        [33,41]        [43,51]        [51,54]        [54,62]        [62,64]        [64,72]        [72,82]        [82,92]        [92,97]        [97,105]       [105,106]      [106,114]      [114,117]      [117,126]      [126,127]      [127,135]      [135,138]      [138,144]      
Machine 16: job_7_task_1   job_8_task_5   job_16_task_8  job_0_task_2   job_1_task_7   job_13_task_11 job_14_task_7  job_11_task_9  job_9_task_11  job_12_task_13 job_7_task_13  job_9_task_13  job_4_task_13  job_2_task_13  job_10_task_15 job_4_task_16  
           [10,17]        [48,50]        [51,56]        [56,66]        [66,69]        [69,76]        [76,78]        [78,81]        [100,104]      [105,115]      [115,120]      [120,127]      [129,134]      [134,143]      [143,152]      [152,157]      
Optimal Schedule Length: 161.0
Total (Unoptimized Schedule Length): 1547
Statistics
  - conflicts: 0
  - branches : 0
  - wall time: 0.180866723s