
Problem
         task_0   task_1   task_2   task_3   task_4   task_5   task_6   task_7  task_8   task_9 task_10 task_11  task_12  task_13  task_14  task_15  task_16  task_17 task_18
job_0    (0, 4)   (3, 2)  (6, 10)   (7, 4)   (7, 5)  (1, 10)   (5, 2)  (1, 10)  (1, 6)   (7, 9)  (5, 5)  (4, 8)  (8, 10)   (8, 4)   (3, 6)  (4, 10)   (3, 2)  (4, 10)  (8, 4)
job_1    (0, 5)   (6, 1)   (0, 3)  (4, 10)  (0, 10)   (1, 7)   (3, 3)   (0, 1)  (0, 4)   (6, 3)  (0, 4)  (0, 1)   (8, 8)  (5, 10)  (7, 10)   (3, 2)  (5, 10)   (1, 8)  (8, 1)
job_2    (2, 4)   (6, 1)   (4, 1)  (0, 10)   (5, 3)   (8, 6)   (8, 8)   (8, 9)  (7, 5)   (8, 3)  (8, 2)  (5, 5)   (8, 5)   (5, 6)   (0, 4)   (4, 8)   (0, 6)  (4, 10)  (2, 5)
job_3    (3, 9)   (6, 3)  (3, 10)   (1, 7)   (4, 9)   (2, 4)   (2, 7)   (1, 2)  (6, 4)   (3, 1)  (1, 6)  (4, 3)   (2, 3)   (2, 2)   (2, 2)   (8, 4)   (1, 3)  (4, 10)  (8, 9)
job_4    (0, 8)   (6, 5)   (6, 2)   (7, 4)   (4, 6)   (6, 4)   (7, 5)   (1, 3)  (2, 3)   (7, 4)  (8, 1)  (7, 7)   (4, 9)   (6, 5)   (5, 1)   (2, 1)   (4, 3)   (2, 8)  (5, 8)
job_5   (7, 10)  (6, 10)   (4, 4)   (4, 8)   (8, 1)   (3, 4)   (3, 8)   (1, 2)  (0, 3)   (4, 7)  (0, 3)  (8, 4)   (2, 1)   (8, 3)   (1, 7)   (8, 1)   (0, 3)   (8, 3)  (4, 5)
job_6    (5, 1)   (3, 4)   (4, 9)   (8, 3)  (8, 10)   (0, 6)   (4, 5)   (4, 5)  (1, 1)  (0, 10)  (2, 3)  (1, 6)   (4, 8)  (4, 10)   (7, 7)   (6, 7)   (6, 4)   (4, 2)  (7, 8)
job_7    (6, 3)   (1, 4)   (2, 3)   (8, 9)   (0, 3)   (4, 1)   (4, 2)   (5, 5)  (1, 5)  (2, 10)  (1, 8)  (2, 6)   (3, 1)   (3, 8)   (3, 1)  (8, 10)   (3, 1)   (4, 3)  (1, 3)
job_8    (2, 9)   (6, 4)   (0, 7)   (3, 5)   (8, 7)   (6, 6)   (3, 6)   (7, 5)  (6, 4)   (6, 6)  (1, 1)  (7, 2)  (0, 10)   (6, 8)   (0, 4)   (2, 5)   (5, 2)   (4, 4)  (1, 5)
job_9   (3, 10)   (3, 9)   (2, 7)   (2, 8)   (3, 7)   (7, 7)   (2, 7)   (3, 9)  (3, 3)   (4, 2)  (3, 4)  (1, 5)   (5, 8)   (4, 7)   (8, 6)   (7, 2)   (2, 1)   (0, 2)  (2, 1)
job_10   (0, 2)   (8, 3)   (6, 2)   (2, 2)   (2, 1)   (3, 8)   (6, 7)   (4, 7)  (2, 4)   (0, 4)  (4, 5)  (1, 2)   (7, 5)   (8, 8)   (0, 6)  (3, 10)   (2, 7)   (5, 2)  (3, 5)
job_11   (6, 7)  (7, 10)   (8, 2)   (3, 4)   (6, 9)   (4, 5)  (5, 10)   (0, 3)  (7, 7)   (1, 5)  (4, 8)  (8, 6)   (0, 6)   (6, 2)   (3, 8)   (0, 2)  (5, 10)   (7, 4)  (5, 8)


Solution:
Machine 0: job_0_task_0   job_1_task_0   job_10_task_0  job_1_task_2   job_4_task_0   job_7_task_4   job_6_task_5   job_2_task_3   job_8_task_2   job_1_task_4   job_5_task_8   job_10_task_9  job_6_task_9   job_1_task_7   job_1_task_8   job_5_task_10  job_1_task_10  job_1_task_11  job_11_task_7  job_10_task_14 job_2_task_14  job_5_task_16  job_11_task_12 job_8_task_12  job_2_task_16  job_11_task_15 job_8_task_14  job_9_task_17  
           [0,4]          [4,9]          [9,11]         [11,14]        [14,22]        [22,25]        [32,38]        [38,48]        [48,55]        [55,65]        [67,70]        [76,80]        [80,90]        [90,91]        [91,95]        [95,98]        [98,102]       [102,103]      [109,112]      [126,132]      [132,136]      [137,140]      [144,150]      [150,160]      [160,166]      [166,168]      [168,172]      [181,183]      
Machine 1: job_7_task_1   job_3_task_3   job_0_task_5   job_6_task_8   job_0_task_7   job_5_task_7   job_0_task_8   job_3_task_7   job_1_task_5   job_4_task_7   job_7_task_8   job_3_task_10  job_6_task_11  job_10_task_11 job_7_task_10  job_11_task_9  job_5_task_14  job_3_task_16  job_9_task_11  job_8_task_10  job_1_task_17  job_8_task_18  job_7_task_18  
           [3,7]          [36,43]        [43,53]        [53,54]        [55,65]        [65,67]        [67,73]        [73,75]        [75,82]        [82,85]        [85,90]        [90,96]        [96,102]       [102,104]      [104,112]      [120,125]      [129,136]      [136,139]      [140,145]      [145,146]      [163,171]      [191,196]      [204,207]      
Machine 2: job_2_task_0   job_7_task_2   job_8_task_0   job_10_task_3  job_10_task_4  job_9_task_2   job_3_task_5   job_3_task_6   job_10_task_8  job_9_task_3   job_4_task_8   job_6_task_10  job_7_task_9   job_3_task_12  job_5_task_12  job_9_task_6   job_7_task_11  job_3_task_13  job_3_task_14  job_4_task_15  job_4_task_17  job_10_task_16 job_8_task_15  job_9_task_16  job_2_task_18  job_9_task_18  
           [0,4]          [7,10]         [10,19]        [46,48]        [48,49]        [49,56]        [57,61]        [61,68]        [72,76]        [76,84]        [85,88]        [90,93]        [93,103]       [103,106]      [106,107]      [108,115]      [115,121]      [121,123]      [123,125]      [136,137]      [141,149]      [153,160]      [172,177]      [180,181]      [182,187]      [187,188]      
Machine 3: job_6_task_1   job_0_task_1   job_3_task_0   job_9_task_0   job_3_task_2   job_9_task_1   job_5_task_5   job_10_task_5  job_5_task_6   job_11_task_3  job_8_task_3   job_1_task_6   job_3_task_9   job_9_task_4   job_8_task_6   job_9_task_7   job_9_task_8   job_7_task_12  job_7_task_13  job_9_task_10  job_1_task_15  job_7_task_14  job_10_task_15 job_11_task_14 job_7_task_16  job_0_task_14  job_10_task_18 job_0_task_16  
           [1,5]          [5,7]          [7,16]         [16,26]        [26,36]        [36,45]        [45,49]        [49,57]        [57,65]        [65,69]        [76,81]        [82,85]        [85,86]        [86,93]        [107,113]      [115,124]      [124,127]      [127,128]      [128,136]      [136,140]      [140,142]      [142,143]      [143,153]      [153,161]      [170,171]      [171,177]      [177,182]      [187,189]      
Machine 4: job_6_task_2   job_1_task_3   job_2_task_2   job_5_task_2   job_5_task_3   job_7_task_5   job_6_task_6   job_6_task_7   job_3_task_4   job_4_task_4   job_7_task_6   job_10_task_7  job_5_task_9   job_11_task_5  job_10_task_10 job_0_task_11  job_3_task_11  job_4_task_12  job_6_task_12  job_6_task_13  job_9_task_9   job_11_task_10 job_4_task_16  job_3_task_17  job_2_task_15  job_9_task_13  job_6_task_17  job_2_task_17  job_0_task_15  job_8_task_17  job_0_task_17  job_7_task_17  job_5_task_18  
           [5,14]         [14,24]        [24,25]        [25,29]        [29,37]        [37,38]        [38,43]        [43,48]        [48,57]        [57,63]        [63,65]        [65,72]        [72,79]        [79,84]        [84,89]        [89,97]        [97,100]       [100,109]      [109,117]      [117,127]      [127,129]      [129,137]      [137,140]      [140,150]      [150,158]      [158,165]      [165,167]      [167,177]      [177,187]      [187,191]      [191,201]      [201,204]      [204,209]      
Machine 5: job_6_task_0   job_0_task_6   job_2_task_4   job_7_task_7   job_0_task_10  job_2_task_11  job_11_task_6  job_1_task_13  job_2_task_13  job_4_task_14  job_9_task_12  job_1_task_16  job_10_task_17 job_4_task_18  job_8_task_16  job_11_task_16 job_11_task_18 
           [0,1]          [53,55]        [55,58]        [65,70]        [83,88]        [94,99]        [99,109]       [113,123]      [123,129]      [135,136]      [145,153]      [153,163]      [163,165]      [166,174]      [177,179]      [179,189]      [193,201]      
Machine 6: job_7_task_0   job_2_task_1   job_1_task_1   job_5_task_1   job_3_task_1   job_0_task_2   job_11_task_0  job_8_task_1   job_10_task_2  job_4_task_1   job_4_task_2   job_10_task_6  job_4_task_5   job_11_task_4  job_3_task_8   job_1_task_9   job_8_task_5   job_8_task_8   job_4_task_13  job_8_task_9   job_6_task_15  job_11_task_13 job_6_task_16  job_8_task_13  
           [0,3]          [8,9]          [9,10]         [10,20]        [20,23]        [23,33]        [33,40]        [40,44]        [44,46]        [46,51]        [51,53]        [57,64]        [64,68]        [69,78]        [78,82]        [95,98]        [101,107]      [125,129]      [130,135]      [135,141]      [143,150]      [150,152]      [153,157]      [160,168]      
Machine 7: job_5_task_0   job_0_task_3   job_0_task_4   job_11_task_1  job_4_task_3   job_4_task_6   job_0_task_9   job_2_task_8   job_4_task_9   job_4_task_11  job_9_task_5   job_10_task_12 job_11_task_8  job_8_task_7   job_1_task_14  job_6_task_14  job_8_task_11  job_6_task_18  job_9_task_15  job_11_task_17 
           [0,10]         [33,37]        [37,42]        [42,52]        [53,57]        [68,73]        [73,82]        [82,87]        [88,92]        [93,100]       [101,108]      [108,113]      [113,120]      [120,125]      [126,136]      [136,143]      [146,148]      [167,175]      [178,180]      [189,193]      
Machine 8: job_7_task_3   job_6_task_3   job_6_task_4   job_10_task_1  job_5_task_4   job_11_task_2  job_2_task_5   job_2_task_6   job_2_task_7   job_2_task_9   job_2_task_10  job_4_task_10  job_8_task_4   job_5_task_11  job_1_task_12  job_2_task_12  job_10_task_13 job_5_task_13  job_3_task_15  job_5_task_15  job_11_task_11 job_7_task_15  job_0_task_12  job_5_task_17  job_0_task_13  job_9_task_14  job_1_task_18  job_3_task_18  job_0_task_18  
           [10,19]        [19,22]        [22,32]        [32,35]        [37,38]        [52,54]        [58,64]        [64,72]        [72,81]        [87,90]        [90,92]        [92,93]        [94,101]       [101,105]      [105,113]      [113,118]      [118,126]      [126,129]      [129,133]      [136,137]      [138,144]      [144,154]      [154,164]      [164,167]      [167,171]      [171,177]      [177,178]      [178,187]      [201,205]      
Optimal Schedule Length: 209.0
Total (Unoptimized Schedule Length): 1201
Statistics
  - conflicts: 0
  - branches : 0
  - wall time: 0.29448449400000004s