
Problem
         task_0   task_1    task_2    task_3    task_4   task_5   task_6    task_7    task_8   task_9  task_10   task_11  task_12   task_13  task_14  task_15  task_16  task_17
job_0   (13, 6)  (15, 9)    (9, 9)   (12, 1)   (13, 4)   (5, 7)   (8, 5)   (13, 9)   (11, 7)   (2, 8)  (2, 10)   (0, 10)  (8, 10)    (7, 6)   (2, 7)   (7, 9)  (3, 10)   (8, 5)
job_1   (12, 2)   (2, 2)    (5, 6)    (1, 8)   (14, 1)   (0, 7)   (6, 2)   (14, 3)    (4, 6)  (15, 5)  (14, 8)    (9, 1)  (12, 9)   (15, 2)   (8, 3)  (7, 10)  (14, 8)   (3, 6)
job_2   (15, 4)  (2, 10)    (1, 7)    (5, 9)   (12, 4)  (10, 2)   (8, 1)   (11, 6)   (13, 1)   (4, 4)  (14, 2)   (14, 1)   (0, 1)    (6, 1)   (1, 3)  (11, 7)  (12, 4)   (6, 1)
job_3   (14, 7)   (7, 8)    (1, 3)   (14, 3)    (0, 3)   (0, 2)   (8, 1)   (12, 9)    (8, 8)   (8, 1)   (9, 8)    (4, 1)   (7, 9)    (5, 9)   (9, 9)   (6, 7)   (9, 9)   (2, 9)
job_4    (6, 8)  (12, 7)    (5, 7)    (1, 2)   (14, 8)  (14, 9)   (5, 2)   (10, 2)    (0, 5)  (12, 6)   (2, 2)    (3, 3)   (9, 1)    (6, 5)  (14, 7)  (15, 1)   (0, 4)   (8, 2)
job_5    (6, 9)  (4, 10)    (7, 7)    (2, 8)    (3, 1)  (15, 5)   (4, 3)    (9, 4)    (2, 7)   (5, 9)   (2, 4)   (8, 10)   (5, 2)   (11, 5)   (0, 5)   (1, 5)   (7, 8)  (11, 5)
job_6    (8, 6)   (4, 8)    (8, 6)    (9, 3)   (11, 4)   (6, 3)  (15, 3)   (14, 2)    (8, 9)   (6, 9)   (6, 5)    (1, 3)   (5, 4)   (11, 5)   (1, 1)   (4, 3)  (10, 5)   (6, 7)
job_7    (7, 4)  (12, 9)    (0, 5)  (10, 10)    (6, 6)   (4, 5)  (11, 9)   (14, 6)    (4, 6)   (5, 1)   (4, 4)   (14, 3)   (2, 9)   (12, 4)  (15, 5)   (0, 4)   (3, 8)   (1, 8)
job_8    (0, 9)  (2, 10)   (12, 6)   (14, 9)  (14, 10)  (12, 6)  (10, 6)   (13, 2)    (4, 6)   (8, 8)  (14, 2)    (9, 6)   (2, 2)    (2, 9)  (11, 2)  (14, 8)   (3, 6)  (0, 10)
job_9    (8, 8)   (3, 2)    (3, 7)   (14, 4)   (11, 8)  (14, 5)   (8, 6)  (12, 10)  (15, 10)   (4, 2)   (7, 7)   (12, 8)  (12, 3)   (15, 9)  (0, 10)  (14, 4)  (14, 3)  (12, 8)
job_10   (0, 4)   (0, 8)   (15, 5)    (3, 3)    (2, 5)   (5, 8)  (10, 9)    (5, 6)   (0, 10)  (11, 5)   (8, 5)  (12, 10)   (5, 9)    (7, 3)  (10, 5)   (4, 2)   (9, 9)   (5, 3)
job_11   (3, 1)   (5, 7)    (9, 3)   (13, 2)    (9, 7)  (15, 9)   (7, 8)    (8, 1)    (3, 9)  (10, 3)   (7, 9)   (6, 10)   (9, 4)    (9, 8)   (9, 2)   (7, 2)   (0, 4)   (0, 6)
job_12   (7, 7)  (12, 8)   (13, 3)    (6, 4)   (14, 4)   (8, 7)   (7, 2)    (7, 7)  (15, 10)   (6, 7)  (4, 10)    (6, 3)  (12, 6)    (1, 6)  (14, 2)   (5, 8)  (15, 4)  (11, 3)
job_13  (15, 7)   (7, 8)    (7, 2)    (7, 3)    (6, 8)  (10, 6)   (1, 2)    (4, 3)  (13, 10)   (1, 6)  (10, 1)   (12, 4)  (10, 3)  (10, 10)   (0, 5)   (5, 9)  (12, 8)   (4, 8)
job_14  (11, 9)   (6, 2)    (4, 3)    (9, 6)   (6, 10)  (11, 1)  (9, 10)    (1, 6)    (2, 4)   (4, 2)   (4, 8)   (3, 10)   (7, 8)    (7, 6)   (9, 6)   (6, 3)   (4, 3)   (6, 5)
job_15   (2, 9)  (10, 9)    (5, 5)    (3, 1)    (8, 7)   (6, 9)  (14, 2)  (11, 10)    (8, 4)   (3, 7)   (6, 3)    (2, 7)   (9, 5)   (10, 8)  (13, 3)   (5, 8)   (0, 6)  (10, 3)
job_16   (0, 8)   (7, 4)  (15, 10)   (12, 4)   (12, 4)  (11, 6)   (4, 2)    (9, 8)   (10, 1)   (8, 2)   (6, 8)   (2, 10)   (0, 6)    (2, 3)  (15, 8)   (8, 5)  (12, 7)   (5, 6)
job_17   (8, 6)   (1, 3)    (5, 9)   (12, 8)    (1, 1)   (2, 2)   (5, 2)  (12, 10)    (5, 9)   (4, 7)  (10, 9)    (3, 3)  (13, 2)    (1, 7)   (1, 1)   (4, 1)   (5, 2)   (4, 5)
job_18  (11, 4)   (8, 3)   (10, 2)    (2, 3)   (12, 1)   (1, 6)   (5, 6)    (2, 6)   (12, 5)  (1, 10)  (12, 6)    (0, 4)   (4, 7)    (5, 7)  (12, 3)   (2, 4)   (3, 9)  (12, 1)
job_19   (9, 6)  (15, 2)   (15, 1)   (15, 5)   (11, 7)   (6, 5)  (13, 9)    (2, 4)    (9, 8)   (6, 4)   (0, 6)   (10, 3)  (14, 9)   (5, 10)   (3, 8)   (9, 4)   (0, 5)  (12, 7)


Solution:
Machine 0: job_8_task_0   job_10_task_0  job_10_task_1  job_16_task_0  job_7_task_2   job_3_task_4   job_3_task_5   job_1_task_5   job_10_task_8  job_19_task_10 job_0_task_11  job_4_task_8   job_16_task_12 job_18_task_11 job_13_task_14 job_11_task_16 job_11_task_17 job_2_task_12  job_7_task_15  job_19_task_16 job_9_task_14  job_5_task_14  job_15_task_16 job_4_task_16  job_8_task_17  
           [0,9]          [9,13]         [13,21]        [21,29]        [29,34]        [34,37]        [37,39]        [56,63]        [71,81]        [92,98]        [103,113]      [113,118]      [118,124]      [124,128]      [128,133]      [133,137]      [137,143]      [144,145]      [145,149]      [149,154]      [154,164]      [164,169]      [169,175]      [175,179]      [179,189]      
Machine 1: job_17_task_1  job_3_task_2   job_1_task_3   job_18_task_5  job_17_task_4  job_4_task_3   job_14_task_7  job_13_task_6  job_2_task_2   job_13_task_9  job_18_task_9  job_6_task_11  job_17_task_13 job_2_task_14  job_17_task_14 job_12_task_13 job_6_task_14  job_5_task_15  job_7_task_17  
           [14,17]        [19,22]        [37,45]        [45,51]        [51,52]        [52,54]        [56,62]        [62,64]        [64,71]        [86,92]        [92,102]       [124,127]      [144,151]      [151,154]      [154,155]      [160,166]      [166,167]      [169,174]      [174,182]      
Machine 2: job_15_task_0  job_8_task_1   job_1_task_1   job_18_task_3  job_10_task_4  job_5_task_3   job_2_task_1   job_17_task_5  job_5_task_8   job_19_task_7  job_18_task_7  job_14_task_8  job_0_task_9   job_0_task_10  job_16_task_11 job_5_task_10  job_15_task_11 job_7_task_12  job_8_task_12  job_8_task_13  job_4_task_10  job_0_task_14  job_16_task_13 job_3_task_17  job_18_task_15 
           [0,9]          [9,19]         [19,21]        [25,28]        [32,37]        [40,48]        [52,62]        [62,64]        [64,71]        [71,75]        [75,81]        [81,85]        [85,93]        [93,103]       [103,113]      [113,117]      [117,124]      [124,133]      [133,135]      [135,144]      [146,148]      [148,155]      [155,158]      [158,167]      [167,171]      
Machine 3: job_11_task_0  job_9_task_1   job_9_task_2   job_10_task_3  job_15_task_3  job_5_task_4   job_11_task_8  job_15_task_9  job_14_task_11 job_19_task_14 job_17_task_11 job_4_task_11  job_7_task_16  job_8_task_16  job_0_task_16  job_18_task_16 job_1_task_17  
           [0,1]          [8,10]         [10,17]        [29,32]        [32,33]        [48,49]        [52,61]        [99,106]       [109,119]      [127,135]      [139,142]      [148,151]      [151,159]      [159,165]      [165,175]      [175,184]      [184,190]      
Machine 4: job_5_task_1   job_14_task_2  job_6_task_1   job_5_task_6   job_7_task_5   job_16_task_6  job_13_task_7  job_1_task_8   job_9_task_9   job_7_task_8   job_8_task_8   job_3_task_11  job_14_task_9  job_14_task_10 job_7_task_10  job_12_task_10 job_17_task_9  job_18_task_12 job_2_task_9   job_13_task_17 job_17_task_15 job_10_task_15 job_14_task_16 job_6_task_15  job_17_task_17 
           [9,19]         [19,22]        [22,30]        [57,60]        [64,69]        [69,71]        [71,74]        [78,84]        [84,86]        [86,92]        [92,98]        [98,99]        [99,101]       [101,109]      [109,113]      [113,123]      [123,130]      [130,137]      [137,141]      [154,162]      [162,163]      [163,165]      [165,168]      [168,171]      [171,176]      
Machine 5: job_11_task_1  job_17_task_2  job_15_task_2  job_1_task_2   job_10_task_5  job_4_task_2   job_0_task_5   job_18_task_6  job_10_task_7  job_17_task_6  job_5_task_9   job_2_task_3   job_17_task_8  job_7_task_9   job_4_task_6   job_3_task_13  job_19_task_13 job_10_task_12 job_13_task_15 job_5_task_12  job_18_task_13 job_6_task_12  job_15_task_15 job_17_task_16 job_12_task_15 job_16_task_17 job_10_task_17 
           [1,8]          [17,26]        [26,31]        [31,37]        [37,45]        [45,52]        [52,59]        [59,65]        [65,71]        [71,73]        [73,82]        [82,91]        [91,100]       [100,101]      [101,103]      [108,117]      [117,127]      [127,136]      [136,145]      [145,147]      [147,154]      [154,158]      [158,166]      [166,168]      [173,181]      [181,187]      [187,190]      
Machine 6: job_5_task_0   job_14_task_1  job_4_task_0   job_12_task_3  job_14_task_4  job_13_task_4  job_19_task_5  job_7_task_4   job_15_task_5  job_1_task_6   job_6_task_5   job_11_task_11 job_19_task_9  job_16_task_10 job_12_task_9  job_15_task_10 job_6_task_9   job_6_task_10  job_12_task_11 job_3_task_15  job_2_task_13  job_14_task_15 job_4_task_13  job_14_task_17 job_2_task_17  job_6_task_17  
           [0,9]          [9,11]         [11,19]        [24,28]        [35,45]        [45,53]        [53,58]        [58,64]        [64,73]        [73,75]        [75,78]        [78,88]        [88,92]        [92,100]       [100,107]      [107,110]      [110,119]      [119,124]      [124,127]      [127,134]      [145,146]      [156,159]      [159,164]      [168,173]      [174,175]      [176,183]      
Machine 7: job_7_task_0   job_12_task_0  job_3_task_1   job_13_task_1  job_13_task_2  job_16_task_1  job_5_task_2   job_13_task_3  job_11_task_6  job_11_task_10 job_12_task_6  job_12_task_7  job_9_task_10  job_3_task_12  job_11_task_15 job_14_task_12 job_0_task_13  job_14_task_13 job_1_task_15  job_10_task_13 job_0_task_15  job_5_task_16  
           [0,4]          [4,11]         [11,19]        [19,27]        [27,29]        [29,33]        [33,40]        [40,43]        [43,51]        [64,73]        [73,75]        [75,82]        [86,93]        [99,108]       [110,112]      [119,127]      [127,133]      [133,139]      [139,149]      [149,152]      [155,164]      [174,182]      
Machine 8: job_9_task_0   job_17_task_0  job_6_task_0   job_18_task_1  job_6_task_2   job_15_task_4  job_3_task_6   job_9_task_6   job_11_task_7  job_3_task_8   job_0_task_6   job_12_task_5  job_3_task_9   job_16_task_9  job_6_task_8   job_15_task_8  job_8_task_9   job_10_task_10 job_2_task_6   job_0_task_12  job_5_task_11  job_1_task_14  job_16_task_15 job_0_task_17  job_4_task_17  
           [0,8]          [8,14]         [14,20]        [20,23]        [30,36]        [36,43]        [43,44]        [44,50]        [51,52]        [53,61]        [61,66]        [66,73]        [73,74]        [84,86]        [86,95]        [95,99]        [99,107]       [107,112]      [112,113]      [113,123]      [123,133]      [135,138]      [166,171]      [175,180]      [180,182]      
Machine 9: job_19_task_0  job_11_task_2  job_11_task_4  job_0_task_2   job_14_task_3  job_6_task_3   job_14_task_6  job_5_task_7   job_16_task_7  job_19_task_8  job_3_task_10  job_11_task_12 job_11_task_13 job_1_task_11  job_11_task_14 job_3_task_14  job_8_task_11  job_15_task_12 job_19_task_15 job_3_task_16  job_14_task_14 job_4_task_12  job_10_task_16 
           [0,6]          [8,11]         [13,20]        [20,29]        [29,35]        [36,39]        [46,56]        [60,64]        [71,79]        [79,87]        [87,95]        [95,99]        [99,107]       [107,108]      [108,110]      [117,126]      [126,132]      [132,137]      [137,141]      [141,150]      [150,156]      [156,157]      [165,174]      
Machine 10: job_15_task_1  job_18_task_2  job_7_task_3   job_10_task_6  job_13_task_5  job_11_task_9  job_8_task_6   job_16_task_8  job_13_task_10 job_2_task_5   job_19_task_11 job_4_task_7   job_13_task_12 job_13_task_13 job_17_task_10 job_15_task_13 job_10_task_14 job_6_task_16  job_15_task_17 
           [9,18]         [23,25]        [34,44]        [45,54]        [54,60]        [61,64]        [77,83]        [83,84]        [92,93]        [96,98]        [98,101]       [103,105]      [108,111]      [111,121]      [130,139]      [139,147]      [152,157]      [171,176]      [176,179]      
Machine 11: job_14_task_0  job_18_task_0  job_9_task_4   job_19_task_4  job_6_task_4   job_14_task_5  job_16_task_5  job_7_task_6   job_0_task_8   job_15_task_7  job_10_task_9  job_2_task_7   job_8_task_14  job_5_task_13  job_2_task_15  job_6_task_13  job_5_task_17  job_12_task_17 
           [0,9]          [9,13]         [21,29]        [29,36]        [39,43]        [45,46]        [61,67]        [69,78]        [78,85]        [85,95]        [95,100]       [113,119]      [144,146]      [147,152]      [154,161]      [161,166]      [182,187]      [187,190]      
Machine 12: job_1_task_0   job_7_task_1   job_12_task_1  job_8_task_2   job_4_task_1   job_17_task_3  job_18_task_4  job_0_task_3   job_3_task_7   job_16_task_3  job_16_task_4  job_9_task_7   job_8_task_5   job_17_task_7  job_18_task_8  job_2_task_4   job_9_task_11  job_13_task_11 job_18_task_10 job_10_task_11 job_1_task_12  job_9_task_12  job_7_task_13  job_4_task_9   job_13_task_16 job_12_task_12 job_18_task_14 job_19_task_17 job_2_task_16  job_16_task_16 job_9_task_17  job_18_task_17 
           [0,2]          [4,13]         [13,21]        [21,27]        [27,34]        [34,42]        [42,43]        [43,44]        [44,53]        [53,57]        [57,61]        [61,71]        [71,77]        [77,87]        [87,92]        [92,96]        [96,104]       [104,108]      [108,114]      [114,124]      [124,133]      [133,136]      [136,140]      [140,146]      [146,154]      [154,160]      [160,163]      [163,170]      [170,174]      [174,181]      [181,189]      [189,190]      
Machine 13: job_0_task_0   job_11_task_3  job_12_task_2  job_0_task_4   job_19_task_6  job_0_task_7   job_13_task_8  job_8_task_7   job_2_task_8   job_17_task_12 job_15_task_14 
           [0,6]          [11,13]        [21,24]        [44,48]        [58,67]        [67,76]        [76,86]        [86,88]        [119,120]      [142,144]      [147,150]      
Machine 14: job_3_task_0   job_9_task_3   job_3_task_3   job_8_task_3   job_9_task_5   job_8_task_4   job_12_task_4  job_1_task_4   job_4_task_4   job_4_task_5   job_15_task_6  job_1_task_7   job_7_task_7   job_6_task_7   job_1_task_10  job_19_task_12 job_8_task_10  job_7_task_11  job_2_task_10  job_2_task_11  job_8_task_15  job_1_task_16  job_4_task_14  job_12_task_14 job_9_task_15  job_9_task_16  
           [0,7]          [17,21]        [22,25]        [27,36]        [36,41]        [41,51]        [51,55]        [55,56]        [56,64]        [64,73]        [73,75]        [75,78]        [78,84]        [84,86]        [99,107]       [107,116]      [116,118]      [118,121]      [141,143]      [143,144]      [146,154]      [154,162]      [164,171]      [171,173]      [173,177]      [177,180]      
Machine 15: job_13_task_0  job_0_task_1   job_19_task_1  job_19_task_2  job_19_task_3  job_10_task_2  job_11_task_5  job_16_task_2  job_2_task_0   job_5_task_5   job_9_task_8   job_6_task_6   job_12_task_8  job_1_task_9   job_1_task_13  job_7_task_14  job_9_task_13  job_16_task_14 job_4_task_15  job_12_task_16 
           [0,7]          [7,16]         [16,18]        [18,19]        [19,24]        [24,29]        [29,38]        [38,48]        [48,52]        [52,57]        [71,81]        [81,84]        [84,94]        [94,99]        [133,135]      [140,145]      [145,154]      [158,166]      [171,172]      [181,185]      
Optimal Schedule Length: 190.0
Total (Unoptimized Schedule Length): 2001
Statistics
  - conflicts: 0
  - branches : 0
  - wall time: 0.23848903200000002s