
Problem
         task_0   task_1   task_2   task_3   task_4   task_5   task_6   task_7   task_8  task_9  task_10 task_11  task_12  task_13  task_14  task_15  task_16
job_0    (3, 3)   (4, 5)   (0, 7)   (2, 5)  (1, 10)   (4, 4)   (5, 3)   (3, 8)   (2, 2)  (0, 9)   (1, 6)  (1, 7)   (2, 1)   (5, 6)   (2, 2)   (5, 5)   (3, 2)
job_1    (3, 6)   (2, 3)   (4, 5)   (0, 7)  (5, 10)   (3, 9)   (0, 7)   (1, 2)   (0, 6)  (1, 7)   (5, 1)  (5, 8)   (5, 9)   (4, 8)  (4, 10)   (2, 8)   (2, 4)
job_2    (5, 2)   (4, 5)  (0, 10)  (1, 10)   (4, 6)   (0, 8)   (1, 5)   (4, 4)   (3, 8)  (4, 6)   (3, 4)  (3, 8)   (4, 7)   (2, 5)   (3, 7)   (0, 7)   (0, 4)
job_3    (0, 1)   (5, 3)  (0, 10)   (5, 6)   (3, 2)   (2, 4)  (4, 10)   (5, 7)   (1, 6)  (5, 2)   (2, 2)  (4, 9)   (0, 9)   (0, 8)   (3, 2)   (3, 6)   (0, 9)
job_4    (1, 8)   (1, 5)   (4, 9)   (3, 9)   (1, 9)   (2, 2)   (1, 8)   (1, 6)   (2, 7)  (0, 8)  (3, 10)  (2, 9)   (3, 1)   (3, 3)   (4, 7)   (5, 7)  (3, 10)
job_5    (2, 2)   (0, 6)  (4, 10)   (1, 6)   (0, 6)   (3, 6)   (4, 2)   (4, 6)  (1, 10)  (4, 5)   (5, 1)  (2, 4)   (5, 7)   (5, 7)   (2, 4)   (2, 5)   (0, 1)
job_6   (3, 10)   (3, 3)   (5, 4)   (2, 1)   (4, 8)   (4, 6)   (4, 5)   (0, 4)   (1, 4)  (5, 9)   (1, 9)  (3, 3)   (2, 8)  (0, 10)   (2, 5)  (2, 10)   (1, 1)
job_7    (1, 4)  (2, 10)  (0, 10)   (1, 9)   (4, 9)   (2, 7)   (2, 9)   (2, 8)   (5, 4)  (5, 5)   (0, 2)  (1, 8)   (5, 7)   (3, 6)  (1, 10)   (3, 1)   (1, 1)
job_8    (2, 8)   (0, 6)   (2, 6)  (4, 10)   (5, 9)   (1, 1)   (4, 3)   (5, 9)   (5, 4)  (4, 9)   (1, 1)  (5, 3)   (2, 9)   (4, 6)   (0, 4)   (0, 5)   (0, 6)
job_9    (3, 6)   (5, 3)   (1, 1)   (5, 8)   (3, 4)  (2, 10)   (1, 8)   (3, 9)   (2, 9)  (5, 5)   (1, 1)  (3, 7)   (1, 3)  (2, 10)   (1, 3)   (1, 9)   (3, 7)
job_10   (4, 3)   (3, 9)   (4, 6)   (4, 2)  (3, 10)   (1, 3)   (4, 1)   (3, 2)   (0, 9)  (3, 4)   (0, 3)  (0, 7)   (1, 1)   (5, 2)   (0, 1)   (2, 4)   (4, 4)
job_11   (2, 9)   (0, 4)   (2, 1)  (5, 10)   (4, 3)   (5, 9)  (4, 10)  (2, 10)   (5, 4)  (3, 8)   (3, 7)  (0, 7)   (5, 1)   (1, 8)   (2, 2)   (1, 3)   (3, 3)
job_12   (1, 9)   (3, 1)   (5, 5)   (4, 5)   (1, 5)   (4, 6)  (3, 10)   (4, 7)   (2, 2)  (0, 9)   (1, 1)  (4, 9)   (2, 6)   (3, 4)  (0, 10)   (1, 3)   (3, 1)
job_13   (3, 1)  (2, 10)   (1, 9)   (2, 2)  (5, 10)   (4, 2)   (1, 3)   (0, 8)   (5, 9)  (3, 3)   (0, 3)  (2, 2)   (2, 8)   (5, 3)   (1, 9)  (2, 10)   (3, 4)
job_14   (5, 3)   (1, 3)   (0, 6)   (0, 5)   (0, 1)   (3, 7)   (4, 4)   (0, 6)   (1, 7)  (3, 7)   (4, 6)  (3, 1)  (1, 10)   (4, 8)   (3, 3)  (2, 10)   (3, 9)
job_15   (2, 3)   (5, 9)   (0, 6)   (2, 3)   (5, 4)   (5, 1)   (4, 9)   (2, 3)   (0, 1)  (4, 4)   (0, 9)  (0, 1)  (3, 10)   (4, 6)   (5, 7)   (2, 8)   (0, 1)
job_16   (5, 3)   (0, 8)   (4, 4)   (0, 5)   (1, 5)   (3, 5)   (0, 7)   (2, 2)   (0, 8)  (0, 6)   (3, 5)  (5, 4)   (3, 7)   (5, 6)   (3, 8)   (4, 6)   (0, 9)


Solution:
Machine 0: job_3_task_0   job_5_task_1   job_2_task_2   job_16_task_1  job_7_task_2   job_1_task_3   job_3_task_2   job_8_task_1   job_11_task_1  job_14_task_2  job_14_task_3  job_16_task_3  job_14_task_4  job_0_task_2   job_15_task_2  job_14_task_7  job_2_task_5   job_1_task_6   job_16_task_6  job_5_task_4   job_6_task_7   job_1_task_8   job_13_task_7  job_16_task_8  job_4_task_9   job_16_task_9  job_12_task_9  job_15_task_8  job_10_task_8  job_15_task_10 job_13_task_10 job_0_task_9   job_7_task_10  job_3_task_12  job_15_task_11 job_6_task_13  job_3_task_13  job_11_task_11 job_10_task_10 job_10_task_11 job_12_task_14 job_2_task_15  job_8_task_14  job_8_task_15  job_10_task_14 job_16_task_16 job_3_task_16  job_8_task_16  job_2_task_16  job_15_task_16 job_5_task_16  
           [0,1]          [2,8]          [8,18]         [18,26]        [26,36]        [36,43]        [43,53]        [53,59]        [59,63]        [63,69]        [69,74]        [74,79]        [79,80]        [80,87]        [87,93]        [93,99]        [99,107]       [107,114]      [114,121]      [121,127]      [127,131]      [131,137]      [137,145]      [145,153]      [153,161]      [161,167]      [167,176]      [176,177]      [177,186]      [186,195]      [195,198]      [198,207]      [207,209]      [209,218]      [218,219]      [219,229]      [229,237]      [237,244]      [244,247]      [247,254]      [254,264]      [264,271]      [271,275]      [275,280]      [280,281]      [281,290]      [290,299]      [299,305]      [305,309]      [309,310]      [310,311]      
Machine 1: job_4_task_0   job_7_task_0   job_4_task_1   job_9_task_2   job_14_task_1  job_12_task_0  job_2_task_3   job_4_task_4   job_7_task_3   job_13_task_2  job_4_task_6   job_12_task_4  job_16_task_4  job_9_task_6   job_5_task_3   job_14_task_8  job_4_task_7   job_2_task_6   job_0_task_4   job_1_task_7   job_13_task_6  job_8_task_5   job_6_task_8   job_1_task_9   job_9_task_10  job_3_task_8   job_6_task_10  job_10_task_5  job_9_task_12  job_5_task_8   job_12_task_10 job_9_task_14  job_9_task_15  job_14_task_12 job_8_task_10  job_7_task_11  job_0_task_10  job_0_task_11  job_13_task_14 job_11_task_13 job_10_task_12 job_12_task_15 job_7_task_14  job_6_task_16  job_11_task_15 job_7_task_16  
           [0,8]          [8,12]         [12,17]        [17,18]        [18,21]        [21,30]        [30,40]        [40,49]        [49,58]        [58,67]        [67,75]        [75,80]        [80,85]        [85,93]        [93,99]        [99,106]       [106,112]      [112,117]      [117,127]      [127,129]      [129,132]      [132,133]      [133,137]      [137,144]      [144,145]      [145,151]      [151,160]      [160,163]      [163,166]      [168,178]      [178,179]      [179,182]      [182,191]      [198,208]      [208,209]      [209,217]      [217,223]      [223,230]      [230,239]      [249,257]      [257,258]      [264,267]      [267,277]      [277,278]      [293,296]      [308,309]      
Machine 2: job_5_task_0   job_8_task_0   job_1_task_1   job_7_task_1   job_11_task_0  job_13_task_1  job_15_task_0  job_6_task_3   job_9_task_5   job_4_task_5   job_8_task_2   job_11_task_2  job_3_task_5   job_13_task_3  job_7_task_5   job_0_task_3   job_15_task_3  job_7_task_6   job_9_task_8   job_4_task_8   job_16_task_7  job_7_task_7   job_11_task_7  job_15_task_7  job_12_task_8  job_9_task_13  job_3_task_10  job_4_task_11  job_6_task_12  job_0_task_8   job_13_task_11 job_13_task_12 job_5_task_11  job_8_task_12  job_12_task_12 job_2_task_13  job_0_task_12  job_6_task_14  job_13_task_15 job_14_task_15 job_6_task_15  job_1_task_15  job_5_task_14  job_0_task_14  job_15_task_15 job_11_task_14 job_10_task_15 job_5_task_15  job_1_task_16  
           [0,2]          [2,10]         [10,13]        [13,23]        [23,32]        [32,42]        [42,45]        [45,46]        [46,56]        [56,58]        [59,65]        [65,66]        [66,70]        [70,72]        [85,92]        [92,97]        [97,100]       [100,109]      [109,118]      [118,125]      [125,127]      [127,135]      [135,145]      [149,152]      [162,164]      [166,176]      [176,178]      [178,187]      [187,195]      [195,197]      [198,200]      [200,208]      [209,213]      [213,222]      [222,228]      [228,233]      [233,234]      [234,239]      [239,249]      [249,259]      [259,269]      [269,277]      [277,281]      [281,283]      [283,291]      [291,293]      [293,297]      [297,302]      [302,306]      
Machine 3: job_1_task_0   job_9_task_0   job_6_task_0   job_13_task_0  job_6_task_1   job_0_task_0   job_4_task_3   job_9_task_4   job_12_task_1  job_10_task_1  job_1_task_5   job_3_task_4   job_14_task_5  job_16_task_5  job_9_task_7   job_14_task_9  job_12_task_6  job_10_task_4  job_5_task_5   job_2_task_8   job_9_task_11  job_11_task_9  job_4_task_10  job_6_task_11  job_10_task_7  job_0_task_7   job_16_task_10 job_13_task_9  job_2_task_10  job_14_task_11 job_2_task_11  job_16_task_12 job_11_task_10 job_15_task_12 job_4_task_12  job_4_task_13  job_10_task_9  job_16_task_14 job_14_task_14 job_12_task_13 job_2_task_14  job_7_task_13  job_3_task_14  job_3_task_15  job_4_task_16  job_14_task_16 job_9_task_16  job_13_task_16 job_11_task_16 job_7_task_15  job_0_task_16  job_12_task_16 
           [0,6]          [6,12]         [12,22]        [22,23]        [23,26]        [26,29]        [29,38]        [38,42]        [42,43]        [43,52]        [53,62]        [64,66]        [80,87]        [87,92]        [93,102]       [106,113]      [113,123]      [123,133]      [133,139]      [139,147]      [147,154]      [154,162]      [162,172]      [172,175]      [175,177]      [177,185]      [185,190]      [190,193]      [193,197]      [197,198]      [198,206]      [206,213]      [213,220]      [220,230]      [230,231]      [231,234]      [234,238]      [238,246]      [246,249]      [249,253]      [253,260]      [260,266]      [266,268]      [268,274]      [274,284]      [284,293]      [293,300]      [300,304]      [304,307]      [307,308]      [308,310]      [310,311]      
Machine 4: job_10_task_0  job_2_task_1   job_5_task_2   job_4_task_2   job_1_task_2   job_16_task_2  job_0_task_1   job_2_task_4   job_6_task_4   job_6_task_5   job_12_task_3  job_8_task_3   job_7_task_4   job_11_task_4  job_14_task_6  job_3_task_6   job_6_task_6   job_12_task_5  job_13_task_5  job_10_task_2  job_10_task_3  job_11_task_6  job_2_task_7   job_8_task_6   job_15_task_6  job_0_task_5   job_5_task_6   job_12_task_7  job_5_task_7   job_2_task_9   job_10_task_6  job_14_task_10 job_15_task_9  job_3_task_11  job_8_task_9   job_5_task_9   job_12_task_11 job_2_task_12  job_14_task_13 job_1_task_13  job_4_task_14  job_15_task_13 job_1_task_14  job_8_task_13  job_16_task_15 job_10_task_16 
           [0,3]          [3,8]          [8,18]         [18,27]        [27,32]        [32,36]        [36,41]        [41,47]        [47,55]        [55,61]        [61,66]        [66,76]        [76,85]        [85,88]        [88,92]        [92,102]       [102,107]      [107,113]      [113,115]      [115,121]      [121,123]      [123,133]      [133,137]      [137,140]      [140,149]      [149,153]      [153,155]      [155,162]      [162,168]      [168,174]      [174,175]      [175,181]      [181,185]      [185,194]      [194,203]      [203,208]      [208,217]      [217,224]      [224,232]      [232,240]      [240,247]      [247,253]      [253,263]      [263,269]      [269,275]      [297,301]      
Machine 5: job_2_task_0   job_16_task_0  job_14_task_0  job_3_task_1   job_9_task_1   job_9_task_3   job_6_task_2   job_1_task_4   job_12_task_2  job_3_task_3   job_15_task_1  job_11_task_3  job_13_task_4  job_11_task_5  job_8_task_4   job_15_task_4  job_15_task_5  job_3_task_7   job_9_task_9   job_7_task_8   job_6_task_9   job_11_task_8  job_8_task_7   job_0_task_6   job_13_task_8  job_1_task_10  job_3_task_9   job_8_task_8   job_1_task_11  job_7_task_9   job_16_task_11 job_1_task_12  job_5_task_10  job_8_task_11  job_13_task_13 job_16_task_13 job_7_task_12  job_5_task_12  job_5_task_13  job_0_task_13  job_11_task_12 job_4_task_15  job_15_task_14 job_10_task_13 job_0_task_15  
           [0,2]          [2,5]          [5,8]          [8,11]         [12,15]        [18,26]        [26,30]        [43,53]        [53,58]        [58,64]        [64,73]        [73,83]        [83,93]        [93,102]       [102,111]      [111,115]      [115,116]      [116,123]      [123,128]      [135,139]      [139,148]      [148,152]      [152,161]      [161,164]      [164,173]      [173,174]      [174,176]      [176,180]      [180,188]      [188,193]      [193,197]      [197,206]      [208,209]      [209,212]      [212,215]      [215,221]      [221,228]      [228,235]      [235,242]      [242,248]      [248,249]      [249,256]      [256,263]      [263,265]      [283,288]      
Optimal Schedule Length: 311.0
Total (Unoptimized Schedule Length): 1653
Statistics
  - conflicts: 0
  - branches : 0
  - wall time: 0.45799052700000004s