
Problem
         task_0   task_1   task_2   task_3   task_4  task_5  task_6   task_7   task_8   task_9  task_10 task_11  task_12  task_13 task_14  task_15 task_16  task_17
job_0    (0, 8)   (6, 9)   (5, 7)  (3, 10)   (6, 1)  (4, 5)  (4, 8)   (2, 5)   (8, 6)   (0, 5)   (3, 1)  (0, 5)  (3, 10)   (4, 3)  (6, 5)   (0, 8)  (2, 4)   (6, 4)
job_1    (3, 8)   (5, 6)   (4, 5)   (6, 4)   (5, 6)  (7, 1)  (5, 9)   (2, 7)   (0, 6)   (5, 9)   (3, 8)  (2, 6)   (4, 2)   (5, 9)  (1, 4)   (4, 6)  (0, 9)   (0, 7)
job_2    (1, 7)   (4, 5)   (6, 8)   (7, 5)   (6, 6)  (3, 3)  (1, 6)  (2, 10)   (5, 3)   (7, 7)   (0, 9)  (5, 9)   (0, 9)   (2, 9)  (3, 6)   (4, 9)  (2, 3)   (8, 8)
job_3    (0, 1)   (4, 1)   (6, 8)   (1, 9)   (4, 5)  (2, 7)  (8, 8)   (1, 9)   (6, 5)   (7, 7)   (4, 4)  (0, 4)   (6, 6)   (1, 3)  (7, 3)  (1, 10)  (3, 9)   (4, 7)
job_4   (8, 10)   (7, 7)   (4, 4)   (5, 2)   (1, 6)  (0, 4)  (8, 6)   (6, 4)   (0, 1)   (4, 4)   (4, 7)  (7, 5)   (7, 7)  (0, 10)  (2, 4)   (7, 5)  (6, 1)   (0, 2)
job_5    (4, 1)   (8, 8)  (0, 10)   (1, 8)   (7, 7)  (4, 8)  (7, 9)   (5, 6)   (0, 6)  (4, 10)   (1, 2)  (3, 3)   (4, 9)   (1, 5)  (7, 3)   (2, 3)  (8, 6)   (8, 3)
job_6    (3, 8)   (2, 5)   (2, 9)   (1, 8)   (5, 5)  (4, 8)  (0, 3)   (1, 2)   (5, 4)   (2, 3)   (1, 4)  (7, 7)   (3, 8)   (6, 4)  (1, 2)   (0, 5)  (7, 1)   (2, 2)
job_7    (6, 1)   (5, 7)   (3, 6)   (8, 6)   (7, 8)  (5, 1)  (7, 9)   (7, 7)   (5, 4)   (3, 9)   (0, 2)  (7, 2)   (3, 7)   (6, 8)  (1, 6)  (2, 10)  (7, 6)   (1, 3)
job_8    (6, 5)  (5, 10)   (7, 4)   (8, 3)   (1, 7)  (0, 2)  (1, 9)   (5, 2)   (1, 8)  (3, 10)   (3, 3)  (0, 9)   (8, 6)   (2, 3)  (6, 3)   (0, 3)  (6, 3)   (2, 1)
job_9    (6, 5)   (4, 5)  (3, 10)   (1, 3)   (7, 8)  (4, 4)  (7, 5)   (2, 3)   (8, 2)   (1, 4)   (4, 1)  (3, 5)   (6, 2)   (5, 2)  (3, 2)   (8, 4)  (7, 1)   (3, 7)
job_10   (4, 2)  (6, 10)   (2, 8)   (5, 4)   (1, 4)  (4, 6)  (3, 7)   (0, 2)  (3, 10)   (2, 6)   (2, 6)  (2, 3)   (0, 5)   (6, 9)  (1, 8)   (7, 6)  (1, 7)   (4, 3)
job_11   (1, 9)   (5, 2)   (2, 4)   (0, 4)  (1, 10)  (8, 3)  (6, 4)   (0, 7)   (1, 8)   (3, 7)   (5, 4)  (7, 8)   (8, 3)  (8, 10)  (6, 7)   (5, 4)  (6, 5)   (8, 3)
job_12   (2, 9)   (2, 8)   (3, 3)   (7, 1)   (0, 7)  (4, 5)  (3, 4)   (0, 9)   (3, 8)   (6, 1)  (8, 10)  (4, 9)   (2, 1)   (8, 3)  (2, 8)   (1, 2)  (3, 4)   (3, 8)
job_13   (2, 1)   (3, 9)  (7, 10)   (2, 4)   (8, 2)  (1, 1)  (2, 8)   (5, 4)   (0, 5)   (2, 1)   (7, 8)  (7, 4)  (4, 10)  (5, 10)  (4, 9)   (8, 2)  (5, 7)   (2, 6)
job_14   (0, 6)  (7, 10)   (2, 6)   (6, 6)  (6, 10)  (7, 3)  (8, 5)   (8, 9)   (0, 8)  (3, 10)   (6, 4)  (2, 7)  (5, 10)   (0, 3)  (1, 8)   (1, 5)  (1, 8)  (1, 10)
job_15   (5, 5)   (6, 9)   (4, 9)   (3, 5)   (1, 6)  (4, 8)  (0, 5)   (7, 8)   (3, 7)   (5, 9)   (7, 5)  (3, 2)   (7, 1)   (0, 7)  (4, 2)   (1, 8)  (1, 9)   (7, 3)
job_16   (7, 7)   (7, 3)   (8, 2)   (1, 4)   (0, 4)  (0, 6)  (6, 5)   (0, 4)   (0, 8)   (7, 7)   (0, 4)  (7, 5)   (6, 9)   (5, 5)  (2, 1)   (1, 1)  (3, 8)   (0, 9)
job_17   (4, 6)   (4, 1)   (0, 9)   (7, 3)   (1, 4)  (1, 5)  (6, 8)   (1, 2)   (4, 8)   (1, 6)   (8, 6)  (1, 8)   (8, 7)   (7, 1)  (8, 1)   (7, 3)  (6, 3)   (5, 3)


Solution:
Machine 0: job_14_task_0  job_3_task_0   job_17_task_2  job_5_task_2   job_16_task_4  job_11_task_3  job_16_task_5  job_4_task_5   job_12_task_4  job_0_task_0   job_10_task_7  job_12_task_7  job_14_task_8  job_16_task_7  job_15_task_6  job_11_task_7  job_8_task_5   job_1_task_8   job_13_task_8  job_2_task_10  job_16_task_8  job_6_task_6   job_5_task_8   job_4_task_8   job_7_task_10  job_14_task_13 job_0_task_9   job_2_task_12  job_16_task_10 job_10_task_12 job_3_task_11  job_0_task_11  job_8_task_11  job_15_task_13 job_0_task_15  job_4_task_13  job_16_task_17 job_1_task_16  job_1_task_17  job_6_task_15  job_8_task_15  job_4_task_17  
           [0,6]          [6,7]          [8,17]         [20,30]        [30,34]        [34,38]        [38,44]        [44,48]        [48,55]        [55,63]        [63,65]        [70,79]        [79,87]        [87,91]        [91,96]        [96,103]       [103,105]      [105,111]      [111,116]      [116,125]      [125,133]      [133,136]      [136,142]      [142,143]      [143,145]      [146,149]      [149,154]      [154,163]      [163,167]      [167,172]      [172,176]      [176,181]      [181,190]      [191,198]      [201,209]      [210,220]      [221,230]      [230,239]      [239,246]      [246,251]      [251,254]      [255,257]      
Machine 1: job_11_task_0  job_2_task_0   job_16_task_3  job_17_task_4  job_17_task_5  job_4_task_4   job_3_task_3   job_10_task_4  job_5_task_3   job_11_task_4  job_2_task_6   job_15_task_4  job_13_task_5  job_6_task_3   job_8_task_4   job_3_task_7   job_11_task_8  job_17_task_7  job_8_task_6   job_17_task_9  job_8_task_8   job_9_task_3   job_17_task_11 job_6_task_7   job_14_task_14 job_14_task_15 job_6_task_10  job_14_task_16 job_14_task_17 job_5_task_10  job_9_task_9   job_1_task_14  job_7_task_14  job_10_task_14 job_3_task_13  job_16_task_15 job_5_task_13  job_3_task_15  job_15_task_15 job_12_task_15 job_6_task_14  job_15_task_16 job_10_task_16 job_7_task_17  
           [0,9]          [9,16]         [16,20]        [20,24]        [24,29]        [29,35]        [35,44]        [44,48]        [48,56]        [56,66]        [66,72]        [72,78]        [78,79]        [79,87]        [87,94]        [94,103]       [103,111]      [111,113]      [113,122]      [122,128]      [128,136]      [136,139]      [139,147]      [147,149]      [149,157]      [157,162]      [162,166]      [166,174]      [174,184]      [184,186]      [186,190]      [190,194]      [194,200]      [200,208]      [208,211]      [211,212]      [212,217]      [217,227]      [227,235]      [235,237]      [237,239]      [239,248]      [248,255]      [255,258]      
Machine 2: job_13_task_0  job_12_task_0  job_12_task_1  job_6_task_1   job_11_task_2  job_10_task_2  job_14_task_2  job_6_task_2   job_13_task_3  job_3_task_5   job_2_task_7   job_13_task_6  job_1_task_7   job_0_task_7   job_14_task_11 job_13_task_9  job_10_task_9  job_10_task_10 job_10_task_11 job_6_task_9   job_1_task_11  job_2_task_13  job_12_task_12 job_9_task_7   job_12_task_14 job_16_task_14 job_8_task_13  job_7_task_15  job_13_task_17 job_4_task_14  job_5_task_15  job_2_task_16  job_0_task_16  job_6_task_17  job_8_task_17  
           [0,1]          [1,10]         [10,18]        [18,23]        [23,27]        [27,35]        [35,41]        [41,50]        [50,54]        [54,61]        [72,82]        [82,90]        [97,104]       [104,109]      [109,116]      [116,117]      [119,125]      [125,131]      [131,134]      [159,162]      [162,168]      [168,177]      [177,178]      [181,184]      [189,197]      [197,198]      [198,201]      [201,211]      [211,217]      [224,228]      [228,231]      [231,234]      [236,240]      [254,256]      [257,258]      
Machine 3: job_6_task_0   job_13_task_1  job_7_task_2   job_12_task_2  job_1_task_0   job_15_task_3  job_10_task_6  job_2_task_5   job_12_task_6  job_0_task_3   job_14_task_9  job_9_task_2   job_10_task_8  job_12_task_8  job_15_task_8  job_7_task_9   job_11_task_9  job_1_task_10  job_7_task_12  job_8_task_9   job_0_task_10  job_8_task_10  job_15_task_11 job_0_task_12  job_5_task_11  job_2_task_14  job_6_task_12  job_9_task_11  job_16_task_16 job_9_task_14  job_3_task_16  job_12_task_16 job_12_task_17 job_9_task_17  
           [0,8]          [8,17]         [17,23]        [23,26]        [26,34]        [34,39]        [55,62]        [63,66]        [66,70]        [79,89]        [89,99]        [99,109]       [109,119]      [119,127]      [127,134]      [134,143]      [143,150]      [150,158]      [158,165]      [165,175]      [175,176]      [176,179]      [179,181]      [181,191]      [191,194]      [194,200]      [200,208]      [208,213]      [213,221]      [221,223]      [227,236]      [237,241]      [241,249]      [249,256]      
Machine 4: job_5_task_0   job_17_task_0  job_17_task_1  job_3_task_1   job_10_task_0  job_2_task_1   job_4_task_2   job_15_task_2  job_3_task_4   job_10_task_5  job_12_task_5  job_1_task_2   job_5_task_5   job_15_task_5  job_9_task_1   job_0_task_5   job_0_task_6   job_6_task_5   job_17_task_8  job_3_task_10  job_13_task_12 job_5_task_9   job_4_task_9   job_9_task_5   job_4_task_10  job_12_task_11 job_1_task_12  job_13_task_14 job_9_task_10  job_0_task_13  job_5_task_12  job_1_task_15  job_2_task_15  job_15_task_14 job_3_task_17  job_10_task_17 
           [0,1]          [1,7]          [7,8]          [8,9]          [9,11]         [16,21]        [21,25]        [25,34]        [44,49]        [49,55]        [55,60]        [60,65]        [68,76]        [78,86]        [86,91]        [91,96]        [96,104]       [106,114]      [114,122]      [122,126]      [131,141]      [142,152]      [152,156]      [156,160]      [160,167]      [167,176]      [176,178]      [178,187]      [190,191]      [191,194]      [194,203]      [203,209]      [216,225]      [225,227]      [236,243]      [255,258]      
Machine 5: job_15_task_0  job_7_task_1   job_11_task_1  job_8_task_1   job_4_task_3   job_1_task_1   job_10_task_3  job_7_task_5   job_0_task_2   job_1_task_4   job_2_task_8   job_1_task_6   job_13_task_7  job_6_task_4   job_7_task_8   job_5_task_7   job_1_task_9   job_8_task_7   job_2_task_11  job_14_task_12 job_15_task_9  job_6_task_8   job_11_task_10 job_13_task_13 job_17_task_17 job_1_task_13  job_16_task_13 job_13_task_16 job_11_task_15 job_9_task_13  
           [0,5]          [5,12]         [12,14]        [14,24]        [25,27]        [34,40]        [40,44]        [49,50]        [72,79]        [79,85]        [85,88]        [88,97]        [97,101]       [101,106]      [106,110]      [110,116]      [116,125]      [125,127]      [127,136]      [136,146]      [146,155]      [155,159]      [159,163]      [163,173]      [173,176]      [178,187]      [187,192]      [192,199]      [212,216]      [218,220]      
Machine 6: job_7_task_0   job_8_task_0   job_15_task_1  job_10_task_1  job_3_task_2   job_2_task_2   job_14_task_3  job_14_task_4  job_2_task_4   job_0_task_1   job_1_task_3   job_9_task_0   job_16_task_6  job_11_task_6  job_0_task_4   job_4_task_7   job_17_task_6  job_14_task_10 job_3_task_8   job_12_task_9  job_17_task_16 job_7_task_13  job_16_task_12 job_10_task_13 job_0_task_14  job_3_task_12  job_11_task_14 job_6_task_13  job_9_task_12  job_8_task_14  job_11_task_16 job_4_task_16  job_0_task_17  job_8_task_16  
           [0,1]          [1,6]          [6,15]         [15,25]        [25,33]        [33,41]        [41,47]        [47,57]        [57,63]        [63,72]        [72,76]        [76,81]        [81,86]        [86,90]        [90,91]        [91,95]        [95,103]       [103,107]      [107,112]      [127,128]      [163,166]      [166,174]      [176,185]      [185,194]      [194,199]      [199,205]      [205,212]      [212,216]      [216,218]      [218,221]      [221,226]      [233,234]      [240,244]      [254,257]      
Machine 7: job_16_task_0  job_16_task_1  job_4_task_1   job_17_task_3  job_14_task_1  job_13_task_2  job_12_task_3  job_7_task_4   job_2_task_3   job_8_task_2   job_14_task_5  job_5_task_4   job_7_task_6   job_5_task_6   job_1_task_5   job_7_task_7   job_2_task_9   job_15_task_7  job_3_task_9   job_13_task_10 job_13_task_11 job_16_task_9  job_9_task_4   job_7_task_11  job_17_task_13 job_15_task_10 job_17_task_15 job_11_task_11 job_16_task_11 job_9_task_6   job_6_task_11  job_15_task_12 job_4_task_11  job_4_task_12  job_10_task_15 job_3_task_14  job_7_task_16  job_5_task_14  job_9_task_16  job_4_task_15  job_15_task_17 job_6_task_16  
           [0,7]          [7,10]         [10,17]        [17,20]        [20,30]        [30,40]        [40,41]        [41,49]        [49,54]        [54,58]        [58,61]        [61,68]        [68,77]        [77,86]        [86,87]        [87,94]        [94,101]       [101,109]      [112,119]      [119,127]      [127,131]      [133,140]      [140,148]      [148,150]      [154,155]      [155,160]      [160,163]      [163,171]      [171,176]      [176,181]      [181,188]      [188,189]      [196,201]      [201,208]      [208,214]      [214,217]      [217,223]      [223,226]      [227,228]      [228,233]      [248,251]      [252,253]      
Machine 8: job_4_task_0   job_16_task_2  job_5_task_1   job_7_task_3   job_4_task_6   job_13_task_4  job_8_task_3   job_14_task_6  job_14_task_7  job_3_task_6   job_11_task_5  job_0_task_8   job_17_task_10 job_12_task_10 job_17_task_12 job_17_task_14 job_11_task_12 job_11_task_13 job_9_task_8   job_12_task_13 job_13_task_15 job_8_task_12  job_9_task_15  job_11_task_17 job_5_task_16  job_2_task_17  job_5_task_17  
           [0,10]         [10,12]        [12,20]        [23,29]        [48,54]        [54,56]        [58,61]        [61,66]        [66,75]        [75,83]        [83,86]        [109,115]      [128,134]      [134,144]      [147,154]      [155,156]      [171,174]      [174,184]      [184,186]      [186,189]      [189,191]      [191,197]      [223,227]      [227,230]      [231,237]      [237,245]      [245,248]      
Optimal Schedule Length: 258.0
Total (Unoptimized Schedule Length): 1815
Statistics
  - conflicts: 0
  - branches : 71
  - wall time: 0.583397895s