
Problem
         task_0   task_1   task_2   task_3   task_4   task_5   task_6   task_7   task_8   task_9  task_10  task_11  task_12  task_13
job_0    (0, 4)   (2, 5)   (0, 5)   (2, 1)   (2, 6)   (0, 5)   (0, 9)   (1, 5)   (1, 2)   (2, 2)   (1, 4)   (2, 8)   (2, 7)  (1, 10)
job_1    (1, 5)   (2, 4)   (2, 7)   (1, 6)   (0, 5)   (0, 9)   (0, 1)   (1, 9)  (0, 10)   (2, 5)   (1, 4)   (0, 4)   (0, 2)   (1, 3)
job_2    (1, 6)   (1, 3)   (2, 2)   (2, 4)   (0, 1)   (1, 1)   (2, 7)   (1, 4)   (1, 2)   (1, 6)   (1, 4)   (2, 6)   (1, 8)  (2, 10)
job_3    (0, 4)   (1, 3)   (1, 6)   (1, 6)  (2, 10)   (1, 3)   (2, 9)   (2, 2)   (1, 8)   (0, 6)   (2, 7)   (1, 4)  (2, 10)   (0, 6)
job_4    (0, 7)   (0, 9)   (1, 5)   (2, 7)  (0, 10)   (1, 4)   (2, 7)   (1, 8)   (2, 6)   (1, 1)   (2, 4)   (0, 1)   (0, 4)   (2, 2)
job_5   (0, 10)   (1, 3)   (0, 5)   (0, 6)   (1, 5)   (2, 6)   (1, 3)   (2, 2)   (0, 1)  (0, 10)   (2, 2)  (1, 10)   (2, 2)   (2, 5)
job_6    (2, 3)  (0, 10)   (1, 6)  (1, 10)   (2, 5)   (2, 9)   (2, 4)   (2, 7)   (1, 3)   (2, 7)   (1, 6)   (0, 3)   (1, 5)   (1, 2)
job_7    (1, 7)   (0, 8)   (1, 5)   (1, 7)   (1, 6)   (1, 8)   (1, 5)   (0, 9)  (2, 10)   (2, 7)   (1, 9)   (2, 3)   (0, 8)   (1, 4)
job_8    (0, 3)   (1, 7)   (2, 8)   (2, 9)   (1, 3)   (2, 4)   (1, 7)  (2, 10)   (1, 9)   (0, 5)   (0, 3)   (0, 1)   (2, 9)   (2, 4)
job_9    (2, 2)   (1, 8)   (1, 3)   (0, 3)   (0, 1)   (2, 3)   (1, 4)  (2, 10)   (2, 1)   (2, 3)   (1, 4)   (1, 9)   (0, 2)   (1, 7)
job_10   (1, 4)   (1, 8)   (1, 9)   (2, 4)   (1, 1)  (0, 10)   (2, 7)   (0, 8)   (0, 4)   (0, 7)   (0, 6)   (2, 4)   (1, 3)   (2, 1)
job_11  (1, 10)   (0, 2)  (0, 10)   (1, 5)   (1, 5)   (0, 9)   (0, 5)   (1, 7)   (1, 8)   (2, 5)   (1, 2)   (0, 1)   (0, 3)   (2, 2)
job_12  (2, 10)   (2, 7)   (2, 2)   (0, 3)   (0, 9)   (0, 6)   (1, 4)   (1, 3)   (2, 7)   (1, 8)   (1, 3)   (2, 2)  (1, 10)   (2, 9)
job_13   (1, 3)   (1, 4)   (2, 4)   (2, 2)   (0, 8)  (0, 10)  (1, 10)   (0, 7)   (2, 9)   (0, 8)   (0, 2)   (2, 8)   (0, 1)   (2, 3)
job_14   (2, 9)   (2, 8)   (1, 8)   (2, 1)   (0, 2)   (2, 5)   (2, 3)   (1, 2)   (1, 9)   (2, 4)   (1, 9)   (1, 5)   (0, 8)   (2, 4)
job_15   (2, 5)  (1, 10)   (1, 3)   (0, 4)   (0, 4)   (2, 8)  (1, 10)   (0, 6)   (2, 7)   (0, 9)  (0, 10)  (1, 10)   (2, 9)   (2, 5)


Solution:
Machine 0: job_3_task_0   job_8_task_0   job_7_task_1   job_4_task_0   job_15_task_3  job_15_task_4  job_6_task_1   job_0_task_0   job_5_task_0   job_4_task_1   job_13_task_4  job_0_task_2   job_11_task_1  job_12_task_3  job_11_task_2  job_12_task_4  job_13_task_5  job_15_task_7  job_0_task_5   job_12_task_5  job_0_task_6   job_15_task_9  job_15_task_10 job_5_task_2   job_5_task_3   job_14_task_4  job_1_task_4   job_1_task_5   job_2_task_4   job_4_task_4   job_7_task_7   job_10_task_5  job_9_task_3   job_9_task_4   job_1_task_6   job_13_task_7  job_11_task_5  job_11_task_6  job_3_task_9   job_10_task_7  job_10_task_8  job_10_task_9  job_10_task_10 job_1_task_8   job_13_task_9  job_5_task_8   job_5_task_9   job_8_task_9   job_8_task_10  job_8_task_11  job_13_task_10 job_7_task_12  job_13_task_12 job_3_task_13  job_9_task_12  job_14_task_12 job_6_task_11  job_1_task_11  job_1_task_12  job_4_task_11  job_4_task_12  job_11_task_11 job_11_task_12 
           [0,4]          [4,7]          [7,15]         [15,22]        [22,26]        [26,30]        [30,40]        [40,44]        [44,54]        [54,63]        [63,71]        [71,76]        [76,78]        [78,81]        [81,91]        [91,100]       [100,110]      [110,116]      [116,121]      [121,127]      [127,136]      [136,145]      [145,155]      [155,160]      [160,166]      [166,168]      [168,173]      [173,182]      [182,183]      [183,193]      [193,202]      [202,212]      [212,215]      [215,216]      [216,217]      [217,224]      [224,233]      [233,238]      [241,247]      [247,255]      [255,259]      [259,266]      [266,272]      [276,286]      [288,296]      [296,297]      [297,307]      [307,312]      [312,315]      [315,316]      [316,318]      [362,370]      [370,371]      [389,395]      [406,408]      [411,419]      [427,430]      [431,435]      [435,437]      [437,438]      [438,442]      [444,445]      [445,448]      
Machine 1: job_7_task_0   job_15_task_1  job_15_task_2  job_7_task_2   job_3_task_1   job_13_task_0  job_8_task_1   job_3_task_2   job_13_task_1  job_10_task_0  job_7_task_3   job_1_task_0   job_11_task_0  job_10_task_1  job_3_task_3   job_7_task_4   job_6_task_2   job_15_task_6  job_2_task_0   job_10_task_2  job_7_task_5   job_6_task_3   job_5_task_1   job_14_task_2  job_4_task_2   job_2_task_1   job_1_task_3   job_9_task_1   job_3_task_5   job_8_task_4   job_7_task_6   job_11_task_3  job_10_task_4  job_9_task_2   job_2_task_5   job_8_task_6   job_13_task_6  job_11_task_4  job_12_task_6  job_5_task_4   job_12_task_7  job_14_task_7  job_3_task_8   job_2_task_7   job_9_task_6   job_14_task_8  job_0_task_7   job_4_task_5   job_1_task_7   job_2_task_8   job_5_task_6   job_2_task_9   job_0_task_8   job_12_task_9  job_8_task_8   job_0_task_10  job_2_task_10  job_11_task_7  job_6_task_8   job_4_task_7   job_14_task_10 job_12_task_10 job_7_task_10  job_15_task_11 job_9_task_10  job_11_task_8  job_3_task_11  job_12_task_12 job_2_task_12  job_9_task_11  job_14_task_11 job_5_task_11  job_6_task_10  job_1_task_10  job_4_task_9   job_0_task_13  job_11_task_10 job_6_task_12  job_9_task_13  job_10_task_12 job_7_task_13  job_1_task_13  job_6_task_13  
           [0,7]          [7,17]         [17,20]        [20,25]        [25,28]        [28,31]        [31,38]        [38,44]        [44,48]        [48,52]        [52,59]        [59,64]        [64,74]        [74,82]        [82,88]        [88,94]        [94,100]       [100,110]      [110,116]      [116,125]      [125,133]      [133,143]      [143,146]      [146,154]      [154,159]      [159,162]      [162,168]      [168,176]      [176,179]      [179,182]      [182,187]      [187,192]      [192,193]      [193,196]      [196,197]      [197,204]      [204,214]      [214,219]      [219,223]      [223,228]      [228,231]      [231,233]      [233,241]      [241,245]      [245,249]      [249,258]      [258,263]      [263,267]      [267,276]      [276,278]      [278,281]      [281,287]      [287,289]      [289,297]      [297,306]      [306,310]      [310,314]      [314,321]      [321,324]      [324,332]      [332,341]      [341,344]      [344,353]      [353,363]      [363,367]      [367,375]      [375,379]      [379,389]      [389,397]      [397,406]      [406,411]      [411,421]      [421,427]      [427,431]      [431,432]      [432,442]      [442,444]      [444,449]      [449,456]      [456,459]      [459,463]      [463,466]      [466,468]      
Machine 2: job_15_task_0  job_12_task_0  job_6_task_0   job_14_task_0  job_12_task_1  job_15_task_5  job_8_task_2   job_13_task_2  job_0_task_1   job_13_task_3  job_14_task_1  job_1_task_1   job_12_task_2  job_1_task_2   job_8_task_3   job_3_task_4   job_9_task_0   job_0_task_3   job_0_task_4   job_15_task_8  job_10_task_3  job_6_task_4   job_6_task_5   job_14_task_3  job_6_task_6   job_2_task_2   job_4_task_3   job_2_task_3   job_14_task_5  job_3_task_6   job_8_task_5   job_14_task_6  job_3_task_7   job_2_task_6   job_7_task_8   job_8_task_7   job_9_task_5   job_5_task_5   job_10_task_6  job_12_task_8  job_6_task_7   job_9_task_7   job_7_task_9   job_4_task_6   job_13_task_8  job_5_task_7   job_0_task_9   job_14_task_9  job_3_task_10  job_9_task_8   job_9_task_9   job_5_task_10  job_1_task_9   job_0_task_11  job_2_task_11  job_6_task_9   job_4_task_8   job_0_task_12  job_12_task_11 job_8_task_12  job_7_task_11  job_13_task_11 job_15_task_12 job_3_task_12  job_11_task_9  job_12_task_13 job_2_task_13  job_10_task_11 job_15_task_13 job_5_task_12  job_5_task_13  job_14_task_13 job_4_task_10  job_8_task_13  job_13_task_13 job_4_task_13  job_11_task_13 job_10_task_13 
           [0,5]          [5,15]         [15,18]        [18,27]        [27,34]        [34,42]        [42,50]        [50,54]        [54,59]        [59,61]        [61,69]        [69,73]        [73,75]        [75,82]        [82,91]        [91,101]       [101,103]      [103,104]      [104,110]      [116,123]      [125,129]      [143,148]      [148,157]      [157,158]      [158,162]      [162,164]      [164,171]      [171,175]      [175,180]      [180,189]      [189,193]      [193,196]      [196,198]      [198,205]      [205,215]      [215,225]      [225,228]      [228,234]      [234,241]      [241,248]      [248,255]      [255,265]      [265,272]      [272,279]      [279,288]      [288,290]      [290,292]      [292,296]      [296,303]      [303,304]      [304,307]      [307,309]      [309,314]      [314,322]      [322,328]      [328,335]      [335,341]      [341,348]      [348,350]      [350,359]      [359,362]      [362,370]      [370,379]      [379,389]      [389,394]      [394,403]      [403,413]      [413,417]      [417,422]      [422,424]      [424,429]      [429,433]      [433,437]      [437,441]      [441,444]      [444,446]      [448,450]      [459,460]      
Optimal Schedule Length: 468.0
Total (Unoptimized Schedule Length): 1247
Statistics
  - conflicts: 0
  - branches : 32
  - wall time: 0.11455197600000001s