
Problem
         task_0   task_1   task_2   task_3   task_4   task_5   task_6   task_7
job_0    (2, 7)   (2, 8)   (1, 7)   (1, 8)   (2, 6)  (1, 10)   (2, 1)   (1, 6)
job_1    (2, 6)   (2, 4)  (1, 10)   (0, 8)   (2, 7)   (0, 8)   (1, 1)   (1, 4)
job_2    (1, 3)  (1, 10)  (1, 10)   (0, 7)   (0, 4)   (0, 9)   (2, 2)   (0, 5)
job_3    (0, 6)  (2, 10)   (2, 6)  (1, 10)   (0, 1)   (2, 5)   (0, 8)   (0, 6)
job_4    (2, 7)   (0, 5)   (1, 5)  (0, 10)   (2, 6)   (1, 3)  (2, 10)   (2, 4)
job_5    (1, 6)   (1, 6)   (2, 2)   (2, 9)   (2, 1)   (2, 8)   (1, 2)  (2, 10)
job_6    (1, 9)   (1, 4)   (2, 1)   (1, 2)   (2, 7)   (0, 7)   (0, 4)  (1, 10)
job_7    (2, 5)   (2, 6)   (0, 3)   (1, 4)   (1, 5)   (1, 6)   (0, 4)   (2, 3)
job_8    (1, 7)   (2, 5)   (1, 5)   (0, 3)   (1, 3)   (2, 4)   (0, 3)  (1, 10)
job_9    (0, 5)   (1, 3)   (1, 4)   (1, 6)   (1, 3)   (2, 5)   (0, 4)  (0, 10)
job_10   (2, 1)   (0, 7)   (1, 7)   (0, 5)   (2, 6)   (2, 1)   (2, 6)   (0, 5)
job_11   (2, 1)   (1, 6)   (0, 6)  (1, 10)   (1, 7)   (2, 7)   (2, 6)  (0, 10)
job_12  (1, 10)   (0, 3)   (0, 4)   (0, 2)   (0, 5)   (1, 2)   (1, 7)   (0, 1)
job_13   (0, 3)  (2, 10)   (0, 7)  (2, 10)   (1, 9)   (0, 6)   (1, 8)   (1, 5)
job_14   (1, 7)   (2, 9)   (2, 3)   (1, 3)   (0, 6)   (0, 9)   (2, 7)   (0, 1)
job_15  (1, 10)   (2, 4)   (0, 4)   (1, 8)  (0, 10)   (1, 8)   (1, 5)   (2, 3)
job_16  (2, 10)  (2, 10)   (0, 8)   (1, 8)   (1, 4)   (1, 4)   (0, 6)   (1, 3)
job_17   (1, 2)   (0, 3)   (1, 7)   (0, 6)   (1, 8)   (1, 5)   (1, 8)   (2, 6)
job_18   (2, 2)   (1, 2)  (0, 10)   (1, 4)   (0, 6)   (0, 2)   (2, 4)   (0, 3)


Solution:
Machine 0: job_13_task_0  job_3_task_0   job_9_task_0   job_11_task_2  job_13_task_2  job_17_task_1  job_4_task_1   job_17_task_3  job_16_task_2  job_15_task_2  job_10_task_1  job_4_task_3   job_1_task_3   job_2_task_3   job_2_task_4   job_7_task_2   job_2_task_5   job_15_task_4  job_18_task_2  job_12_task_1  job_12_task_2  job_6_task_5   job_10_task_3  job_12_task_3  job_12_task_4  job_3_task_4   job_8_task_3   job_6_task_6   job_1_task_5   job_13_task_5  job_3_task_6   job_14_task_4  job_14_task_5  job_9_task_6   job_18_task_4  job_8_task_6   job_11_task_7  job_9_task_7   job_18_task_5  job_3_task_7   job_10_task_7  job_2_task_7   job_16_task_6  job_7_task_6   job_18_task_7  job_14_task_7  job_12_task_7  
           [0,3]          [3,9]          [9,14]         [16,22]        [22,29]        [31,34]        [35,40]        [60,66]        [69,77]        [77,81]        [81,88]        [88,98]        [105,113]      [115,122]      [122,126]      [126,129]      [129,138]      [138,148]      [148,158]      [158,161]      [161,165]      [165,172]      [172,177]      [177,179]      [179,184]      [184,185]      [185,188]      [188,192]      [192,200]      [200,206]      [206,214]      [214,220]      [220,229]      [229,233]      [233,239]      [239,242]      [242,252]      [252,262]      [262,264]      [264,270]      [270,275]      [275,280]      [280,286]      [286,290]      [290,293]      [293,294]      [330,331]      
Machine 1: job_15_task_0  job_11_task_1  job_2_task_0   job_2_task_1   job_17_task_0  job_14_task_0  job_5_task_0   job_6_task_0   job_17_task_2  job_8_task_0   job_11_task_3  job_4_task_2   job_5_task_1   job_0_task_2   job_1_task_2   job_2_task_2   job_9_task_1   job_6_task_1   job_15_task_3  job_12_task_0  job_9_task_2   job_18_task_1  job_0_task_3   job_6_task_3   job_11_task_4  job_10_task_2  job_3_task_3   job_8_task_2   job_9_task_3   job_13_task_4  job_17_task_4  job_14_task_3  job_16_task_3  job_9_task_4   job_7_task_3   job_8_task_4   job_18_task_3  job_17_task_5  job_7_task_4   job_4_task_5   job_16_task_4  job_0_task_5   job_15_task_5  job_17_task_6  job_16_task_5  job_7_task_5   job_13_task_6  job_5_task_6   job_12_task_5  job_8_task_7   job_6_task_7   job_15_task_6  job_12_task_6  job_0_task_7   job_1_task_6   job_13_task_7  job_1_task_7   job_16_task_7  
           [0,10]         [10,16]        [16,19]        [19,29]        [29,31]        [31,38]        [38,44]        [44,53]        [53,60]        [60,67]        [67,77]        [77,82]        [82,88]        [88,95]        [95,105]       [105,115]      [115,118]      [118,122]      [122,130]      [130,140]      [140,144]      [144,146]      [146,154]      [154,156]      [156,163]      [163,170]      [170,180]      [180,185]      [185,191]      [191,200]      [200,208]      [208,211]      [211,219]      [219,222]      [222,226]      [226,229]      [229,233]      [233,238]      [238,243]      [243,246]      [246,250]      [250,260]      [260,268]      [268,276]      [276,280]      [280,286]      [286,294]      [294,296]      [296,298]      [298,308]      [308,318]      [318,323]      [323,330]      [330,336]      [336,337]      [337,342]      [342,346]      [346,349]      
Machine 2: job_11_task_0  job_0_task_0   job_13_task_1  job_16_task_0  job_4_task_0   job_1_task_0   job_0_task_1   job_3_task_1   job_16_task_1  job_1_task_1   job_15_task_1  job_10_task_0  job_14_task_1  job_13_task_3  job_7_task_0   job_3_task_2   job_18_task_0  job_8_task_1   job_5_task_2   job_7_task_1   job_6_task_2   job_5_task_3   job_14_task_2  job_4_task_4   job_5_task_4   job_1_task_4   job_5_task_5   job_6_task_4   job_0_task_4   job_11_task_5  job_10_task_4  job_11_task_6  job_3_task_5   job_10_task_5  job_10_task_6  job_2_task_6   job_9_task_5   job_8_task_5   job_14_task_6  job_4_task_6   job_4_task_7   job_0_task_6   job_18_task_6  job_17_task_7  job_7_task_7   job_5_task_7   job_15_task_7  
           [0,1]          [1,8]          [8,18]         [18,28]        [28,35]        [35,41]        [41,49]        [49,59]        [59,69]        [69,73]        [73,77]        [77,78]        [78,87]        [87,97]        [97,102]       [102,108]      [108,110]      [110,115]      [115,117]      [117,123]      [123,124]      [124,133]      [133,136]      [136,142]      [142,143]      [143,150]      [150,158]      [158,165]      [165,171]      [171,178]      [178,184]      [184,190]      [190,195]      [195,196]      [196,202]      [202,204]      [222,227]      [229,233]      [233,240]      [246,256]      [256,260]      [260,261]      [264,268]      [276,282]      [290,293]      [296,306]      [323,326]      
Optimal Schedule Length: 349.0
Total (Unoptimized Schedule Length): 868
Statistics
  - conflicts: 1
  - branches : 153
  - wall time: 0.047056311s