
Problem
         task_0   task_1  task_2   task_3   task_4   task_5   task_6  task_7   task_8   task_9  task_10  task_11
job_0    (2, 6)   (1, 5)  (3, 9)   (0, 5)   (2, 3)   (1, 7)   (1, 2)  (2, 9)   (0, 4)   (1, 3)   (0, 8)   (0, 5)
job_1    (2, 7)   (1, 8)  (1, 5)   (3, 6)  (2, 10)   (0, 4)   (2, 2)  (1, 2)   (3, 7)  (1, 10)   (1, 5)   (3, 3)
job_2    (3, 3)   (3, 3)  (2, 4)  (3, 10)   (1, 4)   (1, 6)   (2, 8)  (2, 7)   (1, 1)   (3, 3)   (2, 2)   (0, 4)
job_3    (1, 6)   (1, 5)  (0, 6)   (1, 7)   (1, 4)   (2, 7)   (1, 9)  (1, 8)   (1, 6)   (0, 6)   (2, 7)   (3, 1)
job_4    (2, 7)   (2, 5)  (1, 8)   (2, 2)  (1, 10)   (0, 8)   (3, 1)  (0, 6)   (1, 6)   (2, 8)   (1, 2)   (2, 9)
job_5    (0, 6)   (3, 7)  (1, 5)   (2, 3)   (0, 6)   (2, 1)   (1, 7)  (3, 5)   (0, 1)   (2, 4)   (1, 2)   (0, 2)
job_6    (2, 2)   (2, 8)  (2, 5)   (1, 5)   (2, 9)   (2, 5)  (3, 10)  (3, 1)   (2, 7)   (1, 6)   (3, 8)   (0, 3)
job_7    (3, 1)  (0, 10)  (2, 5)   (0, 7)   (3, 5)   (1, 1)   (2, 9)  (0, 7)   (2, 2)  (3, 10)   (0, 2)  (3, 10)
job_8    (2, 6)   (3, 1)  (0, 8)   (1, 7)   (3, 9)   (2, 8)   (2, 1)  (3, 4)   (3, 8)   (0, 6)   (2, 4)   (2, 6)
job_9    (0, 8)   (2, 1)  (2, 7)   (2, 2)  (0, 10)  (0, 10)   (1, 9)  (2, 5)   (0, 8)   (2, 2)   (2, 6)   (2, 2)
job_10   (3, 3)   (3, 4)  (0, 6)   (0, 6)   (3, 9)   (2, 1)   (2, 6)  (0, 3)  (3, 10)   (0, 9)  (2, 10)   (0, 6)
job_11   (0, 5)   (3, 9)  (3, 4)   (2, 1)   (1, 7)  (2, 10)   (0, 7)  (3, 6)   (2, 1)   (1, 3)   (0, 1)   (3, 8)
job_12   (3, 2)  (2, 10)  (2, 2)   (0, 5)  (0, 10)   (2, 3)   (3, 8)  (3, 4)   (0, 9)   (2, 1)   (2, 1)   (1, 2)
job_13   (3, 9)   (3, 9)  (1, 9)   (2, 4)   (2, 2)   (0, 3)   (2, 5)  (0, 6)  (1, 10)   (1, 9)   (2, 9)   (0, 2)
job_14   (1, 9)   (2, 6)  (2, 8)   (3, 9)   (1, 5)   (1, 4)   (0, 1)  (3, 7)  (2, 10)   (1, 1)  (3, 10)   (1, 4)
job_15   (0, 8)   (1, 9)  (2, 4)   (0, 6)   (1, 9)   (0, 4)   (0, 8)  (0, 8)   (0, 1)   (1, 9)   (3, 3)   (2, 7)
job_16  (3, 10)   (1, 5)  (1, 3)   (3, 7)   (1, 3)   (0, 7)   (0, 4)  (1, 4)   (0, 3)   (1, 6)  (1, 10)   (2, 8)
job_17   (3, 1)   (3, 7)  (0, 6)   (2, 8)   (3, 7)   (3, 4)   (0, 1)  (3, 7)   (2, 7)   (3, 9)   (3, 9)   (2, 6)
job_18   (3, 5)   (3, 5)  (0, 5)  (0, 10)   (3, 9)   (2, 2)   (2, 4)  (2, 4)   (0, 3)   (0, 5)   (0, 7)   (3, 8)
job_19  (1, 10)   (2, 5)  (2, 7)   (2, 8)   (2, 2)   (1, 2)  (2, 10)  (0, 4)   (3, 1)   (1, 2)   (1, 7)   (0, 2)


Solution:
Machine 0: job_15_task_0  job_9_task_0   job_11_task_0  job_17_task_2  job_10_task_2  job_3_task_2   job_7_task_1   job_10_task_3  job_8_task_2   job_18_task_2  job_15_task_3  job_18_task_3  job_7_task_3   job_5_task_0   job_9_task_4   job_0_task_3   job_9_task_5   job_15_task_5  job_13_task_5  job_12_task_3  job_16_task_5  job_4_task_5   job_10_task_7  job_17_task_6  job_12_task_4  job_15_task_6  job_13_task_7  job_16_task_6  job_14_task_6  job_1_task_5   job_7_task_7   job_15_task_7  job_4_task_7   job_16_task_8  job_5_task_4   job_11_task_6  job_10_task_9  job_15_task_8  job_3_task_9   job_0_task_8   job_18_task_8  job_18_task_9  job_18_task_10 job_19_task_7  job_8_task_9   job_12_task_8  job_0_task_10  job_9_task_8   job_7_task_10  job_0_task_11  job_5_task_8   job_10_task_11 job_11_task_10 job_6_task_11  job_19_task_11 job_13_task_11 job_5_task_11  job_2_task_11  
           [0,8]          [8,16]         [16,21]        [21,27]        [27,33]        [33,39]        [39,49]        [49,55]        [55,63]        [63,68]        [68,74]        [74,84]        [84,91]        [91,97]        [97,107]       [107,112]      [112,122]      [122,126]      [126,129]      [129,134]      [134,141]      [141,149]      [149,152]      [152,153]      [153,163]      [163,171]      [171,177]      [177,181]      [181,182]      [182,186]      [186,193]      [193,201]      [201,207]      [207,210]      [210,216]      [216,223]      [223,232]      [232,233]      [233,239]      [239,243]      [243,246]      [246,251]      [251,258]      [258,262]      [262,268]      [268,277]      [277,285]      [285,293]      [293,295]      [295,300]      [301,302]      [310,316]      [316,317]      [317,320]      [320,322]      [322,324]      [341,343]      [369,373]      
Machine 1: job_14_task_0  job_3_task_0   job_15_task_1  job_3_task_1   job_1_task_1   job_16_task_1  job_0_task_1   job_4_task_2   job_19_task_0  job_13_task_2  job_16_task_2  job_3_task_3   job_1_task_2   job_6_task_3   job_8_task_3   job_4_task_4   job_15_task_4  job_3_task_4   job_16_task_4  job_14_task_4  job_7_task_5   job_14_task_5  job_11_task_4  job_9_task_6   job_3_task_6   job_0_task_5   job_5_task_2   job_2_task_4   job_0_task_6   job_2_task_5   job_16_task_7  job_13_task_8  job_3_task_7   job_4_task_8   job_16_task_9  job_3_task_8   job_19_task_5  job_1_task_7   job_13_task_9  job_15_task_9  job_16_task_10 job_1_task_9   job_0_task_9   job_14_task_9  job_1_task_10  job_6_task_9   job_5_task_6   job_4_task_10  job_14_task_11 job_2_task_8   job_19_task_9  job_19_task_10 job_11_task_9  job_5_task_10  job_12_task_11 
           [0,9]          [9,15]         [15,24]        [24,29]        [29,37]        [37,42]        [42,47]        [47,55]        [55,65]        [65,74]        [74,77]        [77,84]        [84,89]        [89,94]        [94,101]       [101,111]      [111,120]      [120,124]      [124,127]      [127,132]      [132,133]      [133,137]      [137,144]      [144,153]      [153,162]      [162,169]      [169,174]      [174,178]      [178,180]      [180,186]      [186,190]      [190,200]      [200,208]      [208,214]      [214,220]      [220,226]      [226,228]      [228,230]      [230,239]      [239,248]      [248,258]      [258,268]      [268,271]      [271,272]      [272,277]      [279,285]      [285,292]      [293,295]      [296,300]      [300,301]      [302,304]      [304,311]      [311,314]      [339,341]      [383,385]      
Machine 2: job_4_task_0   job_6_task_0   job_1_task_0   job_8_task_0   job_6_task_1   job_0_task_0   job_4_task_1   job_14_task_1  job_9_task_1   job_9_task_2   job_15_task_2  job_6_task_2   job_14_task_2  job_7_task_2   job_17_task_3  job_12_task_1  job_9_task_3   job_4_task_3   job_13_task_3  job_19_task_1  job_2_task_2   job_6_task_4   job_13_task_4  job_10_task_5  job_12_task_2  job_19_task_2  job_11_task_3  job_10_task_6  job_3_task_5   job_1_task_4   job_0_task_4   job_13_task_6  job_6_task_5   job_7_task_6   job_19_task_3  job_8_task_5   job_11_task_5  job_18_task_5  job_5_task_3   job_18_task_6  job_17_task_8  job_19_task_4  job_8_task_6   job_1_task_6   job_0_task_7   job_12_task_5  job_18_task_7  job_19_task_6  job_2_task_6   job_14_task_8  job_7_task_8   job_6_task_8   job_9_task_7   job_5_task_5   job_4_task_9   job_2_task_7   job_10_task_10 job_11_task_8  job_13_task_10 job_9_task_9   job_8_task_10  job_4_task_11  job_5_task_9   job_9_task_10  job_3_task_10  job_16_task_11 job_15_task_11 job_2_task_10  job_17_task_11 job_8_task_11  job_12_task_9  job_12_task_10 job_9_task_11  
           [0,7]          [7,9]          [9,16]         [16,22]        [22,30]        [30,36]        [36,41]        [41,47]        [47,48]        [48,55]        [55,59]        [59,64]        [64,72]        [72,77]        [77,85]        [85,95]        [95,97]        [97,99]        [99,103]       [103,108]      [108,112]      [112,121]      [121,123]      [123,124]      [124,126]      [126,133]      [133,134]      [134,140]      [140,147]      [147,157]      [157,160]      [160,165]      [165,170]      [170,179]      [179,187]      [187,195]      [195,205]      [205,207]      [207,210]      [210,214]      [214,221]      [221,223]      [223,224]      [224,226]      [226,235]      [235,238]      [238,242]      [242,252]      [252,260]      [260,270]      [270,272]      [272,279]      [279,284]      [284,285]      [285,293]      [293,300]      [300,310]      [310,311]      [311,320]      [320,322]      [322,326]      [326,335]      [335,339]      [339,345]      [345,352]      [352,360]      [360,367]      [367,369]      [369,375]      [375,381]      [381,382]      [382,383]      [383,385]      
Machine 3: job_13_task_0  job_10_task_0  job_17_task_0  job_17_task_1  job_10_task_1  job_16_task_0  job_7_task_0   job_13_task_1  job_18_task_0  job_8_task_1   job_18_task_1  job_12_task_0  job_11_task_1  job_2_task_0   job_0_task_2   job_10_task_4  job_2_task_1   job_16_task_3  job_14_task_3  job_17_task_4  job_1_task_3   job_11_task_2  job_7_task_4   job_8_task_4   job_2_task_3   job_17_task_5  job_5_task_1   job_18_task_4  job_17_task_7  job_6_task_6   job_10_task_8  job_4_task_6   job_14_task_7  job_6_task_7   job_17_task_9  job_8_task_7   job_1_task_8   job_12_task_6  job_8_task_8   job_11_task_7  job_12_task_7  job_17_task_10 job_7_task_9   job_14_task_10 job_5_task_7   job_19_task_8  job_6_task_10  job_15_task_10 job_7_task_11  job_2_task_9   job_11_task_11 job_18_task_11 job_1_task_11  job_3_task_11  
           [0,9]          [9,12]         [12,13]        [13,20]        [20,24]        [24,34]        [34,35]        [35,44]        [44,49]        [49,50]        [50,55]        [55,57]        [57,66]        [66,69]        [69,78]        [78,87]        [87,90]        [90,97]        [97,106]       [106,113]      [113,119]      [119,123]      [123,128]      [128,137]      [137,147]      [147,151]      [151,158]      [158,167]      [167,174]      [174,184]      [184,194]      [194,195]      [195,202]      [202,203]      [221,230]      [230,234]      [234,241]      [241,249]      [249,257]      [257,263]      [263,267]      [267,276]      [276,286]      [286,296]      [296,301]      [301,302]      [302,310]      [310,313]      [313,323]      [323,326]      [326,334]      [334,342]      [342,345]      [352,353]      
Optimal Schedule Length: 385.0
Total (Unoptimized Schedule Length): 1347
Statistics
  - conflicts: 0
  - branches : 140
  - wall time: 0.146010298s