
Problem
         task_0  task_1   task_2  task_3   task_4   task_5   task_6   task_7   task_8   task_9 task_10 task_11  task_12 task_13  task_14  task_15  task_16  task_17
job_0    (0, 5)  (0, 2)   (1, 8)  (1, 7)   (0, 7)   (0, 6)   (0, 1)   (1, 5)   (3, 7)   (0, 7)  (3, 6)  (0, 6)   (1, 8)  (0, 1)   (1, 4)  (0, 10)   (3, 9)   (0, 5)
job_1    (1, 9)  (3, 6)   (1, 4)  (3, 8)   (1, 8)  (3, 10)   (0, 4)  (1, 10)  (1, 10)   (3, 1)  (2, 9)  (2, 5)  (0, 10)  (2, 2)  (0, 10)   (3, 9)   (0, 5)   (3, 7)
job_2    (2, 9)  (1, 6)  (1, 10)  (1, 3)   (1, 4)   (2, 5)   (2, 1)   (0, 3)   (1, 3)  (1, 10)  (2, 3)  (2, 2)   (0, 6)  (2, 8)  (0, 10)   (2, 1)   (1, 3)   (3, 6)
job_3    (0, 4)  (2, 9)   (0, 4)  (1, 9)   (3, 1)  (1, 10)   (1, 4)   (1, 7)   (1, 8)   (0, 4)  (0, 5)  (2, 2)   (0, 7)  (2, 1)   (2, 3)   (3, 9)   (2, 9)   (3, 1)
job_4    (0, 1)  (2, 9)   (1, 7)  (3, 9)   (1, 7)   (3, 2)   (2, 1)  (0, 10)   (0, 6)   (0, 9)  (3, 7)  (0, 1)   (2, 1)  (0, 5)   (3, 3)   (0, 3)   (3, 2)   (2, 2)
job_5    (2, 6)  (2, 9)   (1, 4)  (0, 7)   (1, 9)   (0, 9)   (1, 5)   (1, 1)   (0, 4)   (0, 8)  (2, 2)  (2, 8)   (3, 9)  (2, 3)   (2, 3)   (2, 1)   (3, 1)   (0, 1)
job_6    (2, 4)  (1, 7)   (0, 3)  (3, 5)  (2, 10)   (2, 8)  (1, 10)   (0, 4)   (1, 3)   (3, 3)  (3, 3)  (2, 6)   (2, 1)  (0, 5)   (1, 1)   (2, 2)   (0, 7)   (2, 4)
job_7    (2, 1)  (1, 8)   (3, 2)  (2, 3)   (0, 8)   (0, 1)   (0, 9)   (0, 2)   (3, 8)   (2, 9)  (0, 1)  (2, 8)   (2, 9)  (2, 8)   (2, 1)   (0, 5)   (1, 9)  (1, 10)
job_8    (2, 7)  (1, 5)   (0, 8)  (0, 9)   (0, 6)   (0, 9)   (0, 4)   (3, 8)   (0, 8)   (1, 8)  (0, 1)  (3, 8)  (0, 10)  (0, 9)   (2, 7)   (3, 4)   (0, 7)   (1, 4)
job_9    (2, 2)  (1, 7)  (0, 10)  (2, 3)   (3, 1)   (0, 9)   (2, 4)   (1, 7)  (3, 10)   (0, 9)  (3, 5)  (2, 1)   (2, 3)  (1, 9)   (2, 7)   (0, 8)   (2, 4)   (1, 5)
job_10   (2, 8)  (3, 6)   (2, 3)  (1, 2)   (0, 5)   (1, 4)   (0, 8)   (1, 7)   (3, 8)   (0, 1)  (1, 4)  (3, 1)   (2, 7)  (3, 2)   (2, 6)   (3, 4)   (2, 8)   (3, 5)
job_11   (0, 9)  (3, 1)   (1, 4)  (1, 5)   (1, 5)   (1, 6)   (3, 4)  (0, 10)  (1, 10)   (3, 5)  (3, 9)  (0, 2)   (2, 4)  (3, 2)   (0, 1)  (1, 10)   (3, 4)  (1, 10)
job_12   (1, 1)  (2, 7)   (3, 2)  (1, 5)   (2, 3)   (3, 9)   (3, 9)   (3, 7)   (3, 3)   (0, 8)  (1, 5)  (2, 4)   (1, 9)  (3, 4)   (2, 6)   (1, 5)   (0, 2)   (3, 6)
job_13  (3, 10)  (2, 4)   (2, 4)  (1, 1)   (3, 6)   (0, 9)   (1, 5)   (1, 9)   (2, 7)  (1, 10)  (2, 8)  (1, 2)  (2, 10)  (2, 8)   (1, 1)   (3, 7)   (0, 8)   (3, 1)
job_14   (1, 2)  (0, 1)   (3, 5)  (3, 2)   (0, 6)   (0, 7)   (3, 3)   (3, 6)   (1, 4)   (0, 8)  (3, 6)  (3, 8)  (2, 10)  (2, 7)  (0, 10)   (0, 5)   (2, 4)   (3, 7)
job_15   (0, 4)  (0, 5)   (3, 1)  (0, 4)   (3, 7)   (0, 7)   (0, 3)   (1, 5)   (1, 4)   (1, 9)  (0, 6)  (3, 3)   (3, 9)  (3, 6)   (2, 8)  (0, 10)   (2, 4)   (2, 7)
job_16   (2, 7)  (1, 3)   (2, 1)  (2, 5)   (1, 5)  (3, 10)  (0, 10)   (1, 1)  (2, 10)   (0, 6)  (0, 8)  (0, 9)   (3, 3)  (3, 7)   (1, 5)   (2, 5)  (0, 10)   (2, 7)


Solution:
Machine 0: job_0_task_0   job_15_task_0  job_11_task_0  job_8_task_2   job_8_task_3   job_14_task_1  job_0_task_1   job_15_task_1  job_3_task_0   job_9_task_2   job_8_task_4   job_15_task_3  job_14_task_4  job_7_task_4   job_8_task_5   job_4_task_0   job_14_task_5  job_13_task_5  job_3_task_2   job_1_task_6   job_0_task_4   job_16_task_6  job_15_task_5  job_9_task_5   job_7_task_5   job_8_task_6   job_7_task_6   job_6_task_2   job_0_task_5   job_15_task_6  job_5_task_3   job_7_task_7   job_10_task_4  job_0_task_6   job_8_task_8   job_11_task_7  job_14_task_9  job_16_task_9  job_10_task_6  job_0_task_9   job_2_task_7   job_16_task_10 job_5_task_5   job_15_task_10 job_7_task_10  job_8_task_10  job_9_task_9   job_4_task_7   job_12_task_9  job_16_task_11 job_1_task_12  job_0_task_11  job_8_task_12  job_3_task_9   job_6_task_7   job_5_task_8   job_4_task_8   job_10_task_9  job_3_task_10  job_5_task_9   job_2_task_12  job_4_task_9   job_11_task_11 job_8_task_13  job_1_task_14  job_3_task_12  job_0_task_13  job_14_task_14 job_11_task_14 job_7_task_15  job_0_task_15  job_15_task_15 job_6_task_13  job_2_task_14  job_4_task_11  job_16_task_16 job_9_task_15  job_14_task_15 job_4_task_13  job_1_task_16  job_8_task_16  job_6_task_16  job_13_task_16 job_4_task_15  job_12_task_16 job_0_task_17  job_5_task_17  
           [0,5]          [5,9]          [9,18]         [18,26]        [26,35]        [35,36]        [36,38]        [38,43]        [43,47]        [47,57]        [57,63]        [63,67]        [67,73]        [73,81]        [81,90]        [90,91]        [91,98]        [98,107]       [107,111]      [111,115]      [115,122]      [122,132]      [132,139]      [139,148]      [148,149]      [149,153]      [153,162]      [162,165]      [165,171]      [171,174]      [174,181]      [181,183]      [183,188]      [188,189]      [189,197]      [197,207]      [207,215]      [215,221]      [221,229]      [229,236]      [236,239]      [239,247]      [247,256]      [256,262]      [262,263]      [263,264]      [264,273]      [273,283]      [283,291]      [291,300]      [300,310]      [310,316]      [316,326]      [326,330]      [330,334]      [334,338]      [338,344]      [344,345]      [345,350]      [350,358]      [358,364]      [364,373]      [373,375]      [375,384]      [384,394]      [394,401]      [401,402]      [402,412]      [412,413]      [413,418]      [418,428]      [428,438]      [438,443]      [443,453]      [453,454]      [454,464]      [464,472]      [472,477]      [477,482]      [482,487]      [487,494]      [494,501]      [501,509]      [509,512]      [512,514]      [514,519]      [519,520]      
Machine 1: job_1_task_0   job_8_task_1   job_16_task_1  job_1_task_2   job_9_task_1   job_14_task_0  job_7_task_1   job_1_task_4   job_16_task_4  job_0_task_2   job_12_task_0  job_13_task_3  job_11_task_2  job_0_task_3   job_11_task_3  job_2_task_1   job_12_task_3  job_6_task_1   job_11_task_4  job_2_task_2   job_11_task_5  job_3_task_3   job_1_task_7   job_13_task_6  job_4_task_2   job_5_task_2   job_16_task_7  job_10_task_3  job_13_task_7  job_3_task_5   job_14_task_8  job_15_task_7  job_1_task_8   job_2_task_3   job_0_task_7   job_9_task_7   job_15_task_8  job_2_task_4   job_10_task_5  job_5_task_4   job_15_task_9  job_3_task_6   job_4_task_4   job_8_task_9   job_11_task_8  job_3_task_7   job_13_task_9  job_10_task_7  job_2_task_8   job_6_task_6   job_3_task_8   job_2_task_9   job_5_task_6   job_5_task_7   job_12_task_10 job_13_task_11 job_0_task_12  job_6_task_8   job_10_task_10 job_9_task_13  job_12_task_12 job_16_task_14 job_13_task_14 job_0_task_14  job_11_task_15 job_7_task_16  job_12_task_15 job_7_task_17  job_6_task_14  job_11_task_17 job_2_task_16  job_9_task_17  job_8_task_17  
           [0,9]          [9,14]         [14,17]        [17,21]        [21,28]        [28,30]        [30,38]        [38,46]        [46,51]        [51,59]        [59,60]        [60,61]        [61,65]        [65,72]        [72,77]        [77,83]        [83,88]        [88,95]        [95,100]       [100,110]      [110,116]      [116,125]      [125,135]      [135,140]      [140,147]      [147,151]      [151,152]      [152,154]      [154,163]      [163,173]      [173,177]      [177,182]      [182,192]      [192,195]      [195,200]      [200,207]      [207,211]      [211,215]      [215,219]      [219,228]      [228,237]      [237,241]      [241,248]      [248,256]      [256,266]      [266,273]      [273,283]      [283,290]      [290,293]      [293,303]      [303,311]      [311,321]      [321,326]      [326,327]      [327,332]      [332,334]      [334,342]      [342,345]      [345,349]      [349,358]      [358,367]      [367,372]      [372,373]      [402,406]      [413,423]      [423,432]      [432,437]      [437,447]      [447,448]      [448,458]      [458,461]      [476,481]      [494,498]      
Machine 2: job_8_task_0   job_16_task_0  job_9_task_0   job_7_task_0   job_16_task_2  job_16_task_3  job_13_task_1  job_13_task_2  job_2_task_0   job_5_task_0   job_7_task_3   job_3_task_1   job_10_task_0  job_12_task_1  job_6_task_0   job_9_task_3   job_5_task_1   job_12_task_4  job_4_task_1   job_10_task_2  job_9_task_6   job_16_task_8  job_13_task_8  job_6_task_4   job_6_task_5   job_7_task_9   job_1_task_10  job_1_task_11  job_2_task_5   job_2_task_6   job_14_task_12 job_14_task_13 job_4_task_6   job_7_task_11  job_7_task_12  job_7_task_13  job_13_task_10 job_9_task_11  job_9_task_12  job_7_task_14  job_1_task_13  job_15_task_14 job_2_task_10  job_2_task_11  job_12_task_11 job_13_task_12 job_13_task_13 job_3_task_11  job_10_task_12 job_5_task_10  job_2_task_13  job_6_task_11  job_11_task_12 job_5_task_11  job_9_task_14  job_16_task_15 job_3_task_13  job_10_task_14 job_8_task_14  job_3_task_14  job_6_task_12  job_12_task_14 job_10_task_16 job_3_task_16  job_15_task_16 job_6_task_15  job_5_task_13  job_2_task_15  job_4_task_12  job_15_task_17 job_5_task_14  job_16_task_17 job_9_task_16  job_5_task_15  job_14_task_16 job_6_task_17  job_4_task_17  
           [0,7]          [7,14]         [14,16]        [16,17]        [17,18]        [18,23]        [23,27]        [27,31]        [31,40]        [40,46]        [46,49]        [49,58]        [58,66]        [66,73]        [73,77]        [77,80]        [80,89]        [89,92]        [92,101]       [101,104]      [148,152]      [152,162]      [163,170]      [170,180]      [180,188]      [191,200]      [200,209]      [209,214]      [215,220]      [220,221]      [231,241]      [241,248]      [250,251]      [263,271]      [271,280]      [280,288]      [288,296]      [296,297]      [297,300]      [300,301]      [310,312]      [318,326]      [326,329]      [329,331]      [332,336]      [336,346]      [346,354]      [354,356]      [356,363]      [363,365]      [365,373]      [373,379]      [379,383]      [383,391]      [391,398]      [398,403]      [403,404]      [404,410]      [410,417]      [417,420]      [420,421]      [421,427]      [427,435]      [435,444]      [444,448]      [448,450]      [450,453]      [453,454]      [454,455]      [455,462]      [462,465]      [465,472]      [472,476]      [476,477]      [477,481]      [501,505]      [514,516]      
Machine 3: job_13_task_0  job_1_task_1   job_11_task_1  job_1_task_3   job_14_task_2  job_7_task_2   job_15_task_2  job_14_task_3  job_1_task_5   job_16_task_5  job_13_task_4  job_15_task_4  job_12_task_2  job_9_task_4   job_10_task_1  job_12_task_5  job_14_task_6  job_14_task_7  job_12_task_6  job_11_task_6  job_12_task_7  job_3_task_4   job_12_task_8  job_4_task_3   job_8_task_7   job_6_task_3   job_7_task_8   job_1_task_9   job_0_task_8   job_9_task_8   job_14_task_10 job_14_task_11 job_0_task_10  job_4_task_5   job_15_task_11 job_8_task_11  job_11_task_9  job_15_task_12 job_9_task_10  job_10_task_8  job_11_task_10 job_16_task_12 job_15_task_13 job_16_task_13 job_6_task_9   job_6_task_10  job_10_task_11 job_10_task_13 job_12_task_13 job_4_task_10  job_13_task_15 job_11_task_13 job_5_task_12  job_1_task_15  job_10_task_15 job_8_task_15  job_3_task_15  job_11_task_16 job_0_task_16  job_10_task_17 job_3_task_17  job_2_task_17  job_5_task_16  job_14_task_17 job_4_task_14  job_1_task_17  job_13_task_17 job_4_task_16  job_12_task_17 
           [0,10]         [10,16]        [18,19]        [21,29]        [36,41]        [41,43]        [43,44]        [44,46]        [46,56]        [56,66]        [66,72]        [72,79]        [79,81]        [81,82]        [82,88]        [92,101]       [101,104]      [104,110]      [110,119]      [119,123]      [123,130]      [130,131]      [131,134]      [147,156]      [156,164]      [165,170]      [183,191]      [192,193]      [200,207]      [207,217]      [217,223]      [223,231]      [236,242]      [248,250]      [262,265]      [265,273]      [273,278]      [278,287]      [287,292]      [292,300]      [300,309]      [309,312]      [312,318]      [318,325]      [345,348]      [348,351]      [351,352]      [363,365]      [367,371]      [373,380]      [380,387]      [387,389]      [391,400]      [400,409]      [410,414]      [417,421]      [421,430]      [430,434]      [434,443]      [443,448]      [448,449]      [461,467]      [477,478]      [481,488]      [488,491]      [491,498]      [509,510]      [512,514]      [514,520]      
Optimal Schedule Length: 520.0
Total (Unoptimized Schedule Length): 1720
Statistics
  - conflicts: 0
  - branches : 65
  - wall time: 0.263774238s