
Problem
         task_0   task_1   task_2    task_3   task_4    task_5    task_6   task_7   task_8   task_9   task_10  task_11   task_12  task_13
job_0    (9, 6)  (9, 10)   (5, 3)    (2, 4)   (2, 7)   (8, 10)    (1, 6)   (3, 5)   (7, 9)   (6, 4)   (11, 3)   (0, 1)    (0, 7)   (4, 6)
job_1    (0, 2)   (6, 9)   (9, 9)   (8, 10)   (3, 6)    (6, 1)    (8, 6)   (9, 2)   (6, 4)  (11, 6)   (10, 2)  (10, 7)    (5, 7)   (1, 2)
job_2    (0, 4)   (5, 7)   (7, 7)   (10, 1)   (5, 9)    (6, 7)    (2, 4)  (10, 3)   (0, 3)   (9, 2)    (1, 4)  (11, 3)    (5, 4)   (4, 3)
job_3   (11, 9)   (7, 9)  (11, 9)    (4, 3)   (9, 7)    (9, 6)   (10, 5)   (3, 4)   (7, 1)   (8, 9)    (1, 1)   (4, 2)   (0, 10)   (6, 4)
job_4    (4, 1)   (0, 4)   (0, 1)   (8, 10)   (6, 7)    (2, 4)    (0, 8)   (7, 6)  (11, 8)   (0, 2)    (2, 6)  (10, 2)    (2, 4)  (8, 10)
job_5    (4, 1)  (10, 2)   (3, 5)    (6, 4)   (9, 3)    (3, 7)    (2, 2)  (1, 10)   (8, 1)   (9, 4)    (8, 6)   (4, 8)    (6, 5)   (2, 9)
job_6    (3, 5)   (2, 8)   (5, 8)    (5, 6)   (1, 8)    (6, 5)    (9, 8)  (11, 9)   (5, 2)   (8, 2)    (1, 2)  (10, 8)    (6, 1)   (4, 7)
job_7    (2, 3)   (5, 5)   (2, 4)    (3, 4)  (10, 4)    (1, 8)   (7, 10)   (6, 8)   (5, 9)   (6, 9)   (10, 3)   (3, 3)    (3, 3)   (4, 4)
job_8    (5, 1)   (3, 8)   (4, 9)    (3, 7)   (0, 2)    (3, 1)   (0, 10)   (6, 8)   (6, 1)   (0, 4)    (2, 7)   (4, 3)   (11, 2)   (8, 5)
job_9   (2, 10)   (0, 7)   (9, 3)   (11, 1)  (8, 10)    (3, 1)   (3, 10)  (11, 4)   (8, 1)   (5, 2)   (10, 7)   (7, 6)    (4, 2)   (8, 2)
job_10   (7, 5)   (5, 3)  (10, 5)    (1, 1)   (1, 5)   (10, 7)    (2, 8)   (0, 4)   (0, 1)   (0, 4)    (3, 4)   (3, 3)    (7, 6)   (3, 8)
job_11   (1, 4)  (10, 7)   (7, 6)   (1, 10)   (9, 3)    (2, 2)    (3, 8)   (2, 7)   (0, 4)   (5, 7)    (6, 5)   (0, 4)    (4, 2)   (9, 2)
job_12  (10, 9)  (6, 10)   (7, 4)  (11, 10)  (7, 10)    (3, 7)    (8, 9)   (3, 7)   (3, 9)   (2, 9)   (4, 10)   (1, 6)    (6, 7)  (11, 9)
job_13   (2, 1)   (0, 5)   (5, 8)    (1, 3)   (9, 4)    (4, 4)  (11, 10)   (0, 1)   (1, 6)   (1, 7)    (6, 9)   (5, 9)    (8, 7)   (8, 8)
job_14  (10, 2)   (0, 9)   (9, 4)   (11, 8)   (1, 8)    (0, 6)    (3, 1)   (2, 6)  (6, 10)   (3, 7)    (3, 4)   (2, 8)    (5, 5)  (10, 1)
job_15   (2, 4)   (7, 8)  (0, 10)    (6, 6)   (1, 7)    (1, 4)    (5, 5)   (1, 8)  (10, 3)   (8, 6)    (6, 6)   (0, 3)    (6, 1)  (1, 10)
job_16   (4, 9)   (9, 5)   (3, 2)   (10, 6)  (11, 3)    (2, 4)   (10, 6)   (7, 1)   (1, 6)   (9, 8)    (2, 4)   (1, 8)    (7, 4)   (6, 6)
job_17  (10, 7)  (4, 10)   (3, 3)    (1, 2)   (8, 8)  (10, 10)    (0, 6)   (5, 5)  (6, 10)   (4, 5)  (11, 10)   (9, 3)  (10, 10)   (4, 5)
job_18   (9, 8)  (6, 10)   (7, 1)    (6, 6)  (2, 10)    (0, 3)    (6, 6)   (2, 3)   (4, 8)   (6, 9)   (7, 10)   (0, 7)    (4, 4)  (10, 6)


Solution:
Machine 0: job_1_task_0   job_13_task_1  job_4_task_1   job_4_task_2   job_2_task_0   job_15_task_2  job_14_task_1  job_9_task_1   job_8_task_4   job_8_task_6   job_18_task_5  job_13_task_7  job_17_task_6  job_4_task_6   job_14_task_5  job_11_task_8  job_4_task_9   job_10_task_7  job_10_task_8  job_10_task_9  job_18_task_11 job_2_task_8   job_3_task_12  job_8_task_9   job_0_task_11  job_0_task_12  job_15_task_11 job_11_task_11 
           [0,2]          [2,7]          [7,11]         [11,12]        [12,16]        [16,26]        [26,35]        [35,42]        [42,44]        [45,55]        [55,58]        [58,59]        [59,65]        [65,73]        [74,80]        [87,91]        [91,93]        [95,99]        [99,100]       [100,104]      [111,118]      [123,126]      [139,149]      [149,153]      [153,154]      [154,161]      [161,164]      [164,168]      
Machine 1: job_11_task_0  job_13_task_3  job_7_task_5   job_17_task_3  job_11_task_3  job_6_task_4   job_15_task_4  job_14_task_4  job_10_task_3  job_10_task_4  job_15_task_5  job_13_task_8  job_5_task_7   job_0_task_6   job_13_task_9  job_15_task_7  job_16_task_8  job_12_task_11 job_6_task_10  job_3_task_10  job_2_task_10  job_16_task_11 job_1_task_13  job_15_task_13 
           [0,4]          [21,24]        [31,39]        [39,41]        [41,51]        [51,59]        [59,66]        [66,74]        [74,75]        [75,80]        [80,84]        [84,90]        [90,100]       [100,106]      [106,113]      [113,121]      [121,127]      [127,133]      [133,135]      [135,136]      [136,140]      [140,148]      [160,162]      [170,180]      
Machine 2: job_13_task_0  job_15_task_0  job_7_task_0   job_6_task_1   job_7_task_2   job_9_task_0   job_0_task_3   job_0_task_4   job_18_task_4  job_4_task_5   job_5_task_6   job_11_task_5  job_16_task_5  job_18_task_7  job_11_task_7  job_10_task_6  job_4_task_10  job_12_task_9  job_14_task_7  job_2_task_6   job_4_task_12  job_16_task_10 job_14_task_11 job_8_task_10  job_5_task_13  
           [0,1]          [1,5]          [5,8]          [8,16]         [16,20]        [20,30]        [32,36]        [36,43]        [43,53]        [53,57]        [57,59]        [62,64]        [66,70]        [70,73]        [80,87]        [87,95]        [95,101]       [101,110]      [110,116]      [116,120]      [120,124]      [136,140]      [149,157]      [157,164]      [169,178]      
Machine 3: job_6_task_0   job_8_task_1   job_7_task_3   job_8_task_3   job_5_task_2   job_17_task_2  job_16_task_2  job_8_task_5   job_5_task_5   job_12_task_5  job_1_task_4   job_11_task_6  job_12_task_7  job_12_task_8  job_14_task_6  job_9_task_5   job_9_task_6   job_0_task_7   job_3_task_7   job_10_task_10 job_10_task_11 job_10_task_13 job_14_task_9  job_14_task_10 job_7_task_11  job_7_task_12  
           [0,5]          [5,13]         [20,24]        [24,31]        [31,36]        [36,39]        [39,41]        [44,45]        [49,56]        [59,66]        [66,72]        [72,80]        [80,87]        [87,96]        [96,97]        [97,98]        [98,108]       [108,113]      [113,117]      [117,121]      [121,124]      [130,138]      [138,145]      [145,149]      [153,156]      [156,159]      
Machine 4: job_4_task_0   job_16_task_0  job_5_task_0   job_8_task_2   job_17_task_1  job_13_task_5  job_3_task_3   job_18_task_8  job_17_task_9  job_12_task_10 job_5_task_11  job_18_task_12 job_17_task_13 job_3_task_11  job_9_task_12  job_6_task_13  job_7_task_13  job_0_task_13  job_8_task_11  job_11_task_12 job_2_task_13  
           [0,1]          [1,10]         [10,11]        [13,22]        [22,32]        [32,36]        [36,39]        [73,81]        [92,97]        [110,120]      [120,128]      [128,132]      [132,137]      [137,139]      [141,143]      [152,159]      [159,163]      [163,169]      [169,172]      [172,174]      [174,177]      
Machine 5: job_8_task_0   job_10_task_1  job_7_task_1   job_13_task_2  job_6_task_2   job_0_task_2   job_6_task_3   job_2_task_1   job_7_task_8   job_17_task_7  job_2_task_4   job_15_task_6  job_11_task_9  job_6_task_8   job_9_task_9   job_13_task_11 job_2_task_12  job_1_task_12  job_14_task_12 
           [0,1]          [5,8]          [8,13]         [13,21]        [21,29]        [29,32]        [32,38]        [38,45]        [62,71]        [71,76]        [76,85]        [85,90]        [91,98]        [98,100]       [113,115]      [140,149]      [149,153]      [153,160]      [160,165]      
Machine 6: job_1_task_1   job_18_task_1  job_12_task_1  job_18_task_3  job_5_task_3   job_4_task_4   job_15_task_3  job_7_task_7   job_18_task_6  job_6_task_5   job_1_task_5   job_8_task_7   job_17_task_8  job_18_task_9  job_2_task_5   job_1_task_8   job_7_task_9   job_14_task_8  job_13_task_10 job_8_task_8   job_0_task_9   job_15_task_10 job_6_task_12  job_12_task_12 job_11_task_10 job_5_task_12  job_15_task_12 job_16_task_13 job_3_task_13  
           [2,11]         [11,21]        [21,31]        [31,37]        [37,41]        [41,48]        [48,54]        [54,62]        [62,68]        [68,73]        [73,74]        [74,82]        [82,92]        [92,101]       [101,108]      [108,112]      [112,121]      [121,131]      [131,140]      [140,141]      [141,145]      [145,151]      [151,152]      [152,159]      [159,164]      [164,169]      [169,170]      [170,176]      [176,180]      
Machine 7: job_10_task_0  job_15_task_1  job_3_task_1   job_18_task_2  job_11_task_2  job_12_task_2  job_7_task_6   job_12_task_4  job_2_task_2   job_4_task_7   job_16_task_7  job_18_task_10 job_0_task_8   job_3_task_8   job_10_task_12 job_9_task_11  job_16_task_12 
           [0,5]          [5,13]         [13,22]        [22,23]        [25,31]        [31,35]        [39,49]        [49,59]        [59,66]        [73,79]        [79,80]        [101,111]      [113,122]      [122,123]      [124,130]      [135,141]      [148,152]      
Machine 8: job_4_task_3   job_17_task_4  job_1_task_3   job_0_task_5   job_12_task_6  job_9_task_4   job_1_task_6   job_5_task_8   job_6_task_9   job_5_task_10  job_9_task_8   job_3_task_9   job_15_task_9  job_4_task_13  job_9_task_13  job_13_task_12 job_13_task_13 job_8_task_13  
           [12,22]        [41,49]        [49,59]        [59,69]        [69,78]        [78,88]        [88,94]        [100,101]      [101,103]      [105,111]      [112,113]      [123,132]      [132,138]      [138,148]      [148,150]      [150,157]      [157,165]      [174,179]      
Machine 9: job_18_task_0  job_0_task_0   job_0_task_1   job_13_task_4  job_16_task_1  job_1_task_2   job_14_task_2  job_5_task_4   job_9_task_2   job_3_task_4   job_11_task_4  job_3_task_5   job_6_task_6   job_1_task_7   job_5_task_9   job_17_task_11 job_2_task_9   job_16_task_9  job_11_task_13 
           [0,8]          [8,14]         [14,24]        [24,28]        [28,33]        [33,42]        [42,46]        [46,49]        [49,52]        [52,59]        [59,62]        [62,68]        [73,81]        [94,96]        [101,105]      [107,110]      [126,128]      [128,136]      [174,176]      
Machine 10: job_12_task_0  job_17_task_0  job_14_task_0  job_11_task_1  job_5_task_1   job_7_task_4   job_10_task_2  job_16_task_3  job_17_task_5  job_2_task_3   job_3_task_6   job_16_task_6  job_10_task_5  job_4_task_11  job_17_task_12 job_2_task_7   job_15_task_8  job_1_task_10  job_9_task_10  job_6_task_11  job_1_task_11  job_7_task_10  job_18_task_13 job_14_task_13 
           [0,9]          [9,16]         [16,18]        [18,25]        [25,27]        [27,31]        [31,36]        [41,47]        [49,59]        [66,67]        [68,73]        [73,79]        [80,87]        [101,103]      [110,120]      [120,123]      [123,126]      [126,128]      [128,135]      [135,143]      [143,150]      [150,153]      [153,159]      [165,166]      
Machine 11: job_3_task_0   job_3_task_2   job_12_task_3  job_13_task_6  job_14_task_3  job_16_task_4  job_9_task_3   job_4_task_8   job_6_task_7   job_17_task_10 job_9_task_7   job_1_task_9   job_2_task_11  job_0_task_10  job_12_task_13 job_8_task_12  
           [0,9]          [22,31]        [35,45]        [45,55]        [55,63]        [63,66]        [66,67]        [79,87]        [87,96]        [97,107]       [108,112]      [112,118]      [140,143]      [145,148]      [159,168]      [172,174]      
Optimal Schedule Length: 180.0
Total (Unoptimized Schedule Length): 1474
Statistics
  - conflicts: 0
  - branches : 0
  - wall time: 0.102176841s