
Problem
         task_0   task_1   task_2   task_3   task_4   task_5   task_6    task_7   task_8   task_9   task_10  task_11  task_12  task_13  task_14  task_15  task_16
job_0    (0, 1)   (8, 5)   (3, 8)   (4, 4)   (9, 7)   (8, 9)   (3, 3)    (4, 4)  (10, 5)   (4, 6)    (3, 5)   (6, 9)   (4, 3)  (1, 10)   (8, 3)   (2, 3)   (9, 9)
job_1    (2, 6)   (4, 2)   (7, 9)  (11, 7)   (6, 4)   (7, 9)  (10, 7)   (10, 7)   (4, 3)   (4, 6)    (1, 8)  (2, 10)   (6, 4)   (2, 6)  (8, 10)   (2, 1)   (1, 4)
job_2    (9, 6)  (10, 6)  (10, 6)   (9, 3)   (7, 4)   (9, 6)   (9, 9)   (10, 8)   (6, 6)   (9, 7)    (3, 7)   (6, 4)   (3, 9)   (3, 1)   (7, 9)   (7, 3)  (11, 6)
job_3    (0, 5)  (11, 5)  (10, 5)   (1, 7)   (1, 2)   (1, 8)   (5, 6)    (7, 4)  (10, 9)   (2, 5)    (4, 6)   (1, 8)   (6, 2)  (1, 10)   (6, 4)  (7, 10)   (7, 6)
job_4    (3, 7)   (6, 5)   (0, 6)  (10, 5)   (2, 4)   (5, 6)  (11, 6)    (7, 5)   (7, 4)   (2, 2)   (11, 9)   (4, 1)   (8, 1)   (0, 9)   (5, 2)  (9, 10)  (9, 10)
job_5    (3, 1)  (10, 7)   (5, 7)   (3, 5)  (11, 7)  (11, 5)  (9, 10)   (0, 10)  (10, 8)   (3, 2)    (0, 3)  (11, 3)  (11, 3)   (3, 5)  (11, 4)   (9, 1)   (5, 7)
job_6   (11, 6)   (3, 5)  (10, 4)   (2, 3)   (9, 5)   (6, 9)   (4, 5)    (8, 7)   (6, 1)  (7, 10)   (8, 10)   (0, 9)  (10, 5)  (10, 9)   (6, 8)   (6, 8)   (3, 3)
job_7    (5, 4)   (5, 3)   (7, 9)   (9, 5)   (0, 8)  (3, 10)   (9, 7)    (9, 6)  (8, 10)   (1, 2)    (0, 2)   (6, 6)   (5, 9)  (4, 10)   (9, 2)  (0, 10)  (10, 7)
job_8    (1, 2)   (4, 5)   (2, 7)   (8, 7)   (5, 4)  (11, 9)   (4, 8)   (2, 10)   (5, 8)   (0, 6)   (11, 7)   (7, 1)   (3, 6)   (2, 3)   (7, 5)   (0, 3)   (8, 1)
job_9    (3, 7)   (2, 1)  (11, 5)   (7, 6)   (7, 5)   (5, 7)  (1, 10)    (5, 8)   (3, 8)   (7, 7)    (1, 5)   (6, 8)   (6, 8)   (5, 3)  (11, 8)   (2, 3)  (8, 10)
job_10   (3, 8)   (1, 5)  (11, 2)   (7, 9)   (7, 1)  (11, 9)   (5, 7)    (0, 5)   (4, 9)   (6, 9)    (1, 7)   (1, 3)  (11, 7)   (3, 5)   (7, 9)   (8, 4)  (10, 3)
job_11   (1, 5)   (1, 9)  (10, 1)   (4, 4)  (11, 8)   (8, 8)  (11, 2)    (6, 6)  (4, 10)  (9, 10)    (0, 6)   (9, 3)   (5, 1)   (8, 4)   (0, 4)   (1, 4)   (4, 4)
job_12  (11, 6)  (10, 5)  (8, 10)   (2, 3)   (6, 7)   (5, 8)   (7, 5)   (10, 1)  (2, 10)  (11, 2)    (8, 1)   (6, 6)  (11, 7)  (11, 7)  (10, 4)   (9, 4)   (9, 4)
job_13  (11, 7)   (1, 6)   (9, 4)   (7, 3)   (0, 8)  (10, 8)   (5, 6)   (10, 1)  (11, 9)   (0, 8)    (7, 3)   (9, 7)   (2, 5)   (5, 6)  (6, 10)   (7, 9)   (6, 1)
job_14   (8, 8)   (2, 3)   (7, 4)  (11, 3)   (5, 2)   (5, 2)   (1, 2)    (8, 2)   (4, 3)   (4, 5)    (6, 5)   (4, 2)   (7, 7)   (1, 7)   (3, 3)  (10, 1)  (10, 1)
job_15   (4, 2)   (6, 9)   (0, 5)   (4, 6)   (6, 4)   (2, 4)  (11, 8)    (1, 3)  (11, 3)   (2, 1)    (1, 8)  (6, 10)   (9, 4)   (1, 5)   (9, 5)   (5, 5)   (4, 4)
job_16  (5, 10)   (0, 2)   (4, 7)   (9, 9)   (9, 4)   (3, 6)   (4, 6)   (10, 9)   (6, 1)   (1, 8)    (0, 7)   (9, 2)   (7, 2)   (7, 6)   (4, 5)   (7, 8)   (2, 5)
job_17   (2, 9)   (7, 7)   (4, 8)   (8, 2)   (8, 4)   (4, 4)   (3, 7)    (1, 1)   (2, 8)  (4, 10)   (10, 2)   (7, 8)   (7, 3)   (4, 8)  (10, 2)  (0, 10)   (9, 7)
job_18  (10, 9)   (7, 6)   (2, 8)   (2, 4)   (5, 6)  (11, 8)   (0, 1)  (10, 10)   (2, 6)   (9, 8)  (11, 10)   (1, 3)   (8, 2)   (7, 6)   (3, 6)   (0, 1)  (1, 10)


Solution:
Machine 0: job_0_task_0   job_3_task_0   job_15_task_2  job_16_task_1  job_7_task_4   job_4_task_2   job_18_task_6  job_13_task_4  job_16_task_10 job_10_task_7  job_7_task_10  job_5_task_7   job_6_task_11  job_8_task_9   job_13_task_9  job_11_task_10 job_18_task_15 job_5_task_10  job_4_task_13  job_11_task_14 job_7_task_15  job_8_task_15  job_17_task_15 
           [0,1]          [1,6]          [11,16]        [17,19]        [22,30]        [30,36]        [53,54]        [56,64]        [78,85]        [87,92]        [92,94]        [94,104]       [104,113]      [118,124]      [126,134]      [134,140]      [140,141]      [141,144]      [144,153]      [153,157]      [171,181]      [181,184]      [190,200]      
Machine 1: job_8_task_0   job_11_task_0  job_13_task_1  job_11_task_1  job_10_task_1  job_3_task_3   job_3_task_4   job_3_task_5   job_9_task_6   job_16_task_9  job_17_task_7  job_7_task_9   job_9_task_10  job_15_task_7  job_15_task_10 job_18_task_11 job_10_task_10 job_10_task_11 job_1_task_10  job_14_task_6  job_3_task_11  job_15_task_13 job_3_task_13  job_18_task_16 job_0_task_13  job_14_task_13 job_11_task_15 job_1_task_16  
           [0,2]          [2,7]          [7,13]         [13,22]        [36,41]        [42,49]        [49,51]        [51,59]        [60,70]        [70,78]        [79,80]        [85,87]        [96,101]       [101,104]      [108,116]      [117,120]      [120,127]      [127,130]      [130,138]      [138,140]      [140,148]      [148,153]      [153,163]      [163,173]      [174,184]      [184,191]      [191,195]      [198,202]      
Machine 2: job_17_task_0  job_9_task_1   job_8_task_2   job_1_task_0   job_18_task_2  job_18_task_3  job_6_task_3   job_15_task_5  job_14_task_1  job_4_task_4   job_12_task_3  job_8_task_7   job_17_task_8  job_18_task_8  job_15_task_9  job_4_task_9   job_12_task_8  job_3_task_9   job_1_task_11  job_13_task_12 job_8_task_13  job_1_task_13  job_9_task_15  job_0_task_15  job_1_task_15  job_16_task_16 
           [0,9]          [9,10]         [10,17]        [17,23]        [23,31]        [31,35]        [35,38]        [38,42]        [42,45]        [48,52]        [52,55]        [68,78]        [80,88]        [93,99]        [107,108]      [114,116]      [116,126]      [126,131]      [138,148]      [148,153]      [168,171]      [179,185]      [185,188]      [188,191]      [197,198]      [198,203]      
Machine 3: job_9_task_0   job_0_task_2   job_5_task_0   job_4_task_0   job_6_task_1   job_10_task_0  job_16_task_5  job_5_task_3   job_7_task_5   job_17_task_6  job_9_task_8   job_2_task_10  job_2_task_12  job_2_task_13  job_5_task_9   job_18_task_14 job_0_task_6   job_10_task_13 job_0_task_10  job_8_task_12  job_5_task_13  job_14_task_14 job_6_task_16  
           [0,7]          [7,15]         [15,16]        [16,23]        [23,28]        [28,36]        [39,45]        [45,50]        [50,60]        [72,79]        [80,88]        [88,95]        [104,113]      [113,114]      [119,121]      [129,135]      [135,138]      [145,150]      [157,162]      [162,168]      [168,173]      [191,194]      [197,200]      
Machine 4: job_15_task_0  job_8_task_1   job_0_task_3   job_16_task_2  job_1_task_1   job_15_task_3  job_17_task_2  job_16_task_6  job_11_task_3  job_6_task_6   job_8_task_6   job_17_task_5  job_10_task_8  job_11_task_8  job_1_task_8   job_1_task_9   job_17_task_9  job_3_task_10  job_4_task_11  job_0_task_7   job_14_task_8  job_14_task_9  job_0_task_9   job_14_task_11 job_7_task_13  job_0_task_12  job_16_task_14 job_17_task_13 job_15_task_16 job_11_task_16 
           [0,2]          [2,7]          [15,19]        [19,26]        [26,28]        [28,34]        [34,42]        [45,51]        [51,55]        [55,60]        [60,68]        [68,72]        [92,101]       [101,111]      [111,114]      [114,120]      [120,130]      [131,137]      [138,139]      [139,143]      [143,146]      [146,151]      [151,157]      [157,159]      [159,169]      [171,174]      [174,179]      [179,187]      [187,191]      [195,199]      
Machine 5: job_7_task_0   job_7_task_1   job_16_task_0  job_8_task_4   job_5_task_2   job_18_task_4  job_9_task_5   job_4_task_5   job_3_task_6   job_9_task_7   job_10_task_6  job_13_task_6  job_12_task_5  job_7_task_12  job_8_task_8   job_14_task_4  job_14_task_5  job_9_task_13  job_11_task_12 job_4_task_14  job_13_task_13 job_15_task_15 job_5_task_16  
           [0,4]          [4,7]          [7,17]         [24,28]        [28,35]        [35,41]        [53,60]        [60,66]        [66,72]        [72,80]        [80,87]        [87,93]        [93,101]       [101,110]      [110,118]      [129,131]      [131,133]      [139,142]      [147,148]      [153,155]      [155,161]      [161,166]      [190,197]      
Machine 6: job_15_task_1  job_4_task_1   job_15_task_4  job_6_task_5   job_12_task_4  job_1_task_4   job_16_task_8  job_6_task_8   job_2_task_8   job_11_task_7  job_7_task_11  job_2_task_11  job_10_task_9  job_9_task_11  job_15_task_11 job_9_task_12  job_6_task_14  job_3_task_12  job_14_task_10 job_12_task_11 job_0_task_11  job_3_task_14  job_1_task_12  job_13_task_14 job_6_task_15  job_13_task_16 
           [2,11]         [23,28]        [34,38]        [44,53]        [55,62]        [62,66]        [66,67]        [67,68]        [68,74]        [86,92]        [94,100]       [100,104]      [104,113]      [113,121]      [121,131]      [131,139]      [139,147]      [148,150]      [151,156]      [156,162]      [162,171]      [171,175]      [175,179]      [179,189]      [189,197]      [203,204]      
Machine 7: job_7_task_2   job_18_task_1  job_17_task_1  job_1_task_2   job_2_task_4   job_9_task_3   job_9_task_4   job_13_task_3  job_10_task_3  job_10_task_4  job_1_task_5   job_3_task_7   job_6_task_9   job_9_task_9   job_4_task_7   job_12_task_6  job_14_task_2  job_4_task_8   job_2_task_14  job_18_task_13 job_16_task_12 job_2_task_15  job_13_task_10 job_17_task_11 job_17_task_12 job_16_task_13 job_8_task_11  job_10_task_14 job_14_task_12 job_8_task_14  job_3_task_15  job_16_task_15 job_13_task_15 job_3_task_16  
           [7,16]         [16,22]        [22,29]        [29,38]        [38,42]        [42,48]        [48,53]        [53,56]        [56,65]        [65,66]        [66,75]        [75,79]        [79,89]        [89,96]        [96,101]       [101,106]      [106,110]      [110,114]      [114,123]      [123,129]      [129,131]      [131,134]      [134,137]      [137,145]      [145,148]      [148,154]      [154,155]      [155,164]      [164,171]      [171,176]      [176,186]      [186,194]      [194,203]      [203,209]      
Machine 8: job_0_task_1   job_14_task_0  job_8_task_3   job_12_task_2  job_17_task_3  job_17_task_4  job_6_task_7   job_11_task_5  job_7_task_8   job_6_task_10  job_18_task_12 job_0_task_5   job_4_task_12  job_14_task_7  job_12_task_10 job_11_task_13 job_10_task_15 job_0_task_14  job_1_task_14  job_8_task_16  job_9_task_16  
           [1,6]          [6,14]         [17,24]        [37,47]        [47,49]        [49,53]        [60,67]        [67,75]        [75,85]        [89,99]        [120,122]      [122,131]      [139,140]      [140,142]      [147,148]      [148,152]      [164,168]      [184,187]      [187,197]      [197,198]      [198,208]      
Machine 9: job_2_task_0   job_13_task_2  job_7_task_3   job_2_task_3   job_16_task_3  job_16_task_4  job_6_task_4   job_2_task_5   job_2_task_6   job_7_task_6   job_7_task_7   job_2_task_9   job_5_task_6   job_16_task_11 job_18_task_9  job_0_task_4   job_11_task_9  job_15_task_12 job_13_task_11 job_11_task_11 job_15_task_14 job_4_task_15  job_7_task_14  job_4_task_16  job_12_task_15 job_12_task_16 job_5_task_15  job_0_task_16  job_17_task_16 
           [0,6]          [13,17]        [17,22]        [22,25]        [26,35]        [35,39]        [39,44]        [44,50]        [50,59]        [60,67]        [67,73]        [74,81]        [84,94]        [94,96]        [99,107]       [107,114]      [114,124]      [131,135]      [137,144]      [144,147]      [153,158]      [158,168]      [169,171]      [171,181]      [181,185]      [185,189]      [189,190]      [191,200]      [200,207]      
Machine 10: job_18_task_0  job_2_task_1   job_2_task_2   job_5_task_1   job_6_task_2   job_12_task_1  job_3_task_2   job_11_task_2  job_4_task_3   job_16_task_7  job_2_task_7   job_13_task_5  job_1_task_6   job_18_task_7  job_1_task_7   job_13_task_7  job_3_task_8   job_12_task_7  job_5_task_8   job_6_task_12  job_6_task_13  job_17_task_10 job_0_task_8   job_10_task_16 job_12_task_14 job_7_task_16  job_17_task_14 job_14_task_15 job_14_task_16 
           [0,9]          [9,15]         [15,21]        [21,28]        [28,32]        [32,37]        [37,42]        [42,43]        [43,48]        [51,60]        [60,68]        [68,76]        [76,83]        [83,93]        [93,100]       [100,101]      [101,110]      [110,111]      [111,119]      [119,124]      [124,133]      [133,135]      [143,148]      [168,171]      [176,180]      [181,188]      [188,190]      [194,195]      [195,196]      
Machine 11: job_13_task_0  job_3_task_1   job_6_task_0   job_9_task_2   job_12_task_0  job_8_task_5   job_1_task_3   job_18_task_5  job_10_task_2  job_11_task_4  job_5_task_4   job_10_task_5  job_5_task_5   job_11_task_6  job_4_task_6   job_15_task_6  job_15_task_8  job_18_task_10 job_13_task_8  job_14_task_3  job_4_task_10  job_10_task_12 job_12_task_9  job_8_task_10  job_5_task_11  job_5_task_12  job_12_task_12 job_12_task_13 job_9_task_14  job_5_task_14  job_2_task_16  
           [0,7]          [7,12]         [12,18]        [18,23]        [23,29]        [29,38]        [38,45]        [45,53]        [53,55]        [55,63]        [63,70]        [70,79]        [79,84]        [84,86]        [86,92]        [92,100]       [104,107]      [107,117]      [117,126]      [126,129]      [129,138]      [138,145]      [145,147]      [147,154]      [154,157]      [157,160]      [162,169]      [169,176]      [176,184]      [184,188]      [188,194]      
Optimal Schedule Length: 209.0
Total (Unoptimized Schedule Length): 1826
Statistics
  - conflicts: 0
  - branches : 26
  - wall time: 0.380692008s