
Problem
        task_0   task_1   task_2   task_3  task_4   task_5   task_6   task_7   task_8  task_9  task_10  task_11  task_12  task_13
job_0   (0, 1)   (2, 8)   (0, 7)   (1, 9)  (1, 4)   (1, 7)  (0, 10)   (1, 8)   (1, 3)  (2, 7)   (0, 8)  (0, 10)   (2, 1)   (2, 5)
job_1   (1, 2)   (0, 9)   (1, 3)   (0, 9)  (1, 9)   (1, 2)   (0, 3)  (0, 10)   (2, 8)  (0, 9)   (2, 5)   (0, 2)   (2, 1)  (1, 10)
job_2   (0, 9)   (0, 3)   (1, 3)   (2, 5)  (0, 9)   (0, 8)   (1, 1)   (2, 1)   (1, 6)  (0, 4)   (0, 1)   (0, 9)   (2, 9)   (0, 6)
job_3   (0, 4)   (2, 4)   (0, 4)  (1, 10)  (0, 5)  (1, 10)   (1, 6)   (2, 2)   (2, 9)  (0, 4)   (0, 9)   (2, 5)   (0, 7)   (2, 3)
job_4   (0, 6)   (2, 9)   (1, 6)  (2, 10)  (0, 7)   (2, 9)   (0, 2)   (1, 8)   (1, 2)  (0, 9)   (2, 1)   (1, 9)   (1, 5)   (0, 5)
job_5   (1, 1)   (0, 9)  (1, 10)   (1, 1)  (1, 3)   (1, 3)   (2, 1)   (0, 5)   (2, 1)  (2, 5)   (0, 4)   (2, 3)   (0, 5)   (2, 9)
job_6   (1, 6)   (1, 1)   (1, 3)   (0, 9)  (1, 2)   (0, 5)   (2, 6)  (0, 10)   (2, 5)  (1, 6)   (1, 8)   (0, 8)   (0, 9)   (0, 9)
job_7   (2, 5)   (1, 5)   (1, 9)  (2, 10)  (0, 1)   (1, 2)   (2, 6)   (0, 7)   (0, 4)  (0, 7)   (1, 2)   (2, 7)   (0, 8)   (2, 3)
job_8   (1, 8)  (2, 10)  (2, 10)  (0, 10)  (2, 7)   (1, 2)   (1, 7)   (0, 8)   (2, 1)  (1, 7)   (2, 9)   (2, 3)   (2, 4)   (2, 9)
job_9   (1, 3)   (1, 5)   (0, 8)   (1, 1)  (1, 4)   (2, 7)   (2, 8)   (1, 2)   (1, 6)  (1, 8)   (0, 9)  (2, 10)   (1, 2)  (0, 10)
job_10  (2, 2)   (2, 5)   (2, 3)   (0, 5)  (1, 6)   (1, 1)   (2, 2)   (2, 5)   (2, 1)  (2, 7)   (2, 5)   (2, 4)  (1, 10)   (2, 3)
job_11  (1, 9)   (1, 6)  (2, 10)   (2, 1)  (1, 3)   (1, 4)   (1, 5)   (1, 3)   (2, 9)  (0, 6)  (2, 10)   (1, 5)   (0, 1)   (2, 7)
job_12  (0, 4)   (2, 9)   (1, 4)   (1, 1)  (0, 3)   (0, 8)   (1, 7)   (2, 6)  (1, 10)  (0, 4)   (0, 8)   (2, 2)   (1, 8)   (1, 5)
job_13  (2, 1)   (0, 8)   (2, 4)   (1, 5)  (2, 1)  (2, 10)   (0, 4)   (2, 6)   (2, 3)  (0, 4)   (2, 1)   (2, 3)   (2, 9)   (0, 1)


Solution:
Machine 0: job_0_task_0   job_4_task_0   job_3_task_0   job_12_task_0  job_0_task_2   job_1_task_1   job_6_task_3   job_9_task_2   job_3_task_2   job_2_task_0   job_1_task_3   job_8_task_3   job_6_task_5   job_2_task_1   job_3_task_4   job_13_task_1  job_12_task_4  job_12_task_5  job_5_task_1   job_4_task_4   job_6_task_7   job_2_task_4   job_0_task_6   job_10_task_3  job_1_task_6   job_7_task_4   job_2_task_5   job_1_task_7   job_4_task_6   job_8_task_7   job_7_task_7   job_13_task_6  job_7_task_8   job_3_task_9   job_7_task_9   job_11_task_9  job_1_task_9   job_9_task_10  job_3_task_10  job_12_task_9  job_5_task_7   job_2_task_9   job_2_task_10  job_6_task_11  job_0_task_10  job_4_task_9   job_2_task_11  job_12_task_10 job_5_task_10  job_13_task_9  job_6_task_12  job_0_task_11  job_5_task_12  job_1_task_11  job_7_task_12  job_3_task_12  job_9_task_13  job_6_task_13  job_11_task_12 job_2_task_13  job_4_task_13  job_13_task_13 
           [0,1]          [1,7]          [7,11]         [11,15]        [15,22]        [22,31]        [31,40]        [40,48]        [48,52]        [52,61]        [61,70]        [70,80]        [80,85]        [85,88]        [88,93]        [93,101]       [101,104]      [104,112]      [112,121]      [121,128]      [128,138]      [138,147]      [147,157]      [157,162]      [162,165]      [165,166]      [166,174]      [174,184]      [184,186]      [186,194]      [194,201]      [201,205]      [205,209]      [209,213]      [213,220]      [220,226]      [226,235]      [235,244]      [244,253]      [253,257]      [257,262]      [262,266]      [266,267]      [267,275]      [275,283]      [283,292]      [292,301]      [301,309]      [309,313]      [313,317]      [317,326]      [326,336]      [336,341]      [341,343]      [343,351]      [351,358]      [358,368]      [368,377]      [377,378]      [378,384]      [384,389]      [389,390]      
Machine 1: job_8_task_0   job_6_task_0   job_9_task_0   job_1_task_0   job_6_task_1   job_6_task_2   job_9_task_1   job_11_task_0  job_4_task_2   job_0_task_3   job_1_task_2   job_7_task_1   job_11_task_1  job_3_task_3   job_6_task_4   job_9_task_3   job_9_task_4   job_12_task_2  job_7_task_2   job_0_task_4   job_12_task_3  job_2_task_2   job_5_task_0   job_0_task_5   job_1_task_4   job_3_task_5   job_11_task_4  job_1_task_5   job_8_task_5   job_11_task_5  job_12_task_6  job_5_task_2   job_8_task_6   job_9_task_7   job_13_task_3  job_7_task_5   job_11_task_6  job_3_task_6   job_9_task_8   job_10_task_4  job_0_task_7   job_11_task_7  job_5_task_3   job_6_task_9   job_5_task_4   job_9_task_9   job_4_task_7   job_10_task_5  job_2_task_6   job_12_task_8  job_5_task_5   job_2_task_8   job_0_task_8   job_6_task_10  job_8_task_9   job_4_task_8   job_7_task_10  job_11_task_11 job_9_task_12  job_4_task_11  job_4_task_12  job_10_task_12 job_12_task_12 job_12_task_13 job_1_task_13  
           [0,8]          [8,14]         [14,17]        [17,19]        [19,20]        [20,23]        [23,28]        [28,37]        [37,43]        [43,52]        [52,55]        [55,60]        [60,66]        [66,76]        [76,78]        [78,79]        [79,83]        [83,87]        [87,96]        [96,100]       [100,101]      [101,104]      [104,105]      [105,112]      [112,121]      [121,131]      [131,134]      [134,136]      [136,138]      [138,142]      [142,149]      [149,159]      [159,166]      [166,168]      [168,173]      [173,175]      [175,180]      [180,186]      [186,192]      [192,198]      [198,206]      [206,209]      [209,210]      [210,216]      [216,219]      [219,227]      [227,235]      [235,236]      [236,237]      [237,247]      [247,250]      [250,256]      [256,259]      [259,267]      [267,274]      [274,276]      [276,278]      [278,283]      [283,285]      [293,302]      [302,307]      [309,319]      [319,327]      [327,332]      [349,359]      
Machine 2: job_7_task_0   job_0_task_1   job_8_task_1   job_4_task_1   job_3_task_1   job_8_task_2   job_12_task_1  job_4_task_3   job_13_task_0  job_11_task_2  job_10_task_0  job_10_task_1  job_9_task_5   job_6_task_6   job_8_task_4   job_7_task_3   job_2_task_3   job_9_task_6   job_11_task_3  job_10_task_2  job_13_task_2  job_4_task_5   job_6_task_8   job_12_task_7  job_13_task_4  job_13_task_5  job_7_task_6   job_3_task_7   job_3_task_8   job_1_task_8   job_11_task_8  job_8_task_8   job_13_task_7  job_13_task_8  job_11_task_10 job_10_task_6  job_2_task_7   job_10_task_7  job_10_task_8  job_10_task_9  job_5_task_6   job_10_task_10 job_0_task_9   job_5_task_8   job_5_task_9   job_9_task_11  job_8_task_10  job_4_task_10  job_1_task_10  job_7_task_11  job_10_task_11 job_8_task_11  job_12_task_11 job_5_task_11  job_3_task_11  job_2_task_12  job_13_task_10 job_13_task_11 job_8_task_12  job_13_task_12 job_1_task_12  job_8_task_13  job_5_task_13  job_0_task_12  job_0_task_13  job_7_task_13  job_3_task_13  job_11_task_13 job_10_task_13 
           [0,5]          [5,13]         [13,23]        [23,32]        [32,36]        [36,46]        [46,55]        [55,65]        [65,66]        [66,76]        [76,78]        [78,83]        [83,90]        [90,96]        [96,103]       [103,113]      [113,118]      [118,126]      [126,127]      [127,130]      [130,134]      [134,143]      [143,148]      [149,155]      [173,174]      [174,184]      [184,190]      [190,192]      [192,201]      [201,209]      [209,218]      [218,219]      [219,225]      [225,228]      [228,238]      [238,240]      [240,241]      [241,246]      [246,247]      [247,254]      [254,255]      [255,260]      [260,267]      [267,268]      [268,273]      [273,283]      [283,292]      [292,293]      [293,298]      [298,305]      [305,309]      [309,312]      [312,314]      [314,317]      [317,322]      [322,331]      [331,332]      [332,335]      [335,339]      [339,348]      [348,349]      [349,358]      [358,367]      [367,368]      [368,373]      [373,376]      [376,379]      [379,386]      [386,389]      
Optimal Schedule Length: 390.0
Total (Unoptimized Schedule Length): 1092
Statistics
  - conflicts: 0
  - branches : 0
  - wall time: 0.06040017600000001s