
Problem
         task_0   task_1   task_2   task_3  task_4   task_5   task_6  task_7   task_8   task_9  task_10  task_11  task_12  task_13  task_14
job_0   (0, 10)   (3, 7)   (8, 2)   (6, 6)  (4, 8)   (0, 5)   (2, 4)  (6, 3)  (8, 10)   (1, 2)   (5, 5)   (1, 3)  (0, 10)   (6, 2)   (7, 1)
job_1    (2, 7)   (4, 3)   (3, 7)   (1, 4)  (5, 4)   (1, 6)   (7, 7)  (9, 7)   (7, 8)   (3, 2)   (7, 8)   (6, 9)   (1, 2)   (3, 5)   (8, 7)
job_2   (7, 10)   (7, 3)   (3, 6)   (6, 6)  (9, 1)   (5, 4)   (9, 8)  (1, 8)   (1, 4)   (8, 9)   (7, 1)   (6, 9)   (0, 2)   (5, 6)   (7, 4)
job_3    (7, 5)   (6, 1)  (3, 10)   (4, 6)  (8, 2)   (4, 8)   (2, 7)  (4, 8)  (1, 10)   (4, 7)   (7, 7)   (3, 6)  (4, 10)   (8, 9)   (5, 9)
job_4    (1, 3)   (9, 3)   (6, 1)   (7, 5)  (4, 2)   (9, 6)   (3, 8)  (5, 2)   (7, 1)  (2, 10)   (3, 6)  (6, 10)   (9, 5)  (5, 10)   (9, 5)
job_5    (8, 3)   (9, 1)   (5, 3)   (4, 1)  (9, 2)   (5, 6)   (3, 5)  (1, 8)   (6, 8)   (5, 7)   (2, 2)   (5, 3)  (5, 10)   (3, 6)   (1, 2)
job_6    (6, 5)   (0, 4)   (3, 3)   (3, 2)  (6, 7)   (7, 8)   (6, 5)  (6, 9)   (5, 3)   (1, 8)   (3, 2)   (6, 5)   (9, 7)   (2, 1)  (1, 10)
job_7    (4, 6)   (3, 1)   (3, 6)   (2, 8)  (7, 5)  (4, 10)  (4, 10)  (2, 8)   (1, 5)   (4, 6)   (7, 6)   (9, 9)   (3, 6)   (9, 4)   (2, 9)
job_8    (6, 2)   (0, 4)   (2, 6)   (8, 6)  (3, 1)   (5, 6)   (4, 2)  (5, 7)   (5, 7)   (4, 3)   (0, 4)   (4, 8)   (8, 5)   (7, 2)   (1, 3)
job_9    (4, 9)   (9, 2)   (9, 5)   (6, 9)  (3, 1)   (0, 6)   (9, 3)  (0, 8)   (6, 5)   (7, 7)   (3, 9)  (0, 10)   (9, 2)  (0, 10)   (1, 7)
job_10   (6, 4)   (7, 9)   (9, 9)   (9, 5)  (2, 9)   (6, 8)   (4, 4)  (6, 3)  (9, 10)  (8, 10)   (4, 8)   (9, 1)  (6, 10)   (6, 9)   (0, 2)
job_11   (3, 8)   (5, 6)   (2, 1)   (2, 4)  (8, 7)   (2, 6)  (2, 10)  (5, 8)   (6, 1)   (5, 4)   (7, 6)   (8, 8)   (3, 2)   (3, 2)   (9, 7)
job_12   (2, 8)   (2, 4)   (3, 1)  (6, 10)  (7, 2)   (6, 9)   (4, 6)  (3, 1)   (7, 3)   (7, 9)   (5, 9)   (9, 6)   (4, 9)  (0, 10)   (1, 9)
job_13   (8, 6)   (4, 1)   (3, 4)   (5, 5)  (2, 7)   (6, 4)  (8, 10)  (4, 3)  (8, 10)   (7, 4)   (9, 6)   (8, 8)   (5, 6)   (0, 5)   (4, 2)
job_14   (7, 3)   (4, 9)   (8, 1)   (4, 8)  (8, 6)  (0, 10)   (0, 1)  (3, 4)   (8, 3)   (3, 7)  (0, 10)   (6, 8)   (2, 1)   (5, 9)   (3, 7)
job_15   (5, 2)  (8, 10)   (5, 7)   (7, 1)  (4, 3)   (2, 2)   (7, 2)  (2, 6)   (5, 3)   (8, 6)   (8, 6)   (8, 1)   (1, 9)  (2, 10)  (0, 10)
job_16   (2, 2)   (1, 4)   (2, 4)   (3, 1)  (4, 6)   (4, 9)   (0, 2)  (1, 5)   (5, 9)   (3, 5)   (6, 9)   (2, 5)   (6, 2)   (1, 7)   (7, 7)
job_17   (7, 3)   (6, 8)   (9, 5)   (3, 9)  (0, 1)   (8, 6)   (0, 1)  (5, 4)   (8, 9)   (0, 8)   (5, 3)   (1, 7)   (2, 9)   (1, 2)   (6, 9)
job_18   (4, 2)   (8, 4)   (3, 9)   (7, 1)  (4, 7)   (9, 6)   (6, 8)  (5, 4)   (0, 8)   (7, 1)   (2, 6)   (9, 8)   (2, 8)  (0, 10)   (8, 1)


Solution:
Machine 0: job_0_task_0   job_6_task_1   job_8_task_1   job_9_task_5   job_14_task_5  job_14_task_6  job_17_task_4  job_9_task_7   job_17_task_6  job_14_task_10 job_18_task_8  job_16_task_6  job_17_task_9  job_9_task_11  job_0_task_5   job_9_task_13  job_8_task_10  job_12_task_13 job_18_task_13 job_15_task_14 job_2_task_12  job_0_task_12  job_13_task_13 job_10_task_14 
           [0,10]         [10,14]        [14,18]        [49,55]        [58,68]        [68,69]        [76,77]        [77,85]        [85,86]        [93,103]       [103,111]      [111,113]      [113,121]      [121,131]      [131,136]      [136,146]      [146,150]      [151,161]      [161,171]      [171,181]      [181,183]      [183,193]      [193,198]      [198,200]      
Machine 1: job_4_task_0   job_16_task_1  job_1_task_3   job_1_task_5   job_5_task_7   job_7_task_8   job_6_task_9   job_16_task_7  job_3_task_8   job_2_task_7   job_1_task_12  job_2_task_8   job_15_task_12 job_17_task_11 job_9_task_14  job_0_task_9   job_12_task_14 job_0_task_11  job_5_task_14  job_8_task_14  job_16_task_13 job_17_task_13 job_6_task_14  
           [0,3]          [29,33]        [42,46]        [57,63]        [85,93]        [101,106]      [106,114]      [114,119]      [119,129]      [129,137]      [137,139]      [139,143]      [143,152]      [152,159]      [159,166]      [166,168]      [168,177]      [177,180]      [180,182]      [182,185]      [185,192]      [192,194]      [194,204]      
Machine 2: job_12_task_0  job_12_task_1  job_1_task_0   job_7_task_3   job_16_task_0  job_16_task_2  job_8_task_2   job_11_task_2  job_10_task_4  job_11_task_3  job_13_task_4  job_11_task_5  job_11_task_6  job_15_task_5  job_15_task_7  job_7_task_7   job_3_task_6   job_14_task_12 job_18_task_10 job_4_task_9   job_0_task_6   job_5_task_10  job_18_task_12 job_15_task_13 job_16_task_11 job_6_task_13  job_17_task_12 job_7_task_14  
           [0,8]          [8,12]         [12,19]        [19,27]        [27,29]        [33,37]        [37,43]        [43,44]        [44,53]        [53,57]        [57,64]        [65,71]        [71,81]        [81,83]        [85,91]        [93,101]       [101,108]      [116,117]      [121,127]      [127,137]      [137,141]      [151,153]      [153,161]      [161,171]      [171,176]      [176,177]      [177,186]      [188,197]      
Machine 3: job_7_task_1   job_7_task_2   job_12_task_2  job_3_task_2   job_11_task_0  job_6_task_2   job_1_task_2   job_6_task_3   job_13_task_2  job_9_task_4   job_18_task_2  job_8_task_4   job_0_task_1   job_16_task_3  job_17_task_3  job_14_task_7  job_5_task_6   job_14_task_9  job_2_task_2   job_12_task_7  job_9_task_10  job_1_task_9   job_6_task_10  job_4_task_6   job_4_task_10  job_16_task_9  job_1_task_13  job_3_task_11  job_14_task_14 job_5_task_13  job_7_task_12  job_11_task_12 job_11_task_13 
           [6,7]          [7,13]         [13,14]        [14,24]        [24,32]        [32,35]        [35,42]        [42,44]        [44,48]        [48,49]        [49,58]        [58,59]        [59,66]        [66,67]        [67,76]        [76,80]        [80,85]        [86,93]        [93,99]        [99,100]       [100,109]      [109,111]      [114,116]      [116,124]      [137,143]      [143,148]      [148,153]      [153,159]      [159,166]      [168,174]      [178,184]      [186,188]      [188,190]      
Machine 4: job_7_task_0   job_9_task_0   job_18_task_0  job_14_task_1  job_3_task_3   job_1_task_1   job_3_task_5   job_13_task_1  job_14_task_3  job_7_task_5   job_5_task_3   job_18_task_4  job_8_task_6   job_15_task_4  job_16_task_4  job_4_task_4   job_7_task_6   job_12_task_6  job_16_task_5  job_3_task_7   job_10_task_6  job_13_task_7  job_0_task_4   job_3_task_9   job_8_task_9   job_12_task_12 job_7_task_9   job_10_task_10 job_8_task_11  job_3_task_12  job_13_task_14 
           [0,6]          [6,15]         [15,17]        [17,26]        [26,32]        [32,35]        [35,43]        [43,44]        [44,52]        [52,62]        [62,63]        [63,70]        [70,72]        [72,75]        [75,81]        [81,83]        [83,93]        [93,99]        [99,108]       [108,116]      [116,120]      [120,123]      [123,131]      [131,138]      [138,141]      [142,151]      [151,157]      [157,165]      [165,173]      [173,183]      [198,200]      
Machine 5: job_15_task_0  job_15_task_2  job_5_task_2   job_11_task_1  job_13_task_3  job_1_task_4   job_8_task_5   job_5_task_5   job_8_task_7   job_8_task_8   job_17_task_7  job_11_task_7  job_18_task_7  job_6_task_8   job_15_task_8  job_2_task_5   job_12_task_10 job_17_task_10 job_4_task_7   job_16_task_8  job_14_task_13 job_5_task_9   job_11_task_9  job_5_task_11  job_5_task_12  job_0_task_10  job_4_task_13  job_13_task_12 job_2_task_13  job_3_task_14  
           [0,2]          [16,23]        [28,31]        [32,38]        [48,53]        [53,57]        [59,65]        [65,71]        [72,79]        [79,86]        [86,90]        [90,98]        [98,102]       [102,105]      [105,108]      [108,112]      [112,121]      [121,124]      [124,126]      [126,135]      [135,144]      [144,151]      [151,155]      [155,158]      [158,168]      [168,173]      [173,183]      [183,189]      [189,195]      [195,204]      
Machine 6: job_10_task_0  job_6_task_0   job_3_task_1   job_4_task_2   job_8_task_0   job_17_task_1  job_12_task_3  job_9_task_3   job_12_task_5  job_6_task_4   job_10_task_5  job_13_task_5  job_0_task_3   job_6_task_6   job_18_task_6  job_9_task_8   job_6_task_7   job_2_task_3   job_11_task_8  job_14_task_11 job_6_task_11  job_10_task_7  job_1_task_11  job_5_task_8   job_0_task_7   job_4_task_11  job_16_task_10 job_2_task_11  job_10_task_12 job_16_task_12 job_10_task_13 job_0_task_13  job_17_task_14 
           [0,4]          [4,9]          [9,10]         [10,11]        [11,13]        [13,21]        [21,31]        [31,40]        [40,49]        [49,56]        [56,64]        [64,68]        [68,74]        [74,79]        [79,87]        [87,92]        [92,101]       [101,107]      [107,108]      [108,116]      [116,121]      [121,124]      [124,133]      [133,141]      [141,144]      [144,154]      [154,163]      [163,172]      [172,182]      [182,184]      [184,193]      [193,195]      [195,204]      
Machine 7: job_3_task_0   job_17_task_0  job_14_task_0  job_2_task_0   job_10_task_1  job_7_task_4   job_2_task_1   job_12_task_4  job_4_task_3   job_15_task_3  job_18_task_3  job_6_task_5   job_1_task_6   job_15_task_6  job_1_task_8   job_9_task_9   job_12_task_8  job_12_task_9  job_1_task_10  job_18_task_9  job_4_task_8   job_13_task_9  job_3_task_10  job_2_task_10  job_11_task_10 job_7_task_10  job_8_task_13  job_16_task_14 job_2_task_14  job_0_task_14  
           [0,5]          [5,8]          [8,11]         [11,21]        [21,30]        [30,35]        [35,38]        [38,40]        [40,45]        [45,46]        [58,59]        [59,67]        [67,74]        [83,85]        [85,93]        [93,100]       [100,103]      [103,112]      [112,120]      [120,121]      [126,127]      [133,137]      [138,145]      [155,156]      [156,162]      [162,168]      [178,180]      [192,199]      [199,203]      [203,204]      
Machine 8: job_13_task_0  job_15_task_1  job_5_task_0   job_18_task_1  job_14_task_2  job_3_task_4   job_8_task_3   job_14_task_4  job_11_task_4  job_0_task_2   job_17_task_5  job_14_task_8  job_13_task_6  job_17_task_8  job_15_task_9  job_15_task_10 job_15_task_11 job_13_task_8  job_10_task_9  job_2_task_9   job_0_task_8   job_13_task_11 job_8_task_12  job_11_task_11 job_3_task_13  job_1_task_14  job_18_task_14 
           [0,6]          [6,16]         [16,19]        [19,23]        [26,27]        [32,34]        [43,49]        [52,58]        [58,65]        [66,68]        [77,83]        [83,86]        [86,96]        [96,105]       [108,114]      [114,120]      [120,121]      [123,133]      [136,146]      [146,155]      [155,165]      [165,173]      [173,178]      [178,186]      [186,195]      [195,202]      [202,203]      
Machine 9: job_4_task_1   job_9_task_1   job_9_task_2   job_17_task_2  job_5_task_1   job_10_task_2  job_10_task_3  job_9_task_6   job_5_task_4   job_18_task_5  job_1_task_7   job_4_task_5   job_2_task_4   job_2_task_6   job_10_task_8  job_9_task_12  job_12_task_11 job_18_task_11 job_13_task_10 job_4_task_12  job_6_task_12  job_10_task_11 job_7_task_11  job_7_task_13  job_4_task_14  job_11_task_14 
           [3,6]          [15,17]        [17,22]        [22,27]        [27,28]        [30,39]        [39,44]        [55,58]        [63,65]        [70,76]        [76,83]        [83,89]        [107,108]      [112,120]      [124,134]      [134,136]      [136,142]      [142,150]      [150,156]      [156,161]      [161,168]      [168,169]      [169,178]      [184,188]      [188,193]      [193,200]      
Optimal Schedule Length: 204.0
Total (Unoptimized Schedule Length): 1598
Statistics
  - conflicts: 0
  - branches : 273
  - wall time: 0.337343151s