
Problem
         task_0   task_1   task_2   task_3  task_4   task_5   task_6   task_7   task_8  task_9  task_10  task_11  task_12  task_13
job_0    (0, 3)   (1, 3)  (0, 10)   (1, 3)  (2, 1)  (2, 10)   (0, 4)   (0, 3)   (1, 5)  (1, 1)   (1, 3)   (2, 8)   (1, 6)  (0, 10)
job_1    (1, 1)   (0, 5)   (0, 6)   (2, 6)  (2, 9)   (0, 2)   (2, 5)   (0, 8)   (2, 9)  (1, 3)  (2, 10)   (0, 4)   (2, 1)   (1, 7)
job_2    (2, 7)   (0, 8)   (2, 6)   (2, 5)  (2, 2)   (2, 1)  (0, 10)   (2, 5)   (1, 8)  (2, 5)   (2, 3)   (1, 5)   (2, 7)   (1, 9)
job_3    (2, 8)   (1, 3)   (2, 2)   (0, 3)  (1, 7)   (0, 1)   (2, 6)   (0, 8)   (2, 4)  (2, 9)   (2, 8)   (0, 6)   (0, 7)   (2, 6)
job_4    (1, 8)   (0, 1)   (1, 8)   (1, 7)  (2, 6)   (2, 1)   (1, 5)   (1, 5)   (0, 5)  (2, 8)   (2, 4)   (1, 3)   (1, 3)   (1, 7)
job_5    (1, 6)   (1, 1)   (2, 9)   (1, 5)  (2, 2)   (0, 8)   (1, 5)   (2, 8)   (2, 8)  (1, 8)   (0, 1)   (1, 8)   (0, 9)   (1, 9)
job_6    (0, 3)   (0, 8)   (1, 3)   (2, 3)  (1, 6)   (2, 3)   (0, 7)   (0, 4)   (0, 7)  (1, 8)   (2, 6)   (2, 1)  (0, 10)   (2, 5)
job_7    (2, 3)   (0, 5)   (2, 8)   (1, 4)  (1, 3)   (0, 3)   (0, 8)  (0, 10)   (0, 1)  (2, 5)   (1, 4)   (1, 8)   (1, 2)   (0, 1)
job_8    (1, 7)   (0, 4)   (1, 2)   (1, 8)  (1, 2)   (0, 1)  (0, 10)  (1, 10)   (2, 6)  (2, 9)   (0, 2)   (1, 3)   (1, 8)   (0, 3)
job_9    (0, 9)   (1, 9)   (1, 3)  (1, 10)  (0, 8)   (0, 9)   (1, 3)  (0, 10)   (0, 2)  (1, 6)   (1, 4)   (2, 4)   (0, 9)   (1, 7)
job_10   (0, 3)   (2, 4)   (2, 8)   (2, 9)  (1, 8)   (0, 9)   (0, 6)   (2, 4)   (2, 6)  (0, 6)   (2, 3)   (2, 1)  (0, 10)   (0, 4)
job_11  (2, 10)   (1, 3)   (0, 9)   (2, 2)  (1, 1)   (2, 9)   (1, 1)   (1, 4)   (0, 4)  (0, 9)   (1, 8)   (0, 8)   (2, 6)   (0, 3)
job_12   (2, 1)  (1, 10)   (1, 8)   (1, 9)  (0, 2)   (2, 4)  (1, 10)   (1, 7)   (0, 3)  (1, 8)   (0, 4)   (1, 6)   (2, 5)   (1, 6)
job_13   (1, 5)   (0, 7)   (0, 9)   (2, 6)  (0, 4)   (1, 3)  (1, 10)   (2, 6)   (0, 2)  (1, 9)   (2, 9)   (1, 9)   (2, 2)   (1, 2)
job_14  (2, 10)   (0, 3)   (2, 4)   (1, 1)  (1, 7)   (0, 1)   (1, 3)   (1, 2)  (2, 10)  (1, 5)   (0, 6)   (0, 9)   (1, 8)   (1, 8)
job_15   (0, 5)   (0, 7)   (1, 4)   (0, 9)  (1, 2)   (2, 6)   (1, 3)   (1, 7)  (0, 10)  (0, 7)   (1, 9)   (1, 1)   (0, 1)   (2, 3)
job_16   (1, 6)   (2, 4)   (0, 8)   (1, 9)  (0, 3)   (0, 3)   (0, 9)   (2, 3)   (0, 8)  (0, 2)  (0, 10)   (2, 8)   (0, 7)   (2, 9)
job_17   (0, 7)   (2, 5)   (1, 7)   (2, 4)  (1, 8)   (2, 7)   (0, 7)   (1, 4)   (0, 5)  (0, 4)   (1, 6)   (2, 5)   (0, 4)   (0, 1)
job_18   (0, 2)   (0, 9)   (0, 3)   (1, 4)  (0, 6)   (2, 4)   (2, 4)   (0, 9)   (1, 8)  (2, 5)   (0, 6)  (1, 10)   (2, 9)   (1, 9)
job_19   (1, 2)   (1, 2)   (0, 1)   (0, 9)  (1, 3)   (0, 9)   (0, 9)   (2, 6)   (1, 7)  (0, 9)   (0, 3)   (1, 1)  (2, 10)   (1, 5)


Solution:
Machine 0: job_9_task_0   job_18_task_0  job_18_task_1  job_10_task_0  job_16_task_2  job_13_task_1  job_18_task_2  job_1_task_1   job_6_task_0   job_15_task_0  job_17_task_0  job_2_task_1   job_19_task_2  job_6_task_1   job_13_task_2  job_19_task_3  job_0_task_0   job_1_task_2   job_18_task_4  job_15_task_1  job_8_task_1   job_14_task_1  job_3_task_3   job_5_task_5   job_11_task_2  job_0_task_2   job_4_task_1   job_16_task_4  job_7_task_1   job_9_task_4   job_16_task_5  job_19_task_5  job_15_task_3  job_13_task_4  job_16_task_6  job_18_task_7  job_3_task_5   job_12_task_4  job_9_task_5   job_8_task_5   job_14_task_5  job_2_task_6   job_8_task_6   job_19_task_6  job_1_task_5   job_10_task_5  job_6_task_6   job_3_task_7   job_16_task_8  job_7_task_5   job_1_task_7   job_9_task_7   job_6_task_7   job_0_task_6   job_10_task_6  job_7_task_6   job_11_task_8  job_6_task_8   job_16_task_9  job_0_task_7   job_17_task_6  job_18_task_10 job_11_task_9  job_16_task_10 job_13_task_8  job_9_task_8   job_12_task_8  job_14_task_10 job_7_task_7   job_15_task_8  job_4_task_8   job_19_task_9  job_5_task_10  job_17_task_8  job_14_task_11 job_10_task_9  job_7_task_8   job_12_task_10 job_15_task_9  job_17_task_9  job_19_task_10 job_3_task_11  job_5_task_12  job_11_task_11 job_8_task_10  job_16_task_12 job_9_task_12  job_6_task_12  job_10_task_12 job_3_task_12  job_1_task_11  job_0_task_13  job_17_task_12 job_10_task_13 job_15_task_12 job_11_task_13 job_8_task_13  job_17_task_13 job_7_task_13  
           [0,9]          [9,11]         [11,20]        [20,23]        [23,31]        [31,38]        [38,41]        [41,46]        [46,49]        [49,54]        [54,61]        [61,69]        [69,70]        [70,78]        [78,87]        [87,96]        [96,99]        [99,105]       [105,111]      [111,118]      [118,122]      [122,125]      [125,128]      [128,136]      [136,145]      [145,155]      [155,156]      [156,159]      [159,164]      [164,172]      [172,175]      [175,184]      [184,193]      [193,197]      [197,206]      [206,215]      [215,216]      [216,218]      [218,227]      [227,228]      [228,229]      [229,239]      [239,249]      [249,258]      [258,260]      [260,269]      [269,276]      [276,284]      [284,292]      [292,295]      [295,303]      [303,313]      [313,317]      [317,321]      [321,327]      [327,335]      [335,339]      [339,346]      [346,348]      [348,351]      [351,358]      [358,364]      [364,373]      [373,383]      [383,385]      [385,387]      [387,390]      [390,396]      [396,406]      [406,416]      [416,421]      [421,430]      [430,431]      [431,436]      [436,445]      [445,451]      [451,452]      [452,456]      [456,463]      [463,467]      [467,470]      [470,476]      [476,485]      [485,493]      [493,495]      [495,502]      [502,511]      [511,521]      [521,531]      [531,538]      [538,542]      [542,552]      [552,556]      [556,560]      [560,561]      [561,564]      [564,567]      [567,568]      [568,569]      
Machine 1: job_16_task_0  job_5_task_0   job_9_task_1   job_13_task_0  job_12_task_1  job_5_task_1   job_1_task_0   job_19_task_0  job_9_task_2   job_8_task_0   job_19_task_1  job_18_task_3  job_12_task_2  job_9_task_3   job_5_task_3   job_4_task_0   job_16_task_3  job_3_task_1   job_0_task_1   job_11_task_1  job_12_task_3  job_6_task_2   job_19_task_4  job_15_task_2  job_8_task_2   job_17_task_2  job_3_task_4   job_8_task_3   job_14_task_3  job_14_task_4  job_4_task_2   job_6_task_4   job_10_task_4  job_5_task_6   job_8_task_4   job_0_task_3   job_4_task_3   job_11_task_4  job_17_task_4  job_13_task_5  job_15_task_4  job_7_task_3   job_13_task_6  job_18_task_8  job_14_task_6  job_12_task_6  job_14_task_7  job_7_task_4   job_9_task_6   job_11_task_6  job_11_task_7  job_15_task_6  job_8_task_7   job_12_task_7  job_4_task_6   job_15_task_7  job_2_task_8   job_14_task_9  job_4_task_7   job_19_task_8  job_5_task_9   job_1_task_9   job_2_task_11  job_6_task_9   job_0_task_8   job_17_task_7  job_18_task_11 job_0_task_9   job_0_task_10  job_11_task_10 job_13_task_9  job_9_task_9   job_12_task_9  job_9_task_10  job_0_task_12  job_13_task_11 job_2_task_13  job_5_task_11  job_14_task_12 job_4_task_11  job_12_task_11 job_7_task_10  job_17_task_10 job_19_task_11 job_15_task_10 job_7_task_11  job_4_task_12  job_18_task_13 job_8_task_11  job_8_task_12  job_5_task_13  job_14_task_13 job_9_task_13  job_4_task_13  job_1_task_13  job_12_task_13 job_15_task_11 job_19_task_13 job_7_task_12  job_13_task_13 
           [0,6]          [6,12]         [12,21]        [21,26]        [26,36]        [36,37]        [37,38]        [38,40]        [40,43]        [43,50]        [50,52]        [52,56]        [56,64]        [64,74]        [74,79]        [79,87]        [87,96]        [96,99]        [99,102]       [102,105]      [105,114]      [114,117]      [117,120]      [120,124]      [124,126]      [126,133]      [133,140]      [140,148]      [148,149]      [149,156]      [156,164]      [164,170]      [170,178]      [178,183]      [183,185]      [185,188]      [188,195]      [195,196]      [196,204]      [204,207]      [207,209]      [209,213]      [213,223]      [223,231]      [231,234]      [234,244]      [244,246]      [246,249]      [249,252]      [252,253]      [253,257]      [257,260]      [260,270]      [270,277]      [277,282]      [282,289]      [289,297]      [297,302]      [302,307]      [307,314]      [314,322]      [322,325]      [343,348]      [348,356]      [356,361]      [361,365]      [365,375]      [375,376]      [376,379]      [379,387]      [387,396]      [396,402]      [402,410]      [410,414]      [414,420]      [420,429]      [429,438]      [438,446]      [446,454]      [454,457]      [457,463]      [463,467]      [467,473]      [473,474]      [474,483]      [483,491]      [491,494]      [494,503]      [503,506]      [506,514]      [514,523]      [523,531]      [531,538]      [538,545]      [545,552]      [552,558]      [558,559]      [559,564]      [564,566]      [566,568]      
Machine 2: job_12_task_0  job_2_task_0   job_16_task_1  job_3_task_0   job_11_task_0  job_10_task_1  job_14_task_0  job_5_task_2   job_10_task_2  job_17_task_1  job_10_task_3  job_2_task_2   job_5_task_4   job_7_task_0   job_2_task_3   job_13_task_3  job_2_task_4   job_3_task_2   job_2_task_5   job_1_task_3   job_18_task_5  job_18_task_6  job_6_task_3   job_1_task_4   job_14_task_2  job_17_task_3  job_11_task_3  job_7_task_2   job_6_task_5   job_5_task_7   job_0_task_4   job_0_task_5   job_11_task_5  job_16_task_7  job_4_task_4   job_3_task_6   job_12_task_5  job_15_task_5  job_17_task_5  job_5_task_8   job_14_task_8  job_1_task_6   job_2_task_7   job_4_task_5   job_19_task_7  job_18_task_9  job_13_task_7  job_3_task_8   job_3_task_9   job_8_task_8   job_1_task_8   job_2_task_9   job_3_task_10  job_10_task_7  job_10_task_8  job_2_task_10  job_8_task_9   job_1_task_10  job_6_task_10  job_6_task_11  job_2_task_12  job_18_task_12 job_0_task_11  job_16_task_11 job_13_task_10 job_9_task_11  job_4_task_9   job_4_task_10  job_13_task_12 job_10_task_10 job_7_task_9   job_10_task_11 job_12_task_12 job_17_task_11 job_19_task_12 job_11_task_12 job_16_task_13 job_6_task_13  job_3_task_13  job_1_task_12  job_15_task_13 
           [0,1]          [1,8]          [8,12]         [12,20]        [20,30]        [30,34]        [34,44]        [44,53]        [53,61]        [61,66]        [66,75]        [75,81]        [81,83]        [83,86]        [86,91]        [91,97]        [97,99]        [99,101]       [101,102]      [105,111]      [111,115]      [115,119]      [119,122]      [122,131]      [131,135]      [135,139]      [145,147]      [164,172]      [172,175]      [183,191]      [191,192]      [192,202]      [202,211]      [211,214]      [214,220]      [220,226]      [226,230]      [230,236]      [236,243]      [243,251]      [251,261]      [261,266]      [266,271]      [271,272]      [272,278]      [278,283]      [283,289]      [289,293]      [293,302]      [302,308]      [308,317]      [317,322]      [322,330]      [330,334]      [334,340]      [340,343]      [343,352]      [352,362]      [362,368]      [368,369]      [369,376]      [376,385]      [385,393]      [393,401]      [401,410]      [414,418]      [421,429]      [429,433]      [433,435]      [451,454]      [454,459]      [459,460]      [463,468]      [473,478]      [478,488]      [493,499]      [502,511]      [521,526]      [538,544]      [544,545]      [561,564]      
Optimal Schedule Length: 569.0
Total (Unoptimized Schedule Length): 1572
Statistics
  - conflicts: 0
  - branches : 0
  - wall time: 0.322205406s