
Problem
         task_0   task_1   task_2   task_3   task_4   task_5  task_6   task_7   task_8   task_9 task_10  task_11  task_12  task_13  task_14  task_15  task_16  task_17  task_18  task_19
job_0    (0, 8)   (4, 2)   (5, 6)   (8, 9)   (0, 6)   (4, 9)  (4, 7)   (1, 6)   (6, 2)   (2, 9)  (3, 1)   (8, 3)   (7, 8)   (3, 7)   (3, 5)   (0, 8)   (5, 9)   (6, 6)   (1, 5)   (1, 5)
job_1    (8, 1)   (7, 8)   (8, 2)   (8, 9)  (3, 10)  (1, 10)  (8, 7)   (5, 7)   (2, 9)  (3, 10)  (8, 1)   (2, 1)   (8, 8)   (4, 8)   (6, 4)   (1, 3)   (1, 7)   (8, 9)   (3, 2)   (4, 5)
job_2    (6, 7)   (6, 7)   (8, 3)  (1, 10)   (6, 9)   (1, 4)  (1, 6)   (8, 3)   (3, 9)   (6, 1)  (0, 3)   (3, 7)  (4, 10)   (8, 7)   (4, 3)   (8, 5)   (3, 1)   (2, 1)  (5, 10)   (6, 1)
job_3    (4, 1)   (0, 9)  (3, 10)   (4, 6)   (6, 1)  (4, 10)  (2, 3)   (6, 9)   (3, 6)   (7, 4)  (4, 8)   (2, 4)   (5, 9)   (6, 4)  (3, 10)  (8, 10)   (3, 5)   (0, 1)   (2, 5)   (7, 6)
job_4    (6, 1)   (5, 9)   (4, 4)   (3, 1)   (0, 4)   (5, 9)  (1, 9)   (5, 4)  (0, 10)   (2, 5)  (6, 2)   (4, 5)   (1, 8)   (2, 2)   (1, 7)   (6, 9)   (8, 9)   (7, 2)   (7, 3)   (5, 4)
job_5    (2, 8)   (5, 3)   (0, 8)   (4, 5)   (7, 8)   (4, 8)  (4, 6)   (4, 8)   (3, 8)  (1, 10)  (1, 1)   (6, 4)   (0, 1)   (6, 9)   (8, 8)   (6, 4)   (6, 6)   (3, 3)  (0, 10)   (4, 7)
job_6    (4, 9)   (1, 3)   (5, 7)   (6, 6)   (8, 5)   (0, 8)  (0, 9)   (6, 3)   (4, 1)   (6, 6)  (4, 2)   (2, 4)   (2, 1)   (4, 7)   (2, 9)   (7, 1)   (7, 1)  (4, 10)   (2, 2)   (6, 5)
job_7    (8, 7)  (3, 10)  (0, 10)   (1, 1)  (5, 10)   (4, 7)  (1, 5)   (6, 8)   (8, 2)   (2, 2)  (5, 1)   (8, 8)   (6, 6)   (3, 3)   (2, 2)   (0, 4)  (2, 10)  (7, 10)   (4, 8)   (6, 4)
job_8    (1, 2)   (5, 3)   (7, 6)   (7, 8)   (4, 3)   (5, 3)  (4, 4)   (0, 7)   (5, 4)   (5, 6)  (6, 4)   (7, 9)   (6, 4)   (4, 6)  (0, 10)   (3, 9)   (4, 6)   (6, 8)   (2, 8)   (1, 4)
job_9    (1, 9)   (7, 1)   (5, 6)   (0, 7)   (3, 5)   (7, 1)  (2, 5)   (6, 1)   (1, 1)  (1, 10)  (3, 6)   (7, 4)   (7, 3)  (6, 10)   (3, 8)   (4, 3)   (4, 2)   (3, 3)   (1, 5)  (4, 10)
job_10   (0, 7)   (8, 8)   (4, 4)   (2, 5)   (7, 1)   (0, 8)  (2, 6)   (3, 7)   (8, 7)   (7, 7)  (1, 1)   (7, 8)   (6, 8)   (5, 8)  (4, 10)   (0, 7)   (7, 1)   (1, 7)  (6, 10)   (7, 5)
job_11   (8, 3)   (3, 3)   (3, 8)   (3, 7)   (1, 6)   (1, 8)  (6, 3)   (8, 9)   (1, 3)   (5, 9)  (0, 2)  (0, 10)   (5, 4)   (7, 5)   (0, 6)   (3, 6)   (6, 8)   (2, 8)   (5, 4)   (7, 9)
job_12   (1, 1)   (8, 2)   (8, 6)  (4, 10)   (8, 2)   (1, 2)  (8, 7)   (5, 8)   (0, 7)  (6, 10)  (3, 6)   (1, 8)   (0, 8)   (8, 6)   (1, 4)   (2, 4)   (5, 4)   (0, 1)   (6, 3)   (4, 8)
job_13   (6, 3)   (5, 1)   (5, 4)   (7, 8)   (8, 6)   (8, 2)  (3, 6)   (5, 2)   (7, 6)   (5, 4)  (7, 2)   (3, 7)   (3, 8)   (2, 5)   (5, 7)   (7, 5)   (1, 6)   (7, 8)   (6, 5)   (3, 9)
job_14   (5, 7)   (6, 7)   (6, 2)   (1, 1)   (8, 2)   (3, 7)  (1, 9)   (4, 4)   (4, 3)   (4, 4)  (2, 6)   (2, 2)   (5, 9)   (0, 1)   (3, 1)   (1, 3)   (3, 6)  (8, 10)   (5, 3)   (7, 1)
job_15  (1, 10)   (4, 2)   (7, 3)   (8, 2)   (6, 1)   (3, 7)  (1, 7)  (4, 10)   (4, 3)   (8, 5)  (6, 5)   (1, 5)   (0, 8)   (3, 6)   (6, 7)   (7, 7)   (2, 1)   (5, 2)   (0, 9)   (4, 6)
job_16   (5, 3)   (8, 2)   (5, 6)   (5, 8)   (0, 4)   (7, 5)  (4, 7)   (5, 3)   (4, 4)   (0, 6)  (3, 9)  (7, 10)   (3, 1)   (6, 6)   (7, 4)   (5, 2)   (7, 6)   (2, 5)   (5, 6)   (1, 4)


Solution:
Machine 0: job_10_task_0  job_0_task_0   job_3_task_1   job_5_task_2   job_7_task_2   job_10_task_5  job_0_task_4   job_4_task_4   job_8_task_7   job_9_task_3   job_16_task_4  job_12_task_8  job_6_task_5   job_6_task_6   job_11_task_10 job_11_task_11 job_4_task_8   job_16_task_9  job_8_task_14  job_5_task_12  job_2_task_10  job_15_task_12 job_11_task_14 job_12_task_12 job_10_task_15 job_7_task_15  job_14_task_13 job_0_task_15  job_12_task_17 job_5_task_18  job_15_task_18 job_3_task_17  
           [0,7]          [7,15]         [15,24]        [24,32]        [32,42]        [42,50]        [50,56]        [56,60]        [60,67]        [69,76]        [77,81]        [94,101]       [101,109]      [109,118]      [122,124]      [124,134]      [134,144]      [144,150]      [150,160]      [160,161]      [161,164]      [164,172]      [172,178]      [178,186]      [186,193]      [193,197]      [197,198]      [209,217]      [230,231]      [231,241]      [242,251]      [252,253]      
Machine 1: job_8_task_0   job_12_task_0  job_15_task_0  job_9_task_0   job_11_task_4  job_11_task_5  job_6_task_1   job_7_task_3   job_14_task_3  job_1_task_5   job_2_task_3   job_12_task_5  job_15_task_6  job_11_task_8  job_7_task_6   job_4_task_6   job_0_task_7   job_2_task_5   job_10_task_10 job_2_task_6   job_9_task_8   job_9_task_9   job_5_task_9   job_14_task_6  job_5_task_10  job_12_task_11 job_15_task_11 job_4_task_12  job_4_task_14  job_1_task_15  job_13_task_16 job_1_task_16  job_12_task_14 job_10_task_17 job_8_task_19  job_14_task_15 job_9_task_18  job_0_task_18  job_0_task_19  job_16_task_19 
           [0,2]          [2,3]          [3,13]         [13,22]        [22,28]        [28,36]        [36,39]        [42,43]        [43,44]        [51,61]        [61,71]        [71,73]        [73,80]        [80,83]        [84,89]        [89,98]        [98,104]       [104,108]      [108,109]      [109,115]      [115,116]      [116,126]      [126,136]      [136,145]      [145,146]      [146,154]      [154,159]      [162,170]      [172,179]      [183,186]      [186,192]      [192,199]      [199,203]      [203,210]      [228,232]      [237,240]      [240,245]      [250,255]      [255,260]      [260,264]      
Machine 2: job_5_task_0   job_10_task_3  job_10_task_6  job_3_task_6   job_9_task_6   job_7_task_9   job_1_task_8   job_0_task_9   job_3_task_11  job_1_task_11  job_4_task_9   job_6_task_11  job_6_task_12  job_14_task_10 job_13_task_13 job_14_task_11 job_4_task_13  job_7_task_14  job_6_task_14  job_7_task_16  job_12_task_15 job_8_task_18  job_11_task_17 job_6_task_18  job_15_task_16 job_16_task_17 job_2_task_17  job_3_task_18  
           [0,8]          [32,37]        [50,56]        [68,71]        [87,92]        [103,105]      [105,114]      [117,126]      [130,134]      [134,135]      [144,149]      [149,153]      [153,154]      [157,163]      [163,168]      [168,170]      [170,172]      [186,188]      [197,206]      [206,216]      [216,220]      [220,228]      [228,236]      [236,238]      [238,239]      [239,244]      [247,248]      [253,258]      
Machine 3: job_11_task_1  job_11_task_2  job_11_task_3  job_7_task_1   job_3_task_2   job_1_task_4   job_4_task_3   job_15_task_5  job_10_task_7  job_13_task_6  job_9_task_4   job_3_task_8   job_14_task_5  job_5_task_8   job_12_task_10 job_1_task_9   job_2_task_8   job_9_task_10  job_13_task_11 job_0_task_10  job_13_task_12 job_16_task_10 job_2_task_11  job_0_task_13  job_7_task_13  job_8_task_15  job_16_task_12 job_9_task_14  job_0_task_14  job_11_task_15 job_1_task_18  job_15_task_13 job_5_task_17  job_3_task_14  job_14_task_14 job_9_task_17  job_14_task_16 job_2_task_16  job_3_task_16  job_13_task_19 
           [3,6]          [6,14]         [14,21]        [21,31]        [31,41]        [41,51]        [51,52]        [55,62]        [62,69]        [73,79]        [79,84]        [84,90]        [96,103]       [105,113]      [113,119]      [119,129]      [129,138]      [138,144]      [144,151]      [151,152]      [152,160]      [160,169]      [169,176]      [176,183]      [183,186]      [186,195]      [195,196]      [196,204]      [204,209]      [209,215]      [215,217]      [217,223]      [223,226]      [226,236]      [236,237]      [237,240]      [240,246]      [246,247]      [247,252]      [255,264]      
Machine 4: job_3_task_0   job_6_task_0   job_4_task_2   job_12_task_3  job_0_task_1   job_15_task_1  job_10_task_2  job_8_task_4   job_5_task_3   job_8_task_6   job_3_task_3   job_5_task_5   job_3_task_5   job_0_task_5   job_7_task_5   job_5_task_6   job_0_task_6   job_5_task_7   job_15_task_7  job_16_task_6  job_3_task_10  job_6_task_8   job_15_task_8  job_16_task_8  job_8_task_13  job_6_task_10  job_14_task_7  job_14_task_8  job_14_task_9  job_4_task_11  job_1_task_13  job_10_task_14 job_2_task_12  job_6_task_13  job_8_task_16  job_2_task_14  job_9_task_15  job_6_task_17  job_1_task_19  job_9_task_16  job_7_task_18  job_12_task_19 job_5_task_19  job_9_task_19  job_15_task_19 
           [0,1]          [1,10]         [10,14]        [14,24]        [24,26]        [26,28]        [28,32]        [32,35]        [35,40]        [40,44]        [44,50]        [50,58]        [58,68]        [68,77]        [77,84]        [84,90]        [90,97]        [97,105]       [105,115]      [115,122]      [122,130]      [130,131]      [131,134]      [134,138]      [138,144]      [144,146]      [146,150]      [150,153]      [153,157]      [157,162]      [162,170]      [170,180]      [180,190]      [190,197]      [197,203]      [203,206]      [206,209]      [209,219]      [219,224]      [224,226]      [226,234]      [234,242]      [242,249]      [249,259]      [259,265]      
Machine 5: job_4_task_1   job_5_task_1   job_8_task_1   job_13_task_1  job_16_task_0  job_13_task_2  job_14_task_0  job_0_task_2   job_8_task_5   job_6_task_2   job_7_task_4   job_16_task_2  job_9_task_2   job_16_task_3  job_4_task_5   job_12_task_7  job_8_task_8   job_1_task_7   job_8_task_9   job_13_task_7  job_11_task_9  job_4_task_7   job_16_task_7  job_7_task_10  job_10_task_13 job_13_task_9  job_11_task_12 job_3_task_12  job_13_task_14 job_14_task_12 job_16_task_15 job_0_task_16  job_12_task_16 job_4_task_19  job_11_task_18 job_15_task_17 job_16_task_18 job_2_task_18  job_14_task_18 
           [1,10]         [10,13]        [13,16]        [16,17]        [17,20]        [20,24]        [24,31]        [31,37]        [37,40]        [40,47]        [47,57]        [57,63]        [63,69]        [69,77]        [77,86]        [86,94]        [94,98]        [98,105]       [105,111]      [111,113]      [113,122]      [122,126]      [126,129]      [129,130]      [130,138]      [138,142]      [142,146]      [146,155]      [168,175]      [175,184]      [206,208]      [217,226]      [226,230]      [231,235]      [236,240]      [240,242]      [244,250]      [250,260]      [260,263]      
Machine 6: job_4_task_0   job_2_task_0   job_13_task_0  job_2_task_1   job_14_task_1  job_11_task_6  job_14_task_2  job_6_task_3   job_3_task_4   job_15_task_4  job_3_task_7   job_2_task_4   job_7_task_7   job_9_task_7   job_12_task_9  job_8_task_10  job_0_task_8   job_10_task_12 job_6_task_7   job_8_task_12  job_6_task_9   job_7_task_12  job_15_task_10 job_5_task_11  job_4_task_10  job_2_task_9   job_9_task_13  job_5_task_13  job_3_task_13  job_1_task_14  job_5_task_15  job_4_task_15  job_16_task_13 job_5_task_16  job_8_task_17  job_11_task_16 job_15_task_14 job_12_task_18 job_10_task_18 job_0_task_17  job_13_task_18 job_6_task_19  job_7_task_19  job_2_task_19  
           [0,1]          [1,8]          [8,11]         [11,18]        [31,38]        [38,41]        [41,43]        [47,53]        [53,54]        [54,55]        [71,80]        [80,89]        [89,97]        [97,98]        [101,111]      [111,115]      [115,117]      [117,125]      [125,128]      [128,132]      [132,138]      [138,144]      [144,149]      [149,153]      [153,155]      [155,156]      [156,166]      [166,175]      [175,179]      [179,183]      [183,187]      [187,196]      [196,202]      [202,208]      [208,216]      [216,224]      [224,231]      [231,234]      [234,244]      [244,250]      [250,255]      [255,260]      [260,264]      [264,265]      
Machine 7: job_1_task_1   job_8_task_2   job_8_task_3   job_13_task_3  job_10_task_4  job_15_task_2  job_5_task_4   job_9_task_1   job_16_task_5  job_9_task_5   job_3_task_9   job_10_task_9  job_10_task_11 job_8_task_11  job_13_task_8  job_13_task_10 job_9_task_11  job_11_task_13 job_9_task_12  job_0_task_12  job_16_task_11 job_13_task_15 job_13_task_17 job_10_task_16 job_16_task_14 job_6_task_15  job_6_task_16  job_16_task_16 job_7_task_17  job_4_task_17  job_4_task_18  job_15_task_15 job_11_task_19 job_10_task_19 job_3_task_19  job_14_task_19 
           [4,12]         [16,22]        [22,30]        [30,38]        [38,39]        [39,42]        [42,50]        [50,51]        [81,86]        [86,87]        [90,94]        [94,101]       [109,117]      [117,126]      [126,132]      [142,144]      [144,148]      [148,153]      [153,156]      [156,164]      [169,179]      [179,184]      [192,200]      [200,201]      [202,206]      [206,207]      [207,208]      [208,214]      [216,226]      [226,228]      [228,231]      [231,238]      [240,249]      [249,254]      [258,264]      [264,265]      
Machine 8: job_11_task_0  job_1_task_0   job_12_task_1  job_12_task_2  job_7_task_0   job_10_task_1  job_1_task_2   job_1_task_3   job_0_task_3   job_16_task_1  job_2_task_2   job_15_task_3  job_12_task_4  job_13_task_4  job_11_task_7  job_13_task_5  job_12_task_6  job_1_task_6   job_10_task_8  job_14_task_4  job_6_task_4   job_7_task_8   job_2_task_7   job_1_task_10  job_7_task_11  job_15_task_9  job_1_task_12  job_0_task_11  job_5_task_14  job_12_task_13 job_2_task_13  job_1_task_17  job_2_task_15  job_4_task_16  job_3_task_15  job_14_task_17 
           [0,3]          [3,4]          [4,6]          [6,12]         [12,19]        [19,27]        [27,29]        [29,38]        [38,47]        [47,49]        [49,52]        [52,54]        [54,56]        [56,62]        [62,71]        [71,73]        [73,80]        [80,87]        [87,94]        [94,96]        [96,101]       [101,103]      [115,118]      [129,130]      [130,138]      [138,143]      [143,151]      [152,155]      [175,183]      [186,192]      [192,199]      [199,208]      [208,213]      [213,222]      [236,246]      [246,256]      
Optimal Schedule Length: 265.0
Total (Unoptimized Schedule Length): 1885
Statistics
  - conflicts: 0
  - branches : 2
  - wall time: 4.313338366s