
Problem
         task_0   task_1   task_2   task_3   task_4   task_5   task_6   task_7   task_8   task_9  task_10  task_11  task_12 task_13
job_0    (0, 9)   (3, 2)   (1, 7)   (4, 6)   (5, 6)   (8, 2)   (1, 6)   (1, 6)   (6, 6)   (0, 8)   (2, 4)   (0, 2)   (7, 5)  (6, 5)
job_1    (3, 8)   (6, 5)   (5, 6)   (5, 2)  (2, 10)   (8, 7)   (0, 4)   (7, 1)   (9, 2)   (8, 4)   (7, 9)   (7, 1)   (8, 2)  (9, 2)
job_2    (8, 7)   (9, 4)   (6, 8)   (1, 4)   (7, 6)   (7, 8)   (7, 7)   (2, 8)   (1, 4)  (5, 10)   (1, 3)   (9, 1)   (9, 6)  (6, 4)
job_3    (3, 5)   (4, 9)   (0, 2)   (3, 4)   (7, 5)   (2, 2)   (4, 6)   (4, 5)   (6, 9)   (1, 8)   (3, 7)   (0, 2)   (3, 1)  (4, 9)
job_4   (5, 10)   (1, 7)   (6, 8)   (0, 5)   (9, 2)   (7, 5)   (5, 7)   (0, 1)   (7, 4)   (6, 6)   (2, 8)   (2, 2)   (0, 5)  (6, 3)
job_5    (0, 4)   (2, 2)   (4, 1)   (0, 1)   (2, 6)   (8, 9)   (0, 3)   (3, 8)  (1, 10)   (8, 1)   (9, 7)  (6, 10)  (8, 10)  (3, 8)
job_6    (4, 1)   (3, 5)  (5, 10)   (4, 8)   (1, 8)   (2, 6)   (1, 6)   (7, 6)  (5, 10)   (4, 1)   (3, 6)  (6, 10)   (9, 3)  (4, 1)
job_7    (8, 7)  (2, 10)   (9, 4)   (2, 7)   (3, 9)   (9, 6)   (0, 3)  (5, 10)   (1, 1)   (5, 6)   (5, 2)   (3, 5)   (8, 9)  (5, 1)
job_8    (9, 9)  (3, 10)   (7, 9)   (1, 7)  (9, 10)  (6, 10)   (6, 9)   (8, 6)   (0, 6)   (3, 2)   (2, 1)  (3, 10)   (1, 3)  (2, 9)
job_9    (5, 6)   (2, 4)   (6, 9)   (2, 9)   (7, 7)   (0, 2)   (5, 1)   (2, 7)   (3, 5)   (8, 9)   (9, 8)   (1, 6)   (1, 9)  (3, 2)
job_10  (1, 10)   (2, 4)   (5, 6)   (1, 3)   (8, 4)   (1, 6)   (5, 2)   (7, 2)   (7, 9)   (9, 4)   (4, 9)   (4, 3)   (2, 4)  (7, 3)
job_11  (9, 10)   (6, 6)   (3, 7)  (9, 10)   (0, 5)   (2, 3)   (4, 9)  (1, 10)   (5, 8)   (2, 3)  (0, 10)  (8, 10)   (8, 8)  (9, 7)
job_12   (2, 8)   (9, 4)   (4, 4)   (6, 4)   (4, 1)   (2, 1)   (9, 5)   (8, 9)   (0, 8)   (6, 1)   (1, 4)   (9, 6)  (5, 10)  (1, 8)
job_13   (6, 7)   (8, 1)  (5, 10)   (6, 9)   (9, 6)   (4, 1)   (1, 2)   (6, 7)   (5, 9)  (8, 10)   (0, 8)   (6, 5)   (1, 6)  (8, 9)
job_14   (3, 4)   (2, 1)   (7, 2)   (7, 1)   (6, 2)   (9, 7)  (2, 10)   (4, 4)   (6, 8)   (8, 5)   (3, 3)   (9, 6)   (7, 4)  (1, 4)
job_15   (8, 4)   (7, 5)   (0, 3)   (1, 5)   (9, 8)   (2, 7)  (9, 10)   (6, 2)   (7, 2)   (1, 8)   (1, 5)   (4, 5)  (0, 10)  (8, 1)
job_16  (8, 10)   (5, 6)   (1, 9)   (5, 9)   (3, 8)  (9, 10)   (6, 9)   (4, 4)   (2, 5)   (3, 7)   (2, 5)   (5, 8)   (9, 1)  (0, 1)
job_17   (5, 9)   (2, 3)   (5, 4)   (2, 2)   (5, 7)   (1, 6)   (2, 8)   (1, 7)   (4, 8)   (5, 9)   (8, 5)   (8, 1)  (0, 10)  (6, 5)
job_18   (5, 9)   (8, 9)   (6, 5)   (0, 2)   (0, 3)   (7, 6)   (2, 3)   (8, 9)   (8, 2)   (2, 6)   (1, 1)   (7, 5)   (4, 9)  (6, 5)
job_19   (3, 7)   (8, 9)   (0, 5)   (6, 9)   (7, 2)   (3, 4)   (6, 7)   (3, 3)  (9, 10)   (0, 8)   (9, 1)   (8, 3)   (5, 6)  (3, 4)


Solution:
Machine 0: job_5_task_0   job_0_task_0   job_5_task_3   job_15_task_2  job_11_task_4  job_19_task_2  job_5_task_6   job_9_task_5   job_18_task_3  job_18_task_4  job_3_task_2   job_12_task_8  job_4_task_3   job_11_task_10 job_7_task_6   job_13_task_10 job_4_task_7   job_19_task_9  job_1_task_6   job_0_task_9   job_8_task_8   job_0_task_11  job_3_task_11  job_15_task_12 job_17_task_12 job_4_task_12  job_16_task_13 
           [0,4]          [4,13]         [15,16]        [27,30]        [33,38]        [38,43]        [47,50]        [50,52]        [64,66]        [66,69]        [74,76]        [81,89]        [89,94]        [106,116]      [116,119]      [119,127]      [127,128]      [128,136]      [136,140]      [145,153]      [153,159]      [159,161]      [161,163]      [169,179]      [179,189]      [189,194]      [199,200]      
Machine 1: job_10_task_0  job_16_task_2  job_15_task_3  job_0_task_2   job_8_task_3   job_2_task_3   job_6_task_4   job_4_task_1   job_13_task_6  job_11_task_7  job_6_task_6   job_10_task_3  job_5_task_8   job_0_task_6   job_10_task_5  job_0_task_7   job_2_task_8   job_17_task_5  job_18_task_10 job_3_task_9   job_17_task_7  job_12_task_10 job_15_task_9  job_15_task_10 job_7_task_8   job_9_task_11  job_13_task_12 job_2_task_10  job_8_task_12  job_9_task_12  job_12_task_13 job_14_task_13 
           [0,10]         [21,30]        [30,35]        [35,42]        [42,49]        [49,53]        [53,61]        [61,68]        [68,70]        [70,80]        [80,86]        [86,89]        [89,99]        [99,105]       [105,111]      [111,117]      [117,121]      [121,127]      [127,128]      [128,136]      [136,143]      [143,147]      [147,155]      [155,160]      [160,161]      [161,167]      [167,173]      [173,176]      [176,179]      [179,188]      [188,196]      [196,200]      
Machine 2: job_12_task_0  job_9_task_1   job_5_task_1   job_14_task_1  job_17_task_1  job_7_task_1   job_5_task_4   job_9_task_3   job_11_task_5  job_12_task_5  job_7_task_3   job_10_task_1  job_6_task_5   job_15_task_5  job_18_task_6  job_9_task_7   job_2_task_7   job_14_task_6  job_11_task_9  job_3_task_5   job_17_task_3  job_1_task_4   job_18_task_9  job_17_task_6  job_16_task_8  job_16_task_10 job_0_task_10  job_4_task_10  job_8_task_10  job_4_task_11  job_10_task_12 job_8_task_13  
           [0,8]          [8,12]         [12,14]        [14,15]        [15,18]        [18,28]        [28,34]        [34,43]        [43,46]        [46,47]        [47,54]        [54,58]        [61,67]        [67,74]        [75,78]        [78,85]        [85,93]        [93,103]       [103,106]      [106,108]      [109,111]      [111,121]      [121,127]      [127,135]      [135,140]      [147,152]      [153,157]      [157,165]      [165,166]      [166,168]      [168,172]      [179,188]      
Machine 3: job_14_task_0  job_6_task_1   job_19_task_0  job_11_task_2  job_8_task_1   job_0_task_1   job_1_task_0   job_3_task_0   job_5_task_7   job_7_task_4   job_16_task_4  job_19_task_5  job_3_task_3   job_9_task_8   job_19_task_7  job_16_task_9  job_3_task_10  job_6_task_10  job_14_task_10 job_8_task_9   job_3_task_12  job_8_task_11  job_5_task_13  job_7_task_11  job_19_task_13 job_9_task_13  
           [0,4]          [4,9]          [9,16]         [16,23]        [23,33]        [33,35]        [35,43]        [43,48]        [50,58]        [58,67]        [69,77]        [77,81]        [81,85]        [85,90]        [110,113]      [140,147]      [147,154]      [154,160]      [160,163]      [163,165]      [165,166]      [166,176]      [176,184]      [184,189]      [190,194]      [194,196]      
Machine 4: job_6_task_0   job_5_task_2   job_12_task_2  job_12_task_4  job_6_task_3   job_11_task_6  job_13_task_5  job_0_task_3   job_3_task_1   job_14_task_7  job_3_task_6   job_3_task_7   job_16_task_7  job_17_task_8  job_6_task_9   job_10_task_10 job_10_task_11 job_15_task_11 job_18_task_12 job_3_task_13  job_6_task_13  
           [0,1]          [14,15]        [23,27]        [31,32]        [41,49]        [49,58]        [58,59]        [59,65]        [65,74]        [103,107]      [108,114]      [114,119]      [119,123]      [143,151]      [151,152]      [152,161]      [161,164]      [164,169]      [169,178]      [178,187]      [187,188]      
Machine 5: job_9_task_0   job_17_task_0  job_16_task_1  job_13_task_2  job_6_task_2   job_18_task_0  job_4_task_0   job_16_task_3  job_9_task_6   job_0_task_4   job_10_task_2  job_11_task_8  job_1_task_2   job_13_task_8  job_17_task_2  job_1_task_3   job_17_task_4  job_4_task_6   job_7_task_7   job_10_task_6  job_6_task_8   job_2_task_9   job_17_task_9  job_7_task_9   job_12_task_12 job_7_task_10  job_19_task_12 job_16_task_11 job_7_task_13  
           [0,6]          [6,15]         [15,21]        [21,31]        [31,41]        [41,50]        [50,60]        [60,69]        [69,70]        [70,76]        [76,82]        [82,90]        [90,96]        [96,105]       [105,109]      [109,111]      [111,118]      [118,125]      [125,135]      [135,137]      [137,147]      [147,157]      [157,166]      [166,172]      [172,182]      [182,184]      [184,190]      [190,198]      [199,200]      
Machine 6: job_13_task_0  job_11_task_1  job_9_task_2   job_14_task_4  job_12_task_3  job_13_task_3  job_2_task_2   job_19_task_3  job_18_task_2  job_8_task_5   job_4_task_2   job_1_task_1   job_13_task_7  job_8_task_6   job_19_task_6  job_16_task_6  job_3_task_8   job_15_task_7  job_14_task_8  job_12_task_9  job_0_task_8   job_4_task_9   job_5_task_11  job_13_task_11 job_6_task_11  job_18_task_13 job_0_task_13  job_2_task_13  job_17_task_13 job_4_task_13  
           [0,7]          [10,16]        [16,25]        [25,27]        [27,31]        [31,40]        [40,48]        [48,57]        [59,64]        [64,74]        [74,82]        [82,87]        [87,94]        [94,103]       [103,110]      [110,119]      [119,128]      [128,130]      [130,138]      [138,139]      [139,145]      [145,151]      [151,161]      [161,166]      [166,176]      [178,183]      [183,188]      [188,192]      [192,197]      [197,200]      
Machine 7: job_14_task_2  job_14_task_3  job_15_task_1  job_8_task_2   job_9_task_4   job_2_task_4   job_2_task_5   job_19_task_4  job_18_task_5  job_2_task_6   job_3_task_4   job_6_task_7   job_4_task_5   job_4_task_8   job_15_task_8  job_10_task_7  job_10_task_8  job_18_task_11 job_1_task_7   job_0_task_12  job_1_task_10  job_14_task_12 job_1_task_11  job_10_task_13 
           [15,17]        [17,18]        [22,27]        [33,42]        [43,50]        [53,59]        [59,67]        [67,69]        [69,75]        [75,82]        [85,90]        [90,96]        [101,106]      [128,132]      [132,134]      [137,139]      [139,148]      [148,153]      [153,154]      [161,166]      [166,175]      [175,179]      [179,180]      [180,183]      
Machine 8: job_16_task_0  job_13_task_1  job_7_task_0   job_15_task_0  job_2_task_0   job_19_task_1  job_5_task_5   job_18_task_1  job_12_task_7  job_18_task_7  job_10_task_4  job_0_task_5   job_18_task_8  job_5_task_9   job_9_task_9   job_13_task_9  job_11_task_11 job_1_task_5   job_8_task_7   job_14_task_9  job_19_task_11 job_11_task_12 job_1_task_9   job_5_task_12  job_17_task_10 job_17_task_11 job_13_task_13 job_1_task_12  job_7_task_12  job_15_task_13 
           [0,10]         [10,11]        [11,18]        [18,22]        [22,29]        [29,38]        [38,47]        [50,59]        [72,81]        [81,90]        [90,94]        [94,96]        [96,98]        [99,100]       [100,109]      [109,119]      [119,129]      [129,136]      [136,142]      [142,147]      [147,150]      [151,159]      [159,163]      [163,173]      [173,178]      [178,179]      [179,188]      [188,190]      [190,199]      [199,200]      
Machine 9: job_11_task_0  job_8_task_0   job_12_task_1  job_11_task_3  job_2_task_1   job_7_task_2   job_13_task_4  job_8_task_4   job_15_task_4  job_12_task_6  job_14_task_5  job_15_task_6  job_16_task_5  job_4_task_4   job_5_task_10  job_7_task_5   job_19_task_8  job_9_task_10  job_19_task_10 job_10_task_9  job_1_task_8   job_12_task_11 job_11_task_13 job_14_task_11 job_6_task_12  job_2_task_11  job_2_task_12  job_1_task_13  job_16_task_12 
           [0,10]         [10,19]        [19,23]        [23,33]        [33,37]        [37,41]        [41,47]        [49,59]        [59,67]        [67,72]        [72,79]        [79,89]        [89,99]        [99,101]       [101,108]      [108,114]      [114,124]      [124,132]      [136,137]      [148,152]      [154,156]      [156,162]      [162,169]      [169,175]      [176,179]      [179,180]      [180,186]      [190,192]      [198,199]      
Optimal Schedule Length: 200.0
Total (Unoptimized Schedule Length): 1592
Statistics
  - conflicts: 0
  - branches : 0
  - wall time: 0.272348073s