
 Problem
         task_0  task_1  task_2  task_3  task_4  task_5  task_6  task_7  task_8  task_9 task_10 task_11 task_12 task_13 task_14
job_0   (4, 4)  (0, 8)  (0, 4)  (1, 3)  (0, 6)  (0, 0)  (2, 1)  (1, 1)  (0, 1)  (5, 3)  (3, 1)  (3, 6)  (3, 0)  (4, 4)  (0, 0)
job_1   (2, 8)  (1, 6)  (5, 7)  (0, 5)  (3, 3)  (2, 5)  (0, 7)  (5, 7)  (2, 5)  (4, 5)  (4, 8)  (3, 4)  (2, 8)  (1, 0)  (4, 1)
job_2   (1, 2)  (0, 2)  (5, 4)  (3, 1)  (1, 7)  (1, 9)  (0, 9)  (1, 2)  (2, 4)  (3, 3)  (4, 2)  (4, 1)  (5, 8)  (2, 9)  (0, 9)
job_3   (3, 7)  (4, 0)  (5, 3)  (4, 2)  (0, 1)  (0, 3)  (5, 0)  (0, 1)  (4, 8)  (3, 5)  (0, 3)  (0, 6)  (0, 0)  (2, 0)  (4, 9)
job_4   (1, 8)  (3, 0)  (5, 9)  (0, 9)  (2, 0)  (3, 4)  (0, 2)  (4, 6)  (4, 1)  (3, 6)  (0, 0)  (1, 4)  (3, 6)  (0, 7)  (1, 4)
job_5   (0, 9)  (4, 0)  (2, 6)  (2, 7)  (1, 1)  (1, 6)  (5, 0)  (1, 8)  (5, 4)  (4, 0)  (0, 3)  (1, 6)  (2, 4)  (2, 9)  (3, 6)
job_6   (2, 4)  (4, 1)  (4, 4)  (1, 6)  (4, 2)  (1, 0)  (2, 8)  (4, 7)  (2, 0)  (4, 9)  (5, 0)  (4, 5)  (5, 1)  (5, 5)  (4, 2)
job_7   (3, 7)  (0, 0)  (4, 1)  (3, 0)  (5, 8)  (4, 2)  (3, 4)  (0, 9)  (4, 1)  (2, 3)  (5, 8)  (4, 1)  (4, 8)  (4, 0)  (5, 8)
job_8   (0, 5)  (1, 6)  (5, 6)  (1, 6)  (3, 8)  (1, 8)  (1, 2)  (3, 0)  (1, 0)  (4, 1)  (3, 0)  (5, 6)  (2, 0)  (1, 1)  (1, 6)
job_9   (3, 4)  (2, 9)  (2, 3)  (1, 0)  (4, 4)  (3, 6)  (4, 7)  (5, 2)  (3, 4)  (1, 2)  (2, 2)  (2, 1)  (2, 2)  (4, 9)  (2, 6)
job_10  (0, 8)  (5, 0)  (5, 9)  (0, 4)  (0, 9)  (0, 9)  (5, 3)  (0, 1)  (4, 9)  (5, 0)  (5, 2)  (1, 4)  (3, 5)  (3, 6)  (2, 0)
job_11  (3, 2)  (1, 7)  (0, 4)  (2, 8)  (3, 0)  (5, 2)  (5, 5)  (1, 5)  (1, 9)  (1, 7)  (2, 0)  (5, 9)  (3, 7)  (3, 7)  (0, 1)
job_12  (5, 9)  (1, 7)  (2, 6)  (0, 1)  (5, 1)  (4, 0)  (3, 0)  (1, 0)  (5, 2)  (2, 7)  (1, 1)  (1, 1)  (0, 7)  (0, 1)  (2, 7)
job_13  (2, 8)  (5, 6)  (3, 9)  (1, 9)  (3, 1)  (0, 7)  (0, 4)  (1, 6)  (2, 8)  (1, 5)  (0, 2)  (1, 6)  (3, 3)  (4, 1)  (1, 9)

Solution:
Machine 0: job_10_task_0  job_2_task_1   job_5_task_0   job_11_task_2  job_8_task_0   job_10_task_3  job_1_task_3   job_7_task_1   job_13_task_5  job_4_task_3   job_1_task_6   job_4_task_6   job_2_task_6   job_13_task_6  job_10_task_4  job_4_task_10  job_10_task_5  job_0_task_1   job_7_task_7   job_3_task_4   job_3_task_5   job_3_task_7   job_0_task_2   job_12_task_3  job_5_task_10  job_10_task_7  job_13_task_10 job_0_task_4   job_0_task_5   job_3_task_10  job_3_task_11  job_3_task_12  job_11_task_14 job_2_task_14  job_0_task_8   job_4_task_13  job_12_task_12 job_12_task_13 job_0_task_14  
           [0,8]          [8,10]         [10,19]        [19,23]        [23,28]        [28,32]        [32,37]        [32,32]        [37,44]        [44,53]        [53,60]        [60,62]        [62,71]        [71,75]        [75,84]        [84,84]        [84,93]        [93,101]       [101,110]      [110,111]      [111,114]      [114,115]      [115,119]      [119,120]      [120,123]      [123,124]      [124,126]      [126,132]      [132,132]      [132,135]      [135,141]      [141,141]      [142,143]      [143,152]      [152,153]      [153,160]      [160,167]      [167,168]      [179,179]      
Machine 1: job_2_task_0   job_4_task_0   job_11_task_1  job_1_task_1   job_13_task_3  job_6_task_3   job_2_task_4   job_2_task_5   job_6_task_5   job_9_task_3   job_8_task_1   job_5_task_4   job_5_task_5   job_11_task_7  job_5_task_7   job_13_task_7  job_2_task_7   job_11_task_8  job_12_task_1  job_8_task_3   job_11_task_9  job_13_task_9  job_0_task_3   job_1_task_13  job_5_task_11  job_8_task_5   job_9_task_9   job_12_task_7  job_4_task_11  job_13_task_11 job_0_task_7   job_8_task_6   job_8_task_8   job_10_task_11 job_12_task_10 job_12_task_11 job_4_task_14  job_8_task_13  job_8_task_14  job_13_task_14 
           [0,2]          [2,10]         [10,17]        [17,23]        [23,32]        [32,38]        [38,45]        [45,54]        [45,45]        [45,45]        [54,60]        [60,61]        [61,67]        [67,72]        [72,80]        [80,86]        [86,88]        [88,97]        [97,104]       [104,110]      [110,117]      [117,122]      [122,125]      [122,122]      [125,131]      [131,139]      [139,141]      [139,139]      [141,145]      [145,151]      [151,152]      [152,154]      [154,154]      [154,158]      [158,159]      [159,160]      [160,164]      [164,165]      [165,171]      [171,180]      
Machine 2: job_13_task_0  job_1_task_0   job_6_task_0   job_9_task_1   job_11_task_3  job_9_task_2   job_5_task_2   job_1_task_5   job_4_task_4   job_5_task_3   job_6_task_6   job_1_task_8   job_6_task_8   job_13_task_8  job_2_task_8   job_12_task_2  job_1_task_12  job_7_task_9   job_11_task_10 job_2_task_13  job_5_task_12  job_0_task_6   job_3_task_13  job_9_task_10  job_9_task_11  job_9_task_12  job_12_task_9  job_5_task_13  job_8_task_12  job_9_task_14  job_12_task_14 job_10_task_14 
           [0,8]          [8,16]         [16,20]        [20,29]        [29,37]        [37,40]        [40,46]        [46,51]        [53,53]        [53,60]        [60,68]        [74,79]        [79,79]        [86,94]        [94,98]        [104,110]      [110,118]      [118,121]      [118,118]      [121,130]      [131,135]      [135,136]      [141,141]      [141,143]      [143,144]      [144,146]      [146,153]      [153,162]      [163,163]      [163,169]      [169,176]      [180,180]      
Machine 3: job_11_task_0  job_9_task_0   job_3_task_0   job_4_task_1   job_13_task_2  job_7_task_0   job_13_task_4  job_7_task_3   job_2_task_3   job_1_task_4   job_11_task_4  job_9_task_5   job_4_task_5   job_7_task_6   job_4_task_9   job_9_task_8   job_2_task_9   job_1_task_11  job_8_task_4   job_3_task_9   job_11_task_12 job_11_task_13 job_12_task_6  job_4_task_12  job_13_task_12 job_8_task_7   job_0_task_10  job_0_task_11  job_8_task_10  job_10_task_12 job_0_task_12  job_5_task_14  job_10_task_13 
           [0,2]          [2,6]          [6,13]         [13,13]        [14,23]        [23,30]        [32,33]        [33,33]        [34,35]        [37,40]        [37,37]        [49,55]        [55,59]        [59,63]        [78,84]        [85,89]        [98,101]       [101,105]      [110,118]      [123,128]      [128,135]      [135,142]      [135,135]      [145,151]      [151,154]      [154,154]      [156,157]      [157,163]      [157,157]      [163,168]      [168,168]      [168,174]      [174,180]      
Machine 4: job_0_task_0   job_3_task_1   job_5_task_1   job_6_task_1   job_6_task_2   job_7_task_2   job_6_task_4   job_9_task_4   job_7_task_5   job_9_task_6   job_3_task_3   job_4_task_7   job_6_task_7   job_4_task_8   job_1_task_9   job_6_task_9   job_1_task_10  job_5_task_9   job_2_task_10  job_2_task_11  job_6_task_11  job_7_task_8   job_3_task_8   job_1_task_14  job_10_task_8  job_12_task_5  job_7_task_11  job_7_task_12  job_6_task_14  job_7_task_13  job_9_task_13  job_8_task_9   job_3_task_14  job_13_task_13 job_0_task_13  
           [0,4]          [13,13]        [19,19]        [20,21]        [21,25]        [32,33]        [38,40]        [45,49]        [53,55]        [55,62]        [62,64]        [64,70]        [70,77]        [77,78]        [79,84]        [84,93]        [93,101]       [93,93]        [101,103]      [103,104]      [104,109]      [110,111]      [115,123]      [123,124]      [124,133]      [133,133]      [136,137]      [137,145]      [145,147]      [145,145]      [147,156]      [156,157]      [157,166]      [166,167]      [175,179]      
Machine 5: job_10_task_1  job_13_task_1  job_10_task_2  job_1_task_2   job_2_task_2   job_4_task_2   job_11_task_5  job_7_task_4   job_11_task_6  job_3_task_2   job_8_task_2   job_1_task_7   job_5_task_6   job_12_task_0  job_9_task_7   job_5_task_8   job_6_task_10  job_10_task_6  job_2_task_12  job_6_task_12  job_3_task_6   job_11_task_11 job_12_task_4  job_7_task_10  job_10_task_9  job_10_task_10 job_6_task_13  job_12_task_8  job_7_task_14  job_0_task_9   job_8_task_11  
           [8,8]          [8,14]         [14,23]        [23,30]        [30,34]        [34,43]        [43,45]        [45,53]        [53,58]        [58,61]        [61,67]        [67,74]        [67,67]        [74,83]        [83,85]        [85,89]        [93,93]        [93,96]        [104,112]      [112,113]      [114,114]      [118,127]      [127,128]      [128,136]      [136,136]      [136,138]      [138,143]      [143,145]      [145,153]      [153,156]      [157,163]      
Optimal Schedule Length: 180.0
Total (Unoptimized Schedule Length): 882
Statistics
  - conflicts: 0
  - branches : 0
  - wall time: 0.22418860000000002s