
Problem
         task_0   task_1  task_2   task_3   task_4   task_5   task_6   task_7   task_8   task_9  task_10 task_11  task_12  task_13  task_14
job_0    (5, 6)   (6, 1)  (7, 3)   (4, 6)   (5, 7)   (4, 5)   (2, 2)  (2, 10)   (1, 4)   (3, 7)   (1, 1)  (0, 6)   (5, 9)   (7, 6)   (4, 5)
job_1    (6, 6)   (3, 1)  (1, 3)   (1, 9)   (6, 5)   (7, 4)   (7, 9)   (6, 4)   (6, 9)   (3, 1)  (1, 10)  (3, 3)   (7, 6)   (6, 6)   (4, 9)
job_2    (2, 4)   (7, 7)  (5, 8)   (5, 2)   (6, 4)   (3, 8)   (5, 5)   (3, 4)   (5, 2)   (6, 5)   (7, 2)  (6, 8)  (5, 10)   (5, 7)   (6, 8)
job_3    (4, 4)   (5, 4)  (2, 6)  (0, 10)   (6, 3)   (0, 1)   (6, 5)   (1, 3)   (0, 2)   (2, 6)   (4, 7)  (3, 6)   (1, 8)   (3, 7)   (6, 8)
job_4    (1, 8)   (4, 6)  (7, 1)   (2, 8)   (5, 2)   (0, 7)   (6, 6)   (5, 2)  (0, 10)   (4, 7)   (2, 3)  (4, 6)   (3, 6)   (6, 9)   (3, 5)
job_5    (5, 8)  (6, 10)  (4, 3)   (4, 9)   (1, 8)   (5, 2)   (0, 8)   (6, 8)   (2, 7)   (2, 7)   (4, 2)  (5, 9)   (6, 5)   (1, 8)  (0, 10)
job_6    (5, 6)   (2, 2)  (5, 5)  (7, 10)   (0, 6)   (6, 7)   (2, 6)   (4, 4)   (5, 2)   (3, 8)   (4, 2)  (7, 6)   (4, 5)   (7, 5)   (2, 5)
job_7    (1, 7)   (1, 6)  (6, 7)   (1, 9)   (1, 5)   (5, 2)   (2, 2)   (5, 1)   (2, 2)   (7, 3)  (7, 10)  (2, 6)   (4, 5)   (7, 6)   (3, 1)
job_8   (6, 10)   (4, 1)  (7, 7)   (5, 5)   (6, 3)   (4, 4)   (4, 8)   (7, 9)   (1, 2)   (7, 6)   (6, 4)  (4, 4)   (7, 1)   (5, 7)  (0, 10)
job_9    (1, 1)   (6, 5)  (0, 7)   (2, 1)   (1, 9)  (0, 10)   (3, 1)   (5, 3)   (2, 9)   (5, 2)   (3, 2)  (1, 8)  (4, 10)   (1, 7)   (6, 4)
job_10   (0, 8)   (2, 7)  (5, 5)  (6, 10)   (0, 6)   (0, 6)  (0, 10)  (7, 10)   (1, 2)   (5, 7)   (7, 9)  (6, 1)   (5, 9)  (0, 10)   (4, 7)
job_11   (4, 5)   (5, 4)  (2, 8)   (3, 3)   (3, 1)  (0, 10)   (0, 4)   (6, 6)   (7, 6)   (3, 2)   (7, 4)  (7, 5)  (5, 10)   (7, 1)   (6, 8)
job_12   (0, 3)   (3, 4)  (7, 7)   (7, 4)   (4, 9)   (2, 8)   (1, 7)   (7, 8)   (4, 4)   (0, 7)  (2, 10)  (7, 9)   (4, 9)   (4, 5)   (0, 7)
job_13   (6, 4)   (5, 6)  (5, 1)   (3, 6)   (3, 6)  (1, 10)   (7, 3)   (0, 7)   (5, 2)   (3, 8)   (3, 2)  (1, 3)   (7, 3)   (4, 3)   (2, 8)
job_14   (1, 3)   (1, 7)  (5, 4)   (1, 8)  (5, 10)   (3, 4)   (1, 6)   (4, 7)   (1, 1)   (5, 1)   (5, 4)  (0, 8)   (4, 5)   (2, 1)   (0, 3)
job_15   (2, 8)   (2, 3)  (7, 9)   (3, 8)   (3, 4)   (5, 3)  (7, 10)   (4, 2)   (6, 8)  (2, 10)   (0, 5)  (5, 4)   (1, 1)   (4, 4)   (0, 2)
job_16   (0, 3)   (6, 7)  (2, 3)   (7, 6)   (2, 2)   (7, 1)   (2, 2)   (1, 4)   (0, 6)  (3, 10)  (0, 10)  (6, 1)   (4, 9)   (1, 3)   (5, 7)
job_17   (4, 5)   (5, 3)  (1, 6)   (3, 6)   (3, 1)   (6, 5)   (6, 1)  (7, 10)   (6, 9)   (2, 2)   (0, 6)  (4, 3)   (0, 5)   (5, 5)   (4, 1)


Solution:
Machine 0: job_10_task_0  job_12_task_0  job_9_task_2   job_3_task_3   job_16_task_0  job_9_task_5   job_4_task_5   job_3_task_5   job_10_task_4  job_10_task_5  job_10_task_6  job_11_task_5  job_3_task_8   job_6_task_4   job_4_task_8   job_5_task_6   job_12_task_9  job_13_task_7  job_16_task_8  job_11_task_6  job_14_task_11 job_16_task_10 job_0_task_11  job_17_task_10 job_10_task_13 job_8_task_14  job_15_task_10 job_5_task_14  job_17_task_12 job_12_task_14 job_14_task_14 job_15_task_14 
           [0,8]          [8,11]         [11,18]        [18,28]        [28,31]        [31,41]        [41,48]        [48,49]        [49,55]        [55,61]        [61,71]        [71,81]        [81,83]        [83,89]        [89,99]        [99,107]       [107,114]      [114,121]      [121,127]      [127,131]      [131,139]      [139,149]      [149,155]      [155,161]      [161,171]      [171,181]      [181,186]      [186,196]      [196,201]      [201,208]      [208,211]      [211,213]      
Machine 1: job_9_task_0   job_4_task_0   job_1_task_2   job_1_task_3   job_9_task_4   job_14_task_0  job_7_task_0   job_14_task_1  job_12_task_6  job_5_task_4   job_7_task_1   job_17_task_2  job_3_task_7   job_14_task_3  job_7_task_3   job_13_task_5  job_14_task_6  job_8_task_8   job_10_task_8  job_16_task_7  job_14_task_8  job_9_task_11  job_7_task_4   job_0_task_8   job_0_task_10  job_1_task_10  job_3_task_12  job_9_task_13  job_13_task_11 job_5_task_13  job_16_task_13 job_15_task_12 
           [0,1]          [1,9]          [9,12]         [12,21]        [21,30]        [30,33]        [33,40]        [40,47]        [47,54]        [54,62]        [62,68]        [68,74]        [76,79]        [79,87]        [87,96]        [96,106]       [106,112]      [112,114]      [114,116]      [117,121]      [121,122]      [122,130]      [130,135]      [135,139]      [146,147]      [147,157]      [157,165]      [165,172]      [172,175]      [175,183]      [183,186]      [200,201]      
Machine 2: job_2_task_0   job_15_task_0  job_3_task_2   job_9_task_3   job_10_task_1  job_15_task_1  job_4_task_3   job_6_task_1   job_12_task_5  job_11_task_2  job_16_task_2  job_16_task_4  job_0_task_6   job_0_task_7   job_3_task_9   job_6_task_6   job_9_task_8   job_4_task_10  job_16_task_6  job_12_task_10 job_5_task_8   job_5_task_9   job_15_task_9  job_7_task_6   job_17_task_9  job_14_task_13 job_7_task_8   job_7_task_11  job_13_task_14 job_6_task_14  
           [0,4]          [4,12]         [12,18]        [18,19]        [19,26]        [26,29]        [29,37]        [37,39]        [39,47]        [48,56]        [56,59]        [72,74]        [74,76]        [76,86]        [86,92]        [97,103]       [103,112]      [112,115]      [115,117]      [117,127]      [127,134]      [134,141]      [141,151]      [151,153]      [153,155]      [155,156]      [169,171]      [191,197]      [198,206]      [206,211]      
Machine 3: job_1_task_1   job_12_task_1  job_9_task_6   job_15_task_3  job_15_task_4  job_11_task_3  job_13_task_3  job_11_task_4  job_2_task_5   job_13_task_4  job_17_task_3  job_17_task_4  job_2_task_7   job_14_task_5  job_3_task_11  job_1_task_9   job_6_task_9   job_9_task_10  job_16_task_9  job_0_task_9   job_13_task_9  job_4_task_12  job_1_task_11  job_11_task_9  job_13_task_10 job_3_task_13  job_4_task_14  job_7_task_14  
           [6,7]          [11,15]        [41,42]        [43,51]        [51,55]        [56,59]        [59,65]        [65,66]        [66,74]        [74,80]        [80,86]        [86,87]        [87,91]        [98,102]       [102,108]      [111,112]      [112,120]      [120,122]      [127,137]      [139,146]      [146,154]      [154,160]      [160,163]      [163,165]      [165,167]      [167,174]      [185,190]      [212,213]      
Machine 4: job_3_task_0   job_11_task_0  job_4_task_1   job_0_task_3   job_17_task_0  job_8_task_1   job_12_task_4  job_5_task_2   job_5_task_3   job_12_task_8  job_0_task_5   job_8_task_5   job_8_task_6   job_3_task_10  job_4_task_9   job_6_task_7   job_15_task_7  job_14_task_7  job_4_task_11  job_8_task_11  job_6_task_10  job_9_task_12  job_14_task_12 job_5_task_10  job_6_task_12  job_16_task_12 job_12_task_12 job_10_task_14 job_1_task_14  job_12_task_13 job_17_task_11 job_13_task_13 job_7_task_12  job_15_task_13 job_0_task_14  job_17_task_14 
           [0,4]          [4,9]          [9,15]         [15,21]        [21,26]        [26,27]        [27,36]        [36,39]        [39,48]        [62,66]        [67,72]        [79,83]        [83,91]        [92,99]        [99,106]       [106,110]      [110,112]      [112,119]      [119,125]      [125,129]      [129,131]      [131,141]      [141,146]      [146,148]      [148,153]      [153,162]      [162,171]      [171,178]      [178,187]      [187,192]      [192,195]      [195,198]      [198,203]      [203,207]      [207,212]      [212,213]      
Machine 5: job_0_task_0   job_3_task_1   job_5_task_0   job_6_task_0   job_2_task_2   job_10_task_2  job_4_task_4   job_6_task_2   job_11_task_1  job_13_task_1  job_2_task_3   job_13_task_2  job_17_task_1  job_0_task_4   job_8_task_3   job_5_task_5   job_14_task_2  job_2_task_6   job_4_task_7   job_15_task_5  job_14_task_4  job_9_task_7   job_2_task_8   job_6_task_8   job_9_task_9   job_10_task_9  job_14_task_9  job_14_task_10 job_13_task_8  job_8_task_13  job_7_task_5   job_10_task_12 job_5_task_11  job_0_task_12  job_7_task_7   job_2_task_12  job_11_task_12 job_2_task_13  job_15_task_11 job_16_task_14 job_17_task_13 
           [0,6]          [6,10]         [10,18]        [18,24]        [24,32]        [32,37]        [37,39]        [39,44]        [44,48]        [48,54]        [54,56]        [56,57]        [57,60]        [60,67]        [67,72]        [72,74]        [74,78]        [78,83]        [83,85]        [85,88]        [88,98]        [98,101]       [101,103]      [110,112]      [112,114]      [116,123]      [123,124]      [124,128]      [128,130]      [131,138]      [138,140]      [141,150]      [150,159]      [159,168]      [168,169]      [169,179]      [179,189]      [189,196]      [196,200]      [200,207]      [207,212]      
Machine 6: job_1_task_0   job_9_task_1   job_0_task_1   job_8_task_0   job_5_task_1   job_13_task_0  job_3_task_4   job_10_task_3  job_16_task_1  job_1_task_4   job_2_task_4   job_4_task_6   job_3_task_6   job_8_task_4   job_7_task_2   job_1_task_7   job_6_task_5   job_17_task_5  job_1_task_8   job_5_task_7   job_17_task_6  job_8_task_10  job_2_task_9   job_15_task_8  job_10_task_11 job_17_task_8  job_16_task_11 job_11_task_7  job_2_task_11  job_5_task_12  job_1_task_13  job_4_task_13  job_3_task_14  job_9_task_14  job_11_task_14 job_2_task_14  
           [0,6]          [6,11]         [11,12]        [12,22]        [22,32]        [32,36]        [36,39]        [39,49]        [49,56]        [56,61]        [61,65]        [65,71]        [71,76]        [76,79]        [79,86]        [86,90]        [90,97]        [97,102]       [102,111]      [111,119]      [119,120]      [120,124]      [124,129]      [129,137]      [140,141]      [141,150]      [150,151]      [151,157]      [157,165]      [165,170]      [170,176]      [176,185]      [185,193]      [193,197]      [197,205]      [205,213]      
Machine 7: job_2_task_1   job_0_task_2   job_12_task_2  job_12_task_3  job_4_task_2   job_8_task_2   job_15_task_2  job_6_task_3   job_12_task_7  job_1_task_5   job_16_task_3  job_1_task_6   job_10_task_7  job_15_task_6  job_8_task_7   job_13_task_6  job_16_task_5  job_8_task_9   job_17_task_7  job_8_task_12  job_10_task_10 job_6_task_11  job_12_task_11 job_2_task_10  job_11_task_8  job_1_task_12  job_11_task_10 job_11_task_11 job_7_task_9   job_7_task_10  job_13_task_12 job_11_task_13 job_0_task_13  job_6_task_13  job_7_task_13  
           [4,11]         [12,15]        [15,22]        [22,26]        [26,27]        [27,34]        [34,43]        [44,54]        [54,62]        [62,66]        [66,72]        [72,81]        [81,91]        [91,101]       [101,110]      [110,113]      [113,114]      [114,120]      [120,130]      [130,131]      [131,140]      [140,146]      [146,155]      [155,157]      [157,163]      [163,169]      [169,173]      [173,178]      [178,181]      [181,191]      [191,194]      [194,195]      [195,201]      [201,206]      [206,212]      
Optimal Schedule Length: 213.0
Total (Unoptimized Schedule Length): 1480
Statistics
  - conflicts: 0
  - branches : 0
  - wall time: 14.606944931000001s