
Problem
         task_0   task_1   task_2  task_3  task_4   task_5   task_6  task_7   task_8  task_9  task_10 task_11  task_12  task_13 task_14  task_15  task_16  task_17  task_18
job_0    (1, 5)   (2, 1)   (0, 3)  (1, 5)  (3, 1)   (1, 3)   (1, 7)  (3, 5)   (3, 2)  (1, 3)  (0, 10)  (0, 5)   (3, 5)   (2, 2)  (0, 5)   (3, 9)   (0, 9)   (2, 4)   (2, 6)
job_1    (0, 1)   (1, 4)   (0, 3)  (3, 1)  (1, 7)   (0, 6)   (1, 9)  (1, 2)   (3, 9)  (1, 1)   (3, 5)  (1, 2)   (3, 3)   (3, 7)  (2, 9)   (3, 3)   (0, 8)   (2, 8)  (2, 10)
job_2    (3, 6)   (2, 2)   (3, 3)  (3, 5)  (2, 3)   (0, 2)   (3, 5)  (1, 4)   (2, 8)  (3, 6)   (3, 1)  (3, 9)   (1, 8)   (2, 2)  (1, 2)   (0, 9)   (2, 6)   (1, 5)   (2, 6)
job_3    (2, 6)  (1, 10)   (1, 5)  (3, 3)  (2, 9)   (2, 3)   (3, 6)  (3, 5)   (0, 6)  (2, 6)   (2, 8)  (2, 6)   (3, 5)   (2, 5)  (0, 1)   (1, 5)   (0, 3)   (2, 1)   (0, 3)
job_4    (0, 7)   (1, 4)   (0, 7)  (3, 3)  (2, 7)   (1, 9)   (1, 1)  (1, 6)   (2, 7)  (0, 4)   (1, 3)  (3, 4)   (2, 5)   (1, 4)  (0, 6)   (2, 9)   (2, 1)   (2, 5)   (1, 6)
job_5    (1, 2)   (0, 8)   (0, 4)  (2, 8)  (1, 7)   (1, 3)   (0, 2)  (1, 4)   (3, 7)  (1, 5)   (2, 4)  (1, 9)   (3, 9)   (0, 4)  (1, 6)   (0, 8)   (0, 3)   (2, 4)   (1, 6)
job_6    (3, 5)   (1, 8)   (2, 6)  (3, 9)  (1, 8)   (3, 3)   (3, 8)  (1, 1)  (1, 10)  (2, 4)   (1, 2)  (3, 5)   (3, 6)   (0, 7)  (1, 6)  (0, 10)   (2, 6)  (0, 10)   (0, 9)
job_7    (1, 1)   (0, 4)   (1, 1)  (2, 1)  (2, 6)  (3, 10)   (3, 2)  (2, 7)   (1, 3)  (3, 9)   (1, 6)  (0, 2)   (3, 1)   (0, 3)  (3, 5)  (2, 10)   (2, 9)   (3, 5)   (0, 3)
job_8    (3, 1)   (3, 3)   (1, 8)  (1, 5)  (0, 7)   (3, 1)   (2, 9)  (2, 3)   (0, 4)  (3, 9)   (3, 1)  (1, 2)   (0, 1)   (3, 6)  (1, 5)   (3, 4)   (3, 7)   (0, 8)   (0, 3)
job_9   (0, 10)   (0, 2)   (0, 9)  (0, 7)  (1, 8)   (0, 7)   (3, 4)  (3, 5)   (1, 6)  (1, 4)   (0, 3)  (0, 9)  (2, 10)  (3, 10)  (0, 1)   (3, 9)  (2, 10)   (3, 9)   (2, 9)
job_10   (3, 2)   (0, 1)  (3, 10)  (2, 3)  (3, 8)   (2, 8)  (2, 10)  (3, 8)   (0, 4)  (3, 3)   (0, 9)  (0, 2)   (0, 3)  (1, 10)  (1, 5)   (0, 7)   (0, 9)   (3, 6)   (3, 9)


Solution:
Machine 0: job_9_task_0   job_9_task_1   job_9_task_2   job_10_task_1  job_9_task_3   job_5_task_1   job_1_task_0   job_4_task_0   job_9_task_5   job_1_task_2   job_5_task_2   job_7_task_1   job_4_task_2   job_0_task_2   job_1_task_5   job_2_task_5   job_9_task_10  job_9_task_11  job_10_task_8  job_8_task_4   job_10_task_10 job_10_task_11 job_10_task_12 job_9_task_14  job_8_task_8   job_4_task_9   job_3_task_8   job_8_task_12  job_7_task_11  job_6_task_13  job_7_task_13  job_10_task_15 job_4_task_14  job_6_task_15  job_5_task_6   job_10_task_16 job_6_task_17  job_3_task_14  job_1_task_16  job_6_task_18  job_0_task_10  job_3_task_16  job_0_task_11  job_7_task_18  job_5_task_13  job_2_task_15  job_0_task_14  job_5_task_15  job_5_task_16  job_0_task_16  job_8_task_17  job_3_task_18  job_8_task_18  
           [0,10]         [10,12]        [12,21]        [21,22]        [22,29]        [29,37]        [37,38]        [38,45]        [45,52]        [52,55]        [55,59]        [59,63]        [63,70]        [70,73]        [73,79]        [79,81]        [87,90]        [90,99]        [99,103]       [104,111]      [111,120]      [120,122]      [122,125]      [130,131]      [133,137]      [140,144]      [146,152]      [156,157]      [162,164]      [164,171]      [171,174]      [174,181]      [181,187]      [187,197]      [197,199]      [199,208]      [208,218]      [218,219]      [219,227]      [227,236]      [236,246]      [246,249]      [249,254]      [254,257]      [257,261]      [261,270]      [270,275]      [275,283]      [283,286]      [286,295]      [295,303]      [303,306]      [306,309]      
Machine 1: job_5_task_0   job_0_task_0   job_6_task_1   job_3_task_1   job_8_task_2   job_9_task_4   job_7_task_0   job_1_task_1   job_6_task_4   job_4_task_1   job_1_task_4   job_7_task_2   job_3_task_2   job_9_task_8   job_6_task_7   job_0_task_3   job_9_task_9   job_1_task_6   job_0_task_5   job_8_task_3   job_4_task_5   job_4_task_6   job_6_task_8   job_7_task_8   job_4_task_7   job_2_task_7   job_10_task_13 job_6_task_10  job_4_task_10  job_1_task_7   job_8_task_11  job_7_task_10  job_0_task_6   job_10_task_14 job_4_task_13  job_1_task_9   job_6_task_14  job_1_task_11  job_5_task_4   job_5_task_5   job_5_task_7   job_3_task_15  job_5_task_9   job_0_task_9   job_5_task_11  job_2_task_12  job_2_task_14  job_8_task_14  job_5_task_14  job_2_task_17  job_4_task_18  job_5_task_18  
           [0,2]          [2,7]          [7,15]         [15,25]        [25,33]        [33,41]        [41,42]        [42,46]        [46,54]        [54,58]        [58,65]        [65,66]        [66,71]        [71,77]        [77,78]        [78,83]        [83,87]        [87,96]        [96,99]        [99,104]       [104,113]      [113,114]      [114,124]      [124,127]      [127,133]      [133,137]      [137,147]      [147,149]      [149,152]      [152,154]      [154,156]      [156,162]      [162,169]      [169,174]      [174,178]      [178,179]      [179,185]      [185,187]      [187,194]      [194,197]      [217,221]      [221,226]      [228,233]      [233,236]      [237,246]      [248,256]      [258,260]      [261,266]      [268,274]      [276,281]      [281,287]      [304,310]      
Machine 2: job_3_task_0   job_0_task_1   job_2_task_1   job_6_task_2   job_2_task_4   job_10_task_3  job_10_task_5  job_5_task_3   job_10_task_6  job_7_task_3   job_7_task_4   job_4_task_4   job_3_task_4   job_3_task_5   job_9_task_12  job_7_task_7   job_8_task_6   job_8_task_7   job_4_task_8   job_6_task_9   job_2_task_8   job_3_task_9   job_3_task_10  job_4_task_12  job_3_task_11  job_7_task_15  job_7_task_16  job_6_task_16  job_1_task_14  job_3_task_13  job_9_task_16  job_5_task_10  job_1_task_17  job_1_task_18  job_3_task_17  job_2_task_13  job_4_task_15  job_0_task_13  job_4_task_16  job_2_task_16  job_4_task_17  job_2_task_18  job_9_task_18  job_0_task_17  job_5_task_17  job_0_task_18  
           [0,6]          [7,8]          [13,15]        [15,21]        [25,28]        [35,38]        [52,60]        [60,68]        [68,78]        [78,79]        [79,85]        [85,92]        [92,101]       [101,104]      [104,114]      [114,121]      [121,130]      [130,133]      [133,140]      [140,144]      [144,152]      [152,158]      [158,166]      [166,171]      [171,177]      [179,189]      [189,198]      [198,204]      [204,213]      [213,218]      [218,228]      [233,237]      [237,245]      [245,255]      [255,256]      [256,258]      [258,267]      [267,269]      [269,270]      [270,276]      [276,281]      [281,287]      [287,296]      [296,300]      [300,304]      [304,310]      
Machine 3: job_6_task_0   job_10_task_0  job_2_task_0   job_8_task_0   job_8_task_1   job_2_task_2   job_2_task_3   job_10_task_2  job_6_task_3   job_10_task_4  job_9_task_6   job_1_task_3   job_6_task_5   job_9_task_7   job_6_task_6   job_4_task_3   job_3_task_3   job_10_task_7  job_0_task_4   job_7_task_5   job_2_task_6   job_7_task_6   job_10_task_9  job_3_task_6   job_8_task_5   job_3_task_7   job_9_task_13  job_7_task_9   job_8_task_9   job_8_task_10  job_6_task_11  job_4_task_11  job_6_task_12  job_7_task_12  job_1_task_8   job_7_task_14  job_1_task_10  job_0_task_7   job_1_task_12  job_1_task_13  job_9_task_15  job_3_task_12  job_1_task_15  job_7_task_17  job_5_task_8   job_0_task_8   job_2_task_9   job_2_task_10  job_2_task_11  job_5_task_12  job_8_task_13  job_0_task_12  job_9_task_17  job_0_task_15  job_8_task_15  job_8_task_16  job_10_task_17 job_10_task_18 
           [0,5]          [5,7]          [7,13]         [13,14]        [14,17]        [17,20]        [20,25]        [25,35]        [35,44]        [44,52]        [52,56]        [56,57]        [57,60]        [60,65]        [65,73]        [73,76]        [76,79]        [79,87]        [87,88]        [88,98]        [98,103]       [103,105]      [105,108]      [108,114]      [114,115]      [115,120]      [120,130]      [130,139]      [139,148]      [148,149]      [149,154]      [154,158]      [158,164]      [164,165]      [165,174]      [174,179]      [179,184]      [184,189]      [189,192]      [192,199]      [199,208]      [208,213]      [213,216]      [216,221]      [221,228]      [228,230]      [230,236]      [236,237]      [237,246]      [246,255]      [255,261]      [261,266]      [266,275]      [275,284]      [284,288]      [288,295]      [295,301]      [301,310]      
Optimal Schedule Length: 310.0
Total (Unoptimized Schedule Length): 1124
Statistics
  - conflicts: 0
  - branches : 0
  - wall time: 3.4161384800000003s