
Problem
         task_0   task_1   task_2   task_3   task_4  task_5   task_6   task_7   task_8   task_9  task_10  task_11  task_12  task_13  task_14  task_15  task_16
job_0    (3, 4)   (4, 5)   (5, 9)   (0, 9)   (7, 9)  (8, 2)   (6, 8)   (3, 1)   (5, 4)  (1, 10)   (2, 9)   (7, 9)   (8, 7)   (6, 5)   (1, 9)   (4, 7)   (1, 6)
job_1    (0, 3)   (4, 2)   (5, 1)   (1, 7)   (2, 8)  (3, 1)   (7, 6)   (5, 8)   (1, 7)   (8, 6)   (3, 2)   (2, 4)   (0, 2)   (8, 3)   (3, 4)   (5, 1)   (0, 3)
job_2    (6, 7)   (2, 1)   (8, 8)   (8, 6)   (3, 2)  (4, 8)   (4, 7)   (1, 4)   (3, 6)   (8, 5)   (8, 9)   (4, 8)   (5, 1)   (3, 1)   (0, 9)   (6, 5)   (8, 4)
job_3    (0, 2)   (6, 3)  (3, 10)  (6, 10)   (3, 7)  (7, 9)   (1, 1)   (0, 6)   (7, 3)   (3, 7)   (6, 7)   (2, 7)   (2, 5)   (8, 5)   (4, 3)   (3, 1)   (6, 4)
job_4    (5, 7)  (1, 10)   (3, 4)   (0, 9)   (5, 9)  (7, 5)   (4, 2)   (2, 2)  (2, 10)   (3, 8)   (7, 5)   (6, 7)   (3, 8)   (1, 3)   (8, 1)   (8, 9)   (7, 4)
job_5    (6, 5)   (8, 4)   (3, 7)   (1, 9)   (4, 9)  (8, 4)  (2, 10)  (7, 10)   (5, 4)  (2, 10)   (0, 9)  (0, 10)   (1, 3)  (3, 10)   (4, 3)   (7, 5)   (0, 2)
job_6    (0, 1)   (0, 8)   (3, 6)   (1, 7)   (6, 8)  (1, 8)   (0, 1)   (0, 2)   (5, 5)   (2, 4)   (5, 9)   (3, 2)   (1, 5)   (6, 5)   (3, 7)   (2, 8)   (4, 4)
job_7    (2, 4)   (3, 6)   (5, 4)   (5, 6)   (2, 5)  (1, 4)   (8, 2)   (4, 1)   (2, 4)   (7, 4)   (3, 6)   (6, 2)   (3, 7)   (8, 1)   (0, 5)   (7, 5)   (2, 7)
job_8    (0, 1)   (5, 2)   (0, 6)   (8, 1)  (7, 10)  (6, 3)   (8, 9)   (7, 3)   (1, 4)   (6, 3)   (5, 8)   (6, 9)   (5, 4)   (8, 2)   (3, 9)   (2, 3)   (7, 1)
job_9    (6, 6)   (5, 3)   (5, 9)   (6, 7)   (2, 8)  (3, 5)   (3, 3)   (0, 2)  (2, 10)   (3, 4)   (4, 1)   (7, 1)  (8, 10)   (7, 7)   (4, 6)  (3, 10)   (8, 4)
job_10   (0, 8)   (6, 4)   (7, 4)   (8, 5)   (5, 3)  (4, 7)   (1, 4)   (1, 2)  (2, 10)   (1, 1)   (1, 6)   (6, 8)   (5, 4)   (6, 8)   (3, 9)   (4, 1)   (7, 2)
job_11  (6, 10)   (7, 5)   (0, 4)  (8, 10)   (3, 3)  (5, 9)   (1, 9)   (8, 3)   (3, 9)   (4, 7)   (1, 5)   (3, 4)   (1, 7)   (3, 6)   (2, 6)   (3, 3)   (0, 9)
job_12  (7, 10)   (5, 6)   (7, 3)   (2, 3)   (6, 3)  (8, 4)  (0, 10)   (6, 5)   (5, 1)   (2, 9)   (0, 6)   (6, 9)   (5, 3)   (0, 3)   (7, 7)   (7, 9)   (5, 3)
job_13  (2, 10)   (3, 6)   (5, 3)   (1, 6)   (4, 7)  (5, 1)   (4, 5)   (1, 3)   (5, 6)   (0, 6)   (3, 9)   (3, 3)   (4, 7)   (4, 2)   (2, 1)   (6, 1)   (1, 5)
job_14   (0, 2)   (5, 8)   (0, 8)   (3, 6)   (8, 5)  (2, 2)   (0, 7)   (1, 3)   (6, 3)  (4, 10)   (3, 8)   (6, 6)   (7, 4)   (4, 8)  (1, 10)  (7, 10)  (6, 10)
job_15   (2, 7)   (6, 5)   (8, 8)   (7, 3)   (1, 3)  (3, 9)   (1, 7)   (7, 3)   (5, 7)   (3, 1)   (7, 6)   (6, 1)   (1, 8)  (1, 10)   (6, 8)   (2, 2)   (3, 4)
job_16   (5, 9)   (8, 4)   (7, 4)   (2, 4)   (5, 7)  (0, 6)  (7, 10)   (5, 4)   (4, 3)  (1, 10)  (2, 10)   (1, 1)   (4, 7)   (4, 7)   (4, 2)  (1, 10)   (5, 6)


Solution:
Machine 0: job_14_task_0  job_6_task_0   job_3_task_0   job_6_task_1   job_10_task_0  job_14_task_2  job_8_task_0   job_11_task_2  job_0_task_3   job_1_task_0   job_16_task_5  job_6_task_6   job_6_task_7   job_14_task_6  job_9_task_7   job_8_task_2   job_12_task_6  job_3_task_7   job_4_task_3   job_12_task_10 job_13_task_9  job_12_task_13 job_5_task_10  job_5_task_11  job_1_task_12  job_7_task_14  job_2_task_14  job_11_task_16 job_1_task_16  job_5_task_16  
           [0,2]          [2,3]          [3,5]          [5,13]         [13,21]        [21,29]        [29,30]        [33,37]        [37,46]        [46,49]        [52,58]        [58,59]        [59,61]        [62,69]        [69,71]        [71,77]        [79,89]        [95,101]       [101,110]      [135,141]      [144,150]      [167,170]      [174,183]      [186,196]      [196,198]      [198,203]      [203,212]      [212,221]      [223,226]      [226,228]      
Machine 1: job_5_task_3   job_6_task_3   job_4_task_1   job_2_task_7   job_6_task_5   job_15_task_4  job_1_task_3   job_14_task_7  job_11_task_6  job_15_task_6  job_13_task_3  job_3_task_6   job_0_task_9   job_11_task_10 job_7_task_5   job_16_task_9  job_11_task_12 job_10_task_6  job_13_task_7  job_10_task_7  job_6_task_12  job_8_task_8   job_15_task_12 job_10_task_9  job_10_task_10 job_1_task_8   job_15_task_13 job_14_task_14 job_16_task_11 job_0_task_14  job_5_task_12  job_4_task_13  job_13_task_16 job_16_task_15 job_0_task_16  
           [17,26]        [26,33]        [33,43]        [46,50]        [50,58]        [58,61]        [61,68]        [69,72]        [72,81]        [81,88]        [88,94]        [94,95]        [95,105]       [105,110]      [110,114]      [114,124]      [124,131]      [131,135]      [135,138]      [138,140]      [140,145]      [145,149]      [149,157]      [157,158]      [158,164]      [164,171]      [171,181]      [181,191]      [191,192]      [192,201]      [201,204]      [204,207]      [207,212]      [212,222]      [222,228]      
Machine 2: job_7_task_0   job_13_task_0  job_2_task_1   job_16_task_3  job_15_task_0  job_9_task_4   job_14_task_5  job_12_task_3  job_5_task_6   job_9_task_8   job_1_task_4   job_12_task_9  job_7_task_4   job_6_task_9   job_0_task_10  job_7_task_8   job_3_task_11  job_3_task_12  job_10_task_8  job_4_task_7   job_4_task_8   job_5_task_9   job_13_task_14 job_11_task_14 job_16_task_10 job_1_task_11  job_8_task_15  job_6_task_15  job_15_task_15 job_7_task_16  
           [0,4]          [4,14]         [14,15]        [17,21]        [21,28]        [52,60]        [60,62]        [62,65]        [65,75]        [75,85]        [85,93]        [95,104]       [104,109]      [109,113]      [113,122]      [122,126]      [126,133]      [133,138]      [142,152]      [152,154]      [154,164]      [164,174]      [174,175]      [175,181]      [181,191]      [191,195]      [195,198]      [198,206]      [219,221]      [221,228]      
Machine 3: job_0_task_0   job_7_task_1   job_5_task_2   job_6_task_2   job_13_task_1  job_2_task_4   job_3_task_2   job_14_task_3  job_4_task_2   job_11_task_4  job_2_task_8   job_9_task_5   job_9_task_6   job_15_task_5  job_0_task_7   job_3_task_4   job_9_task_9   job_11_task_8  job_14_task_10 job_1_task_5   job_3_task_9   job_11_task_11 job_9_task_15  job_15_task_9  job_6_task_11  job_7_task_10  job_11_task_13 job_7_task_12  job_13_task_10 job_13_task_11 job_6_task_14  job_4_task_9   job_1_task_10  job_8_task_14  job_11_task_15 job_2_task_13  job_3_task_15  job_4_task_12  job_1_task_14  job_5_task_13  job_10_task_14 job_15_task_16 
           [0,4]          [4,10]         [10,17]        [17,23]        [23,29]        [29,31]        [31,41]        [41,47]        [47,51]        [51,54]        [54,60]        [60,65]        [65,68]        [68,77]        [77,78]        [78,85]        [85,89]        [89,98]        [98,106]       [106,107]      [107,114]      [114,118]      [118,128]      [128,129]      [129,131]      [131,137]      [137,143]      [143,150]      [150,159]      [159,162]      [162,169]      [169,177]      [177,179]      [179,188]      [188,191]      [191,192]      [192,193]      [193,201]      [201,205]      [205,215]      [215,224]      [224,228]      
Machine 4: job_0_task_1   job_2_task_5   job_2_task_6   job_1_task_1   job_5_task_4   job_14_task_9  job_9_task_10  job_16_task_8  job_11_task_9  job_13_task_4  job_9_task_14  job_7_task_7   job_10_task_5  job_13_task_6  job_14_task_13 job_4_task_6   job_2_task_11  job_13_task_12 job_13_task_13 job_3_task_14  job_16_task_12 job_16_task_13 job_16_task_14 job_0_task_15  job_5_task_14  job_6_task_16  job_10_task_15 
           [4,9]          [31,39]        [39,46]        [49,51]        [51,60]        [80,90]        [90,91]        [91,94]        [98,105]       [105,112]      [112,118]      [120,121]      [121,128]      [128,133]      [133,141]      [150,152]      [155,163]      [164,171]      [171,173]      [173,176]      [192,199]      [199,206]      [206,208]      [208,215]      [215,218]      [218,222]      [224,225]      
Machine 5: job_16_task_0  job_14_task_1  job_0_task_2   job_4_task_0   job_9_task_1   job_9_task_2   job_16_task_4  job_12_task_1  job_8_task_1   job_1_task_2   job_11_task_5  job_13_task_2  job_6_task_8   job_0_task_8   job_7_task_2   job_16_task_7  job_12_task_8  job_7_task_3   job_15_task_8  job_10_task_4  job_13_task_5  job_6_task_10  job_4_task_4   job_5_task_8   job_13_task_8  job_1_task_7   job_8_task_10  job_2_task_12  job_12_task_12 job_8_task_12  job_10_task_12 job_1_task_15  job_12_task_16 job_16_task_16 
           [0,9]          [9,17]         [17,26]        [26,33]        [33,36]        [36,45]        [45,52]        [52,58]        [58,60]        [60,61]        [61,70]        [70,73]        [73,78]        [78,82]        [82,86]        [86,90]        [94,95]        [98,104]       [104,111]      [111,114]      [114,115]      [115,124]      [124,133]      [133,137]      [138,144]      [144,152]      [153,161]      [163,164]      [164,167]      [173,177]      [179,183]      [205,206]      [217,220]      [222,228]      
Machine 6: job_5_task_0   job_2_task_0   job_9_task_0   job_11_task_0  job_3_task_1   job_15_task_1  job_6_task_4   job_9_task_3   job_3_task_3   job_12_task_4  job_0_task_6   job_14_task_8  job_10_task_1  job_12_task_7  job_14_task_11 job_3_task_10  job_8_task_5   job_15_task_11 job_7_task_11  job_12_task_11 job_8_task_9   job_6_task_13  job_8_task_11  job_10_task_11 job_0_task_13  job_4_task_11  job_10_task_13 job_13_task_15 job_14_task_16 job_15_task_14 job_2_task_15  job_3_task_16  
           [0,5]          [5,12]         [12,18]        [18,28]        [28,31]        [32,37]        [37,45]        [45,52]        [52,62]        [65,68]        [69,77]        [77,80]        [80,84]        [89,94]        [106,112]      [114,121]      [126,129]      [136,137]      [137,139]      [141,150]      [150,153]      [153,158]      [161,170]      [171,179]      [179,184]      [184,191]      [191,199]      [199,200]      [201,211]      [211,219]      [219,224]      [224,228]      
Machine 7: job_12_task_0  job_16_task_2  job_11_task_1  job_0_task_4   job_15_task_3  job_12_task_2  job_16_task_6  job_5_task_7   job_3_task_5   job_9_task_11  job_10_task_2  job_15_task_7  job_3_task_8   job_9_task_13  job_14_task_12 job_8_task_4   job_7_task_9   job_15_task_10 job_1_task_6   job_8_task_7   job_4_task_5   job_0_task_11  job_12_task_14 job_4_task_10  job_14_task_15 job_8_task_16  job_7_task_15  job_12_task_15 job_4_task_16  job_5_task_15  job_10_task_16 
           [0,10]         [13,17]        [28,33]        [46,55]        [55,58]        [58,61]        [61,71]        [75,85]        [85,94]        [94,95]        [95,99]        [99,102]       [102,105]      [105,112]      [112,116]      [116,126]      [126,130]      [130,136]      [136,142]      [142,145]      [145,150]      [155,164]      [170,177]      [177,182]      [191,201]      [201,202]      [203,208]      [208,217]      [217,221]      [221,226]      [226,228]      
Machine 8: job_5_task_1   job_16_task_1  job_2_task_2   job_2_task_3   job_11_task_3  job_15_task_2  job_14_task_4  job_5_task_5   job_0_task_5   job_12_task_5  job_8_task_3   job_11_task_7  job_9_task_12  job_10_task_3  job_7_task_6   job_8_task_6   job_2_task_9   job_2_task_10  job_9_task_16  job_3_task_13  job_0_task_12  job_1_task_9   job_8_task_13  job_7_task_13  job_1_task_13  job_4_task_14  job_4_task_15  job_2_task_16  
           [5,9]          [9,13]         [15,23]        [23,29]        [37,47]        [47,55]        [55,60]        [60,64]        [64,66]        [68,72]        [77,78]        [81,84]        [95,105]       [105,110]      [118,120]      [129,138]      [138,143]      [143,152]      [152,156]      [156,161]      [164,171]      [171,177]      [177,179]      [187,188]      [198,201]      [207,208]      [208,217]      [224,228]      
Optimal Schedule Length: 228.0
Total (Unoptimized Schedule Length): 1592
Statistics
  - conflicts: 0
  - branches : 0
  - wall time: 3.0987097670000003s