
 Problem
          task_0   task_1   task_2   task_3   task_4   task_5   task_6   task_7   task_8   task_9  task_10  task_11  task_12  task_13  task_14  task_15  task_16
job_0    (1, 0)   (1, 9)   (2, 9)   (9, 2)   (8, 3)   (6, 4)   (3, 5)   (3, 9)   (3, 0)   (1, 4)  (12, 5)   (2, 3)   (8, 6)   (6, 5)   (4, 5)   (8, 3)   (4, 2)
job_1    (6, 1)   (9, 9)   (2, 7)   (9, 8)   (3, 2)   (2, 2)  (12, 5)   (0, 3)   (5, 0)  (11, 0)   (0, 7)   (9, 3)   (8, 9)   (1, 9)   (5, 1)   (9, 1)   (2, 1)
job_2    (6, 3)   (5, 7)   (2, 5)   (4, 3)   (8, 1)   (3, 5)  (12, 5)   (3, 4)   (3, 2)   (9, 1)   (7, 9)  (11, 4)   (1, 5)   (8, 1)   (8, 8)   (6, 2)   (4, 3)
job_3    (5, 7)   (5, 8)  (12, 2)   (7, 8)   (4, 1)   (4, 1)   (6, 2)  (11, 2)   (1, 7)   (5, 5)   (9, 8)   (3, 3)   (0, 8)   (4, 9)  (10, 6)  (11, 3)  (10, 3)
job_4   (11, 3)   (0, 7)   (0, 7)  (12, 8)   (8, 8)   (1, 9)  (11, 8)   (9, 9)   (8, 8)   (3, 7)   (4, 4)   (6, 0)   (0, 5)  (11, 8)   (3, 5)   (1, 1)   (9, 0)
job_5   (12, 3)   (0, 0)  (12, 8)   (7, 2)   (5, 9)   (3, 6)  (10, 1)  (10, 8)   (4, 6)   (1, 7)   (2, 6)   (3, 2)  (12, 7)   (9, 4)  (10, 8)   (4, 8)   (0, 8)
job_6    (5, 5)   (7, 9)  (10, 8)   (3, 1)   (9, 9)   (5, 4)  (12, 1)   (5, 4)   (4, 8)   (0, 5)  (10, 4)   (9, 0)   (9, 0)   (1, 5)   (6, 2)   (8, 5)   (6, 8)
job_7    (5, 0)  (12, 8)  (10, 0)  (10, 2)   (8, 5)   (4, 7)   (1, 5)  (11, 5)   (9, 8)   (9, 4)   (9, 9)   (1, 2)   (9, 5)   (1, 8)   (9, 3)   (2, 0)   (7, 7)
job_8    (8, 6)   (2, 4)   (9, 4)   (4, 4)   (7, 0)   (4, 3)   (1, 2)   (2, 6)   (5, 4)   (7, 7)  (10, 7)   (3, 2)   (1, 5)   (5, 1)  (10, 3)   (3, 4)   (9, 7)
job_9    (2, 6)   (4, 7)   (4, 5)   (1, 1)  (12, 2)   (6, 5)   (0, 1)   (2, 5)  (12, 9)  (10, 6)   (4, 4)   (7, 5)   (2, 7)   (4, 2)  (12, 2)   (9, 4)  (10, 3)
job_10   (6, 2)  (10, 8)   (9, 3)   (7, 0)   (3, 0)  (11, 0)   (7, 0)   (4, 9)   (1, 8)   (3, 7)   (7, 9)  (11, 7)   (6, 5)   (4, 0)   (2, 8)   (4, 5)  (11, 2)
job_11  (11, 8)   (6, 2)   (7, 2)   (9, 2)   (9, 2)   (6, 0)   (9, 6)   (0, 5)   (4, 4)  (11, 9)   (7, 2)   (0, 0)   (5, 9)   (3, 9)   (8, 7)   (7, 0)   (5, 5)
job_12   (3, 6)  (10, 4)   (0, 4)   (9, 8)   (2, 6)   (6, 1)   (1, 9)   (0, 9)   (4, 2)   (8, 8)   (6, 1)   (0, 7)   (6, 3)   (6, 0)  (10, 7)   (3, 7)   (2, 3)
job_13   (6, 3)   (8, 7)   (0, 3)   (6, 3)  (12, 4)   (1, 6)  (11, 3)   (0, 3)   (6, 1)   (9, 5)  (10, 2)   (6, 3)   (5, 3)   (1, 2)  (11, 8)   (6, 7)   (2, 8)
job_14   (6, 1)   (4, 6)   (3, 8)   (9, 0)   (1, 6)   (2, 7)   (1, 5)   (8, 2)   (8, 0)  (11, 0)   (9, 2)   (2, 2)   (4, 7)  (10, 8)   (1, 1)   (9, 2)   (0, 6)
job_15   (6, 0)   (5, 0)   (1, 2)   (8, 0)   (5, 7)   (6, 4)   (5, 3)   (5, 7)   (8, 9)  (10, 4)   (6, 5)   (9, 0)   (1, 5)   (1, 6)   (3, 1)   (5, 6)   (5, 6)
job_16   (5, 5)   (0, 1)   (4, 0)  (12, 7)   (9, 7)   (5, 5)   (1, 1)   (0, 9)  (10, 0)   (6, 6)  (11, 8)   (0, 5)   (1, 6)   (0, 0)   (6, 2)   (4, 8)   (2, 1)

Solution:
Machine 0: job_5_task_1   job_13_task_2  job_4_task_1   job_12_task_2  job_4_task_2   job_11_task_7  job_16_task_1  job_13_task_7  job_9_task_6   job_12_task_7  job_11_task_11 job_16_task_7  job_1_task_7   job_6_task_9   job_3_task_12  job_1_task_10  job_16_task_11 job_12_task_11 job_4_task_12  job_16_task_13 job_5_task_16  job_14_task_16 
           [3,3]          [12,15]        [15,22]        [22,26]        [26,33]        [33,38]        [38,39]        [39,42]        [42,43]        [57,66]        [66,66]        [74,83]        [83,86]        [86,91]        [91,99]        [99,106]       [106,111]      [111,118]      [118,123]      [123,123]      [127,135]      [135,141]      
Machine 1: job_0_task_0   job_0_task_1   job_15_task_2  job_14_task_4  job_9_task_3   job_13_task_5  job_14_task_6  job_10_task_8  job_3_task_8   job_12_task_6  job_4_task_5   job_7_task_6   job_8_task_6   job_16_task_6  job_5_task_9   job_0_task_9   job_13_task_13 job_15_task_12 job_15_task_13 job_2_task_12  job_6_task_13  job_8_task_12  job_14_task_14 job_7_task_11  job_16_task_12 job_7_task_13  job_1_task_13  job_4_task_15  
           [0,0]          [0,9]          [9,11]         [15,21]        [21,22]        [22,28]        [28,33]        [33,41]        [41,48]        [48,57]        [57,66]        [66,71]        [71,73]        [73,74]        [74,81]        [81,85]        [85,87]        [87,92]        [92,98]        [98,103]       [103,108]      [108,113]      [113,114]      [114,116]      [116,122]      [122,130]      [130,139]      [141,142]      
Machine 2: job_9_task_0   job_0_task_2   job_14_task_5  job_8_task_1   job_1_task_2   job_12_task_4  job_2_task_2   job_9_task_7   job_1_task_5   job_10_task_14 job_8_task_7   job_5_task_10  job_14_task_11 job_0_task_11  job_9_task_12  job_13_task_16 job_7_task_15  job_12_task_16 job_16_task_16 job_1_task_16  
           [0,6]          [9,18]         [21,28]        [28,32]        [32,39]        [39,45]        [45,50]        [50,55]        [66,68]        [69,77]        [77,83]        [83,89]        [89,91]        [91,94]        [94,101]       [117,125]      [133,133]      [136,139]      [140,141]      [141,142]      
Machine 3: job_12_task_0  job_14_task_2  job_10_task_4  job_5_task_5   job_6_task_3   job_0_task_6   job_10_task_9  job_0_task_7   job_0_task_8   job_2_task_5   job_1_task_4   job_2_task_7   job_2_task_8   job_3_task_11  job_5_task_11  job_4_task_9   job_8_task_11  job_11_task_13 job_15_task_14 job_8_task_15  job_12_task_15 job_4_task_14  
           [0,6]          [7,15]         [23,23]        [29,35]        [35,36]        [36,41]        [41,48]        [48,57]        [57,57]        [57,62]        [64,66]        [69,73]        [73,75]        [77,80]        [89,91]        [95,102]       [102,104]      [104,113]      [113,114]      [121,125]      [129,136]      [136,141]      
Machine 4: job_14_task_1  job_9_task_1   job_9_task_2   job_10_task_7  job_3_task_4   job_3_task_5   job_11_task_8  job_7_task_5   job_16_task_2  job_8_task_3   job_2_task_3   job_5_task_8   job_8_task_5   job_12_task_8  job_10_task_13 job_9_task_10  job_6_task_8   job_10_task_15 job_14_task_12 job_3_task_13  job_0_task_14  job_4_task_10  job_9_task_13  job_5_task_15  job_2_task_16  job_16_task_15 job_0_task_16  
           [1,7]          [7,14]         [14,19]        [23,32]        [32,33]        [33,34]        [38,42]        [42,49]        [42,42]        [49,53]        [53,56]        [56,62]        [62,65]        [66,68]        [69,69]        [70,74]        [76,84]        [84,89]        [91,98]        [99,108]       [108,113]      [113,117]      [117,119]      [119,127]      [127,130]      [132,140]      [140,142]      
Machine 5: job_6_task_0   job_7_task_0   job_15_task_1  job_3_task_0   job_3_task_1   job_5_task_4   job_16_task_0  job_2_task_1   job_15_task_4  job_6_task_5   job_15_task_6  job_15_task_7  job_3_task_9   job_16_task_5  job_6_task_7   job_13_task_12 job_8_task_8   job_1_task_8   job_11_task_12 job_8_task_13  job_15_task_15 job_15_task_16 job_11_task_16 job_1_task_14  
           [0,5]          [0,0]          [0,0]          [5,12]         [12,20]        [20,29]        [29,34]        [34,41]        [41,48]        [48,52]        [52,55]        [55,62]        [62,67]        [67,72]        [72,76]        [76,79]        [83,87]        [87,87]        [87,96]        [113,114]      [114,120]      [120,126]      [134,139]      [139,140]      
Machine 6: job_14_task_0  job_15_task_0  job_1_task_0   job_13_task_0  job_10_task_0  job_11_task_1  job_2_task_0   job_13_task_3  job_11_task_5  job_0_task_5   job_3_task_6   job_9_task_5   job_13_task_8  job_12_task_5  job_15_task_5  job_10_task_12 job_13_task_11 job_15_task_10 job_12_task_10 job_16_task_9  job_0_task_13  job_6_task_14  job_13_task_15 job_2_task_15  job_4_task_11  job_12_task_12 job_6_task_16  job_12_task_13 job_16_task_14 
           [0,1]          [0,0]          [1,2]          [2,5]          [5,7]          [8,10]         [10,13]        [15,18]        [20,20]        [25,29]        [34,36]        [36,41]        [42,43]        [45,46]        [48,52]        [64,69]        [72,75]        [76,81]        [81,82]        [83,89]        [101,106]      [108,110]      [110,117]      [117,119]      [117,117]      [119,122]      [122,130]      [122,122]      [130,132]      
Machine 7: job_11_task_2  job_5_task_3   job_6_task_1   job_10_task_3  job_10_task_6  job_3_task_3   job_10_task_10 job_8_task_4   job_11_task_10 job_9_task_11  job_2_task_10  job_8_task_9   job_7_task_16  job_11_task_15 
           [10,12]        [12,14]        [14,23]        [23,23]        [23,23]        [24,32]        [48,57]        [57,57]        [57,59]        [74,79]        [79,88]        [88,95]        [134,141]      [134,134]      
Machine 8: job_13_task_1  job_8_task_0   job_15_task_3  job_0_task_4   job_14_task_7  job_7_task_4   job_14_task_8  job_4_task_4   job_2_task_4   job_15_task_8  job_12_task_9  job_4_task_8   job_0_task_12  job_2_task_13  job_2_task_14  job_6_task_15  job_1_task_12  job_11_task_14 job_0_task_15  
           [5,12]         [12,18]        [12,12]        [22,25]        [33,35]        [35,40]        [35,35]        [42,50]        [56,57]        [62,71]        [71,79]        [87,95]        [95,101]       [103,104]      [104,112]      [112,117]      [117,126]      [127,134]      [134,137]      
Machine 9: job_1_task_1   job_11_task_3  job_10_task_2  job_14_task_3  job_11_task_4  job_0_task_3   job_11_task_6  job_12_task_3  job_6_task_4   job_8_task_2   job_16_task_4  job_1_task_3   job_13_task_9  job_3_task_10  job_2_task_9   job_4_task_7   job_14_task_10 job_15_task_11 job_7_task_8   job_6_task_11  job_6_task_12  job_7_task_9   job_5_task_13  job_7_task_10  job_1_task_11  job_7_task_12  job_9_task_15  job_14_task_15 job_7_task_14  job_8_task_16  job_1_task_15  job_4_task_16  
           [2,11]         [12,14]        [15,18]        [15,15]        [18,20]        [20,22]        [22,28]        [28,36]        [36,45]        [45,49]        [49,56]        [56,64]        [64,69]        [69,77]        [77,78]        [78,87]        [87,89]        [87,87]        [89,97]        [97,97]        [97,97]        [97,101]       [101,105]      [105,114]      [114,117]      [117,122]      [122,126]      [126,128]      [130,133]      [133,140]      [140,141]      [142,142]      
Machine 10: job_10_task_1  job_12_task_1  job_6_task_2   job_7_task_2   job_7_task_3   job_5_task_6   job_5_task_7   job_9_task_9   job_13_task_10 job_15_task_9  job_16_task_8  job_6_task_10  job_8_task_10  job_14_task_13 job_5_task_14  job_8_task_14  job_12_task_14 job_3_task_14  job_9_task_16  job_3_task_16  
           [7,15]         [15,19]        [23,31]        [32,32]        [32,34]        [35,36]        [36,44]        [64,70]        [70,72]        [72,76]        [83,83]        [91,95]        [95,102]       [102,110]      [110,118]      [118,121]      [122,129]      [129,135]      [135,138]      [138,141]      
Machine 11: job_11_task_0  job_4_task_0   job_10_task_5  job_13_task_6  job_14_task_9  job_3_task_7   job_11_task_9  job_10_task_11 job_4_task_6   job_7_task_7   job_1_task_9   job_2_task_11  job_16_task_10 job_13_task_14 job_10_task_16 job_4_task_13  job_3_task_15  
           [0,8]          [8,11]         [23,23]        [28,31]        [35,35]        [36,38]        [42,51]        [57,64]        [66,74]        [74,79]        [87,87]        [88,92]        [92,100]       [100,108]      [108,110]      [123,131]      [135,138]      
Machine 12: job_5_task_0   job_5_task_2   job_13_task_4  job_3_task_2   job_7_task_1   job_9_task_4   job_4_task_3   job_16_task_3  job_6_task_6   job_9_task_8   job_2_task_6   job_1_task_6   job_0_task_10  job_5_task_12  job_9_task_14  
           [0,3]          [3,11]         [18,22]        [22,24]        [24,32]        [32,34]        [34,42]        [42,49]        [52,53]        [55,64]        [64,69]        [69,74]        [85,90]        [91,98]        [119,121]      
Optimal Schedule Length: 142.0
Total (Unoptimized Schedule Length): 1282
Statistics
  - conflicts: 0
  - branches : 0
  - wall time: 0.8197172100000001s