
Problem
         task_0  task_1   task_2   task_3   task_4   task_5   task_6   task_7   task_8   task_9  task_10  task_11  task_12  task_13
job_0    (1, 6)  (0, 8)   (0, 7)   (3, 7)   (2, 5)   (4, 4)   (1, 8)   (4, 2)   (4, 8)   (0, 3)   (2, 7)   (0, 7)   (1, 2)   (0, 9)
job_1    (1, 1)  (1, 1)   (2, 7)   (4, 7)   (4, 7)   (3, 9)   (3, 1)   (4, 9)   (3, 9)  (3, 10)   (4, 5)   (3, 5)   (3, 3)   (2, 7)
job_2    (2, 5)  (4, 1)   (3, 7)   (4, 6)   (3, 1)   (4, 9)   (4, 2)   (2, 9)   (0, 7)   (4, 1)   (0, 9)   (1, 7)  (2, 10)   (2, 3)
job_3    (0, 7)  (1, 3)   (2, 1)  (0, 10)   (0, 5)   (0, 2)   (1, 7)   (0, 4)   (4, 3)   (0, 7)   (2, 9)   (0, 9)   (3, 1)   (2, 9)
job_4    (3, 2)  (4, 3)   (2, 5)   (4, 3)   (0, 7)   (1, 2)   (4, 1)   (3, 6)   (1, 3)   (3, 5)   (0, 4)   (2, 6)  (1, 10)   (0, 8)
job_5    (3, 4)  (3, 5)  (2, 10)   (4, 3)   (0, 3)  (0, 10)   (3, 4)   (4, 5)   (1, 7)   (1, 9)  (1, 10)  (1, 10)   (3, 7)   (2, 5)
job_6    (4, 8)  (0, 1)   (4, 5)   (0, 7)   (3, 7)   (0, 6)   (4, 2)   (1, 3)  (3, 10)   (0, 4)   (4, 1)   (1, 1)   (1, 1)   (2, 3)
job_7    (3, 8)  (0, 3)   (2, 6)   (0, 3)   (3, 1)   (1, 5)   (0, 1)   (4, 4)   (2, 7)   (1, 6)   (3, 4)   (1, 9)   (3, 1)   (4, 3)
job_8   (4, 10)  (4, 9)   (1, 3)   (3, 3)   (3, 1)  (1, 10)  (0, 10)   (3, 6)   (0, 3)   (4, 3)   (3, 3)  (4, 10)   (4, 6)   (1, 6)
job_9    (1, 9)  (1, 4)   (2, 7)   (3, 9)  (3, 10)  (4, 10)   (0, 4)   (3, 5)   (4, 9)   (0, 6)   (2, 7)  (0, 10)  (1, 10)  (3, 10)
job_10   (1, 7)  (4, 5)   (2, 5)   (3, 7)   (1, 5)   (2, 3)   (0, 8)   (4, 3)   (1, 1)   (0, 5)   (2, 3)  (0, 10)   (4, 6)   (1, 4)
job_11   (3, 4)  (0, 4)   (2, 6)  (2, 10)   (1, 2)   (1, 2)   (0, 9)   (2, 3)   (4, 8)   (0, 6)   (3, 3)   (3, 7)   (1, 7)   (3, 3)
job_12   (3, 3)  (2, 6)   (0, 1)   (0, 8)   (1, 1)   (3, 1)   (2, 3)   (0, 6)   (2, 3)   (4, 6)   (0, 4)   (2, 1)  (3, 10)   (1, 4)
job_13   (0, 9)  (3, 5)   (2, 3)   (4, 8)   (3, 1)   (1, 5)   (4, 9)   (1, 7)   (3, 9)   (2, 1)   (0, 4)   (0, 1)   (1, 3)   (2, 1)
job_14   (4, 6)  (4, 8)  (2, 10)   (4, 7)   (3, 2)   (4, 7)   (3, 5)   (0, 1)   (3, 9)  (2, 10)  (0, 10)   (0, 1)   (1, 2)   (1, 2)
job_15   (3, 8)  (2, 7)   (2, 7)  (0, 10)   (4, 4)   (1, 2)   (4, 2)  (2, 10)   (4, 7)   (4, 3)   (2, 1)   (1, 3)  (2, 10)   (3, 4)
job_16   (2, 2)  (4, 1)   (2, 4)   (3, 9)   (3, 1)   (3, 1)   (4, 3)   (1, 8)   (3, 1)  (4, 10)   (3, 6)   (3, 8)   (3, 8)   (1, 3)
job_17   (3, 7)  (0, 9)   (0, 4)   (2, 2)   (3, 6)   (2, 9)   (4, 2)   (4, 5)   (3, 3)   (3, 7)   (2, 2)   (4, 5)   (3, 1)   (4, 8)


Solution:
Machine 0: job_3_task_0   job_13_task_0  job_0_task_1   job_5_task_4   job_11_task_1  job_0_task_2   job_5_task_5   job_3_task_3   job_17_task_1  job_9_task_6   job_3_task_4   job_15_task_3  job_17_task_2  job_7_task_1   job_6_task_1   job_3_task_5   job_8_task_6   job_4_task_4   job_12_task_2  job_12_task_3  job_11_task_6  job_6_task_3   job_7_task_3   job_9_task_9   job_3_task_7   job_10_task_6  job_2_task_8   job_14_task_7  job_7_task_6   job_3_task_9   job_8_task_8   job_12_task_7  job_6_task_5   job_9_task_11  job_0_task_9   job_4_task_10  job_11_task_9  job_10_task_9  job_2_task_10  job_10_task_11 job_12_task_10 job_3_task_11  job_0_task_11  job_14_task_10 job_6_task_9   job_13_task_10 job_0_task_13  job_4_task_13  job_14_task_11 job_13_task_11 
           [0,7]          [7,16]         [19,27]        [27,30]        [30,34]        [34,41]        [41,51]        [51,61]        [61,70]        [70,74]        [74,79]        [79,89]        [89,93]        [93,96]        [96,97]        [97,99]        [99,109]       [109,116]      [116,117]      [117,125]      [125,134]      [134,141]      [141,144]      [144,150]      [150,154]      [154,162]      [162,169]      [169,170]      [170,171]      [171,178]      [178,181]      [181,187]      [187,193]      [193,203]      [203,206]      [206,210]      [210,216]      [216,221]      [221,230]      [230,240]      [240,244]      [244,253]      [253,260]      [260,270]      [270,274]      [274,278]      [278,287]      [287,295]      [295,296]      [296,297]      
Machine 1: job_9_task_0   job_9_task_1   job_0_task_0   job_1_task_0   job_1_task_1   job_10_task_0  job_3_task_1   job_8_task_2   job_8_task_5   job_11_task_4  job_11_task_5  job_3_task_6   job_5_task_8   job_0_task_6   job_10_task_4  job_4_task_5   job_5_task_9   job_12_task_4  job_5_task_10  job_16_task_7  job_13_task_5  job_15_task_5  job_7_task_5   job_4_task_8   job_5_task_11  job_13_task_7  job_9_task_12  job_10_task_8  job_7_task_9   job_4_task_12  job_6_task_7   job_2_task_11  job_7_task_11  job_15_task_11 job_0_task_12  job_11_task_12 job_8_task_13  job_6_task_11  job_6_task_12  job_10_task_13 job_12_task_13 job_16_task_13 job_14_task_12 job_13_task_12 job_14_task_13 
           [0,9]          [9,13]         [13,19]        [19,20]        [20,21]        [21,28]        [28,31]        [36,39]        [76,86]        [86,88]        [88,90]        [99,106]       [108,115]      [115,123]      [123,128]      [128,130]      [130,139]      [139,140]      [140,150]      [150,158]      [158,163]      [163,165]      [165,170]      [170,173]      [173,183]      [184,191]      [203,213]      [213,214]      [214,220]      [222,232]      [232,235]      [235,242]      [250,259]      [259,262]      [262,264]      [264,271]      [271,277]      [277,278]      [278,279]      [279,283]      [283,287]      [287,290]      [296,298]      [298,301]      [301,303]      
Machine 2: job_2_task_0   job_16_task_0  job_5_task_2   job_9_task_2   job_1_task_2   job_15_task_1  job_3_task_2   job_11_task_2  job_14_task_2  job_15_task_2  job_10_task_2  job_11_task_3  job_16_task_2  job_4_task_2   job_0_task_4   job_17_task_3  job_7_task_2   job_12_task_1  job_13_task_2  job_10_task_5  job_17_task_5  job_2_task_7   job_11_task_7  job_9_task_10  job_15_task_7  job_12_task_6  job_3_task_10  job_12_task_8  job_14_task_9  job_7_task_8   job_0_task_10  job_4_task_11  job_10_task_10 job_13_task_9  job_5_task_13  job_17_task_10 job_2_task_12  job_15_task_10 job_12_task_11 job_2_task_13  job_15_task_12 job_6_task_13  job_3_task_13  job_1_task_13  job_13_task_13 
           [0,5]          [5,7]          [9,19]         [19,26]        [26,33]        [33,40]        [40,41]        [41,47]        [47,57]        [57,64]        [64,69]        [69,79]        [79,83]        [83,88]        [88,93]        [93,95]        [96,102]       [102,108]      [108,111]      [128,131]      [131,140]      [140,149]      [149,152]      [152,159]      [167,177]      [177,180]      [180,189]      [189,192]      [192,202]      [202,209]      [209,216]      [216,222]      [222,225]      [225,226]      [226,231]      [233,235]      [242,252]      [252,253]      [253,254]      [254,257]      [262,272]      [279,282]      [282,291]      [291,298]      [301,302]      
Machine 3: job_5_task_0   job_5_task_1   job_15_task_0  job_11_task_0  job_17_task_0  job_9_task_3   job_9_task_4   job_2_task_2   job_4_task_0   job_0_task_3   job_8_task_3   job_7_task_0   job_2_task_4   job_8_task_4   job_1_task_5   job_16_task_3  job_12_task_0  job_5_task_6   job_13_task_1  job_9_task_7   job_10_task_3  job_1_task_6   job_16_task_4  job_14_task_4  job_16_task_5  job_17_task_4  job_8_task_7   job_4_task_7   job_6_task_4   job_1_task_8   job_13_task_4  job_7_task_4   job_14_task_6  job_1_task_9   job_12_task_5  job_16_task_8  job_14_task_8  job_4_task_9   job_5_task_12  job_16_task_10 job_16_task_11 job_13_task_8  job_17_task_8  job_8_task_10  job_17_task_9  job_11_task_10 job_6_task_8   job_7_task_10  job_11_task_11 job_1_task_11  job_12_task_12 job_16_task_12 job_3_task_12  job_1_task_12  job_17_task_12 job_9_task_13  job_7_task_12  job_15_task_13 job_11_task_13 
           [0,4]          [4,9]          [9,17]         [17,21]        [21,28]        [28,37]        [37,47]        [47,54]        [54,56]        [56,63]        [63,66]        [66,74]        [74,75]        [75,76]        [76,85]        [85,94]        [94,97]        [97,101]       [101,106]      [106,111]      [111,118]      [118,119]      [119,120]      [120,122]      [122,123]      [123,129]      [129,135]      [135,141]      [141,148]      [148,157]      [157,158]      [158,159]      [159,164]      [164,174]      [174,175]      [175,176]      [176,185]      [185,190]      [190,197]      [197,203]      [203,211]      [211,220]      [220,223]      [223,226]      [226,233]      [233,236]      [236,246]      [246,250]      [250,257]      [257,262]      [262,272]      [272,280]      [280,281]      [281,284]      [284,285]      [285,295]      [295,296]      [296,300]      [300,303]      
Machine 4: job_8_task_0   job_14_task_0  job_14_task_1  job_5_task_3   job_8_task_1   job_2_task_1   job_1_task_3   job_10_task_1  job_9_task_5   job_1_task_4   job_2_task_3   job_16_task_1  job_4_task_1   job_6_task_0   job_2_task_5   job_14_task_3  job_4_task_3   job_5_task_7   job_0_task_5   job_9_task_8   job_6_task_2   job_13_task_3  job_4_task_6   job_2_task_6   job_1_task_7   job_16_task_6  job_14_task_5  job_15_task_4  job_0_task_7   job_3_task_8   job_15_task_6  job_0_task_8   job_13_task_6  job_16_task_9  job_7_task_7   job_11_task_8  job_17_task_6  job_10_task_7  job_17_task_7  job_2_task_9   job_8_task_9   job_15_task_8  job_6_task_6   job_12_task_9  job_8_task_11  job_15_task_9  job_1_task_10  job_17_task_11 job_8_task_12  job_10_task_12 job_6_task_10  job_17_task_13 job_7_task_13  
           [0,10]         [10,16]        [16,24]        [24,27]        [27,36]        [36,37]        [37,44]        [44,49]        [49,59]        [59,66]        [66,72]        [72,73]        [73,76]        [76,84]        [84,93]        [93,100]       [100,103]      [103,108]      [108,112]      [112,121]      [121,126]      [126,134]      [134,135]      [135,137]      [137,146]      [146,149]      [149,156]      [156,160]      [160,162]      [162,165]      [165,167]      [167,175]      [175,184]      [184,194]      [194,198]      [198,206]      [206,208]      [208,211]      [211,216]      [216,217]      [217,220]      [220,227]      [227,229]      [229,235]      [235,245]      [245,248]      [248,253]      [253,258]      [258,264]      [264,270]      [274,275]      [285,293]      [296,299]      
Optimal Schedule Length: 303.0
Total (Unoptimized Schedule Length): 1350
Statistics
  - conflicts: 0
  - branches : 0
  - wall time: 0.201658899s