
Problem
         task_0   task_1   task_2   task_3  task_4   task_5   task_6   task_7   task_8  task_9  task_10  task_11  task_12  task_13  task_14  task_15  task_16  task_17  task_18
job_0    (0, 4)  (4, 10)  (4, 10)   (5, 8)  (1, 2)   (4, 6)   (0, 2)   (4, 4)  (0, 10)  (4, 8)   (4, 9)   (0, 3)   (0, 6)   (1, 9)  (2, 10)  (2, 10)   (0, 8)   (2, 8)   (5, 7)
job_1    (0, 1)   (0, 7)   (5, 1)   (2, 6)  (4, 2)   (2, 7)   (5, 9)   (3, 1)   (4, 8)  (1, 1)   (2, 7)   (2, 8)   (0, 8)   (5, 1)   (1, 7)   (0, 1)   (5, 2)   (1, 8)   (2, 1)
job_2    (3, 2)   (3, 3)   (1, 7)   (3, 9)  (1, 8)   (0, 7)   (0, 5)  (1, 10)  (3, 10)  (0, 2)   (5, 4)   (4, 7)   (1, 2)   (3, 2)   (4, 5)   (3, 6)  (1, 10)   (3, 8)  (1, 10)
job_3    (0, 7)   (2, 9)   (1, 2)   (3, 2)  (4, 5)  (5, 10)   (2, 1)   (5, 2)   (3, 9)  (0, 3)   (4, 7)   (3, 4)   (0, 8)   (5, 3)   (2, 9)   (2, 2)   (0, 1)   (1, 6)   (5, 7)
job_4    (0, 6)   (4, 8)   (2, 6)   (3, 2)  (1, 8)   (5, 4)  (4, 10)   (1, 1)   (1, 3)  (5, 4)   (5, 2)   (0, 9)   (3, 8)  (0, 10)   (3, 7)   (4, 6)   (2, 2)   (3, 7)   (1, 4)
job_5    (5, 7)   (4, 6)   (5, 2)   (0, 3)  (2, 1)   (0, 4)   (0, 2)   (2, 8)   (2, 4)  (5, 8)   (2, 1)  (2, 10)   (4, 9)   (1, 8)   (4, 2)  (3, 10)  (0, 10)   (4, 3)   (2, 9)
job_6    (2, 8)   (1, 5)   (2, 6)  (2, 10)  (1, 5)   (3, 5)   (3, 5)  (4, 10)   (3, 2)  (3, 5)   (5, 3)   (2, 4)   (4, 2)   (2, 2)   (5, 5)   (3, 3)   (1, 9)   (5, 8)   (3, 7)
job_7    (5, 1)   (4, 3)   (4, 6)   (3, 9)  (4, 6)   (0, 4)   (1, 5)   (3, 3)   (1, 6)  (4, 6)  (2, 10)   (2, 3)   (1, 6)   (4, 7)   (1, 5)   (2, 1)   (3, 7)   (5, 5)   (5, 9)
job_8    (2, 9)   (0, 2)  (0, 10)   (5, 4)  (0, 2)   (1, 3)   (0, 4)   (1, 4)  (4, 10)  (0, 8)   (4, 7)   (0, 8)   (5, 5)   (1, 3)   (4, 2)  (3, 10)  (5, 10)   (1, 6)   (5, 7)
job_9    (0, 2)  (5, 10)   (5, 9)   (0, 4)  (1, 3)   (2, 3)   (1, 6)   (5, 6)   (4, 7)  (4, 5)   (2, 3)   (3, 7)   (5, 3)  (5, 10)   (4, 4)   (4, 3)   (1, 5)   (1, 7)   (3, 4)
job_10   (0, 5)   (2, 3)   (3, 6)   (3, 9)  (3, 7)   (4, 7)   (4, 7)   (3, 3)   (3, 2)  (5, 7)   (0, 1)   (3, 4)  (5, 10)   (4, 2)   (2, 4)   (4, 3)   (5, 4)   (2, 6)   (4, 1)
job_11  (4, 10)   (1, 3)   (5, 1)   (4, 7)  (3, 7)   (4, 2)   (2, 9)   (3, 6)   (4, 5)  (5, 4)   (5, 5)   (3, 5)   (1, 9)   (4, 2)   (4, 1)   (1, 5)  (4, 10)   (1, 4)  (0, 10)
job_12   (0, 6)  (0, 10)  (4, 10)   (2, 1)  (4, 9)   (5, 2)   (5, 4)   (2, 3)   (5, 6)  (0, 5)   (5, 8)   (4, 3)   (1, 2)   (0, 8)   (0, 5)   (0, 7)   (1, 5)  (2, 10)   (2, 1)
job_13   (3, 2)   (3, 5)   (2, 6)   (5, 4)  (2, 3)   (2, 5)   (5, 7)   (1, 9)  (0, 10)  (2, 6)   (3, 3)   (3, 4)   (1, 8)   (5, 7)   (0, 3)   (2, 7)  (3, 10)   (4, 1)   (4, 8)


Solution:
Machine 0: job_1_task_0   job_0_task_0   job_1_task_1   job_12_task_0  job_3_task_0   job_12_task_1  job_10_task_0  job_5_task_3   job_13_task_8  job_4_task_0   job_5_task_5   job_2_task_5   job_0_task_6   job_8_task_1   job_5_task_6   job_3_task_9   job_1_task_12  job_0_task_8   job_12_task_9  job_3_task_12  job_2_task_6   job_8_task_2   job_3_task_16  job_9_task_0   job_8_task_4   job_1_task_15  job_2_task_9   job_8_task_6   job_0_task_11  job_0_task_12  job_13_task_14 job_7_task_5   job_10_task_10 job_9_task_3   job_0_task_16  job_4_task_11  job_8_task_9   job_4_task_13  job_8_task_11  job_12_task_13 job_12_task_14 job_12_task_15 job_5_task_16  job_11_task_18 
           [0,1]          [1,5]          [5,12]         [12,18]        [18,25]        [25,35]        [35,40]        [40,43]        [43,53]        [53,59]        [59,63]        [63,70]        [70,72]        [72,74]        [74,76]        [76,79]        [79,87]        [87,97]        [97,102]       [102,110]      [110,115]      [115,125]      [125,126]      [128,130]      [130,132]      [132,133]      [136,138]      [138,142]      [142,145]      [145,151]      [151,154]      [162,166]      [166,167]      [174,178]      [185,193]      [193,202]      [202,210]      [215,225]      [225,233]      [234,242]      [242,247]      [247,254]      [265,275]      [275,285]      
Machine 1: job_2_task_2   job_13_task_7  job_3_task_2   job_11_task_1  job_0_task_4   job_2_task_4   job_1_task_9   job_13_task_12 job_6_task_1   job_1_task_14  job_4_task_4   job_2_task_7   job_3_task_17  job_8_task_5   job_1_task_17  job_8_task_7   job_6_task_4   job_0_task_13  job_2_task_12  job_11_task_12 job_7_task_6   job_4_task_7   job_4_task_8   job_9_task_4   job_2_task_16  job_7_task_8   job_9_task_6   job_2_task_18  job_6_task_16  job_7_task_12  job_12_task_12 job_8_task_13  job_5_task_13  job_11_task_15 job_12_task_16 job_7_task_14  job_8_task_17  job_11_task_17 job_9_task_16  job_9_task_17  job_4_task_18  
           [12,19]        [34,43]        [43,45]        [45,48]        [53,55]        [55,63]        [63,64]        [66,74]        [87,92]        [98,105]       [106,114]      [116,126]      [126,132]      [132,135]      [135,143]      [143,147]      [147,152]      [152,161]      [161,163]      [163,172]      [172,177]      [177,178]      [178,181]      [181,184]      [184,194]      [194,200]      [200,206]      [206,216]      [216,225]      [226,232]      [232,234]      [238,241]      [241,249]      [249,254]      [254,259]      [259,264]      [264,270]      [270,274]      [274,279]      [279,286]      [287,291]      
Machine 2: job_13_task_2  job_1_task_3   job_13_task_4  job_13_task_5  job_1_task_5   job_3_task_1   job_8_task_0   job_5_task_4   job_13_task_9  job_12_task_3  job_10_task_1  job_3_task_6   job_1_task_10  job_1_task_11  job_6_task_0   job_12_task_7  job_5_task_7   job_4_task_2   job_6_task_2   job_5_task_8   job_3_task_14  job_3_task_15  job_11_task_6  job_6_task_3   job_5_task_10  job_5_task_11  job_13_task_15 job_0_task_14  job_0_task_15  job_9_task_5   job_10_task_14 job_6_task_11  job_6_task_13  job_7_task_10  job_7_task_11  job_9_task_10  job_0_task_17  job_10_task_17 job_7_task_15  job_12_task_17 job_12_task_18 job_4_task_16  job_1_task_18  job_5_task_18  
           [7,13]         [13,19]        [19,22]        [22,27]        [27,34]        [34,43]        [43,52]        [52,53]        [53,59]        [59,60]        [60,63]        [63,64]        [64,71]        [71,79]        [79,87]        [87,90]        [90,98]        [98,104]       [104,110]      [110,114]      [114,123]      [123,125]      [128,137]      [137,147]      [147,148]      [148,158]      [158,165]      [165,175]      [175,185]      [191,194]      [194,198]      [198,202]      [204,206]      [213,223]      [223,226]      [229,232]      [251,259]      [259,265]      [265,266]      [266,276]      [276,277]      [278,280]      [280,281]      [282,291]      
Machine 3: job_13_task_0  job_13_task_1  job_2_task_0   job_2_task_1   job_2_task_3   job_3_task_3   job_1_task_7   job_13_task_10 job_13_task_11 job_3_task_8   job_10_task_2  job_10_task_3  job_10_task_4  job_3_task_11  job_4_task_3   job_7_task_3   job_11_task_4  job_2_task_8   job_11_task_7  job_10_task_7  job_10_task_8  job_6_task_5   job_11_task_11 job_6_task_6   job_2_task_13  job_10_task_11 job_2_task_15  job_7_task_7   job_6_task_8   job_6_task_9   job_2_task_17  job_4_task_12  job_6_task_15  job_13_task_16 job_4_task_14  job_9_task_11  job_8_task_15  job_5_task_15  job_7_task_16  job_6_task_18  job_4_task_17  job_9_task_18  
           [0,2]          [2,7]          [7,9]          [9,12]         [19,28]        [45,47]        [47,48]        [59,62]        [62,66]        [66,75]        [75,81]        [81,90]        [90,97]        [97,101]       [104,106]      [110,119]      [119,126]      [126,136]      [137,143]      [144,147]      [151,153]      [153,158]      [158,163]      [165,170]      [170,172]      [172,176]      [178,184]      [184,187]      [187,189]      [189,194]      [197,205]      [205,213]      [213,216]      [216,226]      [226,233]      [233,240]      [243,253]      [255,265]      [266,273]      [273,280]      [280,287]      [287,291]      
Machine 4: job_11_task_0  job_0_task_1   job_1_task_4   job_5_task_1   job_0_task_2   job_12_task_2  job_3_task_4   job_1_task_8   job_0_task_5   job_12_task_4  job_0_task_7   job_7_task_1   job_3_task_10  job_4_task_1   job_7_task_2   job_10_task_5  job_11_task_3  job_0_task_9   job_11_task_5  job_0_task_10  job_10_task_6  job_11_task_8  job_2_task_11  job_7_task_4   job_4_task_6   job_2_task_14  job_6_task_7   job_10_task_13 job_8_task_8   job_10_task_15 job_6_task_12  job_7_task_9   job_8_task_10  job_9_task_8   job_9_task_9   job_12_task_11 job_5_task_12  job_8_task_14  job_11_task_13 job_11_task_14 job_7_task_13  job_5_task_14  job_11_task_16 job_9_task_14  job_9_task_15  job_4_task_15  job_13_task_17 job_5_task_17  job_13_task_18 job_10_task_18 
           [0,10]         [10,20]        [20,22]        [22,28]        [28,38]        [38,48]        [48,53]        [53,61]        [61,67]        [67,76]        [76,80]        [80,83]        [83,90]        [90,98]        [98,104]       [104,111]      [111,118]      [118,126]      [126,128]      [128,137]      [137,144]      [144,149]      [149,156]      [156,162]      [162,172]      [172,177]      [177,187]      [187,189]      [189,199]      [199,202]      [202,204]      [204,210]      [210,217]      [217,224]      [224,229]      [229,232]      [232,241]      [241,243]      [243,245]      [245,246]      [246,253]      [253,255]      [255,265]      [265,269]      [269,272]      [272,278]      [278,279]      [279,282]      [282,290]      [290,291]      
Machine 5: job_5_task_0   job_1_task_2   job_13_task_3  job_7_task_0   job_13_task_6  job_5_task_2   job_1_task_6   job_0_task_3   job_3_task_5   job_3_task_7   job_13_task_13 job_12_task_5  job_12_task_6  job_12_task_8  job_1_task_13  job_12_task_10 job_11_task_2  job_3_task_13  job_4_task_5   job_5_task_9   job_8_task_3   job_1_task_16  job_9_task_1   job_2_task_10  job_11_task_9  job_11_task_10 job_10_task_9  job_9_task_2   job_10_task_12 job_4_task_9   job_4_task_10  job_6_task_10  job_10_task_16 job_6_task_14  job_9_task_7   job_3_task_18  job_6_task_17  job_8_task_12  job_9_task_12  job_9_task_13  job_8_task_16  job_0_task_18  job_8_task_18  job_7_task_17  job_7_task_18  
           [0,7]          [12,13]        [13,17]        [17,18]        [27,34]        [34,36]        [36,45]        [45,53]        [53,63]        [64,66]        [74,81]        [81,83]        [83,87]        [91,97]        [97,98]        [102,110]      [110,111]      [111,114]      [114,118]      [118,126]      [126,130]      [133,135]      [135,145]      [145,149]      [149,153]      [153,158]      [158,165]      [165,174]      [176,186]      [186,190]      [191,193]      [194,197]      [202,206]      [206,211]      [211,217]      [217,224]      [225,233]      [233,238]      [240,243]      [243,253]      [253,263]      [263,270]      [270,277]      [277,282]      [282,291]      
Optimal Schedule Length: 291.0
Total (Unoptimized Schedule Length): 1478
Statistics
  - conflicts: 0
  - branches : 34
  - wall time: 21.900677056000003s