
Problem
         task_0   task_1   task_2   task_3   task_4   task_5   task_6   task_7  task_8   task_9  task_10  task_11 task_12  task_13
job_0   (1, 10)   (0, 8)   (4, 6)   (5, 4)   (2, 5)   (2, 2)  (0, 10)   (4, 1)  (1, 6)   (2, 6)   (3, 5)   (0, 5)  (1, 9)   (1, 2)
job_1    (3, 7)   (3, 6)  (3, 10)   (5, 2)   (2, 8)   (3, 7)   (5, 3)   (4, 7)  (0, 5)   (5, 9)   (0, 3)  (2, 10)  (4, 6)   (4, 2)
job_2    (5, 6)   (0, 1)   (0, 7)   (2, 4)   (0, 6)  (5, 10)   (1, 9)   (5, 8)  (4, 5)   (4, 1)   (1, 3)   (5, 5)  (1, 7)   (0, 2)
job_3    (4, 9)   (4, 8)   (0, 2)   (1, 2)   (1, 6)   (3, 4)   (1, 4)   (5, 7)  (3, 8)   (1, 1)   (4, 4)   (0, 5)  (0, 6)   (3, 3)
job_4    (5, 1)   (0, 9)   (3, 6)   (0, 3)  (4, 10)   (3, 1)  (1, 10)   (5, 2)  (1, 9)   (1, 5)  (1, 10)   (5, 1)  (1, 1)   (4, 9)
job_5   (3, 10)   (1, 7)   (3, 4)   (2, 3)   (1, 6)   (4, 2)   (5, 9)   (4, 9)  (4, 8)   (3, 9)   (0, 7)   (2, 9)  (2, 5)   (1, 6)
job_6   (4, 10)   (4, 3)   (2, 5)   (4, 3)   (0, 4)   (3, 1)   (4, 1)   (4, 5)  (3, 5)   (4, 5)   (5, 5)   (0, 6)  (4, 8)   (3, 3)
job_7    (2, 9)   (2, 9)   (2, 8)   (1, 6)   (2, 7)   (4, 1)   (5, 8)  (2, 10)  (1, 4)   (5, 5)   (1, 2)   (4, 2)  (3, 5)  (5, 10)
job_8    (3, 5)   (3, 7)   (4, 2)   (5, 8)   (2, 1)   (3, 5)  (3, 10)   (2, 1)  (5, 5)  (3, 10)   (1, 3)   (1, 9)  (4, 8)   (5, 8)
job_9    (2, 4)   (0, 4)   (0, 2)   (0, 6)   (0, 5)  (2, 10)   (5, 9)   (3, 6)  (2, 1)   (5, 4)   (0, 5)   (1, 3)  (2, 6)   (1, 1)
job_10   (2, 6)   (3, 8)   (0, 7)   (3, 3)   (0, 4)  (4, 10)   (3, 4)   (1, 7)  (5, 4)   (5, 7)   (4, 1)   (2, 5)  (5, 5)   (3, 4)
job_11   (3, 7)  (4, 10)   (1, 6)   (3, 4)   (0, 7)   (5, 5)   (5, 1)   (5, 7)  (5, 9)  (2, 10)   (1, 7)   (4, 9)  (4, 2)   (2, 2)
job_12   (3, 6)   (3, 7)   (3, 3)   (4, 3)   (4, 5)   (2, 1)  (4, 10)   (2, 6)  (5, 2)   (3, 5)   (0, 5)   (0, 6)  (0, 9)   (5, 9)
job_13   (2, 5)  (3, 10)   (3, 9)  (4, 10)   (4, 5)   (3, 8)  (4, 10)   (0, 8)  (3, 2)   (2, 5)   (5, 1)   (1, 4)  (0, 9)   (2, 4)
job_14   (4, 1)   (4, 2)   (1, 6)  (0, 10)   (0, 4)   (1, 2)   (2, 8)   (1, 4)  (1, 8)   (4, 6)   (0, 3)   (0, 9)  (1, 2)   (1, 7)


Solution:
Machine 0: job_2_task_1   job_2_task_2   job_4_task_1   job_0_task_1   job_2_task_4   job_4_task_3   job_3_task_2   job_9_task_1   job_9_task_2   job_9_task_3   job_9_task_4   job_14_task_3  job_14_task_4  job_11_task_4  job_10_task_2  job_0_task_6   job_14_task_10 job_14_task_11 job_13_task_7  job_10_task_4  job_1_task_8   job_12_task_10 job_12_task_11 job_6_task_4   job_12_task_12 job_1_task_10  job_13_task_12 job_9_task_10  job_0_task_11  job_5_task_10  job_6_task_11  job_3_task_11  job_3_task_12  job_2_task_13  
           [6,7]          [7,14]         [14,23]        [23,31]        [31,37]        [37,40]        [40,42]        [45,49]        [49,51]        [51,57]        [57,62]        [62,72]        [72,76]        [76,83]        [86,93]        [104,114]      [116,119]      [119,128]      [128,136]      [136,140]      [143,148]      [148,153]      [153,159]      [159,163]      [163,172]      [172,175]      [175,184]      [184,189]      [189,194]      [194,201]      [201,207]      [207,212]      [212,218]      [218,220]      
Machine 1: job_0_task_0   job_5_task_1   job_7_task_3   job_11_task_2  job_5_task_4   job_2_task_6   job_14_task_2  job_3_task_3   job_3_task_4   job_14_task_5  job_2_task_10  job_14_task_7  job_4_task_6   job_14_task_8  job_4_task_8   job_4_task_9   job_4_task_10  job_3_task_6   job_7_task_8   job_4_task_12  job_11_task_10 job_14_task_12 job_7_task_10  job_0_task_8   job_10_task_7  job_13_task_11 job_2_task_12  job_8_task_10  job_8_task_11  job_9_task_11  job_14_task_13 job_9_task_13  job_3_task_9   job_0_task_12  job_0_task_13  job_5_task_13  
           [0,10]         [10,17]        [27,33]        [33,39]        [39,45]        [47,56]        [56,62]        [67,69]        [69,75]        [76,78]        [82,85]        [86,90]        [90,100]       [100,108]      [108,117]      [117,122]      [122,132]      [132,136]      [136,140]      [140,141]      [141,148]      [148,150]      [150,152]      [152,158]      [158,165]      [165,169]      [169,176]      [176,179]      [179,188]      [189,192]      [192,199]      [200,201]      [202,203]      [203,212]      [212,214]      [215,221]      
Machine 2: job_7_task_0   job_7_task_1   job_7_task_2   job_2_task_3   job_5_task_3   job_7_task_4   job_9_task_0   job_13_task_0  job_6_task_2   job_10_task_0  job_9_task_5   job_14_task_6  job_7_task_7   job_12_task_5  job_0_task_4   job_0_task_5   job_1_task_4   job_12_task_7  job_8_task_4   job_11_task_9  job_13_task_9  job_8_task_7   job_0_task_9   job_9_task_8   job_1_task_11  job_10_task_11 job_13_task_13 job_9_task_12  job_5_task_11  job_5_task_12  job_11_task_13 
           [0,9]          [9,18]         [19,27]        [27,31]        [31,34]        [34,41]        [41,45]        [45,50]        [50,55]        [55,61]        [62,72]        [78,86]        [86,96]        [96,97]        [97,102]       [102,104]      [105,113]      [113,119]      [130,131]      [131,141]      [144,149]      [154,155]      [158,164]      [164,165]      [175,185]      [185,190]      [190,194]      [194,200]      [201,210]      [210,215]      [217,219]      
Machine 3: job_5_task_0   job_11_task_0  job_1_task_0   job_5_task_2   job_4_task_2   job_12_task_0  job_11_task_3  job_12_task_1  job_12_task_2  job_8_task_0   job_13_task_1  job_13_task_2  job_10_task_1  job_4_task_5   job_1_task_1   job_1_task_2   job_8_task_1   job_13_task_5  job_10_task_3  job_1_task_5   job_3_task_5   job_8_task_5   job_12_task_9  job_13_task_8  job_8_task_6   job_10_task_6  job_9_task_7   job_6_task_5   job_8_task_9   job_6_task_8   job_0_task_10  job_5_task_9   job_3_task_8   job_7_task_12  job_10_task_13 job_6_task_13  job_3_task_13  
           [0,10]         [10,17]        [17,24]        [24,28]        [28,34]        [34,40]        [40,44]        [44,51]        [51,54]        [54,59]        [59,69]        [69,78]        [78,86]        [86,87]        [87,93]        [93,103]       [103,110]      [110,118]      [118,121]      [121,128]      [128,132]      [132,137]      [137,142]      [142,144]      [144,154]      [154,158]      [158,164]      [164,165]      [165,175]      [175,180]      [180,185]      [185,194]      [194,202]      [203,208]      [208,212]      [215,218]      [218,221]      
Machine 4: job_3_task_0   job_3_task_1   job_11_task_1  job_14_task_0  job_6_task_0   job_6_task_1   job_7_task_5   job_4_task_4   job_5_task_5   job_14_task_1  job_0_task_2   job_12_task_3  job_5_task_7   job_2_task_8   job_2_task_9   job_13_task_3  job_12_task_4  job_13_task_4  job_12_task_6  job_14_task_9  job_8_task_2   job_13_task_6  job_5_task_8   job_1_task_7   job_0_task_7   job_10_task_5  job_6_task_3   job_4_task_13  job_6_task_6   job_6_task_7   job_11_task_11 job_10_task_10 job_6_task_9   job_1_task_12  job_8_task_12  job_7_task_11  job_3_task_10  job_6_task_12  job_11_task_12 job_1_task_13  
           [0,9]          [9,17]         [17,27]        [27,28]        [28,38]        [38,41]        [41,42]        [42,52]        [52,54]        [54,56]        [56,62]        [62,65]        [65,74]        [74,79]        [79,80]        [80,90]        [90,95]        [95,100]       [100,110]      [110,116]      [116,118]      [118,128]      [128,136]      [136,143]      [143,144]      [144,154]      [154,157]      [157,166]      [166,167]      [167,172]      [172,181]      [181,182]      [182,187]      [187,193]      [193,201]      [201,203]      [203,207]      [207,215]      [215,217]      [217,219]      
Machine 5: job_2_task_0   job_4_task_0   job_2_task_5   job_7_task_6   job_5_task_6   job_2_task_7   job_0_task_3   job_9_task_6   job_2_task_11  job_11_task_5  job_4_task_7   job_1_task_3   job_11_task_6  job_11_task_7  job_11_task_8  job_8_task_3   job_1_task_6   job_12_task_8  job_4_task_11  job_3_task_7   job_7_task_9   job_13_task_10 job_1_task_9   job_8_task_8   job_10_task_8  job_10_task_9  job_9_task_9   job_12_task_13 job_10_task_12 job_6_task_10  job_8_task_13  job_7_task_13  
           [0,6]          [6,7]          [37,47]        [47,55]        [55,64]        [64,72]        [72,76]        [82,91]        [91,96]        [96,101]       [101,103]      [103,105]      [105,106]      [106,113]      [113,122]      [122,130]      [130,133]      [133,135]      [135,136]      [136,143]      [143,148]      [149,150]      [150,159]      [159,164]      [166,170]      [170,177]      [177,181]      [181,190]      [190,195]      [195,200]      [201,209]      [210,220]      
Optimal Schedule Length: 221.0
Total (Unoptimized Schedule Length): 1176
Statistics
  - conflicts: 0
  - branches : 0
  - wall time: 5.117724246000001s