
Problem
         task_0  task_1   task_2   task_3   task_4   task_5   task_6   task_7   task_8   task_9 task_10  task_11  task_12  task_13  task_14 task_15 task_16  task_17  task_18
job_0    (5, 5)  (5, 3)  (4, 10)   (0, 4)   (4, 4)   (2, 6)   (4, 2)   (2, 4)   (0, 4)   (5, 6)  (4, 5)   (3, 7)   (3, 7)   (2, 1)   (5, 3)  (0, 6)  (4, 3)   (2, 4)   (0, 4)
job_1    (5, 6)  (3, 8)   (4, 3)  (1, 10)   (2, 3)  (0, 10)   (3, 3)   (0, 2)   (4, 4)   (3, 7)  (1, 5)   (2, 5)   (5, 9)   (5, 7)  (2, 10)  (5, 7)  (1, 6)   (4, 6)   (0, 5)
job_2    (2, 2)  (4, 2)   (4, 4)   (1, 8)   (1, 8)   (3, 5)   (5, 8)   (0, 6)   (2, 8)   (2, 5)  (3, 5)   (4, 6)   (1, 6)   (3, 5)   (2, 6)  (0, 7)  (5, 4)   (1, 9)  (3, 10)
job_3    (3, 3)  (4, 8)   (4, 3)   (0, 2)   (0, 9)   (5, 6)   (0, 1)   (4, 7)   (1, 6)   (0, 3)  (3, 4)   (1, 5)   (5, 2)   (1, 1)   (3, 4)  (4, 7)  (5, 4)   (4, 1)   (4, 9)
job_4    (0, 1)  (5, 2)   (0, 3)  (2, 10)   (1, 1)   (1, 7)   (5, 3)  (1, 10)   (2, 4)   (3, 8)  (4, 4)   (2, 9)   (0, 6)   (3, 3)   (5, 4)  (2, 4)  (0, 4)   (2, 6)   (0, 3)
job_5    (5, 7)  (1, 6)   (2, 8)   (5, 7)   (3, 6)   (3, 8)   (2, 8)   (1, 6)   (1, 7)   (2, 8)  (3, 6)   (3, 8)   (0, 6)   (1, 2)   (1, 5)  (2, 6)  (4, 6)   (5, 7)   (1, 4)
job_6    (4, 5)  (4, 1)   (0, 2)   (4, 3)   (5, 7)   (3, 8)   (5, 4)   (2, 8)   (2, 1)   (0, 9)  (1, 3)   (0, 5)   (2, 5)   (3, 4)   (5, 7)  (4, 2)  (3, 1)  (5, 10)   (0, 5)
job_7    (0, 4)  (4, 9)   (0, 5)   (0, 8)   (0, 8)   (5, 7)   (2, 3)  (4, 10)  (3, 10)  (1, 10)  (5, 3)   (1, 8)   (1, 8)  (0, 10)   (1, 2)  (1, 1)  (5, 7)  (1, 10)   (5, 8)
job_8   (1, 10)  (3, 4)   (2, 9)   (4, 7)   (4, 8)   (0, 7)   (2, 3)  (0, 10)   (2, 9)   (5, 2)  (0, 6)   (2, 6)   (2, 3)   (0, 2)   (3, 3)  (0, 8)  (2, 3)   (1, 2)   (3, 9)
job_9    (4, 2)  (3, 5)   (1, 5)   (2, 8)  (3, 10)   (4, 6)   (1, 4)   (4, 8)   (3, 9)   (3, 9)  (2, 8)   (0, 7)   (3, 6)   (0, 3)   (3, 5)  (0, 8)  (2, 8)  (4, 10)   (5, 6)
job_10   (1, 9)  (3, 3)   (3, 9)  (3, 10)   (0, 2)   (1, 9)   (4, 3)   (3, 8)   (4, 2)   (0, 2)  (1, 1)  (5, 10)  (3, 10)   (1, 6)  (1, 10)  (1, 7)  (0, 7)   (2, 8)   (0, 8)
job_11   (2, 5)  (3, 6)  (0, 10)   (4, 8)   (3, 4)  (0, 10)   (3, 2)   (2, 1)   (5, 5)   (5, 3)  (3, 6)   (2, 8)   (3, 5)   (5, 9)  (0, 10)  (3, 6)  (4, 2)   (5, 2)   (4, 3)
job_12   (5, 7)  (3, 2)   (1, 2)   (5, 3)  (1, 10)   (0, 1)   (1, 3)   (1, 1)   (3, 3)   (2, 2)  (0, 8)   (5, 4)   (0, 3)   (1, 8)  (2, 10)  (4, 5)  (1, 7)   (0, 6)   (2, 9)
job_13   (5, 9)  (0, 9)   (3, 7)   (0, 5)   (0, 7)   (5, 2)  (4, 10)  (5, 10)   (4, 5)   (2, 8)  (3, 3)   (2, 7)   (1, 6)   (3, 8)   (1, 2)  (4, 4)  (3, 8)   (5, 9)   (4, 7)
job_14   (5, 8)  (3, 3)   (0, 1)   (2, 4)   (3, 5)   (5, 4)   (5, 6)   (3, 6)   (4, 8)   (4, 1)  (5, 9)   (2, 8)   (0, 6)   (1, 7)   (4, 3)  (0, 8)  (0, 5)   (3, 8)   (5, 1)


Solution:
Machine 0: job_7_task_0   job_4_task_0   job_13_task_1  job_7_task_2   job_7_task_3   job_7_task_4   job_6_task_2   job_13_task_3  job_13_task_4  job_4_task_2   job_3_task_3   job_10_task_4  job_8_task_5   job_14_task_2  job_3_task_4   job_12_task_5  job_2_task_7   job_8_task_7   job_3_task_6   job_11_task_2  job_8_task_10  job_1_task_5   job_6_task_9   job_1_task_7   job_10_task_9  job_0_task_3   job_3_task_9   job_11_task_5  job_6_task_11  job_8_task_13  job_12_task_10 job_7_task_13  job_9_task_11  job_14_task_12 job_12_task_12 job_2_task_15  job_9_task_13  job_0_task_8   job_5_task_12  job_10_task_16 job_14_task_15 job_9_task_15  job_11_task_14 job_10_task_18 job_4_task_12  job_14_task_16 job_8_task_15  job_0_task_15  job_4_task_16  job_1_task_18  job_12_task_17 job_6_task_18  job_0_task_18  job_4_task_18  
           [0,4]          [4,5]          [9,18]         [18,23]        [23,31]        [31,39]        [39,41]        [41,46]        [46,53]        [53,56]        [56,58]        [58,60]        [60,67]        [68,69]        [71,80]        [80,81]        [83,89]        [89,99]        [99,100]       [100,110]      [110,116]      [116,126]      [126,135]      [136,138]      [138,140]      [140,144]      [144,147]      [147,157]      [157,162]      [162,164]      [164,172]      [172,182]      [182,189]      [189,195]      [195,198]      [198,205]      [205,208]      [208,212]      [212,218]      [218,225]      [225,233]      [234,242]      [242,252]      [252,260]      [260,266]      [266,271]      [271,279]      [279,285]      [285,289]      [289,294]      [294,300]      [300,305]      [305,309]      [309,312]      
Machine 1: job_8_task_0   job_9_task_2   job_10_task_0  job_5_task_1   job_2_task_3   job_2_task_4   job_9_task_6   job_12_task_2  job_10_task_5  job_12_task_4  job_4_task_4   job_4_task_5   job_12_task_6  job_5_task_7   job_1_task_3   job_12_task_7  job_5_task_8   job_3_task_8   job_7_task_9   job_4_task_7   job_6_task_10  job_10_task_10 job_7_task_11  job_1_task_10  job_7_task_12  job_2_task_12  job_10_task_13 job_7_task_14  job_7_task_15  job_10_task_14 job_13_task_12 job_10_task_15 job_14_task_13 job_5_task_13  job_13_task_14 job_5_task_14  job_3_task_11  job_3_task_13  job_12_task_13 job_7_task_17  job_1_task_16  job_2_task_17  job_12_task_16 job_8_task_17  job_5_task_18  
           [0,10]         [10,15]        [15,24]        [24,30]        [30,38]        [38,46]        [47,51]        [59,61]        [61,70]        [70,80]        [80,81]        [81,88]        [88,91]        [91,97]        [97,107]       [107,108]      [108,115]      [115,121]      [121,131]      [131,141]      [141,144]      [144,145]      [145,153]      [158,163]      [163,171]      [174,180]      [180,186]      [186,188]      [188,189]      [189,199]      [199,205]      [205,212]      [212,219]      [224,226]      [226,228]      [228,233]      [233,238]      [241,242]      [242,250]      [250,260]      [268,274]      [274,283]      [285,292]      [292,294]      [307,311]      
Machine 2: job_2_task_0   job_11_task_0  job_9_task_3   job_8_task_2   job_5_task_2   job_7_task_6   job_4_task_3   job_14_task_3  job_8_task_6   job_5_task_6   job_2_task_8   job_8_task_8   job_2_task_9   job_1_task_4   job_6_task_7   job_6_task_8   job_5_task_9   job_8_task_11  job_13_task_9  job_4_task_8   job_9_task_10  job_8_task_12  job_12_task_9  job_11_task_7  job_1_task_11  job_14_task_11 job_0_task_5   job_13_task_11 job_2_task_14  job_0_task_7   job_11_task_11 job_1_task_14  job_6_task_12  job_10_task_17 job_5_task_15  job_9_task_16  job_4_task_11  job_0_task_13  job_12_task_14 job_4_task_15  job_8_task_16  job_4_task_17  job_0_task_17  job_12_task_18 
           [0,2]          [2,7]          [15,23]        [23,32]        [32,40]        [58,61]        [63,73]        [73,77]        [77,80]        [81,89]        [89,97]        [99,108]       [108,113]      [113,116]      [116,124]      [124,125]      [125,133]      [133,139]      [139,147]      [147,151]      [151,159]      [159,162]      [162,164]      [164,165]      [166,171]      [171,179]      [179,185]      [185,192]      [192,198]      [198,202]      [202,210]      [210,220]      [220,225]      [225,233]      [233,239]      [242,250]      [251,260]      [267,268]      [268,278]      [279,283]      [283,286]      [289,295]      [295,299]      [300,309]      
Machine 3: job_3_task_0   job_9_task_1   job_11_task_1  job_8_task_1   job_13_task_2  job_9_task_4   job_10_task_1  job_10_task_2  job_10_task_3  job_12_task_1  job_5_task_4   job_14_task_1  job_2_task_5   job_5_task_5   job_1_task_1   job_14_task_4  job_9_task_8   job_6_task_5   job_7_task_8   job_10_task_7  job_11_task_4  job_1_task_6   job_14_task_7  job_9_task_9   job_1_task_9   job_12_task_8  job_11_task_6  job_2_task_10  job_10_task_12 job_13_task_10 job_11_task_10 job_2_task_13  job_5_task_10  job_9_task_12  job_5_task_11  job_11_task_12 job_13_task_13 job_3_task_10  job_9_task_14  job_4_task_9   job_0_task_11  job_6_task_13  job_0_task_12  job_3_task_14  job_6_task_16  job_8_task_14  job_4_task_13  job_13_task_16 job_11_task_15 job_2_task_18  job_14_task_17 job_8_task_18  
           [0,3]          [3,8]          [8,14]         [14,18]        [18,25]        [25,35]        [35,38]        [38,47]        [47,57]        [57,59]        [59,65]        [65,68]        [68,73]        [73,81]        [81,89]        [89,94]        [94,103]       [103,111]      [111,121]      [121,129]      [129,133]      [133,136]      [136,142]      [142,151]      [151,158]      [158,161]      [161,163]      [163,168]      [168,178]      [178,181]      [181,187]      [187,192]      [192,198]      [198,204]      [204,212]      [212,217]      [217,225]      [225,229]      [229,234]      [234,242]      [242,249]      [249,253]      [253,260]      [260,264]      [264,265]      [265,268]      [268,271]      [271,279]      [279,285]      [285,295]      [295,303]      [303,312]      
Machine 4: job_9_task_0   job_2_task_1   job_7_task_1   job_2_task_2   job_6_task_0   job_6_task_1   job_3_task_1   job_3_task_2   job_8_task_3   job_9_task_5   job_8_task_4   job_6_task_3   job_9_task_7   job_7_task_7   job_10_task_6  job_13_task_6  job_1_task_2   job_0_task_2   job_3_task_7   job_11_task_3  job_13_task_8  job_10_task_8  job_1_task_8   job_14_task_8  job_14_task_9  job_0_task_4   job_2_task_11  job_0_task_6   job_14_task_14 job_13_task_15 job_0_task_10  job_5_task_16  job_4_task_10  job_9_task_17  job_6_task_15  job_3_task_15  job_1_task_17  job_12_task_15 job_11_task_16 job_3_task_17  job_0_task_16  job_3_task_18  job_13_task_18 job_11_task_18 
           [0,2]          [2,4]          [4,13]         [13,17]        [17,22]        [22,23]        [23,31]        [31,34]        [34,41]        [41,47]        [47,55]        [55,58]        [58,66]        [66,76]        [76,79]        [79,89]        [91,94]        [97,107]       [107,114]      [114,122]      [125,130]      [130,132]      [138,142]      [142,150]      [150,151]      [151,155]      [168,174]      [185,187]      [219,222]      [228,232]      [236,241]      [241,247]      [247,251]      [251,261]      [261,263]      [265,272]      [274,280]      [280,285]      [285,287]      [287,288]      [288,291]      [291,300]      [302,309]      [309,312]      
Machine 5: job_13_task_0  job_5_task_0   job_1_task_0   job_0_task_0   job_12_task_0  job_4_task_1   job_14_task_0  job_5_task_3   job_7_task_5   job_6_task_4   job_12_task_3  job_13_task_5  job_0_task_1   job_2_task_6   job_3_task_5   job_4_task_6   job_14_task_5  job_14_task_6  job_8_task_9   job_6_task_6   job_13_task_7  job_7_task_10  job_10_task_11 job_14_task_10 job_11_task_8  job_11_task_9  job_12_task_11 job_1_task_12  job_1_task_13  job_7_task_16  job_2_task_16  job_11_task_13 job_0_task_9   job_1_task_15  job_3_task_12  job_5_task_17  job_6_task_14  job_7_task_18  job_0_task_14  job_4_task_14  job_3_task_16  job_6_task_17  job_13_task_17 job_11_task_17 job_9_task_18  job_14_task_18 
           [0,9]          [9,16]         [16,22]        [22,27]        [27,34]        [34,36]        [36,44]        [44,51]        [51,58]        [58,65]        [65,68]        [68,70]        [72,75]        [75,83]        [83,89]        [89,92]        [94,98]        [98,104]       [108,110]      [111,115]      [115,125]      [132,135]      [145,155]      [155,164]      [165,170]      [170,173]      [173,177]      [178,187]      [187,194]      [194,201]      [205,209]      [217,226]      [226,232]      [232,239]      [239,241]      [247,254]      [254,261]      [261,269]      [272,275]      [275,279]      [279,283]      [283,293]      [293,302]      [302,304]      [304,310]      [310,311]      
Optimal Schedule Length: 312.0
Total (Unoptimized Schedule Length): 1625
Statistics
  - conflicts: 0
  - branches : 46
  - wall time: 1.123228179s