
Problem
         task_0   task_1  task_2  task_3   task_4   task_5   task_6   task_7   task_8   task_9  task_10  task_11  task_12  task_13  task_14 task_15  task_16 task_17
job_0    (9, 1)   (9, 1)  (4, 3)  (0, 8)  (2, 10)  (1, 10)   (3, 6)   (1, 1)   (2, 7)   (1, 4)   (6, 6)   (9, 2)  (0, 10)   (8, 6)   (0, 1)  (8, 9)  (7, 10)  (4, 4)
job_1    (0, 6)   (7, 8)  (1, 7)  (1, 1)   (3, 4)   (3, 7)   (2, 6)   (4, 3)   (2, 1)   (6, 8)   (3, 5)   (0, 8)  (8, 10)   (2, 1)   (8, 2)  (9, 6)   (2, 6)  (9, 6)
job_2    (1, 3)   (1, 5)  (4, 4)  (6, 3)  (1, 10)   (8, 3)   (5, 2)   (8, 6)   (2, 8)   (0, 9)   (1, 4)   (0, 6)   (2, 9)   (0, 2)   (0, 6)  (0, 8)   (6, 8)  (7, 2)
job_3    (0, 2)   (1, 9)  (7, 1)  (6, 9)   (5, 4)   (1, 7)   (4, 4)  (8, 10)   (4, 9)   (4, 9)   (7, 9)   (4, 5)   (6, 2)   (9, 2)   (0, 3)  (6, 5)   (4, 6)  (5, 2)
job_4    (6, 7)  (8, 10)  (5, 5)  (4, 1)  (4, 10)   (7, 6)   (4, 3)   (3, 9)   (9, 5)   (1, 5)   (7, 6)  (0, 10)   (4, 9)  (8, 10)   (2, 7)  (5, 4)   (1, 8)  (0, 9)
job_5    (2, 3)   (7, 4)  (3, 7)  (8, 6)   (8, 5)   (6, 9)   (8, 2)   (9, 9)   (6, 2)   (7, 3)   (3, 9)   (1, 3)   (8, 1)   (1, 2)  (2, 10)  (3, 4)   (0, 3)  (1, 5)
job_6    (4, 5)   (5, 9)  (7, 3)  (3, 5)   (6, 8)   (2, 9)   (9, 6)   (6, 3)   (2, 3)   (4, 8)   (0, 4)   (9, 6)   (2, 7)   (2, 2)   (3, 2)  (3, 5)   (4, 7)  (8, 6)
job_7    (0, 1)   (6, 7)  (9, 5)  (3, 5)   (5, 2)  (3, 10)   (7, 7)  (6, 10)   (3, 9)   (8, 4)   (0, 7)   (6, 8)  (6, 10)   (6, 6)   (9, 5)  (7, 7)   (4, 5)  (0, 6)
job_8    (7, 7)   (1, 5)  (6, 9)  (4, 3)   (8, 8)   (6, 8)   (3, 5)   (6, 4)   (0, 9)   (2, 1)   (4, 8)   (9, 6)  (5, 10)   (7, 8)   (9, 1)  (3, 2)   (6, 3)  (5, 9)
job_9    (6, 5)   (6, 1)  (4, 6)  (1, 1)   (7, 9)   (6, 1)   (8, 3)   (0, 2)  (2, 10)  (2, 10)   (1, 4)   (7, 9)  (9, 10)   (0, 3)   (2, 5)  (9, 7)   (0, 5)  (7, 6)
job_10   (7, 6)   (9, 8)  (2, 7)  (3, 7)   (8, 8)  (8, 10)   (1, 8)   (0, 6)  (9, 10)   (4, 4)   (4, 2)   (1, 9)   (9, 1)   (9, 5)   (4, 9)  (9, 5)   (7, 9)  (4, 1)
job_11  (5, 10)   (3, 9)  (0, 7)  (2, 8)   (3, 3)   (4, 9)   (6, 6)   (1, 2)  (1, 10)   (9, 9)   (0, 6)   (1, 4)   (1, 8)   (0, 4)   (1, 7)  (0, 1)   (5, 4)  (2, 4)
job_12   (5, 1)  (7, 10)  (2, 7)  (3, 4)   (1, 7)   (9, 5)   (4, 5)   (3, 2)   (4, 9)   (4, 1)   (7, 4)   (6, 7)   (3, 2)  (4, 10)   (0, 7)  (4, 9)   (3, 2)  (0, 3)
job_13  (6, 10)  (1, 10)  (5, 8)  (5, 5)   (1, 8)   (3, 7)   (8, 3)   (4, 6)   (9, 9)   (1, 9)   (5, 2)   (3, 7)   (8, 7)   (8, 1)   (1, 4)  (9, 3)   (4, 5)  (6, 8)
job_14   (2, 3)   (5, 8)  (2, 8)  (3, 6)   (6, 5)   (5, 1)   (7, 6)   (2, 7)  (4, 10)   (3, 4)   (6, 1)   (9, 5)   (8, 9)   (4, 3)   (8, 7)  (6, 4)   (1, 4)  (9, 9)
job_15   (0, 3)   (4, 2)  (2, 2)  (9, 5)   (2, 1)   (9, 8)  (3, 10)   (2, 7)   (9, 3)   (7, 9)  (4, 10)   (1, 3)   (4, 8)   (0, 7)   (3, 1)  (2, 1)   (6, 2)  (4, 7)


Solution:
Machine 0: job_7_task_0   job_3_task_0   job_1_task_0   job_0_task_3   job_15_task_0  job_11_task_2  job_9_task_7   job_12_task_14 job_8_task_8   job_10_task_7  job_12_task_17 job_1_task_11  job_2_task_9   job_4_task_11  job_6_task_10  job_2_task_11  job_11_task_10 job_7_task_10  job_0_task_12  job_11_task_13 job_2_task_13  job_2_task_14  job_0_task_14  job_9_task_13  job_3_task_14  job_2_task_15  job_15_task_13 job_11_task_15 job_5_task_16  job_4_task_17  job_9_task_16  job_7_task_17  
           [0,1]          [1,3]          [3,9]          [9,17]         [17,20]        [60,67]        [67,69]        [81,88]        [88,97]        [97,103]       [103,106]      [106,114]      [114,123]      [123,133]      [133,137]      [137,143]      [143,149]      [149,156]      [156,166]      [166,170]      [170,172]      [172,178]      [178,179]      [179,182]      [182,185]      [185,193]      [193,200]      [200,201]      [201,204]      [204,213]      [213,218]      [218,224]      
Machine 1: job_2_task_0   job_2_task_1   job_3_task_1   job_8_task_1   job_12_task_4  job_1_task_2   job_1_task_3   job_9_task_3   job_2_task_4   job_3_task_5   job_13_task_1  job_0_task_5   job_10_task_6  job_13_task_4  job_4_task_9   job_11_task_7  job_11_task_8  job_2_task_10  job_0_task_7   job_10_task_11 job_0_task_9   job_11_task_11 job_9_task_10  job_11_task_12 job_5_task_11  job_15_task_11 job_13_task_9  job_5_task_13  job_4_task_16  job_11_task_14 job_13_task_14 job_5_task_17  job_14_task_16 
           [0,3]          [4,9]          [9,18]         [18,23]        [23,30]        [30,37]        [37,38]        [38,39]        [39,49]        [53,60]        [68,78]        [78,88]        [88,96]        [96,104]       [104,109]      [117,119]      [119,129]      [129,133]      [133,134]      [134,143]      [143,147]      [149,153]      [153,157]      [157,165]      [165,168]      [169,172]      [172,181]      [181,183]      [183,191]      [191,198]      [198,202]      [204,209]      [209,213]      
Machine 2: job_14_task_0  job_5_task_0   job_12_task_2  job_14_task_2  job_0_task_4   job_15_task_2  job_14_task_7  job_10_task_2  job_1_task_6   job_11_task_3  job_1_task_8   job_15_task_4  job_6_task_5   job_8_task_9   job_6_task_8   job_2_task_8   job_9_task_8   job_1_task_13  job_15_task_7  job_0_task_8   job_9_task_9   job_6_task_12  job_2_task_12  job_6_task_13  job_4_task_14  job_9_task_14  job_5_task_14  job_15_task_15 job_1_task_16  job_11_task_17 
           [0,3]          [3,6]          [11,18]        [19,27]        [27,37]        [43,45]        [47,54]        [54,61]        [61,67]        [67,75]        [75,76]        [76,77]        [83,92]        [97,98]        [101,104]      [104,112]      [112,122]      [124,125]      [126,133]      [134,141]      [141,151]      [151,158]      [158,167]      [167,169]      [169,176]      [182,187]      [187,197]      [202,203]      [203,209]      [209,213]      
Machine 3: job_12_task_3  job_14_task_3  job_7_task_3   job_1_task_4   job_12_task_7  job_1_task_5   job_11_task_1  job_10_task_3  job_12_task_12 job_6_task_3   job_11_task_4  job_8_task_6   job_5_task_2   job_4_task_7   job_12_task_16 job_1_task_10  job_7_task_5   job_15_task_6  job_0_task_6   job_7_task_8   job_13_task_5  job_14_task_9  job_5_task_10  job_6_task_14  job_6_task_15  job_13_task_11 job_8_task_15  job_5_task_15  job_15_task_14 
           [18,22]        [27,33]        [33,38]        [38,42]        [42,44]        [44,51]        [51,60]        [61,68]        [68,70]        [70,75]        [75,78]        [78,83]        [83,90]        [90,99]        [99,101]       [101,106]      [106,116]      [116,126]      [126,132]      [133,142]      [142,149]      [149,153]      [153,162]      [169,171]      [171,176]      [183,190]      [190,192]      [197,201]      [201,202]      
Machine 4: job_6_task_0   job_0_task_2   job_2_task_2   job_9_task_2   job_15_task_1  job_4_task_3   job_4_task_4   job_8_task_3   job_12_task_6  job_4_task_6   job_12_task_8  job_12_task_9  job_14_task_8  job_3_task_6   job_1_task_7   job_12_task_13 job_11_task_5  job_12_task_15 job_8_task_10  job_6_task_9   job_3_task_8   job_10_task_9  job_10_task_10 job_3_task_9   job_4_task_12  job_3_task_11  job_13_task_7  job_15_task_10 job_10_task_14 job_15_task_12 job_14_task_13 job_6_task_16  job_3_task_16  job_7_task_16  job_0_task_17  job_13_task_16 job_15_task_17 job_10_task_17 
           [0,5]          [5,8]          [9,13]         [14,20]        [20,22]        [22,23]        [23,33]        [33,36]        [36,41]        [41,44]        [44,53]        [53,54]        [54,64]        [64,68]        [68,71]        [71,81]        [81,90]        [90,99]        [99,107]       [107,115]      [115,124]      [124,128]      [128,130]      [130,139]      [139,148]      [148,153]      [153,159]      [159,169]      [169,178]      [178,186]      [186,189]      [189,196]      [196,202]      [202,207]      [207,211]      [211,216]      [216,223]      [223,224]      
Machine 5: job_12_task_0  job_14_task_1  job_4_task_2   job_6_task_1   job_14_task_5  job_11_task_0  job_3_task_4   job_7_task_4   job_2_task_6   job_13_task_2  job_13_task_3  job_8_task_12  job_4_task_15  job_13_task_10 job_8_task_17  job_11_task_16 job_3_task_17  
           [0,1]          [3,11]         [17,22]        [22,31]        [38,39]        [39,49]        [49,53]        [53,55]        [55,57]        [78,86]        [86,91]        [129,139]      [176,180]      [181,183]      [195,204]      [204,208]      [208,210]      
Machine 6: job_4_task_0   job_9_task_0   job_9_task_1   job_7_task_1   job_2_task_3   job_8_task_2   job_14_task_4  job_3_task_3   job_13_task_0  job_9_task_5   job_12_task_11 job_8_task_5   job_6_task_4   job_8_task_7   job_1_task_9   job_6_task_7   job_5_task_5   job_11_task_6  job_7_task_7   job_5_task_8   job_0_task_10  job_14_task_10 job_3_task_12  job_7_task_11  job_7_task_12  job_7_task_13  job_3_task_15  job_8_task_16  job_2_task_16  job_15_task_16 job_14_task_15 job_13_task_17 
           [0,7]          [8,13]         [13,14]        [14,21]        [21,24]        [24,33]        [33,38]        [38,47]        [47,57]        [57,58]        [60,67]        [67,75]        [75,83]        [83,87]        [87,95]        [98,101]       [102,111]      [111,117]      [123,133]      [133,135]      [147,153]      [153,154]      [154,156]      [156,164]      [164,174]      [174,180]      [185,190]      [192,195]      [195,203]      [203,205]      [205,209]      [216,224]      
Machine 7: job_12_task_1  job_8_task_0   job_3_task_2   job_1_task_1   job_10_task_0  job_4_task_5   job_14_task_6  job_9_task_4   job_12_task_10 job_6_task_2   job_5_task_1   job_4_task_10  job_7_task_6   job_5_task_9   job_3_task_10  job_15_task_9  job_9_task_11  job_8_task_13  job_7_task_15  job_0_task_16  job_2_task_17  job_10_task_16 job_9_task_17  
           [1,11]         [11,18]        [18,19]        [19,27]        [27,33]        [35,41]        [41,47]        [47,56]        [56,60]        [60,63]        [63,67]        [109,115]      [116,123]      [135,138]      [139,148]      [148,157]      [157,166]      [166,174]      [186,193]      [193,203]      [203,205]      [205,214]      [218,224]      
Machine 8: job_4_task_1   job_8_task_4   job_2_task_5   job_2_task_7   job_9_task_6   job_10_task_4  job_10_task_5  job_5_task_3   job_5_task_4   job_3_task_7   job_5_task_6   job_1_task_12  job_1_task_14  job_7_task_9   job_13_task_6  job_4_task_13  job_14_task_12 job_0_task_13  job_5_task_12  job_0_task_15  job_13_task_12 job_13_task_13 job_14_task_14 job_6_task_17  
           [7,17]         [40,48]        [49,52]        [57,63]        [63,66]        [68,76]        [76,86]        [90,96]        [97,102]       [102,112]      [112,114]      [114,124]      [125,127]      [142,146]      [149,152]      [152,162]      [162,171]      [171,177]      [177,178]      [179,188]      [190,197]      [197,198]      [198,205]      [205,211]      
Machine 9: job_0_task_0   job_0_task_1   job_7_task_2   job_12_task_5  job_10_task_1  job_15_task_3  job_15_task_5  job_6_task_6   job_4_task_8   job_10_task_8  job_5_task_7   job_8_task_11  job_11_task_9  job_6_task_11  job_15_task_8  job_10_task_12 job_10_task_13 job_0_task_11  job_14_task_11 job_13_task_8  job_9_task_12  job_3_task_13  job_7_task_14  job_8_task_14  job_9_task_15  job_1_task_15  job_10_task_15 job_13_task_15 job_1_task_17  job_14_task_17 
           [0,1]          [1,2]          [21,26]        [30,35]        [35,43]        [45,50]        [77,85]        [92,98]        [99,104]       [104,114]      [114,123]      [123,129]      [129,138]      [138,144]      [144,147]      [147,148]      [148,153]      [153,155]      [155,160]      [160,169]      [169,179]      [179,181]      [181,186]      [186,187]      [187,194]      [194,200]      [200,205]      [205,208]      [209,215]      [215,224]      
Optimal Schedule Length: 224.0
Total (Unoptimized Schedule Length): 1638
Statistics
  - conflicts: 0
  - branches : 39
  - wall time: 1.550500035s