
Problem
         task_0  task_1   task_2  task_3   task_4   task_5   task_6   task_7   task_8   task_9  task_10  task_11  task_12  task_13 task_14  task_15  task_16  task_17  task_18
job_0    (0, 3)  (2, 3)   (0, 1)  (4, 4)   (3, 3)   (0, 4)   (4, 7)   (4, 5)   (4, 9)   (1, 2)  (5, 10)   (2, 4)   (0, 5)   (1, 8)  (4, 4)   (3, 9)   (5, 4)   (1, 3)   (1, 3)
job_1    (3, 5)  (1, 9)   (2, 6)  (4, 4)   (0, 4)   (5, 1)   (1, 7)   (5, 3)   (0, 6)   (2, 5)  (2, 10)   (5, 6)   (5, 7)   (3, 9)  (3, 2)   (3, 3)   (0, 1)   (4, 2)  (4, 10)
job_2    (3, 5)  (1, 6)   (1, 8)  (2, 3)   (5, 2)   (1, 7)   (0, 6)  (0, 10)   (2, 8)  (5, 10)   (0, 7)   (5, 9)   (0, 1)   (2, 6)  (4, 4)   (3, 6)   (1, 5)   (4, 4)   (2, 5)
job_3    (4, 6)  (4, 8)   (4, 5)  (5, 9)   (5, 3)   (5, 1)   (3, 5)  (3, 10)   (1, 7)   (0, 6)   (1, 7)   (5, 7)   (1, 8)   (5, 1)  (1, 5)   (5, 5)  (0, 10)   (2, 1)   (4, 9)
job_4    (0, 4)  (2, 6)  (4, 10)  (1, 4)   (1, 2)   (1, 1)   (3, 7)   (1, 5)   (5, 3)   (4, 1)   (2, 5)   (4, 3)   (5, 2)   (0, 3)  (5, 5)   (4, 5)   (3, 4)   (3, 6)   (1, 1)
job_5    (1, 6)  (0, 4)   (0, 1)  (1, 7)   (1, 7)   (5, 9)   (3, 1)   (1, 6)   (3, 9)   (3, 9)  (5, 10)   (2, 5)   (1, 7)   (2, 9)  (4, 9)  (5, 10)   (5, 2)   (4, 2)   (0, 1)
job_6   (2, 10)  (5, 6)   (2, 7)  (3, 2)   (0, 5)   (1, 9)   (5, 9)   (5, 2)   (4, 3)   (5, 3)   (2, 4)   (0, 3)   (2, 4)   (5, 4)  (3, 7)   (1, 8)   (0, 3)   (0, 3)  (4, 10)
job_7    (0, 8)  (0, 4)   (0, 4)  (4, 6)   (4, 1)   (3, 1)   (1, 3)   (0, 5)   (3, 7)   (4, 3)   (3, 9)   (4, 5)   (2, 6)   (4, 1)  (1, 2)   (5, 4)   (5, 1)  (5, 10)   (4, 6)
job_8    (3, 1)  (2, 8)   (3, 4)  (5, 6)   (3, 3)   (2, 1)   (1, 7)   (5, 7)   (0, 8)   (0, 6)   (3, 6)   (0, 3)   (1, 9)   (1, 6)  (1, 7)   (3, 7)  (0, 10)   (5, 9)   (5, 1)
job_9    (1, 7)  (1, 9)   (0, 5)  (3, 7)   (2, 5)   (4, 6)   (4, 8)   (2, 4)   (5, 2)   (5, 5)   (3, 2)  (1, 10)   (4, 9)   (0, 2)  (4, 6)   (2, 2)   (0, 2)   (3, 6)   (2, 4)
job_10  (0, 10)  (3, 5)   (0, 1)  (2, 1)  (4, 10)   (2, 5)   (3, 6)   (3, 9)   (5, 9)   (5, 7)   (4, 1)   (1, 8)   (2, 1)   (2, 3)  (2, 6)   (1, 9)   (3, 6)  (1, 10)   (3, 4)
job_11   (4, 2)  (1, 6)   (4, 3)  (4, 2)   (3, 3)   (0, 1)   (1, 3)   (0, 4)   (0, 3)   (2, 8)   (0, 2)   (3, 8)   (0, 3)   (3, 9)  (4, 9)   (0, 2)   (2, 9)  (2, 10)   (0, 9)
job_12   (4, 7)  (2, 5)   (5, 9)  (2, 4)   (1, 6)   (0, 2)   (2, 7)   (4, 8)   (2, 8)   (5, 9)   (1, 3)   (3, 5)   (0, 1)   (2, 5)  (0, 3)   (1, 3)   (2, 4)   (0, 4)   (0, 8)
job_13  (4, 10)  (1, 4)  (1, 10)  (4, 3)   (3, 7)  (4, 10)  (3, 10)  (3, 10)   (5, 3)   (1, 6)   (1, 7)   (0, 5)   (5, 1)  (1, 10)  (2, 6)   (5, 8)   (4, 8)   (3, 5)   (4, 2)
job_14   (1, 7)  (3, 2)   (3, 9)  (5, 4)   (2, 5)   (0, 4)   (4, 6)   (3, 4)   (4, 5)   (0, 9)   (5, 8)   (3, 9)   (1, 9)   (4, 1)  (5, 2)   (3, 9)   (5, 4)   (0, 2)   (4, 7)
job_15   (4, 8)  (4, 1)   (4, 9)  (4, 6)   (1, 3)   (0, 3)   (0, 5)   (3, 5)   (5, 3)   (0, 5)   (3, 1)   (1, 1)   (1, 3)  (1, 10)  (1, 2)   (1, 1)   (3, 9)   (5, 9)   (1, 8)
job_16   (1, 1)  (2, 5)  (1, 10)  (4, 5)   (1, 6)   (2, 6)   (5, 4)   (1, 7)   (5, 6)   (0, 9)   (1, 9)   (5, 9)   (0, 4)   (4, 3)  (5, 4)   (3, 6)   (2, 4)   (3, 5)   (3, 7)
job_17   (5, 7)  (3, 8)   (3, 7)  (4, 8)   (5, 5)   (0, 7)  (4, 10)   (3, 8)  (1, 10)   (4, 2)   (0, 3)   (2, 7)   (2, 5)   (4, 1)  (4, 5)   (2, 6)   (0, 7)   (5, 9)   (4, 2)
job_18   (4, 5)  (4, 8)   (3, 6)  (2, 2)  (3, 10)   (3, 5)   (5, 9)   (3, 8)   (4, 7)   (0, 2)   (2, 9)  (0, 10)  (1, 10)   (4, 1)  (2, 9)   (2, 1)   (0, 6)  (0, 10)  (4, 10)


Solution:
Machine 0: job_10_task_0  job_5_task_1   job_0_task_0   job_4_task_0   job_0_task_2   job_7_task_0   job_7_task_1   job_7_task_2   job_10_task_2  job_5_task_2   job_2_task_6   job_2_task_7   job_6_task_4   job_17_task_5  job_14_task_5  job_11_task_5  job_9_task_2   job_1_task_4   job_0_task_5   job_11_task_7  job_11_task_8  job_8_task_8   job_12_task_5  job_18_task_9  job_8_task_9   job_11_task_10 job_15_task_5  job_2_task_10  job_15_task_6  job_1_task_8   job_16_task_9  job_14_task_9  job_7_task_7   job_3_task_9   job_18_task_11 job_8_task_11  job_11_task_12 job_15_task_9  job_17_task_10 job_13_task_11 job_6_task_11  job_0_task_12  job_2_task_12  job_11_task_15 job_16_task_12 job_9_task_13  job_18_task_16 job_4_task_13  job_5_task_18  job_1_task_16  job_18_task_17 job_12_task_12 job_8_task_16  job_12_task_14 job_11_task_18 job_17_task_16 job_14_task_17 job_9_task_16  job_3_task_16  job_6_task_16  job_6_task_17  job_12_task_17 job_12_task_18 
           [0,10]         [10,14]        [14,17]        [17,21]        [21,22]        [22,30]        [30,34]        [34,38]        [38,39]        [39,40]        [40,46]        [46,56]        [87,92]        [101,108]      [108,112]      [112,113]      [117,122]      [122,126]      [126,130]      [130,134]      [134,137]      [137,145]      [145,147]      [147,149]      [149,155]      [155,157]      [158,161]      [161,168]      [168,173]      [173,179]      [179,188]      [188,197]      [197,202]      [202,208]      [208,218]      [218,221]      [221,224]      [224,229]      [229,232]      [232,237]      [237,240]      [240,245]      [245,246]      [251,253]      [258,262]      [274,276]      [290,296]      [296,299]      [299,300]      [300,301]      [301,311]      [311,312]      [312,322]      [322,325]      [325,334]      [334,341]      [341,343]      [343,345]      [345,355]      [355,358]      [358,361]      [364,368]      [368,376]      
Machine 1: job_5_task_0   job_2_task_1   job_2_task_2   job_13_task_1  job_16_task_0  job_2_task_5   job_13_task_2  job_14_task_0  job_16_task_2  job_5_task_3   job_5_task_4   job_1_task_1   job_11_task_1  job_8_task_6   job_16_task_4  job_9_task_0   job_9_task_1   job_5_task_7   job_11_task_6  job_12_task_4  job_16_task_7  job_6_task_5   job_1_task_6   job_15_task_4  job_3_task_8   job_13_task_9  job_13_task_10 job_4_task_3   job_17_task_8  job_7_task_6   job_4_task_4   job_4_task_5   job_16_task_10 job_5_task_12  job_3_task_10  job_0_task_9   job_8_task_12  job_18_task_12 job_4_task_7   job_15_task_11 job_15_task_12 job_9_task_11  job_8_task_13  job_3_task_12  job_13_task_13 job_15_task_13 job_12_task_10 job_8_task_14  job_14_task_12 job_10_task_11 job_0_task_13  job_3_task_14  job_15_task_14 job_10_task_15 job_15_task_15 job_6_task_15  job_7_task_14  job_12_task_15 job_2_task_16  job_10_task_17 job_15_task_18 job_4_task_18  job_0_task_17  job_0_task_18  
           [0,6]          [6,12]         [12,20]        [20,24]        [24,25]        [25,32]        [32,42]        [42,49]        [49,59]        [59,66]        [66,73]        [73,82]        [82,88]        [88,95]        [95,101]       [101,108]      [108,117]      [117,123]      [123,126]      [126,132]      [132,139]      [139,148]      [148,155]      [155,158]      [158,165]      [165,171]      [171,178]      [178,182]      [182,192]      [192,195]      [195,197]      [197,198]      [198,207]      [207,214]      [214,221]      [221,223]      [223,232]      [232,242]      [242,247]      [247,248]      [248,251]      [251,261]      [261,267]      [267,275]      [275,285]      [285,295]      [295,298]      [298,305]      [305,314]      [314,322]      [322,330]      [330,335]      [335,337]      [337,346]      [346,347]      [347,355]      [355,357]      [357,360]      [360,365]      [365,375]      [375,383]      [383,384]      [384,387]      [387,390]      
Machine 2: job_8_task_1   job_0_task_1   job_2_task_3   job_4_task_1   job_18_task_3  job_6_task_0   job_10_task_3  job_16_task_1  job_12_task_1  job_6_task_2   job_2_task_8   job_8_task_5   job_10_task_5  job_1_task_2   job_12_task_3  job_14_task_4  job_16_task_5  job_9_task_4   job_11_task_9  job_12_task_6  job_18_task_10 job_1_task_9   job_1_task_10  job_9_task_7   job_5_task_11  job_12_task_8  job_5_task_13  job_6_task_10  job_0_task_11  job_7_task_12  job_17_task_11 job_6_task_12  job_18_task_14 job_17_task_12 job_2_task_13  job_4_task_10  job_11_task_16 job_18_task_15 job_13_task_14 job_17_task_15 job_11_task_17 job_16_task_16 job_12_task_13 job_9_task_15  job_10_task_12 job_10_task_13 job_10_task_14 job_3_task_17  job_12_task_16 job_2_task_18  job_9_task_18  
           [6,14]         [17,20]        [20,23]        [23,29]        [29,31]        [31,41]        [41,42]        [42,47]        [47,52]        [52,59]        [59,67]        [77,78]        [78,83]        [83,89]        [92,96]        [96,101]       [101,107]      [131,136]      [137,145]      [147,154]      [154,163]      [179,184]      [184,194]      [195,199]      [199,204]      [204,212]      [214,223]      [223,227]      [233,237]      [238,244]      [244,251]      [251,255]      [255,264]      [264,269]      [269,275]      [275,280]      [280,289]      [289,290]      [290,296]      [296,302]      [302,312]      [312,316]      [316,321]      [321,323]      [323,324]      [324,327]      [327,333]      [355,356]      [360,364]      [369,374]      [374,378]      
Machine 3: job_2_task_0   job_8_task_0   job_1_task_0   job_17_task_1  job_8_task_2   job_18_task_2  job_10_task_1  job_18_task_4  job_17_task_2  job_14_task_1  job_13_task_4  job_18_task_5  job_14_task_2  job_8_task_4   job_18_task_7  job_6_task_3   job_5_task_6   job_10_task_6  job_10_task_7  job_11_task_4  job_13_task_6  job_3_task_6   job_0_task_4   job_9_task_3   job_3_task_7   job_5_task_8   job_13_task_7  job_14_task_7  job_17_task_7  job_5_task_9   job_11_task_11 job_7_task_5   job_8_task_10  job_15_task_7  job_4_task_6   job_7_task_8   job_14_task_11 job_7_task_10  job_11_task_13 job_15_task_10 job_9_task_10  job_6_task_14  job_1_task_13  job_16_task_15 job_1_task_14  job_1_task_15  job_2_task_15  job_12_task_11 job_8_task_15  job_4_task_16  job_16_task_17 job_13_task_17 job_14_task_15 job_0_task_15  job_15_task_16 job_10_task_16 job_9_task_17  job_4_task_17  job_16_task_18 job_10_task_18 
           [0,5]          [5,6]          [6,11]         [11,19]        [19,23]        [23,29]        [29,34]        [34,44]        [44,51]        [51,53]        [53,60]        [60,65]        [65,74]        [74,77]        [77,85]        [85,87]        [87,88]        [88,94]        [94,103]       [103,106]      [106,116]      [116,121]      [121,124]      [124,131]      [131,141]      [141,150]      [150,160]      [160,164]      [164,172]      [172,181]      [181,189]      [189,190]      [190,196]      [196,201]      [201,208]      [208,215]      [215,224]      [224,233]      [233,242]      [242,243]      [243,245]      [266,273]      [273,282]      [282,288]      [288,290]      [290,293]      [294,300]      [300,305]      [305,312]      [312,316]      [316,321]      [321,326]      [326,335]      [335,344]      [347,356]      [356,362]      [362,368]      [368,374]      [374,381]      [381,385]      
Machine 4: job_18_task_0  job_13_task_0  job_18_task_1  job_3_task_0   job_3_task_1   job_12_task_0  job_3_task_2   job_13_task_3  job_11_task_0  job_17_task_3  job_16_task_3  job_10_task_4  job_15_task_0  job_13_task_5  job_11_task_2  job_11_task_3  job_15_task_1  job_0_task_3   job_15_task_2  job_1_task_3   job_18_task_8  job_14_task_6  job_17_task_6  job_15_task_3  job_0_task_6   job_7_task_3   job_9_task_5   job_4_task_2   job_0_task_7   job_14_task_8  job_7_task_4   job_9_task_6   job_12_task_7  job_0_task_8   job_6_task_8   job_10_task_10 job_17_task_9  job_7_task_9   job_5_task_14  job_7_task_11  job_11_task_14 job_18_task_13 job_7_task_13  job_16_task_13 job_9_task_12  job_4_task_9   job_17_task_13 job_17_task_14 job_4_task_11  job_9_task_14  job_2_task_14  job_5_task_17  job_1_task_17  job_4_task_15  job_13_task_16 job_14_task_13 job_18_task_18 job_0_task_14  job_13_task_18 job_1_task_18  job_14_task_18 job_17_task_18 job_3_task_18  job_2_task_17  job_6_task_18  job_7_task_18  
           [0,5]          [5,15]         [15,23]        [23,29]        [29,37]        [37,44]        [44,49]        [49,52]        [52,54]        [54,62]        [62,67]        [67,77]        [77,85]        [85,95]        [95,98]        [98,100]       [100,101]      [101,105]      [105,114]      [114,118]      [118,125]      [125,131]      [131,141]      [141,147]      [147,154]      [154,160]      [160,166]      [166,176]      [176,181]      [181,186]      [186,187]      [187,195]      [195,203]      [203,212]      [212,215]      [215,216]      [216,218]      [218,221]      [223,232]      [233,238]      [242,251]      [251,252]      [252,253]      [262,265]      [265,274]      [274,275]      [275,276]      [276,281]      [281,284]      [284,290]      [290,294]      [294,296]      [301,303]      [304,309]      [312,320]      [320,321]      [321,331]      [331,335]      [335,337]      [337,347]      [347,354]      [354,356]      [356,365]      [365,369]      [369,379]      [381,387]      
Machine 5: job_17_task_0  job_2_task_4   job_8_task_3   job_6_task_1   job_3_task_3   job_3_task_4   job_3_task_5   job_18_task_6  job_5_task_5   job_12_task_2  job_14_task_3  job_17_task_4  job_8_task_7   job_10_task_8  job_16_task_6  job_10_task_9  job_1_task_5   job_2_task_9   job_16_task_8  job_6_task_6   job_1_task_7   job_13_task_8  job_6_task_7   job_2_task_11  job_5_task_10  job_1_task_11  job_9_task_8   job_15_task_8  job_14_task_10 job_6_task_9   job_9_task_9   job_0_task_10  job_3_task_11  job_12_task_9  job_16_task_11 job_13_task_12 job_4_task_8   job_6_task_13  job_1_task_12  job_16_task_14 job_3_task_13  job_5_task_15  job_4_task_12  job_5_task_16  job_4_task_14  job_13_task_15 job_14_task_14 job_8_task_17  job_8_task_18  job_14_task_16 job_3_task_15  job_17_task_17 job_0_task_16  job_7_task_15  job_7_task_16  job_15_task_17 job_7_task_17  
           [0,7]          [23,25]        [25,31]        [41,47]        [49,58]        [58,61]        [61,62]        [65,74]        [74,83]        [83,92]        [92,96]        [96,101]       [101,108]      [108,117]      [117,121]      [121,128]      [128,129]      [129,139]      [139,145]      [148,157]      [157,160]      [160,163]      [163,165]      [168,177]      [181,191]      [194,200]      [200,202]      [202,205]      [205,213]      [215,218]      [218,223]      [223,233]      [233,240]      [240,249]      [249,258]      [258,259]      [259,262]      [262,266]      [266,273]      [273,277]      [277,278]      [278,288]      [288,290]      [290,292]      [299,304]      [304,312]      [321,323]      [323,332]      [332,333]      [335,339]      [339,344]      [344,353]      [353,357]      [357,361]      [361,362]      [362,371]      [371,381]      
Optimal Schedule Length: 390.0
Total (Unoptimized Schedule Length): 1991
Statistics
  - conflicts: 0
  - branches : 115
  - wall time: 0.510482538s