
 Problem
         task_0  task_1  task_2  task_3  task_4  task_5  task_6  task_7  task_8  task_9 task_10 task_11 task_12 task_13 task_14 task_15
job_0   (0, 4)  (1, 3)  (2, 3)  (0, 6)  (2, 0)  (1, 6)  (2, 3)  (2, 7)  (0, 0)  (1, 3)  (2, 3)  (1, 5)  (2, 6)  (2, 8)  (1, 1)  (1, 6)
job_1   (0, 5)  (2, 0)  (0, 2)  (0, 2)  (1, 8)  (2, 6)  (2, 7)  (2, 5)  (1, 5)  (0, 3)  (1, 5)  (2, 0)  (0, 5)  (0, 4)  (2, 8)  (0, 0)
job_2   (0, 8)  (0, 1)  (2, 2)  (1, 4)  (0, 4)  (0, 9)  (1, 4)  (1, 1)  (2, 4)  (2, 9)  (2, 1)  (2, 6)  (1, 8)  (0, 4)  (0, 6)  (2, 2)
job_3   (1, 4)  (0, 6)  (1, 5)  (2, 6)  (0, 0)  (0, 8)  (2, 4)  (0, 0)  (2, 3)  (1, 1)  (1, 1)  (0, 3)  (2, 0)  (2, 0)  (1, 6)  (0, 5)
job_4   (2, 8)  (2, 3)  (0, 8)  (0, 7)  (0, 5)  (0, 8)  (1, 5)  (2, 5)  (1, 7)  (2, 1)  (1, 5)  (1, 4)  (0, 2)  (0, 2)  (2, 5)  (0, 5)
job_5   (0, 1)  (1, 7)  (1, 6)  (1, 9)  (2, 8)  (2, 1)  (1, 8)  (2, 8)  (0, 3)  (0, 7)  (2, 1)  (1, 8)  (1, 6)  (2, 0)  (2, 0)  (0, 4)
job_6   (1, 1)  (1, 9)  (2, 7)  (0, 5)  (2, 1)  (2, 9)  (1, 1)  (1, 6)  (1, 0)  (0, 6)  (0, 8)  (0, 3)  (1, 2)  (0, 5)  (0, 7)  (2, 9)
job_7   (0, 4)  (1, 4)  (1, 2)  (1, 0)  (2, 2)  (0, 4)  (0, 7)  (1, 7)  (0, 4)  (0, 0)  (2, 2)  (1, 2)  (1, 5)  (2, 5)  (1, 2)  (0, 8)
job_8   (2, 3)  (1, 3)  (1, 8)  (2, 3)  (2, 2)  (2, 4)  (1, 6)  (1, 6)  (2, 8)  (2, 0)  (2, 9)  (1, 2)  (1, 5)  (0, 6)  (0, 7)  (1, 2)
job_9   (1, 2)  (2, 9)  (1, 5)  (1, 4)  (2, 1)  (0, 3)  (2, 6)  (2, 0)  (0, 3)  (0, 9)  (0, 3)  (0, 4)  (0, 7)  (1, 1)  (2, 9)  (1, 1)
job_10  (0, 8)  (1, 8)  (2, 8)  (2, 5)  (2, 5)  (0, 9)  (2, 2)  (0, 1)  (2, 4)  (0, 0)  (0, 9)  (1, 1)  (0, 7)  (2, 7)  (2, 8)  (2, 5)
job_11  (2, 5)  (1, 3)  (1, 0)  (2, 1)  (1, 5)  (1, 9)  (0, 3)  (2, 7)  (2, 6)  (2, 0)  (1, 3)  (2, 6)  (2, 6)  (2, 4)  (2, 2)  (2, 8)
job_12  (1, 3)  (1, 1)  (2, 4)  (0, 2)  (2, 6)  (1, 1)  (1, 6)  (2, 8)  (0, 2)  (0, 5)  (0, 5)  (2, 3)  (1, 2)  (0, 5)  (1, 1)  (1, 5)
job_13  (1, 1)  (0, 5)  (2, 6)  (0, 4)  (2, 5)  (2, 9)  (1, 5)  (2, 8)  (2, 5)  (1, 0)  (1, 0)  (0, 1)  (0, 1)  (2, 7)  (1, 0)  (1, 5)
job_14  (1, 7)  (1, 8)  (1, 2)  (0, 0)  (1, 3)  (1, 3)  (2, 6)  (2, 3)  (2, 8)  (1, 1)  (0, 3)  (1, 1)  (0, 8)  (2, 2)  (1, 9)  (0, 7)
job_15  (0, 1)  (2, 8)  (1, 7)  (1, 2)  (2, 3)  (0, 1)  (2, 4)  (0, 7)  (2, 2)  (2, 8)  (2, 7)  (1, 1)  (1, 7)  (0, 1)  (1, 3)  (0, 5)
job_16  (0, 5)  (1, 4)  (1, 0)  (0, 3)  (0, 6)  (1, 9)  (1, 8)  (2, 0)  (1, 8)  (0, 6)  (1, 4)  (0, 8)  (0, 1)  (1, 2)  (0, 0)  (0, 7)
job_17  (0, 7)  (0, 2)  (0, 0)  (1, 0)  (0, 5)  (0, 6)  (0, 7)  (2, 8)  (1, 5)  (0, 5)  (1, 9)  (0, 3)  (0, 0)  (2, 2)  (1, 4)  (0, 6)

Solution:
Machine 0: job_10_task_0  job_5_task_0   job_2_task_0   job_16_task_0  job_17_task_0  job_4_task_2   job_15_task_0  job_2_task_1   job_1_task_0   job_0_task_0   job_17_task_1  job_16_task_3  job_17_task_2  job_4_task_3   job_6_task_3   job_1_task_2   job_17_task_4  job_16_task_4  job_13_task_1  job_1_task_3   job_2_task_4   job_7_task_0   job_17_task_5  job_4_task_4   job_14_task_3  job_15_task_5  job_13_task_3  job_0_task_3   job_2_task_5   job_10_task_5  job_17_task_6  job_4_task_5   job_10_task_7  job_3_task_1   job_9_task_5   job_10_task_9  job_11_task_6  job_15_task_7  job_7_task_5   job_7_task_6   job_6_task_9   job_12_task_3  job_9_task_8   job_0_task_8   job_10_task_10 job_9_task_9   job_6_task_10  job_9_task_10  job_5_task_8   job_5_task_9   job_3_task_4   job_3_task_5   job_17_task_9  job_12_task_8  job_7_task_8   job_7_task_9   job_14_task_10 job_16_task_9  job_10_task_12 job_6_task_11  job_12_task_9  job_14_task_12 job_1_task_9   job_9_task_11  job_6_task_13  job_12_task_10 job_9_task_12  job_16_task_11 job_1_task_12  job_6_task_14  job_3_task_7   job_17_task_11 job_8_task_13  job_17_task_12 job_4_task_12  job_4_task_13  job_1_task_13  job_2_task_13  job_16_task_12 job_15_task_13 job_13_task_11 job_3_task_11  job_13_task_12 job_8_task_14  job_2_task_14  job_12_task_13 job_14_task_15 job_7_task_15  job_16_task_14 job_16_task_15 job_17_task_15 job_15_task_15 job_3_task_15  job_4_task_15  job_5_task_15  job_1_task_15  
           [0,8]          [8,9]          [9,17]         [17,22]        [22,29]        [29,37]        [37,38]        [38,39]        [39,44]        [44,48]        [48,50]        [50,53]        [50,50]        [53,60]        [60,65]        [65,67]        [67,72]        [72,78]        [78,83]        [83,85]        [85,89]        [89,93]        [93,99]        [99,104]       [104,104]      [104,105]      [105,109]      [109,115]      [115,124]      [124,133]      [133,140]      [140,148]      [148,149]      [149,155]      [155,158]      [155,155]      [158,161]      [161,168]      [168,172]      [172,179]      [179,185]      [185,187]      [187,190]      [190,190]      [190,199]      [199,208]      [208,216]      [216,219]      [219,222]      [222,229]      [229,229]      [229,237]      [237,242]      [242,244]      [244,248]      [248,248]      [248,251]      [251,257]      [257,264]      [264,267]      [267,272]      [272,280]      [280,283]      [283,287]      [287,292]      [292,297]      [297,304]      [304,312]      [312,317]      [317,324]      [324,324]      [324,327]      [327,333]      [327,327]      [333,335]      [335,337]      [337,341]      [341,345]      [345,346]      [346,347]      [347,348]      [348,351]      [351,352]      [352,359]      [359,365]      [365,370]      [370,377]      [377,385]      [377,377]      [385,392]      [392,398]      [398,403]      [403,408]      [408,413]      [413,417]      [418,418]      
Machine 1: job_6_task_0   job_6_task_1   job_10_task_1  job_8_task_1   job_5_task_1   job_5_task_2   job_8_task_2   job_9_task_0   job_16_task_1  job_12_task_0  job_16_task_2  job_5_task_3   job_17_task_3  job_11_task_1  job_2_task_3   job_11_task_2  job_0_task_1   job_11_task_4  job_13_task_0  job_15_task_2  job_14_task_0  job_15_task_3  job_12_task_1  job_14_task_1  job_14_task_2  job_1_task_4   job_7_task_1   job_11_task_5  job_16_task_5  job_9_task_2   job_9_task_3   job_3_task_0   job_14_task_4  job_14_task_5  job_8_task_6   job_7_task_2   job_0_task_5   job_7_task_3   job_6_task_6   job_6_task_7   job_5_task_6   job_6_task_8   job_2_task_6   job_8_task_7   job_16_task_6  job_12_task_5  job_3_task_2   job_12_task_6  job_2_task_7   job_4_task_6   job_16_task_8  job_7_task_7   job_17_task_8  job_0_task_9   job_13_task_6  job_14_task_9  job_4_task_8   job_10_task_11 job_14_task_11 job_17_task_10 job_1_task_8   job_11_task_10 job_6_task_12  job_16_task_10 job_8_task_11  job_1_task_10  job_0_task_11  job_8_task_12  job_9_task_13  job_2_task_12  job_4_task_10  job_7_task_11  job_7_task_12  job_4_task_11  job_5_task_11  job_15_task_11 job_15_task_12 job_3_task_9   job_3_task_10  job_13_task_9  job_13_task_10 job_5_task_12  job_14_task_14 job_12_task_12 job_3_task_14  job_7_task_14  job_16_task_13 job_15_task_14 job_0_task_14  job_12_task_14 job_17_task_14 job_0_task_15  job_12_task_15 job_13_task_14 job_13_task_15 job_8_task_15  job_9_task_15  
           [0,1]          [1,10]         [10,18]        [18,21]        [21,28]        [28,34]        [34,42]        [42,44]        [44,48]        [48,51]        [48,48]        [51,60]        [51,51]        [60,63]        [63,67]        [63,63]        [67,70]        [70,75]        [75,76]        [76,83]        [83,90]        [90,92]        [92,93]        [93,101]       [101,103]      [103,111]      [111,115]      [115,124]      [124,133]      [133,138]      [138,142]      [142,146]      [146,149]      [149,152]      [152,158]      [158,160]      [160,166]      [160,160]      [166,167]      [167,173]      [173,181]      [173,173]      [181,185]      [185,191]      [191,199]      [199,200]      [200,205]      [205,211]      [211,212]      [212,217]      [217,225]      [225,232]      [232,237]      [237,240]      [240,245]      [245,246]      [246,253]      [253,254]      [254,255]      [255,264]      [264,269]      [269,272]      [272,274]      [274,278]      [280,282]      [283,288]      [288,293]      [293,298]      [304,305]      [305,313]      [313,318]      [318,320]      [320,325]      [325,329]      [329,337]      [337,338]      [338,345]      [345,346]      [346,347]      [346,346]      [346,346]      [347,353]      [353,362]      [362,364]      [364,370]      [370,372]      [372,374]      [374,377]      [377,378]      [378,379]      [379,383]      [383,389]      [389,394]      [389,389]      [394,399]      [399,401]      [401,402]      
Machine 2: job_4_task_0   job_8_task_0   job_4_task_1   job_6_task_2   job_10_task_2  job_11_task_0  job_10_task_3  job_15_task_1  job_1_task_1   job_2_task_2   job_8_task_3   job_9_task_1   job_10_task_4  job_6_task_4   job_11_task_3  job_6_task_5   job_8_task_4   job_8_task_5   job_0_task_2   job_13_task_2  job_15_task_4  job_12_task_2  job_5_task_4   job_15_task_6  job_1_task_5   job_0_task_4   job_1_task_6   job_13_task_4  job_13_task_5  job_10_task_6  job_17_task_7  job_9_task_4   job_10_task_8  job_14_task_6  job_5_task_5   job_7_task_4   job_9_task_6   job_0_task_6   job_9_task_7   job_14_task_7  job_11_task_7  job_0_task_7   job_12_task_4  job_14_task_8  job_8_task_8   job_16_task_7  job_5_task_7   job_8_task_9   job_2_task_8   job_3_task_3   job_4_task_7   job_12_task_7  job_2_task_9   job_1_task_7   job_11_task_8  job_11_task_9  job_15_task_8  job_15_task_9  job_8_task_10  job_0_task_10  job_2_task_10  job_13_task_7  job_1_task_11  job_11_task_11 job_2_task_11  job_4_task_9   job_7_task_10  job_15_task_10 job_3_task_6   job_0_task_12  job_5_task_10  job_11_task_12 job_10_task_13 job_3_task_8   job_13_task_8  job_14_task_13 job_12_task_11 job_3_task_12  job_3_task_13  job_7_task_13  job_0_task_13  job_5_task_13  job_5_task_14  job_11_task_13 job_10_task_14 job_17_task_13 job_13_task_13 job_9_task_14  job_11_task_14 job_4_task_14  job_6_task_15  job_1_task_14  job_11_task_15 job_10_task_15 job_2_task_15  
           [0,8]          [8,11]         [11,14]        [14,21]        [21,29]        [29,34]        [34,39]        [39,47]        [47,47]        [47,49]        [49,52]        [52,61]        [61,66]        [66,67]        [67,68]        [68,77]        [77,79]        [79,83]        [83,86]        [86,92]        [92,95]        [95,99]        [99,107]       [107,111]      [111,117]      [117,117]      [117,124]      [124,129]      [129,138]      [138,140]      [140,148]      [148,149]      [149,153]      [153,159]      [159,160]      [160,162]      [162,168]      [168,171]      [168,168]      [171,174]      [174,181]      [181,188]      [188,194]      [194,202]      [202,210]      [202,202]      [210,218]      [210,210]      [218,222]      [222,228]      [228,233]      [233,241]      [241,250]      [250,255]      [255,261]      [261,261]      [261,263]      [263,271]      [271,280]      [280,283]      [283,284]      [284,292]      [292,292]      [292,298]      [298,304]      [304,305]      [305,307]      [307,314]      [314,318]      [318,324]      [324,325]      [325,331]      [331,338]      [338,341]      [341,346]      [346,348]      [348,351]      [351,351]      [351,351]      [351,356]      [356,364]      [356,356]      [356,356]      [364,368]      [368,376]      [376,378]      [378,385]      [385,394]      [394,396]      [396,401]      [401,410]      [410,418]      [418,426]      [426,431]      [431,433]      
Optimal Schedule Length: 433.0
Total (Unoptimized Schedule Length): 1243
Statistics
  - conflicts: 0
  - branches : 0
  - wall time: 1.2079484600000001s