
Problem
         task_0   task_1   task_2   task_3   task_4   task_5   task_6   task_7   task_8   task_9  task_10
job_0    (6, 2)   (2, 8)  (2, 10)  (5, 10)   (5, 6)   (4, 6)   (4, 2)   (0, 5)   (1, 3)   (6, 1)   (3, 4)
job_1    (5, 6)   (6, 4)   (6, 4)   (0, 5)   (1, 4)  (5, 10)   (1, 2)   (2, 7)   (2, 7)   (5, 6)  (4, 10)
job_2    (4, 5)   (4, 2)   (1, 6)   (2, 9)   (2, 4)   (3, 8)   (0, 8)   (1, 6)   (2, 4)   (4, 4)   (2, 5)
job_3    (0, 9)   (0, 6)   (5, 9)   (3, 8)   (0, 4)   (6, 3)   (1, 7)   (0, 7)   (2, 7)   (5, 4)   (3, 7)
job_4    (2, 5)  (2, 10)   (3, 2)   (3, 3)   (1, 1)   (6, 7)   (3, 2)   (1, 6)   (1, 6)   (4, 3)   (1, 6)
job_5    (3, 9)   (5, 7)  (6, 10)   (0, 1)   (4, 2)   (5, 8)   (2, 5)   (1, 9)   (4, 2)   (6, 6)   (3, 2)
job_6    (4, 7)   (4, 1)   (1, 4)   (0, 1)   (4, 4)   (2, 6)   (6, 3)  (1, 10)   (5, 1)  (6, 10)   (2, 1)
job_7   (3, 10)   (6, 4)   (1, 2)   (6, 2)   (6, 5)   (5, 4)   (3, 1)   (1, 9)   (4, 5)   (5, 3)   (5, 9)
job_8    (4, 2)   (1, 7)   (1, 4)   (6, 8)   (1, 2)   (3, 4)   (2, 9)   (1, 5)  (1, 10)   (6, 6)   (1, 7)
job_9    (1, 3)   (4, 2)   (3, 2)   (5, 6)  (4, 10)   (4, 8)   (2, 3)   (2, 8)   (0, 4)   (6, 6)   (2, 9)
job_10   (5, 6)  (0, 10)   (6, 4)   (3, 2)  (5, 10)   (5, 2)  (5, 10)   (2, 3)  (0, 10)   (5, 2)   (2, 7)
job_11  (5, 10)   (4, 6)   (2, 6)   (0, 8)   (6, 2)  (6, 10)   (3, 6)   (1, 9)   (1, 2)   (3, 4)   (1, 1)
job_12   (0, 2)   (5, 8)  (1, 10)   (6, 6)   (1, 5)   (4, 8)   (2, 2)   (4, 7)   (5, 4)   (1, 7)   (2, 6)
job_13   (0, 8)   (0, 5)   (4, 4)   (0, 7)   (5, 2)  (2, 10)   (6, 2)   (5, 4)   (4, 3)   (0, 6)  (5, 10)
job_14   (4, 5)   (3, 1)   (2, 3)   (2, 5)   (2, 2)   (2, 2)   (5, 1)   (1, 6)   (3, 6)   (0, 9)   (6, 8)
job_15   (2, 7)   (4, 4)   (2, 5)   (3, 5)  (4, 10)  (2, 10)   (1, 6)   (2, 4)   (0, 1)   (0, 8)   (4, 6)
job_16   (1, 6)  (0, 10)   (1, 8)   (3, 7)   (6, 5)   (0, 6)   (2, 8)   (6, 8)   (1, 4)   (5, 9)   (4, 1)
job_17   (4, 6)  (5, 10)  (4, 10)   (3, 5)  (0, 10)   (0, 4)   (5, 2)  (2, 10)   (0, 4)   (2, 7)   (0, 1)
job_18   (1, 4)   (3, 7)   (3, 6)   (6, 5)   (4, 6)   (6, 4)   (5, 8)   (4, 6)   (4, 8)  (4, 10)   (4, 4)
job_19   (0, 4)   (4, 8)   (2, 6)  (0, 10)   (5, 7)   (3, 9)   (2, 3)   (6, 8)   (1, 8)   (3, 2)   (6, 7)


Solution:
Machine 0: job_19_task_0  job_3_task_0   job_16_task_1  job_12_task_0  job_3_task_1   job_13_task_0  job_10_task_1  job_19_task_3  job_13_task_1  job_1_task_3   job_11_task_3  job_13_task_3  job_3_task_4   job_17_task_4  job_6_task_3   job_16_task_5  job_5_task_3   job_17_task_5  job_2_task_6   job_3_task_7   job_9_task_8   job_14_task_9  job_13_task_9  job_10_task_8  job_0_task_7   job_15_task_8  job_15_task_9  job_17_task_8  job_17_task_10 
           [0,4]          [4,13]         [13,23]        [23,25]        [25,31]        [31,39]        [39,49]        [49,59]        [59,64]        [64,69]        [69,77]        [77,84]        [84,88]        [88,98]        [98,99]        [99,105]       [105,106]      [106,110]      [110,118]      [118,125]      [146,150]      [150,159]      [159,165]      [165,175]      [175,180]      [180,181]      [181,189]      [189,193]      [204,205]      
Machine 1: job_16_task_0  job_18_task_0  job_9_task_0   job_8_task_1   job_16_task_2  job_8_task_2   job_2_task_2   job_12_task_2  job_8_task_4   job_7_task_2   job_12_task_4  job_1_task_4   job_4_task_4   job_8_task_7   job_6_task_2   job_1_task_6   job_3_task_6   job_15_task_6  job_8_task_8   job_6_task_7   job_4_task_7   job_14_task_7  job_7_task_7   job_2_task_7   job_5_task_7   job_19_task_8  job_11_task_7  job_4_task_8   job_16_task_8  job_12_task_9  job_0_task_8   job_11_task_8  job_8_task_10  job_4_task_10  job_11_task_10 
           [0,6]          [6,10]         [10,13]        [16,23]        [23,31]        [31,35]        [35,41]        [41,51]        [51,53]        [53,55]        [61,66]        [69,73]        [73,74]        [87,92]        [92,96]        [96,98]        [98,105]       [105,111]      [111,121]      [121,131]      [131,137]      [137,143]      [143,152]      [152,158]      [158,167]      [167,175]      [175,184]      [184,190]      [190,194]      [194,201]      [201,204]      [204,206]      [206,213]      [213,219]      [219,220]      
Machine 2: job_15_task_0  job_0_task_1   job_19_task_2  job_4_task_0   job_15_task_2  job_0_task_2   job_11_task_2  job_2_task_3   job_4_task_1   job_14_task_2  job_2_task_4   job_14_task_3  job_8_task_6   job_15_task_5  job_13_task_5  job_14_task_4  job_14_task_5  job_6_task_5   job_9_task_6   job_1_task_7   job_16_task_6  job_19_task_6  job_9_task_7   job_12_task_6  job_5_task_6   job_1_task_8   job_10_task_7  job_17_task_7  job_15_task_7  job_3_task_8   job_2_task_8   job_9_task_10  job_17_task_9  job_10_task_10 job_12_task_10 job_2_task_10  job_6_task_10  
           [0,7]          [7,15]         [15,21]        [21,26]        [26,31]        [31,41]        [41,47]        [47,56]        [56,66]        [66,69]        [69,73]        [73,78]        [78,87]        [87,97]        [97,107]       [107,109]      [109,111]      [111,117]      [117,120]      [120,127]      [127,135]      [135,138]      [138,146]      [146,148]      [148,153]      [153,160]      [160,163]      [163,173]      [173,177]      [177,184]      [184,188]      [188,197]      [197,204]      [204,211]      [211,217]      [217,222]      [222,223]      
Machine 3: job_5_task_0   job_7_task_0   job_18_task_1  job_18_task_2  job_9_task_2   job_15_task_3  job_16_task_3  job_17_task_3  job_3_task_3   job_10_task_3  job_14_task_1  job_8_task_5   job_4_task_2   job_4_task_3   job_19_task_5  job_2_task_5   job_11_task_6  job_4_task_6   job_7_task_6   job_14_task_8  job_19_task_9  job_5_task_10  job_3_task_10  job_0_task_10  job_11_task_9  
           [0,9]          [9,19]         [19,26]        [26,32]        [32,34]        [34,39]        [39,46]        [46,51]        [51,59]        [59,61]        [61,62]        [62,66]        [66,68]        [68,71]        [71,80]        [80,88]        [94,100]       [104,106]      [133,134]      [143,149]      [175,177]      [190,192]      [194,201]      [205,209]      [209,213]      
Machine 4: job_17_task_0  job_19_task_1  job_8_task_0   job_2_task_0   job_15_task_1  job_9_task_1   job_2_task_1   job_11_task_1  job_17_task_2  job_14_task_0  job_6_task_0   job_9_task_4   job_13_task_2  job_18_task_4  job_15_task_4  job_6_task_1   job_9_task_5   job_12_task_5  job_6_task_4   job_5_task_4   job_18_task_7  job_18_task_8  job_18_task_9  job_18_task_10 job_0_task_5   job_13_task_8  job_12_task_7  job_7_task_8   job_0_task_6   job_1_task_10  job_5_task_8   job_2_task_9   job_4_task_9   job_15_task_10 job_16_task_10 
           [0,6]          [6,14]         [14,16]        [16,21]        [21,25]        [25,27]        [27,29]        [29,35]        [35,45]        [45,50]        [50,57]        [57,67]        [67,71]        [71,77]        [77,87]        [87,88]        [88,96]        [96,104]       [104,108]      [108,110]      [110,116]      [116,124]      [124,134]      [134,138]      [140,146]      [146,149]      [149,156]      [156,161]      [161,163]      [166,176]      [176,178]      [188,192]      [192,195]      [195,201]      [203,204]      
Machine 5: job_10_task_0  job_1_task_0   job_11_task_0  job_17_task_1  job_12_task_1  job_3_task_2   job_9_task_3   job_5_task_1   job_19_task_4  job_10_task_4  job_1_task_5   job_13_task_4  job_0_task_3   job_18_task_6  job_10_task_5  job_5_task_5   job_10_task_6  job_7_task_5   job_14_task_6  job_0_task_4   job_17_task_6  job_13_task_7  job_6_task_8   job_12_task_8  job_1_task_9   job_7_task_9   job_13_task_10 job_10_task_9  job_7_task_10  job_3_task_9   job_16_task_9  
           [0,6]          [6,12]         [12,22]        [22,32]        [32,40]        [40,49]        [49,55]        [55,62]        [62,69]        [69,79]        [79,89]        [89,91]        [91,101]       [101,109]      [109,111]      [111,119]      [119,129]      [129,133]      [133,134]      [134,140]      [140,142]      [142,146]      [146,147]      [156,160]      [160,166]      [166,169]      [169,179]      [179,181]      [181,190]      [190,194]      [194,203]      
Machine 6: job_0_task_0   job_1_task_1   job_1_task_2   job_7_task_1   job_18_task_3  job_8_task_3   job_16_task_4  job_10_task_2  job_12_task_3  job_7_task_3   job_5_task_2   job_7_task_4   job_18_task_5  job_11_task_4  job_11_task_5  job_3_task_5   job_4_task_5   job_13_task_6  job_6_task_6   job_8_task_9   job_16_task_7  job_19_task_7  job_9_task_9   job_6_task_9   job_14_task_10 job_19_task_10 job_5_task_9   job_0_task_9   
           [0,2]          [12,16]        [16,20]        [20,24]        [32,37]        [37,45]        [46,51]        [51,55]        [55,61]        [61,63]        [63,73]        [73,78]        [78,82]        [82,84]        [84,94]        [94,97]        [97,104]       [107,109]      [117,120]      [121,127]      [135,143]      [143,151]      [151,157]      [157,167]      [167,175]      [177,184]      [184,190]      [204,205]      
Optimal Schedule Length: 223.0
Total (Unoptimized Schedule Length): 1244
Statistics
  - conflicts: 0
  - branches : 0
  - wall time: 0.065765404s