
Problem
         task_0   task_1   task_2   task_3   task_4   task_5   task_6   task_7   task_8   task_9 task_10  task_11  task_12  task_13  task_14  task_15 task_16 task_17
job_0    (4, 9)   (4, 7)   (3, 2)  (4, 10)   (4, 3)  (0, 10)   (0, 9)   (1, 6)   (0, 4)   (1, 1)  (3, 1)   (4, 3)   (0, 4)  (2, 10)   (4, 9)   (0, 7)  (3, 2)  (2, 3)
job_1    (1, 9)   (3, 6)   (2, 7)   (3, 8)   (1, 8)   (2, 1)   (2, 3)   (0, 4)   (4, 3)   (3, 5)  (2, 9)   (1, 3)   (2, 2)   (4, 5)   (2, 5)   (3, 5)  (2, 5)  (0, 7)
job_2    (3, 2)   (3, 6)   (0, 8)   (2, 8)   (4, 5)   (3, 8)   (3, 2)   (1, 1)  (2, 10)  (1, 10)  (1, 8)   (3, 8)   (3, 2)  (3, 10)   (3, 6)   (3, 1)  (2, 1)  (3, 4)
job_3    (3, 3)   (2, 3)  (3, 10)   (4, 2)   (0, 9)   (0, 4)   (0, 4)   (1, 2)   (2, 1)   (0, 5)  (2, 9)   (1, 7)   (2, 9)   (3, 2)   (3, 9)   (1, 9)  (1, 1)  (3, 3)
job_4    (3, 6)   (2, 1)   (2, 8)   (2, 7)   (3, 1)  (4, 10)   (4, 6)   (3, 6)   (0, 9)   (3, 9)  (1, 5)   (1, 3)   (1, 6)   (2, 5)   (4, 4)   (3, 2)  (0, 5)  (4, 3)
job_5    (4, 7)   (0, 4)   (4, 2)   (0, 9)   (1, 1)   (1, 1)   (4, 6)   (0, 6)   (0, 7)   (2, 1)  (3, 3)   (3, 6)  (1, 10)   (2, 1)   (0, 1)  (2, 10)  (0, 5)  (1, 2)
job_6    (2, 9)   (4, 5)   (1, 6)   (2, 4)   (2, 5)   (1, 8)   (3, 8)  (1, 10)   (0, 1)   (4, 9)  (3, 6)   (2, 4)   (3, 5)   (4, 4)   (4, 5)   (1, 7)  (4, 4)  (3, 6)
job_7    (2, 9)   (2, 5)   (1, 2)   (2, 1)   (4, 1)   (4, 6)   (4, 9)   (3, 5)   (4, 6)   (4, 8)  (3, 2)   (2, 4)   (1, 6)   (4, 9)   (0, 3)   (4, 1)  (2, 9)  (0, 6)
job_8    (1, 8)  (4, 10)   (4, 6)   (3, 5)   (4, 6)   (2, 4)   (3, 3)  (1, 10)   (2, 6)   (2, 4)  (1, 2)   (3, 7)   (1, 6)   (1, 9)   (4, 3)   (1, 5)  (0, 1)  (0, 6)
job_9    (2, 9)   (3, 2)   (0, 8)   (3, 2)   (3, 9)   (0, 9)  (1, 10)   (1, 4)   (0, 6)   (1, 2)  (3, 6)   (2, 4)   (1, 6)   (0, 3)  (4, 10)   (3, 4)  (0, 8)  (2, 9)
job_10  (3, 10)   (3, 4)   (3, 4)   (1, 2)   (4, 8)   (4, 1)   (4, 9)   (4, 6)   (3, 9)   (2, 8)  (1, 9)   (4, 4)   (0, 7)   (2, 8)  (2, 10)   (3, 7)  (2, 8)  (3, 1)
job_11   (0, 5)   (3, 1)   (1, 7)   (0, 6)   (0, 2)   (4, 4)  (1, 10)   (2, 8)   (4, 7)   (0, 8)  (2, 2)  (4, 10)  (1, 10)   (3, 1)   (1, 5)   (0, 7)  (4, 1)  (3, 5)
job_12   (0, 2)   (4, 3)   (4, 5)   (1, 2)  (0, 10)   (3, 9)   (2, 8)   (3, 1)   (1, 8)   (2, 2)  (1, 9)   (1, 2)   (0, 9)   (1, 6)   (0, 2)   (1, 8)  (0, 9)  (4, 8)
job_13   (3, 7)  (4, 10)   (1, 5)   (2, 3)   (2, 4)   (0, 5)   (3, 7)   (2, 1)   (0, 5)   (0, 9)  (0, 6)  (3, 10)   (0, 3)   (1, 6)   (3, 3)   (3, 9)  (0, 4)  (4, 1)
job_14   (3, 1)   (0, 5)   (1, 5)   (4, 1)   (3, 1)   (3, 6)   (1, 3)   (1, 7)   (0, 5)   (4, 4)  (4, 9)   (1, 3)  (0, 10)   (2, 8)   (2, 2)  (1, 10)  (1, 6)  (3, 9)


Solution:
Machine 0: job_12_task_0  job_11_task_0  job_14_task_1  job_9_task_2   job_2_task_2   job_12_task_4  job_11_task_3  job_11_task_4  job_14_task_8  job_9_task_5   job_5_task_1   job_13_task_5  job_9_task_8   job_5_task_3   job_3_task_4   job_3_task_5   job_3_task_6   job_6_task_8   job_1_task_7   job_14_task_12 job_3_task_9   job_9_task_13  job_0_task_5   job_0_task_6   job_4_task_8   job_13_task_8  job_13_task_9  job_13_task_10 job_11_task_9  job_5_task_7   job_5_task_8   job_0_task_8   job_10_task_12 job_12_task_12 job_0_task_12  job_13_task_12 job_7_task_14  job_5_task_14  job_11_task_15 job_9_task_16  job_12_task_14 job_0_task_15  job_5_task_16  job_1_task_17  job_12_task_16 job_4_task_16  job_13_task_16 job_8_task_16  job_8_task_17  job_7_task_17  
           [0,2]          [2,7]          [20,25]        [25,33]        [33,41]        [41,51]        [51,57]        [57,59]        [59,64]        [64,73]        [85,89]        [89,94]        [94,100]       [100,109]      [109,118]      [118,122]      [122,126]      [126,127]      [127,131]      [131,141]      [141,146]      [146,149]      [149,159]      [159,168]      [168,177]      [177,182]      [182,191]      [191,197]      [197,205]      [205,211]      [211,218]      [218,222]      [222,229]      [229,238]      [238,242]      [242,245]      [245,248]      [248,249]      [251,258]      [258,266]      [266,268]      [268,275]      [275,280]      [280,287]      [287,296]      [296,301]      [301,305]      [305,306]      [306,312]      [312,318]      
Machine 1: job_1_task_0   job_8_task_0   job_12_task_3  job_11_task_2  job_14_task_2  job_10_task_3  job_6_task_2   job_7_task_2   job_14_task_6  job_14_task_7  job_6_task_5   job_13_task_2  job_11_task_6  job_9_task_6   job_9_task_7   job_1_task_4   job_6_task_7   job_14_task_11 job_9_task_9   job_5_task_4   job_5_task_5   job_10_task_10 job_9_task_12  job_3_task_7   job_8_task_7   job_12_task_8  job_1_task_11  job_12_task_10 job_3_task_11  job_12_task_11 job_8_task_10  job_0_task_7   job_2_task_7   job_8_task_12  job_8_task_13  job_2_task_9   job_2_task_10  job_4_task_10  job_7_task_12  job_0_task_9   job_11_task_12 job_4_task_11  job_5_task_12  job_11_task_14 job_12_task_13 job_14_task_15 job_4_task_12  job_13_task_13 job_12_task_15 job_6_task_15  job_14_task_16 job_8_task_15  job_3_task_15  job_3_task_16  job_5_task_17  
           [0,9]          [9,17]         [17,19]        [19,26]        [26,31]        [31,33]        [33,39]        [39,41]        [41,44]        [44,51]        [51,59]        [59,64]        [64,74]        [74,84]        [84,88]        [88,96]        [96,106]       [106,109]      [109,111]      [111,112]      [112,113]      [113,122]      [122,128]      [128,130]      [130,140]      [140,148]      [148,151]      [151,160]      [160,167]      [167,169]      [169,171]      [171,177]      [177,178]      [178,184]      [184,193]      [193,203]      [203,211]      [211,216]      [216,222]      [222,223]      [223,233]      [233,236]      [236,246]      [246,251]      [251,257]      [257,267]      [267,273]      [273,279]      [279,287]      [287,294]      [294,300]      [300,305]      [305,314]      [314,315]      [315,317]      
Machine 2: job_9_task_0   job_6_task_0   job_7_task_0   job_7_task_1   job_3_task_1   job_6_task_3   job_6_task_4   job_2_task_3   job_4_task_1   job_4_task_2   job_4_task_3   job_1_task_2   job_13_task_3  job_7_task_3   job_13_task_4  job_11_task_7  job_1_task_5   job_1_task_6   job_10_task_9  job_9_task_11  job_8_task_5   job_12_task_6  job_3_task_8   job_1_task_10  job_12_task_9  job_3_task_10  job_8_task_8   job_8_task_9   job_13_task_7  job_14_task_13 job_2_task_8   job_6_task_11  job_3_task_12  job_14_task_14 job_1_task_12  job_11_task_10 job_7_task_11  job_5_task_9   job_10_task_13 job_10_task_14 job_5_task_13  job_0_task_13  job_1_task_14  job_5_task_15  job_1_task_16  job_4_task_13  job_7_task_16  job_2_task_16  job_10_task_16 job_9_task_17  job_0_task_17  
           [0,9]          [9,18]         [18,27]        [27,32]        [33,36]        [39,43]        [43,48]        [48,56]        [56,57]        [57,65]        [65,72]        [72,79]        [79,82]        [82,83]        [83,87]        [87,95]        [96,97]        [97,100]       [105,113]      [118,122]      [122,126]      [127,135]      [135,136]      [139,148]      [148,150]      [150,159]      [159,165]      [165,169]      [169,170]      [170,178]      [178,188]      [188,192]      [192,201]      [201,203]      [203,205]      [205,207]      [211,215]      [218,219]      [229,237]      [237,247]      [247,248]      [248,258]      [258,263]      [263,273]      [273,278]      [278,283]      [283,292]      [292,293]      [293,301]      [301,310]      [310,313]      
Machine 3: job_10_task_0  job_10_task_1  job_10_task_2  job_11_task_1  job_14_task_0  job_2_task_0   job_9_task_1   job_2_task_1   job_3_task_0   job_14_task_4  job_14_task_5  job_13_task_0  job_4_task_0   job_9_task_3   job_9_task_4   job_1_task_1   job_3_task_2   job_1_task_3   job_6_task_6   job_10_task_8  job_0_task_2   job_8_task_3   job_9_task_10  job_12_task_5  job_8_task_6   job_4_task_4   job_1_task_9   job_12_task_7  job_2_task_5   job_13_task_6  job_4_task_7   job_2_task_6   job_6_task_10  job_8_task_11  job_4_task_9   job_7_task_7   job_6_task_12  job_13_task_11 job_3_task_13  job_7_task_10  job_2_task_11  job_5_task_10  job_5_task_11  job_0_task_10  job_2_task_12  job_2_task_13  job_11_task_13 job_3_task_14  job_9_task_15  job_10_task_15 job_2_task_14  job_1_task_15  job_11_task_17 job_2_task_15  job_13_task_14 job_13_task_15 job_4_task_15  job_2_task_17  job_0_task_16  job_6_task_17  job_14_task_17 job_10_task_17 job_3_task_17  
           [0,10]         [10,14]        [14,18]        [18,19]        [19,20]        [20,22]        [22,24]        [24,30]        [30,33]        [33,34]        [34,40]        [40,47]        [47,53]        [53,55]        [55,64]        [64,70]        [70,80]        [80,88]        [88,96]        [96,105]       [105,107]      [107,112]      [112,118]      [118,127]      [127,130]      [130,131]      [134,139]      [139,140]      [140,148]      [148,155]      [155,161]      [161,163]      [163,169]      [171,178]      [178,187]      [187,192]      [192,197]      [197,207]      [207,209]      [209,211]      [211,219]      [219,222]      [222,228]      [228,229]      [229,231]      [231,241]      [241,242]      [242,251]      [251,255]      [255,262]      [262,268]      [268,273]      [273,278]      [278,279]      [279,282]      [282,291]      [291,293]      [293,297]      [297,299]      [299,305]      [305,314]      [314,315]      [315,318]      
Machine 4: job_0_task_0   job_12_task_1  job_12_task_2  job_8_task_1   job_6_task_1   job_14_task_3  job_10_task_4  job_0_task_1   job_13_task_1  job_10_task_5  job_11_task_5  job_8_task_2   job_10_task_6  job_5_task_0   job_10_task_7  job_14_task_9  job_5_task_2   job_14_task_10 job_3_task_3   job_2_task_4   job_8_task_4   job_0_task_3   job_7_task_4   job_1_task_8   job_4_task_5   job_0_task_4   job_4_task_6   job_6_task_9   job_7_task_5   job_7_task_6   job_11_task_8  job_5_task_6   job_10_task_11 job_7_task_8   job_7_task_9   job_11_task_11 job_9_task_14  job_6_task_13  job_0_task_11  job_7_task_13  job_1_task_13  job_6_task_14  job_8_task_14  job_7_task_15  job_0_task_14  job_11_task_16 job_4_task_14  job_6_task_16  job_12_task_17 job_4_task_17  job_13_task_17 
           [0,9]          [9,12]         [12,17]        [17,27]        [27,32]        [32,33]        [33,41]        [41,48]        [48,58]        [58,59]        [59,63]        [63,69]        [69,78]        [78,85]        [85,91]        [91,95]        [95,97]        [97,106]       [106,108]      [108,113]      [113,119]      [119,129]      [129,130]      [131,134]      [134,144]      [144,147]      [147,153]      [153,162]      [162,168]      [168,177]      [177,184]      [184,190]      [190,194]      [194,200]      [200,208]      [208,218]      [218,228]      [228,232]      [232,235]      [235,244]      [244,249]      [249,254]      [254,257]      [257,258]      [258,267]      [267,268]      [283,287]      [294,298]      [298,306]      [306,309]      [309,310]      
Optimal Schedule Length: 318.0
Total (Unoptimized Schedule Length): 1485
Statistics
  - conflicts: 0
  - branches : 0
  - wall time: 0.830309146s