
Problem
         task_0    task_1   task_2   task_3    task_4   task_5   task_6    task_7   task_8    task_9   task_10  task_11  task_12   task_13   task_14   task_15  task_16   task_17  task_18  task_19
job_0   (10, 4)    (0, 5)  (10, 3)   (0, 9)    (1, 3)  (13, 8)   (3, 8)   (5, 10)   (8, 5)  (10, 10)   (10, 4)  (3, 10)   (7, 2)   (11, 3)    (5, 3)   (13, 4)   (9, 4)  (14, 10)  (11, 7)  (10, 9)
job_1    (5, 3)    (6, 1)   (4, 2)  (10, 9)    (2, 9)  (11, 3)  (14, 1)    (2, 6)  (13, 2)   (10, 5)    (8, 8)   (0, 8)  (13, 2)    (4, 9)    (8, 1)    (7, 9)   (9, 4)    (0, 5)   (6, 1)   (6, 6)
job_2    (1, 3)    (8, 2)   (2, 4)   (4, 2)   (13, 2)   (2, 7)   (1, 8)    (0, 1)   (5, 3)   (11, 2)    (7, 7)   (6, 1)   (2, 5)    (7, 7)    (5, 4)    (5, 2)   (6, 9)    (6, 7)   (8, 3)   (6, 6)
job_3    (3, 9)   (14, 5)   (7, 3)  (11, 9)   (12, 4)   (6, 2)  (7, 10)    (0, 8)   (1, 1)    (3, 9)   (12, 9)  (2, 10)   (4, 6)   (11, 9)    (8, 1)   (14, 4)   (8, 4)   (4, 10)  (10, 7)   (6, 8)
job_4    (8, 6)    (8, 3)   (7, 2)   (5, 5)    (0, 2)   (1, 7)   (3, 9)    (0, 1)  (11, 4)  (13, 10)    (0, 1)   (9, 4)  (13, 3)   (3, 10)   (13, 5)    (6, 4)   (8, 3)   (9, 10)   (0, 4)   (3, 9)
job_5   (13, 7)    (3, 3)   (0, 6)  (10, 9)    (2, 4)  (10, 9)   (0, 5)   (13, 3)   (8, 3)   (13, 5)    (6, 8)  (10, 8)  (13, 4)    (4, 9)    (1, 2)    (9, 8)   (6, 1)    (8, 6)  (13, 1)   (3, 8)
job_6   (10, 2)    (9, 8)   (5, 4)  (10, 6)    (4, 2)   (1, 4)  (13, 4)   (12, 6)   (7, 4)    (0, 9)    (4, 6)   (6, 9)  (8, 10)  (12, 10)    (8, 2)    (5, 1)  (10, 9)    (9, 6)   (1, 6)   (2, 9)
job_7    (8, 4)    (1, 4)  (14, 2)   (0, 1)    (9, 2)   (0, 1)  (10, 4)  (10, 10)   (1, 9)   (12, 3)    (2, 7)  (14, 9)  (14, 9)    (5, 6)    (3, 9)   (14, 8)  (10, 4)   (13, 7)   (0, 1)   (9, 4)
job_8    (7, 9)  (10, 10)   (8, 7)   (6, 3)  (11, 10)  (10, 6)   (9, 4)   (11, 1)  (12, 4)    (3, 2)    (5, 9)   (1, 8)  (10, 8)   (11, 2)  (13, 10)   (11, 1)   (4, 8)    (9, 6)  (13, 5)   (4, 7)
job_9   (10, 4)   (8, 10)  (12, 2)   (3, 7)  (11, 10)   (0, 3)  (2, 10)    (7, 2)   (8, 8)    (1, 5)   (7, 10)   (1, 8)  (9, 10)   (12, 1)   (14, 6)    (8, 3)  (11, 8)    (1, 6)   (9, 1)   (6, 2)
job_10   (5, 2)    (3, 7)   (2, 1)   (0, 4)    (1, 1)   (9, 1)   (9, 1)    (8, 6)   (0, 4)    (7, 2)   (12, 3)   (5, 6)  (14, 4)    (1, 1)   (13, 1)    (3, 8)  (14, 4)    (1, 6)  (7, 10)   (0, 7)
job_11   (2, 6)    (9, 3)   (1, 5)  (14, 1)    (8, 4)  (11, 3)  (4, 10)    (5, 9)   (3, 1)   (8, 10)    (3, 2)   (5, 2)   (5, 6)  (10, 10)    (7, 9)   (1, 10)   (5, 5)   (13, 7)  (13, 8)   (8, 4)
job_12  (10, 8)    (8, 5)   (0, 9)  (12, 6)    (0, 9)  (7, 10)  (11, 6)    (2, 9)   (2, 6)   (14, 8)  (11, 10)   (0, 8)  (10, 9)    (6, 6)   (0, 10)  (10, 10)   (8, 1)   (13, 7)  (12, 9)  (13, 8)
job_13   (3, 7)    (6, 9)   (3, 2)   (2, 5)    (9, 6)   (3, 7)   (3, 6)   (2, 10)   (0, 1)    (0, 4)  (13, 10)   (9, 3)   (6, 9)    (3, 5)    (1, 9)   (5, 10)   (9, 5)    (1, 2)   (2, 7)  (11, 9)


Solution:
Machine 0: job_7_task_3   job_0_task_1   job_12_task_2  job_0_task_3   job_12_task_4  job_7_task_5   job_2_task_7   job_4_task_4   job_10_task_3  job_3_task_7   job_9_task_5   job_4_task_7   job_5_task_2   job_13_task_8  job_13_task_9  job_10_task_8  job_4_task_10  job_6_task_9   job_1_task_11  job_5_task_6   job_12_task_11 job_12_task_14 job_1_task_17  job_4_task_18  job_10_task_19 job_7_task_18  
           [10,11]        [12,17]        [17,26]        [26,35]        [35,44]        [44,45]        [45,46]        [46,48]        [48,52]        [52,60]        [60,63]        [64,65]        [65,71]        [71,72]        [72,76]        [76,80]        [80,81]        [81,90]        [90,98]        [99,104]       [113,121]      [136,146]      [146,151]      [157,161]      [165,172]      [172,173]      
Machine 1: job_2_task_0   job_7_task_1   job_11_task_2  job_2_task_6   job_0_task_4   job_4_task_5   job_6_task_5   job_10_task_4  job_3_task_8   job_7_task_8   job_9_task_9   job_8_task_11  job_11_task_15 job_10_task_13 job_9_task_11  job_13_task_14 job_10_task_17 job_5_task_14  job_9_task_17  job_13_task_17 job_6_task_18  
           [0,3]          [4,8]          [9,14]         [21,29]        [35,38]        [48,55]        [55,59]        [59,60]        [60,61]        [61,70]        [86,91]        [93,101]       [101,111]      [111,112]      [112,120]      [129,138]      [144,150]      [151,153]      [153,159]      [159,161]      [167,173]      
Machine 2: job_11_task_0  job_2_task_2   job_2_task_5   job_10_task_2  job_13_task_3  job_1_task_4   job_1_task_7   job_13_task_7  job_9_task_6   job_12_task_7  job_5_task_4   job_12_task_8  job_7_task_10  job_2_task_12  job_3_task_11  job_13_task_18 job_6_task_19  
           [0,6]          [6,10]         [14,21]        [26,27]        [28,33]        [33,42]        [46,52]        [55,65]        [65,75]        [75,84]        [84,88]        [88,94]        [94,101]       [107,112]      [116,126]      [161,168]      [173,182]      
Machine 3: job_3_task_0   job_13_task_0  job_5_task_1   job_10_task_1  job_13_task_2  job_9_task_3   job_13_task_5  job_11_task_8  job_13_task_6  job_4_task_6   job_11_task_10 job_0_task_6   job_8_task_9   job_4_task_13  job_3_task_9   job_0_task_11  job_13_task_13 job_10_task_15 job_7_task_14  job_4_task_19  job_5_task_19  
           [0,9]          [9,16]         [16,19]        [19,26]        [26,28]        [34,41]        [41,48]        [48,49]        [49,55]        [55,64]        [64,66]        [66,74]        [82,84]        [88,98]        [98,107]       [113,123]      [123,128]      [129,137]      [139,148]      [164,173]      [173,181]      
Machine 4: job_1_task_2   job_2_task_3   job_11_task_6  job_6_task_4   job_6_task_10  job_1_task_13  job_3_task_12  job_8_task_16  job_5_task_13  job_3_task_17  job_8_task_19  
           [4,6]          [10,12]        [22,32]        [46,48]        [90,96]        [109,118]      [126,132]      [134,142]      [142,151]      [154,164]      [164,171]      
Machine 5: job_1_task_0   job_10_task_0  job_6_task_2   job_11_task_7  job_4_task_3   job_2_task_8   job_11_task_11 job_11_task_12 job_0_task_7   job_8_task_10  job_10_task_11 job_11_task_16 job_2_task_14  job_7_task_13  job_0_task_14  job_2_task_15  job_6_task_15  job_13_task_15 
           [0,3]          [3,5]          [22,26]        [32,41]        [41,46]        [46,49]        [66,68]        [68,74]        [74,84]        [84,93]        [94,100]       [111,116]      [119,123]      [124,130]      [130,133]      [133,135]      [135,136]      [138,148]      
Machine 6: job_1_task_1   job_13_task_1  job_3_task_5   job_8_task_3   job_2_task_11  job_6_task_11  job_4_task_15  job_13_task_12 job_5_task_10  job_12_task_13 job_2_task_16  job_2_task_17  job_1_task_18  job_1_task_19  job_2_task_19  job_5_task_16  job_9_task_19  job_3_task_19  
           [3,4]          [16,25]        [38,40]        [47,50]        [84,85]        [96,105]       [105,109]      [109,118]      [120,128]      [130,136]      [136,145]      [145,152]      [152,153]      [153,159]      [159,165]      [165,166]      [168,170]      [171,179]      
Machine 7: job_8_task_0   job_3_task_2   job_4_task_2   job_3_task_6   job_12_task_5  job_6_task_8   job_9_task_7   job_2_task_10  job_10_task_9  job_11_task_14 job_9_task_10  job_2_task_13  job_0_task_12  job_1_task_15  job_10_task_18 
           [0,9]          [20,23]        [38,40]        [40,50]        [51,61]        [69,73]        [75,77]        [77,84]        [89,91]        [91,100]       [100,110]      [112,119]      [123,125]      [125,134]      [152,162]      
Machine 8: job_7_task_0   job_2_task_1   job_12_task_1  job_11_task_4  job_9_task_1   job_4_task_0   job_4_task_1   job_8_task_2   job_11_task_9  job_10_task_7  job_1_task_10  job_9_task_8   job_0_task_8   job_5_task_8   job_4_task_16  job_6_task_12  job_1_task_14  job_6_task_14  job_9_task_15  job_3_task_14  job_3_task_16  job_2_task_18  job_12_task_16 job_11_task_19 job_5_task_17  
           [0,4]          [4,6]          [8,13]         [15,19]        [19,29]        [29,35]        [35,38]        [40,47]        [49,59]        [62,68]        [68,76]        [78,86]        [86,91]        [107,110]      [110,113]      [113,123]      [123,124]      [133,135]      [140,143]      [143,144]      [148,152]      [152,155]      [157,158]      [158,162]      [166,172]      
Machine 9: job_11_task_1  job_7_task_4   job_6_task_1   job_13_task_4  job_10_task_5  job_10_task_6  job_8_task_6   job_4_task_11  job_13_task_11 job_4_task_17  job_9_task_12  job_1_task_16  job_0_task_16  job_8_task_17  job_13_task_16 job_5_task_15  job_6_task_17  job_9_task_18  job_7_task_19  
           [6,9]          [11,13]        [14,22]        [33,39]        [60,61]        [61,62]        [71,75]        [81,85]        [98,101]       [113,123]      [123,133]      [134,138]      [138,142]      [142,148]      [148,153]      [153,161]      [161,167]      [167,168]      [178,182]      
Machine 10: job_12_task_0  job_0_task_0   job_6_task_0   job_9_task_0   job_0_task_2   job_1_task_3   job_8_task_1   job_6_task_3   job_7_task_6   job_7_task_7   job_1_task_9   job_8_task_5   job_5_task_3   job_11_task_13 job_5_task_5   job_0_task_9   job_0_task_10  job_8_task_12  job_12_task_12 job_5_task_11  job_6_task_16  job_12_task_15 job_7_task_16  job_3_task_18  job_0_task_19  
           [0,8]          [8,12]         [12,14]        [14,18]        [18,21]        [21,30]        [30,40]        [40,46]        [46,50]        [50,60]        [60,65]        [65,71]        [71,80]        [80,90]        [90,99]        [99,109]       [109,113]      [113,121]      [121,130]      [130,138]      [138,147]      [147,157]      [157,161]      [164,171]      [173,182]      
Machine 11: job_11_task_5  job_3_task_3   job_1_task_5   job_9_task_4   job_8_task_4   job_4_task_8   job_12_task_6  job_2_task_9   job_8_task_7   job_12_task_10 job_8_task_13  job_0_task_13  job_8_task_15  job_3_task_13  job_9_task_16  job_0_task_18  job_13_task_19 
           [19,22]        [23,32]        [42,45]        [45,55]        [55,65]        [65,69]        [69,75]        [75,77]        [77,78]        [102,112]      [121,123]      [125,128]      [133,134]      [134,143]      [143,151]      [166,173]      [173,182]      
Machine 12: job_12_task_3  job_9_task_2   job_3_task_4   job_6_task_7   job_7_task_9   job_8_task_8   job_10_task_10 job_3_task_10  job_6_task_13  job_9_task_13  job_12_task_18 
           [26,32]        [32,34]        [34,38]        [63,69]        [70,73]        [78,82]        [91,94]        [107,116]      [123,133]      [133,134]      [165,174]      
Machine 13: job_5_task_0   job_2_task_4   job_0_task_5   job_1_task_8   job_6_task_6   job_4_task_9   job_4_task_12  job_13_task_10 job_4_task_14  job_5_task_7   job_1_task_12  job_5_task_9   job_10_task_14 job_11_task_17 job_8_task_14  job_0_task_15  job_5_task_12  job_11_task_18 job_8_task_18  job_12_task_17 job_7_task_17  job_5_task_18  job_12_task_19 
           [0,7]          [12,14]        [38,46]        [52,54]        [59,63]        [69,79]        [85,88]        [88,98]        [98,103]       [104,107]      [107,109]      [110,115]      [115,116]      [116,123]      [123,133]      [133,137]      [138,142]      [142,150]      [150,155]      [158,165]      [165,172]      [172,173]      [174,182]      
Machine 14: job_7_task_2   job_11_task_3  job_3_task_1   job_1_task_6   job_12_task_9  job_10_task_12 job_7_task_11  job_7_task_12  job_9_task_14  job_10_task_16 job_3_task_15  job_7_task_15  job_0_task_17  
           [8,10]         [14,15]        [15,20]        [45,46]        [94,102]       [102,106]      [106,115]      [115,124]      [134,140]      [140,144]      [144,148]      [148,156]      [156,166]      
Optimal Schedule Length: 182.0
Total (Unoptimized Schedule Length): 1570
Statistics
  - conflicts: 0
  - branches : 0
  - wall time: 1.5606224990000002s