
Problem
         task_0   task_1    task_2    task_3   task_4   task_5   task_6   task_7   task_8   task_9   task_10  task_11  task_12  task_13
job_0    (2, 8)   (6, 9)    (4, 2)   (0, 10)   (5, 5)   (3, 5)   (7, 3)   (7, 4)   (0, 7)   (3, 5)    (6, 4)   (7, 6)   (9, 4)   (4, 2)
job_1    (5, 8)   (7, 5)   (6, 10)    (7, 5)   (4, 1)   (6, 5)  (9, 10)  (9, 10)   (6, 8)  (10, 3)    (7, 4)   (2, 7)   (3, 9)  (7, 10)
job_2   (1, 10)   (9, 3)    (2, 1)    (5, 5)   (3, 8)   (7, 8)   (8, 5)   (2, 3)   (4, 4)   (3, 9)    (9, 6)   (2, 7)   (0, 1)   (3, 9)
job_3    (1, 7)   (9, 5)    (0, 9)    (0, 7)   (5, 8)  (0, 10)  (9, 10)   (4, 8)  (0, 10)   (5, 3)    (9, 6)   (0, 7)   (1, 9)   (1, 6)
job_4    (3, 1)   (2, 4)    (8, 8)    (1, 8)   (3, 9)   (9, 4)   (1, 6)   (8, 5)   (4, 7)   (7, 5)    (0, 9)  (10, 2)  (0, 10)   (1, 6)
job_5    (2, 1)   (0, 7)    (1, 7)   (5, 10)   (8, 8)   (2, 3)   (6, 1)   (9, 7)   (4, 2)   (4, 6)    (2, 2)   (8, 4)   (3, 2)  (7, 10)
job_6    (9, 3)   (9, 8)    (3, 2)    (7, 8)   (1, 3)   (0, 1)   (1, 2)   (2, 9)   (0, 1)   (0, 2)    (5, 5)   (1, 9)   (0, 5)  (6, 10)
job_7    (4, 9)   (3, 9)    (5, 7)    (4, 9)   (3, 6)  (5, 10)   (2, 7)   (0, 9)  (10, 8)   (8, 6)    (7, 5)   (4, 1)   (3, 4)   (0, 5)
job_8    (8, 9)   (5, 3)    (7, 8)    (7, 7)  (6, 10)   (4, 3)   (0, 9)   (3, 2)  (6, 10)   (9, 1)    (9, 4)   (0, 7)   (8, 8)   (2, 1)
job_9    (9, 4)   (7, 1)   (9, 10)   (10, 6)   (9, 6)   (7, 5)   (0, 7)   (7, 5)   (4, 9)   (0, 4)    (9, 7)   (1, 4)   (8, 2)   (6, 3)
job_10  (10, 8)   (7, 6)    (6, 8)   (10, 4)   (8, 5)   (8, 3)   (0, 1)   (7, 6)  (10, 1)   (6, 9)   (10, 9)   (7, 8)   (1, 2)   (7, 2)
job_11   (8, 5)   (4, 8)    (3, 5)    (8, 9)   (1, 4)   (6, 7)   (0, 9)   (5, 8)   (3, 5)   (5, 6)    (0, 3)   (1, 4)   (5, 2)   (5, 5)
job_12   (0, 7)  (10, 5)    (0, 6)   (10, 7)  (10, 6)   (5, 5)  (4, 10)   (1, 6)  (0, 10)   (1, 1)    (1, 5)   (4, 4)   (6, 6)   (0, 4)
job_13   (3, 7)   (4, 4)    (3, 5)    (0, 5)   (2, 1)   (4, 5)   (7, 8)  (5, 10)   (1, 5)   (9, 8)  (10, 10)   (5, 7)   (4, 8)   (0, 6)
job_14   (5, 9)   (7, 9)  (10, 10)    (7, 3)   (4, 2)   (9, 1)   (8, 6)   (5, 9)   (1, 5)   (7, 8)    (9, 6)  (7, 10)   (6, 4)   (2, 2)
job_15   (4, 7)   (7, 7)    (4, 3)    (9, 9)   (6, 9)   (3, 7)   (9, 1)  (10, 5)   (5, 4)   (5, 4)    (8, 3)   (5, 9)   (6, 5)   (6, 2)
job_16   (4, 6)   (8, 3)    (7, 5)    (8, 3)   (4, 3)   (8, 1)   (7, 3)   (9, 8)   (9, 9)   (1, 4)    (1, 6)   (6, 5)   (4, 4)   (9, 5)
job_17  (1, 10)   (5, 7)   (3, 10)   (8, 10)   (3, 3)   (8, 6)  (8, 10)   (4, 9)  (10, 4)  (10, 1)    (0, 1)   (6, 6)   (5, 3)   (1, 2)
job_18   (8, 8)   (7, 5)    (2, 9)  (10, 10)   (4, 4)   (3, 6)   (0, 1)   (5, 4)   (4, 4)   (8, 7)    (2, 7)   (1, 9)   (6, 7)   (4, 4)
job_19   (0, 7)  (4, 10)    (8, 6)    (8, 5)  (6, 10)   (0, 3)   (4, 6)   (2, 7)   (8, 2)   (4, 2)    (0, 6)   (7, 1)   (0, 8)   (4, 5)


Solution:
Machine 0: job_12_task_0  job_19_task_0  job_3_task_2   job_3_task_3   job_13_task_3  job_5_task_1   job_12_task_2  job_3_task_5   job_19_task_5  job_0_task_3   job_9_task_6   job_18_task_6  job_8_task_6   job_10_task_6  job_3_task_8   job_6_task_5   job_11_task_6  job_7_task_7   job_6_task_8   job_6_task_9   job_12_task_8  job_0_task_8   job_4_task_10  job_3_task_11  job_17_task_10 job_2_task_12  job_9_task_9   job_19_task_10 job_8_task_11  job_4_task_12  job_6_task_12  job_11_task_10 job_12_task_13 job_19_task_12 job_13_task_13 job_7_task_13  
           [0,7]          [7,14]         [14,23]        [23,30]        [30,35]        [35,42]        [42,48]        [48,58]        [58,61]        [61,71]        [71,78]        [78,79]        [79,88]        [88,89]        [89,99]        [99,100]       [100,109]      [109,118]      [118,119]      [119,121]      [121,131]      [131,138]      [138,147]      [147,154]      [154,155]      [155,156]      [156,160]      [160,166]      [166,173]      [173,183]      [183,188]      [188,191]      [191,195]      [195,203]      [203,209]      [209,214]      
Machine 1: job_3_task_0   job_17_task_0  job_2_task_0   job_4_task_3   job_5_task_2   job_11_task_4  job_13_task_8  job_4_task_6   job_6_task_4   job_6_task_6   job_12_task_7  job_14_task_8  job_16_task_9  job_6_task_11  job_12_task_9  job_16_task_10 job_18_task_11 job_12_task_10 job_3_task_12  job_9_task_11  job_3_task_13  job_4_task_13  job_11_task_11 job_10_task_12 job_17_task_13 
           [0,7]          [7,17]         [17,27]        [30,38]        [42,49]        [63,67]        [85,90]        [90,96]        [96,99]        [100,102]      [102,108]      [108,113]      [133,137]      [137,146]      [146,147]      [147,153]      [153,162]      [162,167]      [167,176]      [176,180]      [180,186]      [186,192]      [192,196]      [196,198]      [209,211]      
Machine 2: job_0_task_0   job_4_task_1   job_5_task_0   job_18_task_2  job_2_task_2   job_13_task_4  job_5_task_5   job_7_task_6   job_19_task_7  job_6_task_7   job_2_task_7   job_1_task_11  job_18_task_10 job_5_task_10  job_2_task_11  job_14_task_13 job_8_task_13  
           [0,8]          [8,12]         [12,13]        [18,27]        [33,34]        [35,36]        [74,77]        [77,84]        [84,91]        [102,111]      [111,114]      [123,130]      [130,137]      [141,143]      [145,152]      [174,176]      [181,182]      
Machine 3: job_13_task_0  job_4_task_0   job_7_task_1   job_13_task_2  job_6_task_2   job_17_task_2  job_11_task_2  job_4_task_4   job_7_task_4   job_2_task_4   job_18_task_5  job_17_task_4  job_8_task_7   job_15_task_5  job_0_task_5   job_11_task_8  job_2_task_9   job_1_task_12  job_0_task_9   job_5_task_12  job_7_task_12  job_2_task_13  
           [0,7]          [7,8]          [9,18]         [18,23]        [30,32]        [32,42]        [42,47]        [47,56]        [56,62]        [64,72]        [72,78]        [78,81]        [88,90]        [94,101]       [101,106]      [118,123]      [124,133]      [133,142]      [142,147]      [148,150]      [152,156]      [156,165]      
Machine 4: job_7_task_0   job_13_task_1  job_15_task_0  job_19_task_1  job_11_task_1  job_7_task_3   job_1_task_4   job_13_task_5  job_16_task_0  job_0_task_2   job_15_task_2  job_18_task_4  job_19_task_6  job_8_task_5   job_14_task_4  job_3_task_7   job_16_task_4  job_12_task_6  job_18_task_8  job_9_task_8   job_4_task_8   job_2_task_8   job_5_task_8   job_17_task_7  job_5_task_9   job_19_task_9  job_13_task_12 job_7_task_11  job_16_task_12 job_12_task_11 job_18_task_13 job_0_task_13  job_19_task_13 
           [0,9]          [9,13]         [13,20]        [20,30]        [30,38]        [38,47]        [47,48]        [48,53]        [53,59]        [59,61]        [61,64]        [64,68]        [68,74]        [74,77]        [77,79]        [79,87]        [87,90]        [90,100]       [100,104]      [104,113]      [113,120]      [120,124]      [124,126]      [126,135]      [135,141]      [141,143]      [143,151]      [151,152]      [158,162]      [167,171]      [171,175]      [177,179]      [204,209]      
Machine 5: job_1_task_0   job_14_task_0  job_8_task_1   job_17_task_1  job_7_task_2   job_3_task_4   job_2_task_3   job_5_task_3   job_7_task_5   job_13_task_7  job_12_task_5  job_0_task_4   job_18_task_7  job_14_task_7  job_3_task_9   job_11_task_7  job_13_task_11 job_6_task_10  job_15_task_8  job_15_task_9  job_11_task_9  job_15_task_11 job_11_task_12 job_11_task_13 job_17_task_12 
           [0,8]          [8,17]         [17,20]        [20,27]        [27,34]        [34,42]        [42,47]        [49,59]        [62,72]        [73,83]        [83,88]        [88,93]        [93,97]        [97,106]       [106,109]      [109,117]      [121,128]      [128,133]      [133,137]      [137,141]      [141,147]      [147,156]      [196,198]      [198,203]      [206,209]      
Machine 6: job_0_task_1   job_1_task_2   job_10_task_2  job_19_task_4  job_1_task_5   job_8_task_4   job_11_task_5  job_5_task_6   job_15_task_4  job_1_task_8   job_8_task_8   job_10_task_9  job_0_task_10  job_16_task_11 job_15_task_12 job_18_task_12 job_14_task_12 job_12_task_12 job_15_task_13 job_9_task_13  job_6_task_13  job_17_task_11 
           [8,17]         [17,27]        [33,41]        [41,51]        [51,56]        [60,70]        [70,77]        [81,82]        [85,94]        [100,108]      [108,118]      [127,136]      [147,151]      [153,158]      [158,163]      [163,170]      [170,174]      [174,180]      [180,182]      [183,186]      [188,198]      [200,206]      
Machine 7: job_9_task_1   job_1_task_1   job_18_task_1  job_14_task_1  job_10_task_1  job_1_task_3   job_8_task_2   job_15_task_1  job_8_task_3   job_9_task_5   job_13_task_6  job_14_task_3  job_16_task_2  job_6_task_3   job_2_task_5   job_9_task_7   job_16_task_6  job_0_task_6   job_0_task_7   job_10_task_7  job_1_task_10  job_4_task_9   job_14_task_9  job_7_task_10  job_1_task_13  job_14_task_11 job_19_task_11 job_0_task_11  job_10_task_11 job_5_task_13  job_10_task_13 
           [4,5]          [8,13]         [13,18]        [18,27]        [27,33]        [33,38]        [38,46]        [46,53]        [53,60]        [60,65]        [65,73]        [73,76]        [76,81]        [81,89]        [89,97]        [97,102]       [102,105]      [106,109]      [109,113]      [113,119]      [119,123]      [123,128]      [128,136]      [141,146]      [146,156]      [156,166]      [166,167]      [167,173]      [173,181]      [181,191]      [198,200]      
Machine 8: job_18_task_0  job_8_task_0   job_11_task_0  job_4_task_2   job_19_task_2  job_19_task_3  job_17_task_3  job_11_task_3  job_16_task_1  job_5_task_4   job_10_task_4  job_10_task_5  job_16_task_3  job_17_task_5  job_14_task_6  job_16_task_5  job_2_task_6   job_4_task_7   job_17_task_6  job_18_task_9  job_19_task_8  job_7_task_9   job_15_task_10 job_5_task_11  job_8_task_12  job_9_task_12  
           [0,8]          [8,17]         [17,22]        [22,30]        [30,36]        [36,41]        [44,54]        [54,63]        [63,66]        [66,74]        [74,79]        [79,82]        [82,85]        [85,91]        [91,97]        [97,98]        [98,103]       [103,108]      [108,118]      [118,125]      [125,127]      [135,141]      [141,144]      [144,148]      [173,181]      [181,183]      
Machine 9: job_9_task_0   job_6_task_0   job_3_task_1   job_9_task_2   job_6_task_1   job_2_task_1   job_9_task_4   job_1_task_6   job_3_task_6   job_15_task_3  job_4_task_5   job_14_task_5  job_1_task_7   job_13_task_9  job_16_task_7  job_15_task_6  job_5_task_7   job_16_task_8  job_3_task_10  job_2_task_10  job_14_task_10 job_8_task_9   job_8_task_10  job_9_task_10  job_16_task_13 job_0_task_12  
           [0,4]          [4,7]          [7,12]         [12,22]        [22,30]        [30,33]        [33,39]        [56,66]        [66,76]        [76,85]        [85,89]        [89,90]        [90,100]       [100,108]      [108,116]      [116,117]      [117,124]      [124,133]      [133,139]      [139,145]      [145,151]      [151,152]      [152,156]      [160,167]      [167,172]      [173,177]      
Machine 10: job_10_task_0  job_12_task_1  job_9_task_3   job_14_task_2  job_18_task_3  job_12_task_3  job_12_task_4  job_10_task_3  job_1_task_9   job_13_task_10 job_15_task_7  job_10_task_8  job_7_task_8   job_17_task_8  job_10_task_10 job_17_task_9  job_4_task_11  
           [0,8]          [8,13]         [22,28]        [28,38]        [38,48]        [48,55]        [55,61]        [64,68]        [108,111]      [111,121]      [121,126]      [126,127]      [127,135]      [135,139]      [139,148]      [148,149]      [149,151]      
Optimal Schedule Length: 214.0
Total (Unoptimized Schedule Length): 1617
Statistics
  - conflicts: 0
  - branches : 0
  - wall time: 0.306488814s