
Problem
         task_0   task_1  task_2   task_3   task_4   task_5   task_6   task_7   task_8   task_9  task_10  task_11  task_12  task_13  task_14  task_15  task_16 task_17  task_18  task_19
job_0    (3, 6)   (3, 7)  (1, 1)   (0, 1)   (2, 9)   (5, 6)   (2, 8)   (3, 4)   (4, 4)   (0, 1)   (4, 4)   (4, 4)   (4, 6)   (6, 2)   (4, 8)   (7, 1)  (5, 10)  (4, 8)  (2, 10)   (3, 9)
job_1    (4, 3)   (5, 2)  (2, 4)  (5, 10)   (6, 6)   (7, 7)   (3, 1)  (0, 10)   (7, 4)  (4, 10)   (2, 5)   (2, 7)  (7, 10)   (3, 2)   (6, 9)   (0, 8)   (4, 1)  (0, 1)   (0, 5)   (2, 8)
job_2    (0, 7)   (1, 8)  (4, 6)   (3, 1)  (2, 10)   (6, 7)  (4, 10)   (2, 2)   (5, 9)   (6, 5)  (4, 10)  (0, 10)   (0, 7)  (3, 10)   (6, 7)  (3, 10)   (1, 9)  (4, 9)   (6, 4)   (3, 9)
job_3    (2, 1)   (4, 5)  (1, 3)   (4, 8)   (7, 2)  (0, 10)   (3, 5)   (7, 5)   (6, 9)   (7, 8)   (3, 1)   (6, 2)   (0, 3)   (6, 5)   (4, 3)   (0, 3)   (7, 2)  (0, 3)   (2, 5)   (1, 4)
job_4    (3, 1)   (4, 7)  (6, 7)   (3, 8)   (3, 2)  (2, 10)   (5, 8)   (6, 7)   (3, 2)   (1, 8)   (5, 2)   (6, 3)   (6, 3)   (0, 1)   (6, 9)   (3, 6)   (1, 2)  (2, 6)  (5, 10)   (1, 1)
job_5    (3, 6)  (7, 10)  (6, 5)   (5, 5)   (5, 5)   (1, 5)   (5, 6)   (1, 2)   (3, 8)   (3, 2)   (0, 4)   (6, 4)   (0, 4)   (1, 4)   (0, 9)   (7, 9)   (7, 1)  (2, 8)   (5, 7)   (2, 1)
job_6    (0, 3)   (4, 6)  (7, 5)   (2, 7)   (0, 2)  (5, 10)   (5, 6)   (0, 2)   (5, 8)   (0, 2)   (6, 7)   (1, 6)   (7, 7)   (1, 2)   (4, 9)   (4, 5)   (2, 5)  (4, 2)   (7, 9)   (2, 4)
job_7    (3, 3)  (2, 10)  (0, 9)   (0, 2)   (1, 3)   (7, 3)   (2, 1)   (1, 9)   (6, 8)  (6, 10)   (1, 6)   (5, 9)   (0, 2)   (2, 9)  (6, 10)  (3, 10)  (3, 10)  (0, 2)   (7, 6)   (4, 7)
job_8    (4, 4)   (6, 4)  (0, 8)   (6, 9)  (0, 10)   (2, 5)   (7, 2)   (4, 1)   (5, 2)   (0, 9)   (6, 2)   (0, 3)   (2, 8)  (0, 10)   (3, 2)   (3, 7)   (1, 2)  (4, 9)   (4, 6)   (5, 4)
job_9   (3, 10)   (6, 2)  (3, 5)  (2, 10)   (7, 3)   (7, 3)   (5, 3)   (4, 3)  (0, 10)   (0, 1)   (4, 4)  (0, 10)   (2, 3)   (6, 5)   (0, 8)   (2, 5)   (0, 7)  (7, 9)   (7, 1)   (7, 1)
job_10   (5, 4)   (1, 9)  (4, 4)   (7, 7)   (2, 1)   (2, 3)   (5, 1)   (6, 4)   (1, 5)   (0, 2)   (5, 2)   (4, 6)   (1, 4)   (2, 5)   (5, 4)   (6, 3)  (6, 10)  (3, 9)   (1, 5)  (5, 10)
job_11   (1, 6)   (2, 2)  (5, 4)   (6, 1)   (0, 2)   (7, 5)  (2, 10)  (0, 10)   (2, 4)   (2, 4)   (7, 3)   (2, 5)   (2, 7)   (5, 8)   (7, 2)   (5, 3)   (2, 5)  (1, 2)   (0, 2)   (5, 2)
job_12   (4, 5)  (5, 10)  (7, 8)   (2, 1)   (7, 6)   (7, 4)   (0, 6)   (6, 2)   (3, 8)   (5, 8)  (7, 10)   (5, 6)   (5, 3)   (3, 5)   (2, 5)   (4, 8)  (0, 10)  (2, 1)   (3, 7)   (4, 9)
job_13   (3, 5)   (0, 6)  (3, 8)   (3, 4)  (7, 10)   (2, 4)   (6, 6)   (3, 9)   (7, 1)   (5, 3)  (3, 10)   (5, 7)   (4, 9)   (5, 4)   (5, 7)   (1, 6)   (5, 2)  (0, 5)   (2, 9)   (1, 3)
job_14   (0, 9)   (5, 6)  (0, 4)   (2, 3)   (5, 6)   (0, 9)   (6, 2)   (4, 5)   (2, 8)   (4, 2)   (0, 6)   (0, 8)   (0, 4)   (6, 9)   (2, 3)   (7, 9)   (6, 4)  (5, 5)   (7, 2)   (5, 7)
job_15   (3, 2)   (5, 8)  (7, 3)   (7, 3)   (5, 8)   (0, 9)   (2, 8)   (6, 4)   (1, 4)  (3, 10)   (7, 8)   (3, 1)   (6, 8)   (7, 3)   (7, 1)   (3, 3)   (2, 1)  (7, 1)   (6, 7)   (4, 8)
job_16   (2, 6)   (5, 3)  (0, 6)   (7, 4)  (6, 10)   (1, 6)   (7, 7)   (6, 9)   (2, 4)   (1, 6)   (6, 1)  (6, 10)   (7, 4)   (6, 6)   (2, 2)   (6, 8)   (7, 1)  (3, 3)   (1, 4)   (6, 5)


Solution:
Machine 0: job_2_task_0   job_14_task_0  job_7_task_2   job_13_task_1  job_7_task_3   job_6_task_0   job_8_task_2   job_14_task_2  job_16_task_2  job_12_task_6  job_0_task_3   job_6_task_4   job_14_task_5  job_8_task_4   job_1_task_7   job_3_task_5   job_15_task_5  job_2_task_11  job_6_task_7   job_2_task_12  job_0_task_9   job_9_task_8   job_10_task_9  job_11_task_4  job_9_task_9   job_6_task_9   job_14_task_10 job_14_task_11 job_7_task_12  job_8_task_9   job_11_task_7  job_8_task_11  job_5_task_10  job_9_task_11  job_14_task_12 job_5_task_12  job_8_task_13  job_4_task_13  job_5_task_14  job_12_task_16 job_9_task_14  job_3_task_12  job_13_task_17 job_7_task_17  job_1_task_15  job_3_task_15  job_9_task_16  job_1_task_17  job_3_task_17  job_1_task_18  job_11_task_18 
           [0,7]          [7,16]         [16,25]        [25,31]        [31,33]        [33,36]        [36,44]        [44,48]        [48,54]        [54,60]        [60,61]        [61,63]        [63,72]        [72,82]        [82,92]        [92,102]       [102,111]      [111,121]      [121,123]      [123,130]      [130,131]      [131,141]      [141,143]      [143,145]      [145,146]      [146,148]      [148,154]      [154,162]      [162,164]      [164,173]      [173,183]      [183,186]      [186,190]      [190,200]      [200,204]      [204,208]      [208,218]      [218,219]      [219,228]      [228,238]      [238,246]      [246,249]      [249,254]      [254,256]      [256,264]      [264,267]      [267,274]      [274,275]      [275,278]      [278,283]      [283,285]      
Machine 1: job_11_task_0  job_10_task_1  job_2_task_1   job_3_task_2   job_7_task_4   job_7_task_7   job_0_task_2   job_16_task_5  job_5_task_5   job_7_task_10  job_10_task_8  job_16_task_9  job_5_task_7   job_15_task_8  job_4_task_9   job_6_task_11  job_10_task_12 job_6_task_13  job_2_task_16  job_13_task_15 job_5_task_13  job_10_task_18 job_8_task_16  job_4_task_16  job_13_task_19 job_4_task_19  job_11_task_17 job_16_task_18 job_3_task_19  
           [0,6]          [6,15]         [15,23]        [24,27]        [33,36]        [43,52]        [52,53]        [85,91]        [101,106]      [106,112]      [119,124]      [127,133]      [133,135]      [135,139]      [150,158]      [161,167]      [167,171]      [174,176]      [176,185]      [203,209]      [209,213]      [216,221]      [227,229]      [242,244]      [267,270]      [270,271]      [273,275]      [276,280]      [283,287]      
Machine 2: job_16_task_0  job_7_task_1   job_3_task_0   job_1_task_2   job_11_task_1  job_12_task_3  job_2_task_4   job_7_task_6   job_14_task_3  job_6_task_3   job_9_task_3   job_2_task_7   job_0_task_4   job_13_task_5  job_4_task_5   job_0_task_6   job_10_task_4  job_10_task_5  job_8_task_5   job_1_task_10  job_15_task_6  job_16_task_8  job_1_task_11  job_14_task_8  job_11_task_6  job_7_task_13  job_10_task_13 job_12_task_14 job_8_task_12  job_11_task_8  job_11_task_9  job_9_task_12  job_11_task_11 job_11_task_12 job_0_task_18  job_6_task_16  job_14_task_14 job_16_task_14 job_12_task_17 job_5_task_17  job_9_task_15  job_4_task_17  job_13_task_18 job_15_task_16 job_11_task_16 job_6_task_19  job_5_task_19  job_3_task_18  job_1_task_19  
           [0,6]          [6,16]         [16,17]        [17,21]        [21,23]        [23,24]        [32,42]        [42,43]        [48,51]        [51,58]        [58,68]        [68,70]        [70,79]        [79,83]        [83,93]        [93,101]       [101,102]      [102,105]      [105,110]      [110,115]      [115,123]      [123,127]      [127,134]      [134,142]      [152,162]      [164,173]      [173,178]      [180,185]      [186,194]      [194,198]      [198,202]      [202,205]      [205,210]      [210,217]      [217,227]      [227,232]      [232,235]      [236,238]      [238,239]      [239,247]      [247,252]      [252,258]      [258,267]      [267,268]      [268,273]      [273,277]      [277,278]      [278,283]      [283,291]      
Machine 3: job_7_task_0   job_0_task_0   job_4_task_0   job_5_task_0   job_13_task_0  job_9_task_0   job_2_task_3   job_13_task_2  job_0_task_1   job_15_task_0  job_13_task_3  job_9_task_2   job_4_task_3   job_1_task_6   job_4_task_4   job_12_task_8  job_13_task_7  job_0_task_7   job_3_task_6   job_13_task_10 job_2_task_13  job_5_task_8   job_4_task_8   job_15_task_9  job_5_task_9   job_2_task_15  job_3_task_10  job_1_task_13  job_12_task_13 job_15_task_11 job_7_task_15  job_7_task_16  job_10_task_17 job_8_task_14  job_8_task_15  job_0_task_19  job_4_task_15  job_12_task_18 job_15_task_15 job_16_task_17 job_2_task_19  
           [0,3]          [3,9]          [9,10]         [10,16]        [16,21]        [21,31]        [31,32]        [32,40]        [40,47]        [47,49]        [49,53]        [53,58]        [58,66]        [66,67]        [67,69]        [70,78]        [96,105]       [105,109]      [109,114]      [119,129]      [130,140]      [140,148]      [148,150]      [150,160]      [160,162]      [162,172]      [172,173]      [173,175]      [175,180]      [182,183]      [187,197]      [197,207]      [207,216]      [218,220]      [220,227]      [227,236]      [236,242]      [242,249]      [251,254]      [273,276]      [276,285]      
Machine 4: job_12_task_0  job_1_task_0   job_8_task_0   job_4_task_1   job_3_task_1   job_2_task_2   job_10_task_2  job_6_task_1   job_3_task_3   job_2_task_6   job_14_task_7  job_2_task_10  job_1_task_9   job_8_task_7   job_0_task_8   job_9_task_7   job_0_task_10  job_0_task_11  job_0_task_12  job_14_task_9  job_9_task_10  job_0_task_14  job_10_task_11 job_13_task_12 job_6_task_14  job_2_task_17  job_12_task_15 job_0_task_17  job_6_task_15  job_8_task_17  job_6_task_17  job_8_task_18  job_12_task_19 job_3_task_14  job_1_task_16  job_7_task_19  job_15_task_19 
           [0,5]          [5,8]          [8,12]         [12,19]        [19,24]        [24,30]        [30,34]        [36,42]        [42,50]        [51,61]        [74,79]        [90,100]       [100,110]      [112,113]      [113,117]      [122,125]      [131,135]      [135,139]      [139,145]      [145,147]      [147,151]      [151,159]      [159,165]      [170,179]      [179,188]      [188,197]      [197,205]      [205,213]      [213,218]      [229,238]      [238,240]      [240,246]      [249,258]      [260,263]      [264,265]      [266,273]      [283,291]      
Machine 5: job_10_task_0  job_12_task_1  job_1_task_1   job_14_task_1  job_1_task_3   job_16_task_1  job_11_task_2  job_5_task_3   job_15_task_1  job_14_task_4  job_6_task_5   job_2_task_8   job_0_task_5   job_15_task_4  job_5_task_4   job_6_task_6   job_10_task_6  job_12_task_9  job_13_task_9  job_9_task_6   job_5_task_6   job_4_task_6   job_6_task_8   job_7_task_11  job_8_task_8   job_10_task_10 job_12_task_11 job_13_task_11 job_4_task_10  job_12_task_12 job_10_task_14 job_13_task_13 job_0_task_16  job_13_task_14 job_13_task_16 job_11_task_13 job_10_task_19 job_11_task_15 job_5_task_18  job_8_task_19  job_4_task_18  job_14_task_17 job_14_task_19 job_11_task_19 
           [0,4]          [5,15]         [15,17]        [17,23]        [23,33]        [33,36]        [36,40]        [44,49]        [49,57]        [57,63]        [63,73]        [73,82]        [82,88]        [88,96]        [96,101]       [101,107]      [107,108]      [108,116]      [116,119]      [119,122]      [122,128]      [128,136]      [136,144]      [144,153]      [153,155]      [155,157]      [157,163]      [163,170]      [170,172]      [172,175]      [178,182]      [182,186]      [186,196]      [196,203]      [209,211]      [217,225]      [225,235]      [235,238]      [247,254]      [254,258]      [258,268]      [268,273]      [275,282]      [285,287]      
Machine 6: job_8_task_1   job_4_task_2   job_9_task_1   job_1_task_4   job_5_task_2   job_2_task_5   job_8_task_3   job_7_task_8   job_12_task_7  job_11_task_3  job_14_task_6  job_16_task_4  job_2_task_9   job_13_task_6  job_7_task_9   job_16_task_7  job_10_task_7  job_3_task_8   job_15_task_7  job_16_task_10 job_4_task_7   job_0_task_13  job_2_task_14  job_6_task_10  job_16_task_11 job_4_task_11  job_8_task_10  job_7_task_14  job_10_task_15 job_5_task_11  job_4_task_12  job_10_task_16 job_14_task_13 job_9_task_13  job_4_task_14  job_16_task_13 job_3_task_11  job_15_task_12 job_1_task_14  job_3_task_13  job_14_task_16 job_16_task_15 job_2_task_18  job_15_task_18 job_16_task_19 
           [12,16]        [19,26]        [31,33]        [33,39]        [39,44]        [44,51]        [51,60]        [60,68]        [68,70]        [70,71]        [72,74]        [75,85]        [85,90]        [90,96]        [96,106]       [106,115]      [115,119]      [119,128]      [128,132]      [133,134]      [136,143]      [145,147]      [147,154]      [154,161]      [161,171]      [172,175]      [175,177]      [177,187]      [187,190]      [190,194]      [194,197]      [197,207]      [207,216]      [216,221]      [221,230]      [230,236]      [236,238]      [238,246]      [246,255]      [255,260]      [260,264]      [264,272]      [272,276]      [276,283]      [283,288]      
Machine 7: job_12_task_2  job_5_task_1   job_12_task_4  job_7_task_5   job_12_task_5  job_6_task_2   job_1_task_5   job_13_task_4  job_15_task_2  job_16_task_3  job_15_task_3  job_10_task_3  job_9_task_4   job_3_task_4   job_9_task_5   job_1_task_8   job_16_task_6  job_13_task_8  job_8_task_6   job_3_task_7   job_12_task_10 job_3_task_9   job_1_task_12  job_11_task_5  job_0_task_15  job_6_task_12  job_15_task_10 job_16_task_12 job_11_task_10 job_11_task_14 job_5_task_15  job_5_task_16  job_14_task_15 job_15_task_13 job_15_task_14 job_6_task_18  job_7_task_18  job_3_task_16  job_15_task_17 job_16_task_16 job_14_task_18 job_9_task_17  job_9_task_18  job_9_task_19  
           [15,23]        [23,33]        [33,39]        [39,42]        [42,46]        [46,51]        [51,58]        [58,68]        [68,71]        [71,75]        [75,78]        [78,85]        [85,88]        [88,90]        [90,93]        [93,97]        [97,104]       [105,106]      [110,112]      [114,119]      [119,129]      [129,137]      [137,147]      [147,152]      [159,160]      [167,174]      [174,182]      [182,186]      [202,205]      [225,227]      [228,237]      [237,238]      [238,247]      [247,250]      [250,251]      [251,260]      [260,266]      [267,269]      [269,270]      [272,273]      [273,275]      [275,284]      [284,285]      [285,286]      
Optimal Schedule Length: 291.0
Total (Unoptimized Schedule Length): 1854
Statistics
  - conflicts: 0
  - branches : 76
  - wall time: 1.1826484860000002s