
Problem
         task_0   task_1   task_2   task_3   task_4  task_5  task_6   task_7   task_8   task_9  task_10  task_11  task_12  task_13  task_14  task_15  task_16  task_17
job_0   (3, 10)   (3, 2)   (1, 5)   (3, 6)   (3, 5)  (2, 9)  (3, 1)  (0, 10)   (2, 4)   (3, 6)   (2, 5)   (0, 5)   (2, 9)   (2, 4)   (2, 5)   (0, 9)   (3, 4)   (0, 4)
job_1    (1, 5)   (2, 3)   (1, 8)   (2, 8)  (1, 10)  (0, 5)  (2, 5)   (2, 1)   (2, 4)   (2, 5)   (0, 4)  (0, 10)  (0, 10)   (2, 1)   (0, 4)   (3, 2)   (1, 9)   (0, 1)
job_2    (3, 3)   (3, 7)   (1, 1)   (3, 6)   (2, 1)  (2, 1)  (3, 2)  (3, 10)   (0, 5)   (1, 8)   (0, 5)   (0, 4)   (3, 1)   (2, 5)   (0, 2)   (0, 4)   (0, 1)   (2, 8)
job_3    (3, 4)   (1, 8)   (0, 4)   (2, 9)   (0, 7)  (0, 4)  (2, 5)   (1, 8)   (3, 3)   (0, 8)   (3, 2)   (3, 6)   (0, 4)  (2, 10)  (3, 10)   (2, 1)   (0, 7)   (2, 4)
job_4    (2, 2)   (3, 7)   (3, 1)   (1, 9)   (2, 3)  (3, 6)  (0, 1)   (3, 3)   (0, 5)  (0, 10)   (2, 5)   (2, 6)   (2, 8)   (1, 9)   (1, 9)   (3, 6)   (0, 5)   (0, 2)
job_5    (0, 5)   (3, 6)   (0, 8)   (1, 1)   (3, 2)  (1, 6)  (3, 4)   (2, 8)   (2, 2)   (1, 9)   (3, 8)  (3, 10)   (2, 1)   (0, 9)   (0, 1)   (3, 1)   (1, 1)   (1, 8)
job_6    (3, 4)   (3, 7)  (3, 10)   (2, 3)   (2, 3)  (2, 5)  (0, 9)   (2, 9)   (3, 8)   (3, 5)  (3, 10)   (3, 5)  (2, 10)   (2, 8)   (0, 3)   (0, 2)   (2, 8)   (3, 4)
job_7    (0, 7)   (1, 5)   (3, 7)   (0, 3)   (0, 6)  (2, 1)  (2, 6)   (3, 2)   (0, 2)   (1, 7)   (1, 5)   (3, 9)   (3, 8)   (0, 9)   (0, 6)   (3, 6)   (3, 7)   (0, 2)
job_8    (3, 1)   (3, 8)   (1, 4)   (2, 5)   (1, 5)  (3, 5)  (1, 3)   (0, 5)   (2, 6)   (3, 7)   (0, 8)   (3, 3)   (0, 9)  (1, 10)  (2, 10)   (1, 1)   (1, 4)   (3, 2)
job_9    (2, 9)   (2, 7)   (2, 9)   (1, 4)   (3, 7)  (3, 9)  (1, 5)   (1, 6)   (0, 8)   (0, 2)   (1, 6)   (0, 6)  (3, 10)  (2, 10)   (2, 6)   (1, 6)   (2, 1)   (1, 8)
job_10   (1, 8)   (2, 6)   (3, 3)   (0, 7)  (1, 10)  (2, 1)  (3, 8)   (0, 9)   (0, 1)   (2, 3)   (0, 8)   (3, 4)   (2, 6)   (2, 8)   (2, 9)   (0, 8)   (2, 1)   (2, 1)
job_11   (3, 6)  (3, 10)   (1, 1)  (2, 10)   (0, 5)  (3, 6)  (0, 8)   (1, 8)   (1, 4)   (2, 9)   (3, 8)  (2, 10)   (3, 7)   (3, 8)   (1, 1)   (1, 4)  (2, 10)   (2, 4)
job_12   (3, 3)   (1, 4)   (3, 6)   (1, 3)   (1, 4)  (0, 7)  (0, 5)   (1, 4)   (2, 9)   (2, 8)   (0, 7)   (0, 3)   (3, 7)   (2, 5)   (1, 4)   (0, 9)   (0, 3)  (1, 10)
job_13   (1, 5)   (2, 2)  (3, 10)   (1, 6)   (2, 9)  (1, 7)  (1, 7)   (2, 3)  (0, 10)   (3, 6)   (0, 7)   (3, 3)   (1, 3)   (0, 9)   (0, 4)   (3, 4)   (3, 1)   (2, 1)
job_14   (1, 3)   (0, 4)   (2, 4)   (1, 8)   (0, 3)  (0, 1)  (3, 3)   (3, 1)   (0, 1)   (3, 6)   (2, 5)   (1, 6)   (2, 2)  (2, 10)   (2, 9)   (1, 3)   (0, 9)   (0, 7)
job_15   (3, 3)   (3, 1)  (3, 10)   (2, 2)   (0, 5)  (0, 2)  (3, 5)  (2, 10)   (0, 9)   (2, 6)  (3, 10)   (0, 6)   (2, 6)   (2, 6)   (2, 2)   (1, 8)   (2, 5)   (3, 3)
job_16   (3, 3)   (1, 2)   (1, 5)   (3, 9)   (1, 2)  (1, 3)  (3, 7)  (0, 10)   (0, 6)   (0, 2)   (1, 4)   (2, 5)   (0, 1)   (3, 8)   (0, 4)   (1, 7)   (3, 7)   (0, 9)
job_17   (1, 3)   (2, 1)   (1, 6)   (3, 6)   (1, 7)  (3, 7)  (2, 2)   (0, 1)   (2, 4)   (2, 4)   (3, 3)  (3, 10)   (3, 4)   (3, 6)   (2, 8)   (3, 7)   (3, 9)   (0, 6)
job_18   (2, 5)   (3, 9)   (3, 2)  (3, 10)   (1, 5)  (2, 1)  (3, 1)   (3, 9)   (3, 3)   (2, 6)   (3, 5)   (2, 5)   (1, 6)   (1, 9)   (1, 5)   (1, 7)   (2, 3)   (0, 5)
job_19   (0, 7)   (3, 7)   (3, 8)   (0, 6)   (2, 2)  (2, 8)  (3, 4)   (1, 8)   (3, 1)   (3, 1)   (2, 9)   (3, 9)   (3, 1)   (0, 8)   (0, 6)  (2, 10)   (0, 5)   (2, 7)


Solution:
Machine 0: job_19_task_0  job_7_task_0   job_5_task_0   job_11_task_4  job_3_task_2   job_14_task_1  job_3_task_4   job_6_task_6   job_3_task_5   job_15_task_4  job_15_task_5  job_1_task_5   job_19_task_3  job_12_task_5  job_12_task_6  job_14_task_4  job_14_task_5  job_1_task_10  job_1_task_11  job_10_task_3  job_11_task_6  job_7_task_3   job_7_task_4   job_5_task_2   job_12_task_10 job_12_task_11 job_1_task_12  job_9_task_8   job_9_task_9   job_1_task_14  job_4_task_6   job_15_task_8  job_8_task_7   job_13_task_8  job_17_task_7  job_9_task_11  job_16_task_7  job_4_task_8   job_0_task_7   job_7_task_8   job_4_task_9   job_10_task_7  job_14_task_8  job_16_task_8  job_10_task_8  job_16_task_9  job_3_task_9   job_10_task_10 job_16_task_12 job_0_task_11  job_14_task_16 job_14_task_17 job_0_task_15  job_15_task_11 job_3_task_12  job_19_task_13 job_8_task_10  job_19_task_14 job_8_task_12  job_13_task_10 job_7_task_13  job_7_task_14  job_6_task_14  job_18_task_17 job_12_task_15 job_2_task_8   job_16_task_14 job_12_task_16 job_6_task_15  job_2_task_10  job_2_task_11  job_5_task_13  job_5_task_14  job_13_task_13 job_19_task_16 job_13_task_14 job_10_task_15 job_2_task_14  job_2_task_15  job_3_task_16  job_2_task_16  job_16_task_17 job_4_task_16  job_17_task_17 job_0_task_17  job_4_task_17  job_7_task_17  job_1_task_17  
           [0,7]          [7,14]         [14,19]        [35,40]        [40,44]        [44,48]        [69,76]        [76,85]        [85,89]        [93,98]        [98,100]       [100,105]      [110,116]      [116,123]      [123,128]      [128,131]      [131,132]      [132,136]      [136,146]      [146,153]      [153,161]      [161,164]      [164,170]      [170,178]      [178,185]      [185,188]      [188,198]      [200,208]      [208,210]      [210,214]      [217,218]      [221,230]      [230,235]      [235,245]      [245,246]      [246,252]      [252,262]      [262,267]      [267,277]      [277,279]      [279,289]      [289,298]      [298,299]      [299,305]      [305,306]      [306,308]      [311,319]      [331,339]      [339,340]      [363,368]      [375,384]      [384,391]      [391,400]      [400,406]      [406,410]      [410,418]      [418,426]      [426,432]      [433,442]      [442,449]      [449,458]      [458,464]      [464,467]      [467,472]      [472,481]      [481,486]      [486,490]      [490,493]      [493,495]      [495,500]      [500,504]      [505,514]      [514,515]      [517,526]      [526,531]      [531,535]      [535,543]      [543,545]      [545,549]      [549,556]      [556,557]      [557,566]      [566,571]      [571,577]      [577,581]      [581,583]      [583,585]      [585,586]      
Machine 1: job_10_task_0  job_13_task_0  job_1_task_0   job_17_task_0  job_11_task_2  job_7_task_1   job_9_task_3   job_3_task_1   job_14_task_0  job_17_task_2  job_12_task_1  job_1_task_2   job_8_task_2   job_1_task_4   job_16_task_1  job_16_task_2  job_0_task_2   job_12_task_3  job_12_task_4  job_8_task_4   job_14_task_3  job_3_task_7   job_12_task_7  job_4_task_3   job_13_task_3  job_10_task_4  job_11_task_7  job_17_task_4  job_5_task_3   job_16_task_4  job_16_task_5  job_11_task_8  job_9_task_6   job_9_task_7   job_13_task_5  job_18_task_4  job_13_task_6  job_9_task_10  job_8_task_6   job_2_task_2   job_5_task_5   job_19_task_7  job_7_task_9   job_7_task_10  job_16_task_10 job_4_task_13  job_14_task_11 job_4_task_14  job_14_task_15 job_18_task_12 job_18_task_13 job_18_task_14 job_18_task_15 job_5_task_9   job_15_task_15 job_8_task_13  job_12_task_14 job_9_task_15  job_2_task_9   job_16_task_15 job_11_task_14 job_11_task_15 job_13_task_12 job_12_task_17 job_8_task_15  job_8_task_16  job_9_task_17  job_1_task_16  job_5_task_16  job_5_task_17  
           [0,8]          [8,13]         [13,18]        [18,21]        [21,22]        [22,27]        [27,31]        [31,39]        [39,42]        [51,57]        [57,61]        [61,69]        [81,85]        [85,95]        [95,97]        [97,102]       [102,107]      [107,110]      [110,114]      [114,119]      [119,127]      [127,135]      [135,139]      [139,148]      [148,154]      [154,164]      [164,172]      [172,179]      [179,180]      [180,182]      [182,185]      [185,189]      [189,194]      [194,200]      [200,207]      [207,212]      [212,219]      [219,225]      [225,228]      [239,240]      [241,247]      [252,260]      [279,286]      [286,291]      [308,312]      [312,321]      [322,328]      [328,337]      [372,375]      [395,401]      [401,410]      [410,415]      [415,422]      [422,431]      [433,441]      [442,452]      [466,470]      [472,478]      [486,494]      [494,501]      [509,510]      [510,514]      [514,517]      [517,527]      [527,528]      [528,532]      [549,557]      [560,569]      [569,570]      [570,578]      
Machine 2: job_9_task_0   job_9_task_1   job_9_task_2   job_11_task_3  job_4_task_0   job_18_task_0  job_10_task_1  job_13_task_1  job_17_task_1  job_6_task_3   job_1_task_1   job_6_task_4   job_3_task_3   job_6_task_5   job_1_task_3   job_14_task_2  job_8_task_3   job_15_task_3  job_6_task_7   job_3_task_6   job_1_task_6   job_1_task_7   job_1_task_8   job_19_task_4  job_19_task_5  job_1_task_9   job_12_task_8  job_4_task_4   job_12_task_9  job_13_task_4  job_10_task_5  job_7_task_5   job_7_task_6   job_11_task_9  job_0_task_5   job_1_task_13  job_15_task_7  job_18_task_5  job_13_task_7  job_15_task_9  job_17_task_6  job_8_task_8   job_17_task_8  job_17_task_9  job_2_task_4   job_2_task_5   job_0_task_8   job_4_task_10  job_4_task_11  job_4_task_12  job_19_task_10 job_14_task_10 job_18_task_9  job_10_task_9  job_16_task_11 job_14_task_12 job_14_task_13 job_11_task_11 job_0_task_10  job_14_task_14 job_0_task_12  job_0_task_13  job_0_task_14  job_18_task_11 job_5_task_7   job_5_task_8   job_15_task_12 job_15_task_13 job_3_task_13  job_18_task_16 job_15_task_14 job_6_task_12  job_9_task_13  job_6_task_13  job_12_task_13 job_9_task_14  job_10_task_12 job_17_task_14 job_10_task_13 job_19_task_15 job_5_task_12  job_10_task_14 job_8_task_14  job_11_task_16 job_2_task_13  job_3_task_15  job_6_task_16  job_9_task_16  job_15_task_16 job_11_task_17 job_2_task_17  job_19_task_17 job_3_task_17  job_10_task_16 job_10_task_17 job_13_task_17 
           [0,9]          [9,16]         [16,25]        [25,35]        [35,37]        [37,42]        [42,48]        [48,50]        [50,51]        [51,54]        [54,57]        [57,60]        [60,69]        [69,74]        [74,82]        [82,86]        [86,91]        [91,93]        [93,102]       [102,107]      [107,112]      [112,113]      [113,117]      [117,119]      [119,127]      [127,132]      [139,148]      [148,151]      [151,159]      [159,168]      [168,169]      [170,171]      [171,177]      [189,198]      [198,207]      [207,208]      [211,221]      [221,222]      [222,225]      [230,236]      [236,238]      [238,244]      [246,250]      [250,254]      [273,274]      [274,275]      [277,281]      [289,294]      [294,300]      [300,308]      [308,317]      [317,322]      [322,328]      [328,331]      [331,336]      [336,338]      [338,348]      [348,358]      [358,363]      [363,372]      [372,381]      [381,385]      [385,390]      [390,395]      [395,403]      [403,405]      [406,412]      [412,418]      [418,428]      [428,431]      [431,433]      [433,443]      [443,453]      [453,461]      [461,466]      [466,472]      [472,478]      [478,486]      [486,494]      [494,504]      [504,505]      [505,514]      [514,524]      [524,534]      [534,539]      [539,540]      [540,548]      [548,549]      [549,554]      [554,558]      [558,566]      [566,573]      [573,577]      [577,578]      [578,579]      [584,585]      
Machine 3: job_11_task_0  job_6_task_0   job_11_task_1  job_6_task_1   job_3_task_0   job_0_task_0   job_6_task_2   job_12_task_0  job_19_task_1  job_15_task_0  job_15_task_1  job_8_task_0   job_4_task_1   job_8_task_1   job_15_task_2  job_16_task_0  job_12_task_2  job_0_task_1   job_19_task_2  job_18_task_1  job_9_task_4   job_13_task_2  job_4_task_2   job_10_task_2  job_11_task_5  job_0_task_3   job_7_task_2   job_5_task_1   job_17_task_3  job_16_task_3  job_9_task_5   job_18_task_2  job_0_task_4   job_18_task_3  job_15_task_6  job_4_task_5   job_2_task_0   job_8_task_5   job_17_task_5  job_2_task_1   job_5_task_4   job_16_task_6  job_19_task_6  job_4_task_7   job_0_task_6   job_10_task_6  job_18_task_6  job_7_task_7   job_2_task_3   job_6_task_8   job_18_task_7  job_14_task_6  job_5_task_6   job_14_task_7  job_19_task_8  job_14_task_9  job_19_task_9  job_2_task_6   job_3_task_8   job_6_task_9   job_18_task_8  job_17_task_10 job_11_task_10 job_0_task_9   job_17_task_11 job_6_task_10  job_7_task_11  job_19_task_11 job_18_task_10 job_15_task_10 job_3_task_10  job_3_task_11  job_9_task_12  job_19_task_12 job_8_task_9   job_17_task_12 job_6_task_11  job_13_task_9  job_8_task_11  job_5_task_10  job_7_task_12  job_12_task_12 job_10_task_11 job_2_task_7   job_17_task_13 job_16_task_13 job_11_task_12 job_5_task_11  job_11_task_13 job_13_task_11 job_17_task_15 job_3_task_14  job_2_task_12  job_16_task_16 job_7_task_15  job_17_task_16 job_4_task_15  job_1_task_15  job_5_task_15  job_7_task_16  job_0_task_16  job_13_task_15 job_6_task_17  job_15_task_17 job_13_task_16 job_8_task_17  
           [0,6]          [6,10]         [10,20]        [20,27]        [27,31]        [31,41]        [41,51]        [51,54]        [54,61]        [61,64]        [64,65]        [65,66]        [66,73]        [73,81]        [81,91]        [91,94]        [94,100]       [100,102]      [102,110]      [110,119]      [119,126]      [126,136]      [136,137]      [137,140]      [140,146]      [146,152]      [152,159]      [159,165]      [165,171]      [171,180]      [180,189]      [189,191]      [191,196]      [196,206]      [206,211]      [211,217]      [217,220]      [220,225]      [225,232]      [232,239]      [239,241]      [241,248]      [248,252]      [252,255]      [255,256]      [256,264]      [264,265]      [265,267]      [267,273]      [273,281]      [281,290]      [290,293]      [293,297]      [297,298]      [298,299]      [299,305]      [305,306]      [306,308]      [308,311]      [311,316]      [316,319]      [319,322]      [322,330]      [330,336]      [336,346]      [346,356]      [356,365]      [365,374]      [374,379]      [379,389]      [389,391]      [391,397]      [397,407]      [407,408]      [408,415]      [415,419]      [419,424]      [424,430]      [430,433]      [433,441]      [441,449]      [449,456]      [456,460]      [460,470]      [470,476]      [476,484]      [484,491]      [491,501]      [501,509]      [509,512]      [512,519]      [519,529]      [529,530]      [530,537]      [537,543]      [543,552]      [552,558]      [558,560]      [560,561]      [561,568]      [568,572]      [572,576]      [576,580]      [580,583]      [583,584]      [584,586]      
Optimal Schedule Length: 586.0
Total (Unoptimized Schedule Length): 1982
Statistics
  - conflicts: 0
  - branches : 18
  - wall time: 0.6859335390000001s