
Problem
        task_0   task_1   task_2  task_3   task_4   task_5   task_6   task_7   task_8  task_9  task_10 task_11  task_12  task_13
job_0   (4, 2)   (1, 6)   (3, 8)  (2, 1)   (1, 3)   (2, 7)   (3, 7)  (1, 10)   (0, 5)  (0, 1)  (4, 10)  (2, 2)   (1, 5)   (2, 7)
job_1   (1, 7)   (4, 5)  (0, 10)  (0, 3)   (1, 8)   (3, 6)  (1, 10)   (2, 6)   (0, 3)  (0, 1)   (4, 7)  (0, 3)   (4, 7)   (4, 8)
job_2   (4, 1)  (1, 10)   (1, 5)  (0, 3)   (3, 3)   (1, 9)   (0, 9)   (0, 6)   (3, 9)  (4, 6)  (0, 10)  (4, 7)   (2, 1)   (1, 6)
job_3   (2, 4)  (0, 10)   (4, 5)  (2, 4)   (1, 3)   (0, 4)   (3, 2)   (3, 9)  (1, 10)  (2, 5)   (0, 3)  (4, 6)  (4, 10)   (3, 9)
job_4   (3, 5)   (3, 7)   (4, 9)  (4, 7)   (0, 3)   (4, 3)   (4, 2)   (0, 8)   (1, 2)  (0, 1)   (2, 3)  (4, 4)   (1, 9)  (4, 10)
job_5   (3, 1)   (2, 3)   (3, 9)  (4, 9)  (3, 10)   (3, 1)   (1, 3)  (2, 10)   (2, 6)  (0, 2)   (3, 5)  (2, 7)   (1, 8)   (2, 9)
job_6   (0, 9)   (2, 1)   (4, 3)  (3, 1)   (2, 3)   (4, 1)   (1, 2)   (2, 6)   (4, 8)  (2, 4)   (2, 3)  (1, 9)  (0, 10)   (2, 6)
job_7   (2, 2)   (3, 1)   (3, 1)  (3, 5)   (2, 9)   (0, 1)   (4, 3)   (2, 1)   (3, 9)  (4, 8)   (3, 7)  (0, 9)   (1, 2)   (2, 6)
job_8   (3, 7)   (0, 3)   (0, 6)  (0, 3)   (0, 5)   (2, 8)  (4, 10)   (2, 1)   (1, 2)  (3, 6)   (2, 7)  (4, 7)   (1, 2)   (0, 2)
job_9   (3, 3)   (2, 9)   (2, 3)  (2, 7)   (2, 2)  (3, 10)   (0, 9)   (2, 9)   (0, 8)  (2, 7)   (0, 2)  (2, 7)   (1, 9)   (4, 7)
job_10  (0, 4)   (1, 8)   (3, 5)  (2, 6)   (1, 1)   (3, 3)   (2, 9)   (0, 8)   (2, 1)  (2, 5)  (2, 10)  (0, 5)   (1, 5)   (2, 1)
job_11  (4, 2)   (2, 8)   (3, 3)  (1, 6)   (0, 5)   (0, 2)   (0, 8)   (0, 2)   (2, 1)  (1, 6)   (2, 3)  (1, 2)   (1, 4)   (1, 2)
job_12  (0, 7)   (4, 1)   (3, 6)  (0, 2)   (0, 9)   (1, 4)   (3, 5)   (0, 2)   (0, 3)  (4, 2)   (0, 5)  (0, 2)   (4, 2)   (4, 5)
job_13  (2, 6)   (0, 8)   (0, 9)  (1, 6)  (1, 10)   (2, 8)   (0, 4)   (0, 6)   (3, 9)  (3, 5)   (2, 6)  (2, 2)   (4, 1)   (4, 6)
job_14  (1, 4)   (4, 8)   (0, 9)  (2, 8)   (2, 3)   (3, 9)   (1, 9)   (1, 7)   (0, 3)  (3, 3)   (4, 3)  (4, 4)   (0, 1)   (4, 1)
job_15  (0, 1)   (4, 4)   (1, 8)  (1, 8)   (2, 7)   (2, 2)   (1, 1)   (4, 3)   (4, 2)  (1, 1)   (3, 5)  (3, 6)  (0, 10)   (0, 9)
job_16  (3, 8)   (1, 5)  (3, 10)  (3, 6)   (3, 4)   (0, 3)  (4, 10)   (3, 6)   (0, 3)  (1, 4)   (3, 5)  (0, 1)   (0, 9)   (1, 2)


Solution:
Machine 0: job_15_task_0  job_6_task_0   job_13_task_1  job_3_task_1   job_13_task_2  job_2_task_3   job_1_task_2   job_1_task_3   job_8_task_1   job_14_task_2  job_8_task_2   job_10_task_0  job_3_task_5   job_9_task_6   job_12_task_0  job_2_task_6   job_8_task_3   job_8_task_4   job_7_task_5   job_4_task_4   job_2_task_7   job_9_task_8   job_16_task_5  job_12_task_3  job_13_task_6  job_12_task_4  job_4_task_7   job_11_task_4  job_13_task_7  job_0_task_8   job_5_task_9   job_11_task_5  job_3_task_10  job_1_task_8   job_10_task_7  job_11_task_6  job_4_task_9   job_1_task_9   job_0_task_9   job_9_task_10  job_16_task_8  job_2_task_10  job_12_task_7  job_11_task_7  job_12_task_8  job_15_task_12 job_1_task_11  job_7_task_11  job_6_task_12  job_14_task_8  job_12_task_10 job_16_task_11 job_10_task_11 job_16_task_12 job_12_task_11 job_15_task_13 job_14_task_12 job_8_task_13  
           [0,1]          [1,10]         [10,18]        [18,28]        [28,37]        [37,40]        [40,50]        [50,53]        [53,56]        [56,65]        [65,71]        [71,75]        [75,79]        [79,88]        [88,95]        [95,104]       [104,107]      [107,112]      [112,113]      [113,116]      [116,122]      [122,130]      [130,133]      [133,135]      [135,139]      [139,148]      [148,156]      [156,161]      [161,167]      [167,172]      [172,174]      [174,176]      [176,179]      [179,182]      [182,190]      [190,198]      [198,199]      [199,200]      [200,201]      [201,203]      [203,206]      [206,216]      [216,218]      [218,220]      [220,223]      [223,233]      [233,236]      [236,245]      [245,255]      [255,258]      [258,263]      [263,264]      [264,269]      [269,278]      [278,280]      [280,289]      [289,290]      [290,292]      
Machine 1: job_14_task_0  job_2_task_1   job_2_task_2   job_0_task_1   job_1_task_0   job_16_task_1  job_13_task_3  job_13_task_4  job_3_task_4   job_2_task_5   job_1_task_4   job_0_task_4   job_10_task_1  job_15_task_2  job_15_task_3  job_10_task_4  job_6_task_6   job_3_task_8   job_5_task_6   job_1_task_6   job_0_task_7   job_11_task_3  job_14_task_6  job_12_task_5  job_15_task_6  job_4_task_8   job_14_task_7  job_15_task_9  job_6_task_11  job_8_task_8   job_16_task_9  job_5_task_12  job_9_task_12  job_4_task_12  job_11_task_9  job_7_task_12  job_0_task_12  job_11_task_11 job_11_task_12 job_8_task_12  job_11_task_13 job_10_task_12 job_16_task_13 job_2_task_13  
           [0,4]          [4,14]         [14,19]        [19,25]        [25,32]        [32,37]        [37,43]        [43,53]        [53,56]        [56,65]        [65,73]        [73,76]        [76,84]        [84,92]        [92,100]       [103,104]      [107,109]      [111,121]      [121,124]      [124,134]      [138,148]      [148,154]      [154,163]      [163,167]      [167,168]      [168,170]      [170,177]      [177,178]      [196,205]      [205,207]      [207,211]      [215,223]      [223,232]      [232,241]      [241,247]      [247,249]      [249,254]      [254,256]      [256,260]      [260,262]      [262,264]      [269,274]      [278,280]      [280,286]      
Machine 2: job_13_task_0  job_3_task_0   job_9_task_1   job_5_task_1   job_9_task_2   job_9_task_3   job_9_task_4   job_7_task_0   job_6_task_1   job_11_task_1  job_3_task_3   job_0_task_3   job_13_task_5  job_14_task_3  job_14_task_4  job_0_task_5   job_7_task_4   job_10_task_3  job_6_task_4   job_9_task_7   job_15_task_4  job_7_task_7   job_5_task_7   job_6_task_7   job_8_task_5   job_10_task_6  job_15_task_5  job_5_task_8   job_1_task_7   job_3_task_9   job_6_task_9   job_9_task_9   job_13_task_10 job_6_task_10  job_10_task_8  job_13_task_11 job_8_task_7   job_4_task_10  job_10_task_9  job_5_task_11  job_9_task_11  job_10_task_10 job_11_task_8  job_8_task_10  job_0_task_11  job_2_task_12  job_11_task_10 job_5_task_13  job_7_task_13  job_6_task_13  job_10_task_13 job_0_task_13  
           [0,6]          [6,10]         [10,19]        [19,22]        [22,25]        [25,32]        [32,34]        [34,36]        [36,37]        [37,45]        [45,49]        [49,50]        [53,61]        [65,73]        [73,76]        [76,83]        [88,97]        [97,103]       [103,106]      [106,115]      [115,122]      [122,123]      [124,134]      [134,140]      [140,148]      [148,157]      [157,159]      [159,165]      [165,171]      [171,176]      [176,180]      [180,187]      [187,193]      [193,196]      [196,197]      [197,199]      [199,200]      [200,203]      [203,208]      [208,215]      [215,222]      [222,232]      [232,233]      [233,240]      [240,242]      [242,243]      [247,250]      [250,259]      [259,265]      [265,271]      [274,275]      [275,282]      
Machine 3: job_9_task_0   job_5_task_0   job_16_task_0  job_4_task_0   job_8_task_0   job_4_task_1   job_0_task_2   job_9_task_5   job_2_task_4   job_5_task_2   job_16_task_2  job_7_task_1   job_7_task_2   job_5_task_4   job_7_task_3   job_10_task_2  job_3_task_6   job_6_task_3   job_16_task_3  job_3_task_7   job_5_task_5   job_1_task_5   job_10_task_5  job_16_task_4  job_12_task_2  job_0_task_6   job_11_task_2  job_14_task_5  job_2_task_8   job_7_task_8   job_13_task_8  job_13_task_9  job_15_task_10 job_5_task_10  job_12_task_6  job_16_task_7  job_7_task_10  job_8_task_9   job_15_task_11 job_16_task_10 job_3_task_13  job_14_task_9  
           [0,3]          [3,4]          [4,12]         [12,17]        [17,24]        [24,31]        [31,39]        [39,49]        [49,52]        [52,61]        [61,71]        [71,72]        [72,73]        [73,83]        [83,88]        [88,93]        [93,95]        [95,96]        [96,102]       [102,111]      [111,112]      [112,118]      [118,121]      [121,125]      [125,131]      [131,138]      [138,141]      [141,150]      [150,159]      [159,168]      [168,177]      [177,182]      [182,187]      [187,192]      [192,197]      [197,203]      [203,210]      [210,216]      [216,222]      [222,227]      [227,236]      [258,261]      
Machine 4: job_2_task_0   job_0_task_0   job_11_task_0  job_15_task_1  job_14_task_1  job_3_task_2   job_1_task_1   job_4_task_2   job_6_task_2   job_4_task_3   job_5_task_3   job_12_task_1  job_6_task_5   job_7_task_6   job_4_task_5   job_4_task_6   job_16_task_6  job_6_task_8   job_8_task_6   job_2_task_9   job_15_task_7  job_15_task_8  job_7_task_9   job_3_task_11  job_3_task_12  job_13_task_12 job_1_task_10  job_0_task_10  job_4_task_11  job_13_task_13 job_12_task_9  job_2_task_11  job_1_task_12  job_8_task_11  job_4_task_13  job_1_task_13  job_14_task_10 job_9_task_13  job_14_task_11 job_12_task_12 job_12_task_13 job_14_task_13 
           [0,1]          [1,3]          [3,5]          [5,9]          [9,17]         [28,33]        [33,38]        [38,47]        [47,50]        [50,57]        [61,70]        [95,96]        [106,107]      [113,116]      [116,119]      [119,121]      [133,143]      [143,151]      [151,161]      [161,167]      [168,171]      [171,173]      [173,181]      [181,187]      [187,197]      [199,200]      [200,207]      [207,217]      [217,221]      [221,227]      [227,229]      [229,236]      [236,243]      [243,250]      [250,260]      [260,268]      [268,271]      [271,278]      [278,282]      [282,284]      [284,289]      [290,291]      
Optimal Schedule Length: 292.0
Total (Unoptimized Schedule Length): 1255
Statistics
  - conflicts: 0
  - branches : 0
  - wall time: 0.20826014s