
Problem
         task_0   task_1   task_2  task_3   task_4   task_5   task_6   task_7   task_8   task_9 task_10  task_11  task_12  task_13 task_14  task_15  task_16  task_17  task_18
job_0    (1, 6)   (2, 4)   (3, 9)  (1, 8)   (2, 4)   (1, 5)   (2, 9)   (3, 9)   (0, 2)   (1, 3)  (1, 7)  (0, 10)  (2, 10)   (0, 9)  (3, 2)   (0, 8)  (1, 10)  (2, 10)  (3, 10)
job_1    (2, 2)   (3, 7)   (3, 8)  (1, 1)   (3, 5)  (2, 10)   (2, 2)   (2, 2)  (1, 10)   (2, 7)  (2, 2)   (0, 8)   (2, 2)   (0, 5)  (1, 3)   (1, 3)  (1, 10)   (3, 9)   (3, 5)
job_2    (0, 5)   (2, 3)   (0, 4)  (0, 1)  (2, 10)   (1, 1)   (2, 4)   (3, 4)   (3, 3)   (1, 3)  (1, 7)   (0, 4)   (2, 5)  (3, 10)  (1, 5)   (1, 4)   (3, 3)   (2, 9)  (0, 10)
job_3    (0, 9)   (1, 2)   (0, 3)  (2, 2)   (1, 1)   (2, 8)   (2, 6)   (3, 1)   (0, 2)  (1, 10)  (2, 6)   (2, 2)   (0, 3)   (0, 1)  (3, 4)   (2, 5)   (0, 1)  (3, 10)  (2, 10)
job_4    (1, 8)   (0, 4)   (1, 6)  (3, 1)   (0, 2)   (0, 2)   (0, 6)   (3, 2)   (2, 4)   (3, 4)  (1, 5)   (0, 5)   (3, 5)   (2, 7)  (1, 6)   (1, 3)   (1, 8)   (3, 2)   (3, 8)
job_5   (0, 10)  (1, 10)   (1, 7)  (2, 3)   (3, 5)   (1, 6)   (1, 5)   (3, 7)   (1, 2)   (2, 9)  (3, 7)   (1, 8)   (3, 8)   (1, 9)  (3, 5)   (3, 9)   (1, 8)   (3, 8)  (1, 10)
job_6    (3, 4)   (1, 5)   (2, 1)  (2, 8)   (2, 7)   (0, 7)   (0, 4)   (3, 5)   (1, 7)  (0, 10)  (3, 7)   (0, 9)   (2, 5)  (1, 10)  (3, 6)   (0, 8)   (0, 5)   (3, 6)   (0, 3)
job_7   (3, 10)   (2, 1)   (2, 4)  (3, 8)   (3, 5)   (1, 5)   (2, 1)   (1, 1)  (1, 10)   (3, 7)  (2, 1)   (1, 9)   (3, 3)   (1, 3)  (1, 3)   (1, 5)   (2, 7)   (2, 5)   (2, 5)
job_8    (1, 4)   (2, 6)   (1, 8)  (1, 2)   (0, 7)   (3, 1)   (1, 3)   (3, 3)   (0, 5)   (3, 5)  (2, 5)   (1, 1)   (0, 7)   (2, 1)  (2, 7)  (0, 10)   (1, 3)   (0, 7)   (3, 4)
job_9    (0, 1)   (3, 3)  (2, 10)  (0, 6)   (3, 1)   (0, 8)   (2, 7)   (3, 5)   (0, 8)   (3, 9)  (2, 1)   (2, 9)   (3, 3)   (2, 6)  (0, 1)   (3, 3)   (3, 9)   (0, 1)   (0, 1)
job_10   (3, 8)   (0, 4)   (1, 3)  (3, 7)   (3, 8)   (2, 9)   (3, 2)  (1, 10)   (2, 2)   (1, 6)  (3, 9)  (1, 10)   (0, 6)   (0, 7)  (0, 8)   (0, 2)   (2, 1)   (1, 4)   (3, 7)
job_11   (2, 5)   (0, 8)   (2, 9)  (2, 4)   (2, 3)  (2, 10)   (3, 7)   (2, 5)   (0, 6)   (2, 1)  (1, 1)   (0, 9)   (2, 7)   (3, 6)  (1, 5)   (1, 2)   (3, 6)   (3, 4)   (3, 8)
job_12   (1, 8)   (2, 3)   (2, 9)  (1, 1)   (2, 6)  (2, 10)   (2, 3)   (3, 2)   (1, 1)  (1, 10)  (0, 4)   (0, 9)   (2, 7)   (2, 9)  (2, 6)   (0, 7)   (0, 2)   (2, 3)   (1, 8)
job_13   (3, 3)   (2, 4)   (0, 8)  (0, 9)   (0, 8)   (3, 1)  (0, 10)   (2, 5)   (0, 3)   (0, 1)  (1, 7)   (1, 3)   (3, 6)   (3, 5)  (3, 1)   (3, 6)   (1, 4)   (1, 5)   (1, 9)


Solution:
Machine 0: job_5_task_0   job_11_task_1  job_10_task_1  job_2_task_0   job_9_task_0   job_6_task_5   job_3_task_0   job_6_task_6   job_13_task_2  job_13_task_3  job_13_task_4  job_2_task_2   job_4_task_1   job_2_task_3   job_3_task_2   job_9_task_3   job_0_task_8   job_13_task_6  job_6_task_9   job_8_task_4   job_4_task_4   job_4_task_5   job_4_task_6   job_9_task_5   job_8_task_8   job_0_task_11  job_12_task_10 job_4_task_11  job_12_task_11 job_6_task_11  job_10_task_12 job_10_task_13 job_10_task_14 job_9_task_8   job_11_task_8  job_2_task_11  job_0_task_13  job_10_task_15 job_13_task_8  job_13_task_9  job_3_task_8   job_0_task_15  job_1_task_11  job_9_task_14  job_11_task_11 job_8_task_12  job_9_task_17  job_9_task_18  job_3_task_12  job_3_task_13  job_1_task_13  job_3_task_16  job_6_task_15  job_6_task_16  job_8_task_15  job_12_task_15 job_12_task_16 job_2_task_18  job_6_task_18  job_8_task_17  
           [0,10]         [10,18]        [18,22]        [22,27]        [27,28]        [28,35]        [35,44]        [44,48]        [48,56]        [56,65]        [65,73]        [73,77]        [77,81]        [81,82]        [82,85]        [85,91]        [93,95]        [95,105]       [105,115]      [115,122]      [122,124]      [124,126]      [126,132]      [132,140]      [140,145]      [145,155]      [155,159]      [159,164]      [164,173]      [173,182]      [182,188]      [188,195]      [195,203]      [203,211]      [211,217]      [217,221]      [221,230]      [230,232]      [232,235]      [235,236]      [236,238]      [245,253]      [253,261]      [267,268]      [268,277]      [277,284]      [285,286]      [286,287]      [289,292]      [292,293]      [293,298]      [303,304]      [304,312]      [312,317]      [320,330]      [330,337]      [337,339]      [345,355]      [355,358]      [359,366]      
Machine 1: job_0_task_0   job_6_task_1   job_5_task_1   job_5_task_2   job_0_task_3   job_12_task_0  job_0_task_5   job_10_task_2  job_5_task_5   job_5_task_6   job_4_task_0   job_8_task_0   job_3_task_1   job_1_task_3   job_12_task_3  job_5_task_8   job_4_task_2   job_6_task_8   job_3_task_4   job_0_task_9   job_0_task_10  job_8_task_2   job_8_task_3   job_10_task_7  job_8_task_6   job_10_task_9  job_12_task_8  job_12_task_9  job_2_task_5   job_7_task_5   job_4_task_10  job_10_task_11 job_5_task_11  job_7_task_7   job_7_task_8   job_2_task_9   job_5_task_13  job_2_task_10  job_1_task_8   job_5_task_16  job_7_task_11  job_5_task_18  job_10_task_17 job_13_task_10 job_13_task_11 job_3_task_9   job_11_task_10 job_8_task_11  job_6_task_13  job_2_task_14  job_2_task_15  job_0_task_16  job_7_task_13  job_1_task_14  job_1_task_15  job_11_task_14 job_11_task_15 job_4_task_14  job_7_task_14  job_1_task_16  job_7_task_15  job_4_task_15  job_13_task_16 job_4_task_16  job_13_task_17 job_8_task_16  job_13_task_18 job_12_task_18 
           [0,6]          [6,11]         [11,21]        [21,28]        [28,36]        [36,44]        [44,49]        [49,52]        [52,58]        [58,63]        [63,71]        [71,75]        [75,77]        [77,78]        [78,79]        [79,81]        [81,87]        [87,94]        [94,95]        [95,98]        [98,105]       [105,113]      [113,115]      [115,125]      [125,128]      [128,134]      [134,135]      [135,145]      [145,146]      [146,151]      [151,156]      [156,166]      [166,174]      [174,175]      [175,185]      [185,188]      [188,197]      [197,204]      [204,214]      [214,222]      [222,231]      [231,241]      [241,245]      [245,252]      [252,255]      [255,265]      [265,266]      [266,267]      [267,277]      [277,282]      [282,286]      [286,296]      [296,299]      [299,302]      [302,305]      [305,310]      [310,312]      [312,318]      [318,321]      [321,331]      [331,336]      [336,339]      [339,343]      [343,351]      [351,356]      [356,359]      [359,368]      [368,376]      
Machine 2: job_11_task_0  job_1_task_0   job_0_task_1   job_6_task_2   job_6_task_3   job_6_task_4   job_11_task_2  job_5_task_3   job_0_task_4   job_13_task_1  job_12_task_1  job_12_task_2  job_0_task_6   job_2_task_1   job_11_task_3  job_9_task_2   job_12_task_4  job_3_task_3   job_7_task_1   job_7_task_2   job_8_task_1   job_10_task_5  job_12_task_5  job_12_task_6  job_10_task_8  job_2_task_4   job_4_task_8   job_5_task_9   job_11_task_4  job_2_task_6   job_11_task_5  job_7_task_6   job_1_task_5   job_9_task_6   job_3_task_5   job_1_task_6   job_1_task_7   job_3_task_6   job_11_task_7  job_0_task_12  job_7_task_10  job_13_task_7  job_2_task_12  job_1_task_9   job_10_task_16 job_9_task_10  job_9_task_11  job_11_task_9  job_1_task_10  job_8_task_10  job_6_task_12  job_9_task_13  job_12_task_12 job_3_task_10  job_11_task_12 job_3_task_11  job_1_task_12  job_4_task_13  job_3_task_15  job_12_task_13 job_8_task_13  job_8_task_14  job_12_task_14 job_0_task_17  job_2_task_17  job_7_task_16  job_12_task_17 job_7_task_17  job_3_task_18  job_7_task_18  
           [0,5]          [5,7]          [7,11]         [11,12]        [12,20]        [20,27]        [27,36]        [36,39]        [39,43]        [43,47]        [47,50]        [50,59]        [59,68]        [68,71]        [71,75]        [75,85]        [85,91]        [91,93]        [93,94]        [94,98]        [98,104]       [104,113]      [113,123]      [123,126]      [126,128]      [128,138]      [138,142]      [142,151]      [151,154]      [154,158]      [158,168]      [168,169]      [169,179]      [179,186]      [186,194]      [194,196]      [196,198]      [198,204]      [204,209]      [209,219]      [219,220]      [220,225]      [225,230]      [230,237]      [237,238]      [238,239]      [239,248]      [248,249]      [249,251]      [251,256]      [256,261]      [261,267]      [267,274]      [274,280]      [280,287]      [287,289]      [289,291]      [291,298]      [298,303]      [303,312]      [312,313]      [313,320]      [320,326]      [326,336]      [336,345]      [345,352]      [352,355]      [355,360]      [360,370]      [370,375]      
Machine 3: job_6_task_0   job_10_task_0  job_0_task_2   job_1_task_1   job_13_task_0  job_7_task_0   job_5_task_4   job_1_task_2   job_10_task_3  job_10_task_4  job_9_task_1   job_5_task_7   job_6_task_7   job_0_task_7   job_13_task_5  job_1_task_4   job_7_task_3   job_7_task_4   job_9_task_4   job_10_task_6  job_4_task_3   job_6_task_10  job_8_task_5   job_12_task_7  job_8_task_7   job_4_task_7   job_10_task_10 job_4_task_9   job_8_task_9   job_5_task_10  job_2_task_7   job_2_task_8   job_4_task_12  job_11_task_6  job_5_task_12  job_7_task_9   job_9_task_7   job_5_task_14  job_5_task_15  job_9_task_9   job_3_task_7   job_5_task_17  job_2_task_13  job_7_task_12  job_0_task_14  job_10_task_18 job_9_task_12  job_13_task_12 job_13_task_13 job_13_task_14 job_13_task_15 job_9_task_15  job_9_task_16  job_6_task_14  job_2_task_16  job_3_task_14  job_11_task_13 job_3_task_17  job_11_task_16 job_11_task_17 job_11_task_18 job_1_task_17  job_6_task_17  job_0_task_18  job_4_task_17  job_4_task_18  job_1_task_18  job_8_task_18  
           [0,4]          [4,12]         [12,21]        [21,28]        [28,31]        [31,41]        [41,46]        [46,54]        [54,61]        [61,69]        [69,72]        [72,79]        [79,84]        [84,93]        [93,94]        [94,99]        [99,107]       [107,112]      [112,113]      [113,115]      [115,116]      [116,123]      [123,124]      [126,128]      [128,131]      [132,134]      [134,143]      [143,147]      [147,152]      [152,159]      [159,163]      [163,166]      [166,171]      [171,178]      [178,186]      [186,193]      [193,198]      [198,203]      [203,212]      [212,221]      [221,222]      [222,230]      [230,240]      [240,243]      [243,245]      [245,252]      [252,255]      [255,261]      [261,266]      [266,267]      [267,273]      [273,276]      [276,285]      [285,291]      [291,294]      [294,298]      [298,304]      [304,314]      [314,320]      [320,324]      [324,332]      [332,341]      [341,347]      [347,357]      [357,359]      [359,367]      [367,372]      [372,376]      
Optimal Schedule Length: 376.0
Total (Unoptimized Schedule Length): 1457
Statistics
  - conflicts: 0
  - branches : 0
  - wall time: 8.04294614s