
Problem
         task_0  task_1   task_2    task_3   task_4   task_5   task_6   task_7  task_8   task_9  task_10  task_11  task_12  task_13   task_14 task_15  task_16
job_0    (1, 5)  (2, 9)   (7, 4)    (9, 8)  (6, 10)   (4, 7)   (3, 1)   (7, 6)  (7, 1)  (10, 9)   (5, 8)   (3, 2)   (3, 9)  (10, 1)    (3, 3)  (8, 3)  (3, 10)
job_1    (4, 9)  (2, 1)   (8, 1)    (4, 8)   (5, 3)   (3, 6)   (1, 8)   (7, 6)  (9, 9)   (9, 8)   (3, 9)   (4, 6)   (3, 5)   (8, 1)   (7, 10)  (4, 5)   (7, 7)
job_2    (1, 1)  (4, 4)   (9, 1)    (9, 5)  (10, 4)   (3, 7)   (7, 9)   (4, 4)  (0, 7)   (2, 8)   (3, 1)   (4, 2)   (2, 5)   (3, 5)    (7, 3)  (5, 4)   (0, 4)
job_3    (5, 1)  (4, 3)   (7, 2)    (6, 3)   (6, 8)   (9, 2)   (7, 5)   (1, 5)  (3, 4)   (6, 2)   (1, 6)  (5, 10)   (8, 7)   (4, 6)   (4, 10)  (4, 6)   (3, 3)
job_4    (3, 2)  (1, 5)   (4, 7)    (0, 3)   (6, 2)   (3, 6)  (0, 10)   (1, 7)  (3, 4)  (2, 10)   (8, 9)   (6, 8)  (10, 5)   (2, 2)    (1, 1)  (6, 9)  (10, 2)
job_5   (10, 4)  (3, 8)   (9, 1)    (4, 8)  (8, 10)   (4, 2)  (10, 6)   (8, 1)  (3, 7)   (4, 6)   (7, 8)   (6, 1)   (2, 6)   (3, 3)    (3, 5)  (3, 5)   (2, 6)
job_6   (8, 10)  (0, 3)   (3, 9)    (4, 5)   (5, 1)   (0, 7)   (0, 7)  (10, 6)  (4, 2)   (9, 9)  (10, 3)   (9, 1)   (8, 7)   (3, 2)    (5, 5)  (4, 2)  (5, 10)
job_7    (3, 1)  (3, 3)   (4, 3)    (2, 9)   (2, 8)   (7, 1)   (0, 4)   (4, 6)  (5, 6)   (7, 4)   (4, 3)   (3, 9)   (8, 2)   (4, 7)    (3, 6)  (5, 5)  (10, 1)
job_8   (8, 10)  (2, 2)   (0, 3)   (10, 1)   (3, 4)  (3, 10)   (1, 8)  (9, 10)  (2, 8)   (3, 9)   (6, 3)   (3, 8)   (9, 5)   (6, 2)    (6, 1)  (1, 4)   (0, 4)
job_9    (2, 4)  (8, 6)  (10, 9)   (3, 10)   (6, 1)   (5, 5)   (3, 7)   (9, 2)  (8, 6)   (5, 8)   (0, 9)   (9, 5)   (5, 1)   (0, 1)    (5, 4)  (2, 6)   (2, 5)
job_10   (5, 3)  (0, 8)  (3, 10)    (5, 4)   (3, 2)   (4, 7)  (10, 7)  (6, 10)  (7, 4)  (8, 10)  (10, 6)   (1, 8)   (1, 6)   (2, 9)    (3, 6)  (8, 8)   (5, 1)
job_11   (7, 4)  (5, 5)   (7, 4)   (4, 10)   (7, 1)   (5, 3)   (1, 1)   (3, 6)  (4, 7)   (8, 7)   (8, 1)   (3, 7)   (0, 5)   (5, 8)  (10, 10)  (1, 8)   (6, 8)
job_12   (2, 1)  (7, 5)  (10, 1)    (5, 2)   (5, 8)   (7, 3)  (9, 10)  (9, 10)  (0, 9)   (3, 8)   (0, 5)  (5, 10)   (2, 9)  (10, 4)    (3, 3)  (9, 6)   (7, 4)
job_13   (8, 6)  (9, 6)  (10, 6)  (10, 10)   (1, 3)   (1, 9)   (5, 6)   (0, 6)  (2, 2)   (8, 4)  (10, 6)   (9, 2)   (3, 5)   (9, 5)    (4, 4)  (5, 9)  (10, 3)


Solution:
Machine 0: job_10_task_1  job_8_task_2   job_4_task_3   job_6_task_1   job_12_task_8  job_4_task_6   job_6_task_5   job_6_task_6   job_7_task_6   job_13_task_7  job_2_task_8   job_12_task_10 job_9_task_10  job_11_task_12 job_9_task_13  job_8_task_16  job_2_task_16  
           [3,11]         [18,21]        [21,24]        [27,30]        [47,56]        [56,66]        [66,73]        [73,80]        [80,84]        [84,90]        [97,104]       [108,113]      [118,127]      [127,132]      [145,146]      [191,195]      [204,208]      
Machine 1: job_0_task_0   job_4_task_1   job_2_task_0   job_13_task_4  job_13_task_5  job_11_task_6  job_1_task_6   job_3_task_7   job_8_task_6   job_4_task_7   job_10_task_11 job_3_task_10  job_10_task_12 job_4_task_14  job_11_task_15 job_8_task_15  
           [0,5]          [5,10]         [10,11]        [32,35]        [35,44]        [44,45]        [45,53]        [54,59]        [61,69]        [69,76]        [85,93]        [93,99]        [99,105]       [147,148]      [154,162]      [187,191]      
Machine 2: job_12_task_0  job_9_task_0   job_0_task_1   job_1_task_1   job_8_task_1   job_7_task_3   job_7_task_4   job_8_task_8   job_13_task_8  job_4_task_9   job_2_task_9   job_10_task_13 job_5_task_12  job_12_task_12 job_4_task_13  job_9_task_15  job_9_task_16  job_2_task_12  job_5_task_16  
           [0,1]          [1,5]          [5,14]         [14,15]        [16,18]        [47,56]        [56,64]        [84,92]        [92,94]        [100,110]      [110,118]      [118,127]      [130,136]      [136,145]      [145,147]      [150,156]      [156,161]      [177,182]      [217,223]      
Machine 3: job_4_task_0   job_7_task_0   job_7_task_1   job_5_task_1   job_10_task_2  job_8_task_4   job_10_task_4  job_6_task_2   job_1_task_5   job_4_task_5   job_8_task_5   job_9_task_3   job_11_task_7  job_2_task_5   job_3_task_8   job_9_task_6   job_0_task_6   job_4_task_8   job_12_task_9  job_5_task_8   job_11_task_11 job_1_task_10  job_8_task_9   job_7_task_11  job_0_task_11  job_1_task_12  job_13_task_12 job_0_task_12  job_2_task_10  job_8_task_11  job_6_task_13  job_5_task_13  job_0_task_14  job_5_task_14  job_2_task_13  job_10_task_14 job_12_task_14 job_7_task_14  job_5_task_15  job_0_task_16  job_3_task_16  
           [0,2]          [2,3]          [3,6]          [6,14]         [14,24]        [24,28]        [28,30]        [30,39]        [39,45]        [45,51]        [51,61]        [61,71]        [71,77]        [77,84]        [84,88]        [88,95]        [95,96]        [96,100]       [100,108]      [108,115]      [115,122]      [122,131]      [131,140]      [140,149]      [149,151]      [151,156]      [156,161]      [161,170]      [170,171]      [171,179]      [179,181]      [181,184]      [184,187]      [187,192]      [192,197]      [197,203]      [203,206]      [206,212]      [212,217]      [217,227]      [227,230]      
Machine 4: job_1_task_0   job_3_task_1   job_4_task_2   job_1_task_3   job_11_task_3  job_10_task_5  job_7_task_2   job_5_task_3   job_2_task_1   job_6_task_3   job_0_task_5   job_5_task_5   job_11_task_8  job_7_task_7   job_6_task_8   job_2_task_7   job_7_task_10  job_5_task_9   job_3_task_13  job_1_task_11  job_3_task_14  job_3_task_15  job_7_task_13  job_13_task_14 job_1_task_15  job_2_task_11  job_6_task_15  
           [0,9]          [9,12]         [12,19]        [19,27]        [27,37]        [37,44]        [44,47]        [47,55]        [55,59]        [59,64]        [64,71]        [71,73]        [77,84]        [84,90]        [91,93]        [93,97]        [107,110]      [115,121]      [126,132]      [132,138]      [138,148]      [148,154]      [154,161]      [166,170]      [170,175]      [175,177]      [186,188]      
Machine 5: job_10_task_0  job_3_task_0   job_11_task_1  job_12_task_3  job_12_task_4  job_10_task_3  job_1_task_4   job_11_task_5  job_13_task_6  job_6_task_4   job_9_task_5   job_7_task_8   job_3_task_11  job_9_task_9   job_0_task_10  job_12_task_11 job_11_task_13 job_9_task_12  job_9_task_14  job_13_task_15 job_6_task_14  job_6_task_16  job_2_task_15  job_10_task_16 job_7_task_15  
           [0,3]          [3,4]          [4,9]          [10,12]        [12,20]        [24,28]        [28,31]        [38,41]        [44,50]        [64,65]        [72,77]        [90,96]        [99,109]       [110,118]      [118,126]      [126,136]      [136,144]      [144,145]      [146,150]      [170,179]      [181,186]      [188,198]      [200,204]      [211,212]      [212,217]      
Machine 6: job_3_task_3   job_3_task_4   job_4_task_4   job_0_task_4   job_10_task_7  job_9_task_4   job_3_task_9   job_4_task_11  job_5_task_11  job_8_task_10  job_4_task_15  job_11_task_16 job_8_task_13  job_8_task_14  
           [15,18]        [18,26]        [26,28]        [28,38]        [51,61]        [71,72]        [88,90]        [119,127]      [129,130]      [140,143]      [148,157]      [162,170]      [184,186]      [186,187]      
Machine 7: job_11_task_0  job_12_task_1  job_11_task_2  job_3_task_2   job_0_task_2   job_12_task_5  job_11_task_4  job_3_task_6   job_1_task_7   job_10_task_8  job_7_task_5   job_2_task_6   job_0_task_7   job_0_task_8   job_7_task_9   job_5_task_10  job_1_task_14  job_1_task_16  job_2_task_14  job_12_task_16 
           [0,4]          [4,9]          [9,13]         [13,15]        [15,19]        [20,23]        [37,38]        [49,54]        [54,60]        [61,65]        [65,66]        [84,93]        [96,102]       [102,103]      [103,107]      [121,129]      [157,167]      [175,182]      [197,200]      [212,216]      
Machine 8: job_13_task_0  job_8_task_0   job_1_task_2   job_6_task_0   job_9_task_1   job_5_task_4   job_10_task_9  job_5_task_7   job_11_task_9  job_11_task_10 job_13_task_9  job_9_task_8   job_4_task_10  job_3_task_12  job_6_task_12  job_7_task_12  job_1_task_13  job_0_task_15  job_10_task_15 
           [0,6]          [6,16]         [16,17]        [17,27]        [27,33]        [55,65]        [65,75]        [79,80]        [84,91]        [91,92]        [94,98]        [104,110]      [110,119]      [119,126]      [126,133]      [149,151]      [156,157]      [187,190]      [203,211]      
Machine 9: job_13_task_1  job_5_task_2   job_0_task_3   job_12_task_6  job_12_task_7  job_3_task_5   job_2_task_2   job_2_task_3   job_1_task_8   job_8_task_7   job_1_task_9   job_6_task_9   job_9_task_7   job_13_task_11 job_6_task_11  job_9_task_11  job_13_task_13 job_8_task_12  job_12_task_15 
           [6,12]         [14,15]        [19,27]        [27,37]        [37,47]        [47,49]        [59,60]        [60,65]        [65,74]        [74,84]        [84,92]        [93,102]       [102,104]      [104,106]      [116,117]      [127,132]      [161,166]      [179,184]      [206,212]      
Machine 10: job_5_task_0   job_12_task_2  job_13_task_2  job_8_task_3   job_13_task_3  job_9_task_2   job_10_task_6  job_2_task_4   job_5_task_6   job_10_task_10 job_6_task_7   job_13_task_10 job_0_task_9   job_6_task_10  job_4_task_12  job_11_task_14 job_12_task_13 job_4_task_16  job_0_task_13  job_13_task_16 job_7_task_16  
           [0,4]          [9,10]         [12,18]        [21,22]        [22,32]        [33,42]        [44,51]        [65,69]        [73,79]        [79,85]        [85,91]        [98,104]       [104,113]      [113,116]      [127,132]      [144,154]      [154,158]      [158,160]      [170,171]      [179,182]      [217,218]      
Optimal Schedule Length: 230.0
Total (Unoptimized Schedule Length): 1276
Statistics
  - conflicts: 0
  - branches : 0
  - wall time: 0.084573645s