
Problem
         task_0   task_1   task_2   task_3   task_4   task_5  task_6  task_7   task_8   task_9  task_10 task_11  task_12  task_13  task_14  task_15  task_16  task_17
job_0    (5, 3)   (5, 7)  (5, 10)   (3, 3)   (5, 1)   (1, 3)  (3, 8)  (3, 3)   (5, 8)   (3, 2)   (5, 1)  (1, 7)   (3, 9)   (0, 9)   (4, 1)   (1, 4)   (1, 9)   (1, 6)
job_1    (1, 2)   (1, 7)   (2, 2)   (3, 6)   (0, 2)   (3, 3)  (2, 5)  (3, 8)  (2, 10)   (4, 4)   (1, 7)  (2, 4)   (4, 7)   (0, 3)   (3, 3)   (5, 1)   (1, 2)  (0, 10)
job_2   (1, 10)   (2, 6)  (0, 10)   (2, 8)   (0, 9)  (0, 10)  (0, 8)  (4, 4)   (1, 8)  (2, 10)   (4, 8)  (2, 7)   (4, 2)   (2, 2)  (3, 10)   (5, 1)   (4, 4)   (0, 9)
job_3    (2, 1)   (1, 5)   (2, 9)   (0, 1)   (5, 5)  (5, 10)  (2, 7)  (4, 4)   (4, 5)   (4, 8)   (0, 1)  (4, 1)   (2, 4)  (3, 10)   (3, 6)   (3, 8)   (4, 4)   (0, 3)
job_4    (1, 1)   (4, 9)   (5, 7)   (1, 2)   (1, 6)   (0, 8)  (5, 2)  (1, 4)  (5, 10)   (2, 5)   (5, 6)  (0, 9)  (0, 10)   (3, 4)  (1, 10)   (0, 4)   (1, 7)   (1, 6)
job_5    (2, 2)   (2, 2)   (4, 3)   (1, 5)   (0, 3)   (1, 3)  (2, 7)  (1, 1)   (1, 8)  (0, 10)   (4, 4)  (1, 8)  (1, 10)   (5, 6)   (4, 7)   (0, 3)   (2, 1)   (1, 5)
job_6    (4, 3)   (4, 3)   (2, 8)  (5, 10)   (3, 7)   (5, 6)  (3, 1)  (3, 5)   (5, 1)  (3, 10)   (1, 7)  (0, 2)   (0, 5)   (3, 2)   (3, 4)  (2, 10)   (3, 6)   (0, 8)
job_7    (0, 5)   (1, 7)   (4, 4)   (5, 1)   (3, 6)   (4, 7)  (5, 8)  (2, 9)   (4, 5)   (2, 1)   (0, 7)  (2, 3)   (5, 6)   (1, 8)   (4, 9)   (3, 6)   (5, 8)   (1, 4)
job_8    (2, 6)   (1, 1)   (5, 1)   (3, 5)   (4, 1)   (3, 7)  (3, 7)  (4, 3)   (2, 9)   (5, 5)   (4, 5)  (1, 8)   (0, 2)   (0, 8)  (3, 10)   (4, 9)   (3, 2)   (5, 3)
job_9    (2, 5)  (2, 10)   (3, 8)   (0, 1)   (0, 9)   (3, 6)  (0, 1)  (3, 6)   (2, 5)   (5, 3)  (0, 10)  (5, 2)   (0, 1)   (5, 7)   (3, 6)   (1, 9)  (2, 10)   (0, 2)
job_10   (5, 9)   (3, 5)   (4, 7)   (1, 7)   (1, 3)   (4, 4)  (4, 8)  (0, 4)   (3, 1)   (2, 2)   (3, 7)  (4, 2)   (5, 5)   (4, 7)   (3, 2)   (0, 5)   (0, 8)   (2, 9)
job_11   (3, 6)   (0, 3)   (1, 4)   (1, 4)  (3, 10)   (0, 7)  (1, 6)  (1, 7)   (0, 9)   (5, 7)   (2, 2)  (2, 6)   (3, 8)   (3, 9)   (5, 4)   (3, 3)   (2, 1)   (4, 1)
job_12   (3, 6)   (2, 1)   (1, 4)   (3, 7)   (0, 3)   (5, 9)  (1, 7)  (4, 4)   (4, 4)   (0, 3)   (4, 2)  (4, 7)   (5, 1)   (5, 7)   (3, 8)   (4, 8)   (4, 6)   (5, 9)
job_13   (4, 4)   (3, 5)  (4, 10)   (3, 1)  (2, 10)   (5, 9)  (1, 9)  (1, 2)   (3, 8)   (1, 4)   (2, 9)  (0, 2)   (2, 9)   (5, 7)  (0, 10)   (1, 1)   (2, 4)   (2, 2)
job_14   (3, 4)   (0, 9)   (5, 6)   (2, 8)   (4, 6)  (1, 10)  (5, 1)  (4, 6)   (4, 6)   (3, 4)  (2, 10)  (0, 2)   (1, 9)   (1, 6)   (5, 8)   (0, 8)   (5, 9)   (4, 7)


Solution:
Machine 0: job_7_task_0   job_14_task_1  job_11_task_1  job_2_task_2   job_9_task_3   job_9_task_4   job_12_task_4  job_2_task_4   job_2_task_5   job_4_task_5   job_5_task_4   job_3_task_3   job_2_task_6   job_11_task_5  job_1_task_4   job_9_task_6   job_7_task_10  job_12_task_9  job_5_task_9   job_4_task_11  job_11_task_8  job_14_task_11 job_10_task_7  job_9_task_10  job_4_task_12  job_3_task_10  job_13_task_11 job_6_task_11  job_9_task_12  job_6_task_12  job_8_task_12  job_8_task_13  job_0_task_13  job_14_task_15 job_1_task_13  job_13_task_14 job_10_task_15 job_4_task_15  job_10_task_16 job_5_task_15  job_9_task_17  job_2_task_17  job_1_task_17  job_6_task_17  job_3_task_17  
           [0,5]          [5,14]         [15,18]        [21,31]        [31,32]        [32,41]        [42,45]        [45,54]        [54,64]        [64,72]        [72,75]        [75,76]        [76,84]        [84,91]        [91,93]        [93,94]        [98,105]       [114,117]      [119,129]      [129,138]      [138,147]      [147,149]      [149,153]      [153,163]      [163,173]      [173,174]      [174,176]      [176,178]      [178,179]      [179,184]      [184,186]      [186,194]      [194,203]      [203,211]      [216,219]      [219,229]      [229,234]      [234,238]      [238,246]      [246,249]      [249,251]      [253,262]      [262,272]      [272,280]      [280,283]      
Machine 1: job_2_task_0   job_4_task_0   job_7_task_1   job_11_task_2  job_3_task_1   job_11_task_3  job_12_task_2  job_4_task_3   job_4_task_4   job_14_task_5  job_8_task_1   job_1_task_0   job_1_task_1   job_5_task_3   job_10_task_3  job_4_task_7   job_5_task_5   job_0_task_5   job_10_task_4  job_12_task_6  job_5_task_7   job_11_task_6  job_13_task_6  job_5_task_8   job_2_task_8   job_13_task_7  job_11_task_7  job_8_task_11  job_13_task_9  job_14_task_12 job_6_task_10  job_0_task_11  job_5_task_11  job_14_task_13 job_1_task_10  job_7_task_13  job_5_task_12  job_4_task_14  job_9_task_15  job_0_task_15  job_0_task_16  job_4_task_16  job_13_task_15 job_0_task_17  job_1_task_16  job_4_task_17  job_5_task_17  job_7_task_17  
           [0,10]         [10,11]        [11,18]        [18,22]        [22,27]        [27,31]        [31,35]        [35,37]        [37,43]        [43,53]        [53,54]        [54,56]        [56,63]        [63,68]        [68,75]        [75,79]        [79,82]        [82,85]        [85,88]        [88,95]        [95,96]        [96,102]       [102,111]      [111,119]      [119,127]      [127,129]      [129,136]      [136,144]      [145,149]      [149,158]      [158,165]      [165,172]      [172,180]      [180,186]      [186,193]      [193,201]      [201,211]      [211,221]      [221,230]      [230,234]      [234,243]      [243,250]      [250,251]      [251,257]      [259,261]      [261,267]      [267,272]      [272,276]      
Machine 2: job_9_task_0   job_9_task_1   job_2_task_1   job_3_task_0   job_12_task_1  job_14_task_3  job_2_task_3   job_6_task_2   job_8_task_0   job_5_task_0   job_5_task_1   job_3_task_2   job_13_task_4  job_1_task_2   job_7_task_7   job_5_task_6   job_7_task_9   job_1_task_6   job_8_task_8   job_4_task_9   job_3_task_6   job_14_task_10 job_9_task_8   job_2_task_9   job_1_task_8   job_10_task_9  job_13_task_10 job_7_task_11  job_2_task_11  job_11_task_10 job_3_task_12  job_13_task_12 job_11_task_11 job_1_task_11  job_2_task_13  job_6_task_15  job_9_task_16  job_10_task_17 job_5_task_16  job_13_task_16 job_13_task_17 job_11_task_16 
           [0,5]          [5,15]         [15,21]        [21,22]        [22,23]        [23,31]        [31,39]        [39,47]        [47,53]        [53,55]        [55,57]        [57,66]        [66,76]        [76,78]        [78,87]        [87,94]        [97,98]        [102,107]      [107,116]      [116,121]      [121,128]      [128,138]      [138,143]      [143,153]      [153,163]      [163,165]      [165,174]      [174,177]      [177,184]      [184,186]      [186,190]      [190,199]      [199,205]      [205,209]      [209,211]      [211,221]      [230,240]      [246,255]      [255,256]      [256,260]      [260,262]      [281,282]      
Machine 3: job_14_task_0  job_11_task_0  job_10_task_1  job_12_task_0  job_9_task_2   job_7_task_4   job_12_task_3  job_13_task_1  job_0_task_3   job_9_task_5   job_8_task_3   job_13_task_3  job_11_task_4  job_8_task_5   job_1_task_3   job_6_task_4   job_8_task_6   job_1_task_5   job_0_task_6   job_14_task_9  job_9_task_7   job_0_task_7   job_1_task_7   job_6_task_6   job_6_task_7   job_13_task_8  job_6_task_9   job_10_task_8  job_0_task_9   job_12_task_14 job_10_task_10 job_0_task_12  job_4_task_13  job_6_task_13  job_6_task_14  job_3_task_13  job_9_task_14  job_11_task_12 job_10_task_14 job_8_task_14  job_2_task_14  job_3_task_14  job_7_task_15  job_1_task_14  job_11_task_13 job_6_task_16  job_3_task_15  job_8_task_16  job_11_task_15 
           [0,4]          [4,10]         [10,15]        [15,21]        [21,29]        [29,35]        [35,42]        [42,47]        [47,50]        [50,56]        [56,61]        [61,62]        [62,72]        [72,79]        [79,85]        [85,92]        [92,99]        [99,102]       [102,110]      [110,114]      [114,120]      [120,123]      [123,131]      [131,132]      [132,137]      [137,145]      [145,155]      [155,156]      [156,158]      [158,166]      [166,173]      [173,182]      [182,186]      [186,188]      [188,192]      [192,202]      [202,208]      [208,216]      [216,218]      [218,228]      [228,238]      [238,244]      [244,250]      [250,253]      [253,262]      [262,268]      [268,276]      [276,278]      [278,281]      
Machine 4: job_13_task_0  job_6_task_0   job_6_task_1   job_4_task_1   job_7_task_2   job_10_task_2  job_14_task_4  job_7_task_5   job_13_task_2  job_5_task_2   job_8_task_4   job_14_task_7  job_2_task_7   job_10_task_5  job_7_task_8   job_14_task_8  job_8_task_7   job_12_task_7  job_12_task_8  job_10_task_6  job_8_task_10  job_3_task_7   job_3_task_8   job_12_task_10 job_12_task_11 job_3_task_9   job_5_task_10  job_2_task_10  job_1_task_9   job_10_task_11 job_12_task_15 job_3_task_11  job_10_task_13 job_2_task_12  job_12_task_16 job_0_task_14  job_1_task_12  job_7_task_14  job_14_task_17 job_5_task_14  job_8_task_15  job_2_task_16  job_3_task_16  job_11_task_17 
           [0,4]          [4,7]          [7,10]         [12,21]        [21,25]        [25,32]        [32,38]        [39,46]        [47,57]        [58,61]        [61,62]        [76,82]        [84,88]        [88,92]        [92,97]        [97,103]       [103,106]      [106,110]      [110,114]      [114,122]      [122,127]      [128,132]      [132,137]      [137,139]      [139,146]      [146,154]      [154,158]      [158,166]      [166,170]      [173,175]      [175,183]      [183,184]      [184,191]      [191,193]      [193,199]      [203,204]      [209,216]      [216,225]      [226,233]      [233,240]      [240,249]      [249,253]      [276,280]      [282,283]      
Machine 5: job_10_task_0  job_0_task_0   job_14_task_2  job_0_task_1   job_7_task_3   job_4_task_2   job_0_task_2   job_12_task_5  job_8_task_2   job_7_task_6   job_6_task_3   job_4_task_6   job_14_task_6  job_3_task_4   job_0_task_4   job_13_task_5  job_4_task_8   job_3_task_5   job_6_task_5   job_8_task_9   job_4_task_10  job_0_task_8   job_6_task_8   job_9_task_9   job_12_task_12 job_12_task_13 job_11_task_9  job_0_task_10  job_9_task_11  job_10_task_12 job_7_task_12  job_9_task_13  job_14_task_14 job_13_task_13 job_12_task_17 job_14_task_16 job_5_task_13  job_2_task_15  job_7_task_16  job_1_task_15  job_11_task_14 job_8_task_17  
           [0,9]          [9,12]         [14,20]        [20,27]        [27,28]        [28,35]        [35,45]        [45,54]        [54,55]        [55,63]        [63,73]        [73,75]        [75,76]        [76,81]        [81,82]        [82,91]        [91,101]       [101,111]      [111,117]      [117,122]      [122,128]      [128,136]      [137,138]      [143,146]      [146,147]      [147,154]      [154,161]      [161,162]      [163,165]      [175,180]      [180,186]      [186,193]      [193,201]      [201,208]      [208,217]      [217,226]      [226,232]      [238,239]      [250,258]      [258,259]      [262,266]      [278,281]      
Optimal Schedule Length: 283.0
Total (Unoptimized Schedule Length): 1504
Statistics
  - conflicts: 0
  - branches : 157
  - wall time: 0.319309797s