
Problem
         task_0   task_1   task_2   task_3   task_4   task_5   task_6  task_7   task_8   task_9 task_10  task_11  task_12 task_13 task_14  task_15  task_16
job_0    (8, 5)   (2, 4)   (5, 8)   (4, 7)   (5, 8)   (5, 7)   (3, 6)  (6, 7)   (3, 8)   (8, 1)  (7, 4)   (2, 4)   (3, 5)  (8, 2)  (7, 1)   (9, 2)   (6, 5)
job_1    (1, 8)  (4, 10)   (2, 4)   (8, 8)   (9, 1)   (2, 2)   (9, 9)  (7, 5)   (6, 5)   (5, 1)  (4, 5)   (8, 4)   (4, 2)  (4, 8)  (8, 9)   (2, 9)   (4, 8)
job_2    (4, 8)   (6, 7)   (8, 7)   (1, 7)   (8, 1)   (8, 6)   (6, 5)  (6, 3)   (3, 7)  (1, 10)  (2, 7)   (9, 5)   (1, 7)  (0, 7)  (4, 3)   (2, 9)   (2, 7)
job_3    (3, 7)   (7, 5)   (5, 7)   (4, 5)   (2, 5)   (1, 2)   (0, 8)  (5, 6)   (6, 7)   (4, 9)  (8, 9)  (0, 10)   (4, 9)  (8, 7)  (0, 4)   (6, 4)   (9, 5)
job_4    (3, 1)   (2, 7)   (2, 9)   (7, 2)   (5, 5)  (3, 10)  (7, 10)  (2, 7)   (7, 5)   (2, 8)  (4, 8)   (8, 3)   (0, 1)  (8, 3)  (4, 8)   (1, 8)   (5, 5)
job_5    (2, 3)   (1, 4)   (6, 4)   (9, 5)   (7, 9)   (2, 4)   (9, 6)  (9, 4)   (6, 8)   (2, 5)  (4, 4)   (4, 3)   (5, 7)  (8, 7)  (2, 8)   (8, 6)   (6, 2)
job_6   (3, 10)   (6, 6)   (1, 4)   (6, 5)   (6, 6)   (6, 5)   (6, 3)  (9, 6)  (6, 10)   (5, 5)  (0, 7)   (3, 9)   (4, 5)  (6, 8)  (7, 1)   (9, 2)   (6, 1)
job_7    (1, 8)   (1, 1)   (9, 6)   (5, 8)   (0, 5)   (4, 4)  (9, 10)  (9, 5)   (4, 4)   (9, 9)  (9, 1)   (5, 1)   (4, 5)  (0, 3)  (5, 6)   (1, 2)   (6, 8)
job_8    (0, 7)   (1, 5)   (0, 6)   (8, 1)   (4, 7)   (8, 8)   (0, 5)  (7, 5)   (6, 8)   (0, 6)  (1, 1)   (9, 9)   (3, 6)  (8, 3)  (8, 8)   (2, 6)   (2, 9)
job_9    (0, 7)   (4, 5)   (6, 1)   (4, 9)   (7, 3)   (8, 9)   (4, 1)  (9, 4)   (7, 2)   (7, 6)  (2, 4)   (3, 6)   (5, 7)  (7, 6)  (8, 1)   (3, 3)  (7, 10)
job_10   (0, 4)   (3, 7)  (0, 10)  (9, 10)   (9, 4)   (1, 4)   (2, 5)  (8, 3)   (6, 3)   (2, 2)  (1, 1)   (7, 2)   (1, 2)  (1, 3)  (1, 7)   (3, 1)  (2, 10)
job_11   (4, 1)   (7, 7)   (1, 9)   (1, 3)  (6, 10)   (6, 9)   (6, 6)  (8, 5)   (9, 7)   (3, 5)  (3, 3)   (5, 4)   (6, 4)  (8, 4)  (9, 8)   (5, 5)   (4, 9)
job_12  (7, 10)   (5, 9)   (9, 3)   (4, 8)   (3, 6)   (6, 6)   (1, 5)  (6, 9)   (6, 5)   (8, 9)  (6, 2)   (7, 4)   (7, 1)  (7, 9)  (7, 3)   (6, 1)   (7, 9)
job_13   (8, 5)   (8, 3)   (0, 2)   (3, 9)   (4, 2)   (8, 9)  (5, 10)  (9, 6)   (7, 9)   (4, 8)  (8, 2)   (7, 7)  (5, 10)  (0, 9)  (3, 1)  (5, 10)   (8, 2)
job_14   (6, 4)   (1, 5)   (3, 7)   (1, 6)   (1, 4)   (0, 6)   (0, 6)  (6, 8)   (2, 6)   (7, 4)  (4, 8)   (3, 4)   (4, 6)  (2, 4)  (3, 6)   (0, 8)   (3, 5)


Solution:
Machine 0: job_8_task_0   job_9_task_0   job_13_task_2  job_10_task_0  job_10_task_2  job_8_task_2   job_3_task_6   job_8_task_6   job_14_task_5  job_14_task_6  job_8_task_9   job_7_task_4   job_3_task_11  job_13_task_13 job_6_task_10  job_2_task_13  job_4_task_12  job_3_task_14  job_7_task_13  job_14_task_15 
           [0,7]          [8,15]         [15,17]        [17,21]        [33,43]        [43,49]        [54,62]        [71,76]        [76,82]        [82,88]        [89,95]        [95,100]       [105,115]      [125,134]      [141,148]      [148,155]      [155,156]      [156,160]      [160,163]      [168,176]      
Machine 1: job_5_task_1   job_11_task_2  job_11_task_3  job_1_task_0   job_6_task_2   job_8_task_1   job_14_task_1  job_2_task_3   job_3_task_5   job_7_task_0   job_7_task_1   job_14_task_3  job_14_task_4  job_10_task_5  job_8_task_10  job_2_task_9   job_12_task_6  job_2_task_12  job_10_task_10 job_10_task_12 job_10_task_13 job_10_task_14 job_7_task_15  job_4_task_15  
           [3,7]          [8,17]         [17,20]        [20,28]        [28,32]        [32,37]        [37,42]        [42,49]        [52,54]        [54,62]        [62,63]        [63,69]        [69,73]        [73,77]        [95,96]        [104,114]      [114,119]      [129,136]      [158,159]      [161,163]      [163,166]      [166,173]      [173,175]      [175,183]      
Machine 2: job_5_task_0   job_0_task_1   job_5_task_5   job_4_task_1   job_1_task_2   job_3_task_4   job_4_task_2   job_1_task_5   job_5_task_9   job_0_task_11  job_10_task_6  job_5_task_14  job_4_task_7   job_14_task_8  job_9_task_10  job_2_task_10  job_4_task_9   job_1_task_15  job_8_task_15  job_8_task_16  job_10_task_9  job_14_task_13 job_2_task_15  job_2_task_16  job_10_task_16 
           [0,3]          [6,10]         [28,32]        [34,41]        [42,46]        [47,52]        [52,61]        [61,63]        [66,71]        [71,75]        [77,82]        [92,100]       [100,107]      [107,113]      [113,117]      [117,124]      [124,132]      [132,141]      [141,147]      [147,156]      [156,158]      [158,162]      [162,171]      [171,178]      [178,188]      
Machine 3: job_3_task_0   job_6_task_0   job_13_task_3  job_10_task_1  job_4_task_0   job_0_task_6   job_14_task_2  job_0_task_8   job_0_task_12  job_4_task_5   job_12_task_4  job_2_task_8   job_8_task_12  job_9_task_11  job_14_task_11 job_13_task_14 job_11_task_9  job_11_task_10 job_9_task_15  job_6_task_11  job_14_task_14 job_10_task_15 job_14_task_16 
           [0,7]          [7,17]         [17,26]        [26,33]        [33,34]        [40,46]        [46,53]        [53,61]        [75,80]        [80,90]        [90,96]        [97,104]       [107,113]      [117,123]      [132,136]      [136,137]      [138,143]      [143,146]      [146,149]      [149,158]      [162,168]      [173,174]      [176,181]      
Machine 4: job_11_task_0  job_2_task_0   job_0_task_3   job_9_task_1   job_13_task_4  job_1_task_1   job_3_task_3   job_9_task_3   job_8_task_4   job_12_task_3  job_5_task_10  job_5_task_11  job_3_task_9   job_9_task_6   job_13_task_9  job_1_task_10  job_7_task_5   job_1_task_12  job_1_task_13  job_3_task_12  job_14_task_10 job_7_task_8   job_4_task_10  job_14_task_12 job_7_task_12  job_2_task_14  job_6_task_12  job_4_task_14  job_1_task_16  job_11_task_16 
           [0,1]          [1,9]          [18,25]        [25,30]        [30,32]        [32,42]        [42,47]        [47,56]        [56,63]        [63,71]        [71,75]        [75,78]        [78,87]        [87,88]        [88,96]        [96,101]       [101,105]      [105,107]      [107,115]      [115,124]      [124,132]      [132,136]      [136,144]      [144,150]      [150,155]      [155,158]      [158,163]      [163,171]      [171,179]      [179,188]      
Machine 5: job_0_task_2   job_3_task_2   job_0_task_4   job_0_task_5   job_12_task_1  job_13_task_6  job_3_task_7   job_4_task_4   job_5_task_12  job_7_task_3   job_1_task_9   job_13_task_12 job_9_task_12  job_6_task_9   job_7_task_11  job_11_task_11 job_13_task_15 job_7_task_14  job_11_task_15 job_4_task_16  
           [10,18]        [18,25]        [25,33]        [33,40]        [40,49]        [49,59]        [62,68]        [68,73]        [78,85]        [86,94]        [94,95]        [115,125]      [125,132]      [136,141]      [148,149]      [149,153]      [153,163]      [163,169]      [174,179]      [183,188]      
Machine 6: job_14_task_0  job_5_task_2   job_2_task_1   job_6_task_1   job_11_task_4  job_6_task_3   job_6_task_4   job_9_task_2   job_0_task_7   job_6_task_5   job_5_task_8   job_2_task_6   job_3_task_8   job_6_task_6   job_8_task_8   job_1_task_8   job_2_task_7   job_14_task_7  job_12_task_5  job_11_task_5  job_11_task_6  job_6_task_8   job_12_task_7  job_12_task_8  job_10_task_8  job_11_task_12 job_5_task_16  job_12_task_10 job_3_task_15  job_6_task_13  job_0_task_16  job_12_task_15 job_7_task_16  job_6_task_16  
           [0,4]          [7,11]         [11,18]        [18,24]        [24,34]        [34,39]        [39,45]        [45,46]        [46,53]        [53,58]        [58,66]        [66,71]        [71,78]        [78,81]        [81,89]        [89,94]        [94,97]        [97,105]       [105,111]      [111,120]      [120,126]      [126,136]      [136,145]      [145,150]      [150,153]      [153,157]      [157,159]      [159,161]      [161,165]      [165,173]      [173,178]      [178,179]      [179,187]      [187,188]      
Machine 7: job_11_task_1  job_3_task_1   job_5_task_4   job_12_task_0  job_9_task_4   job_4_task_3   job_0_task_10  job_13_task_8  job_8_task_7   job_1_task_7   job_0_task_14  job_4_task_6   job_9_task_8   job_9_task_9   job_13_task_11 job_4_task_8   job_14_task_9  job_9_task_13  job_9_task_16  job_10_task_11 job_12_task_11 job_12_task_12 job_12_task_13 job_12_task_14 job_6_task_14  job_12_task_16 
           [1,8]          [11,16]        [17,26]        [26,36]        [58,61]        [61,63]        [63,67]        [67,76]        [76,81]        [81,86]        [86,87]        [90,100]       [100,102]      [102,108]      [108,115]      [115,120]      [120,124]      [132,138]      [149,159]      [159,161]      [161,165]      [165,166]      [166,175]      [175,178]      [178,179]      [179,188]      
Machine 8: job_0_task_0   job_13_task_0  job_13_task_1  job_2_task_2   job_13_task_5  job_1_task_3   job_8_task_3   job_2_task_4   job_2_task_5   job_0_task_9   job_8_task_5   job_9_task_5   job_0_task_13  job_10_task_7  job_5_task_13  job_3_task_10  job_1_task_11  job_13_task_10 job_5_task_15  job_8_task_13  job_1_task_14  job_11_task_7  job_8_task_14  job_9_task_14  job_3_task_13  job_4_task_11  job_12_task_9  job_4_task_13  job_11_task_13 job_13_task_16 
           [0,5]          [5,10]         [10,13]        [25,32]        [32,41]        [46,54]        [54,55]        [55,56]        [56,62]        [62,63]        [63,71]        [71,80]        [80,82]        [82,85]        [85,92]        [92,101]       [101,105]      [105,107]      [107,113]      [113,116]      [116,125]      [126,131]      [131,139]      [139,140]      [140,147]      [147,150]      [150,159]      [159,162]      [162,166]      [166,168]      
Machine 9: job_5_task_3   job_5_task_6   job_10_task_3  job_5_task_7   job_12_task_2  job_1_task_4   job_13_task_7  job_10_task_4  job_1_task_6   job_7_task_2   job_9_task_7   job_6_task_7   job_8_task_11  job_7_task_6   job_7_task_7   job_2_task_11  job_11_task_8  job_7_task_9   job_7_task_10  job_0_task_15  job_11_task_14 job_3_task_16  job_6_task_15  
           [12,17]        [32,38]        [43,53]        [53,57]        [57,60]        [60,61]        [61,67]        [67,71]        [71,80]        [80,86]        [88,92]        [92,98]        [98,107]       [107,117]      [117,122]      [124,129]      [131,138]      [138,147]      [147,148]      [149,151]      [166,174]      [174,179]      [179,181]      
Optimal Schedule Length: 188.0
Total (Unoptimized Schedule Length): 1426
Statistics
  - conflicts: 0
  - branches : 0
  - wall time: 3.3851207060000004s