
Problem
         task_0   task_1   task_2   task_3   task_4   task_5  task_6   task_7   task_8   task_9
job_0   (2, 10)   (3, 8)   (1, 1)   (2, 5)   (0, 6)  (2, 10)  (3, 5)   (0, 8)   (0, 7)   (2, 1)
job_1    (2, 2)  (0, 10)   (2, 3)   (3, 9)  (1, 10)   (2, 2)  (2, 3)   (3, 2)   (2, 4)   (0, 4)
job_2    (1, 3)   (3, 1)   (1, 5)   (1, 9)   (3, 7)   (1, 3)  (1, 1)   (0, 8)   (0, 1)   (0, 2)
job_3    (1, 7)   (3, 2)   (0, 7)   (1, 4)   (3, 9)   (3, 2)  (1, 6)   (1, 5)   (0, 1)   (0, 1)
job_4    (3, 2)   (0, 5)   (1, 5)   (2, 7)   (3, 5)   (2, 3)  (0, 7)   (2, 2)   (2, 9)   (0, 2)
job_5    (1, 9)   (3, 9)   (1, 7)  (0, 10)   (3, 5)   (0, 2)  (3, 8)   (2, 8)   (1, 4)   (0, 7)
job_6    (0, 7)   (1, 1)   (3, 5)   (3, 6)   (2, 4)   (0, 7)  (3, 7)   (3, 2)   (0, 8)   (1, 4)
job_7    (3, 6)   (2, 2)  (0, 10)   (0, 9)   (2, 5)   (2, 7)  (0, 1)   (3, 4)   (0, 6)   (2, 1)
job_8    (0, 6)   (2, 3)   (0, 5)   (3, 7)   (2, 9)   (2, 7)  (1, 2)   (0, 4)  (2, 10)   (2, 3)
job_9    (3, 2)   (0, 5)   (0, 5)   (1, 7)   (0, 6)   (3, 5)  (1, 5)   (1, 3)   (3, 5)   (1, 2)
job_10   (1, 3)   (2, 1)   (2, 1)   (3, 3)  (3, 10)   (2, 3)  (0, 6)   (1, 1)   (0, 6)   (3, 7)
job_11   (0, 7)   (0, 4)   (2, 3)   (2, 9)   (1, 3)   (0, 8)  (2, 3)   (3, 7)   (1, 6)   (0, 1)
job_12   (3, 9)   (0, 5)   (0, 9)   (0, 2)   (0, 3)   (1, 9)  (3, 3)   (0, 1)   (1, 3)   (3, 6)
job_13   (1, 5)   (1, 8)  (0, 10)   (3, 2)   (0, 3)   (2, 8)  (0, 5)   (3, 2)   (2, 9)  (2, 10)
job_14   (0, 4)   (3, 8)   (3, 9)   (0, 7)   (1, 3)   (2, 2)  (0, 2)  (3, 10)   (1, 6)   (0, 4)
job_15   (1, 1)   (1, 8)   (3, 1)   (1, 5)   (0, 7)   (0, 1)  (3, 6)  (3, 10)   (0, 8)   (1, 6)
job_16  (1, 10)   (1, 1)   (1, 8)   (3, 3)   (2, 9)   (3, 9)  (2, 1)   (0, 5)   (1, 1)   (3, 4)
job_17   (2, 4)   (3, 5)   (3, 4)   (2, 4)   (3, 4)   (0, 9)  (2, 4)   (2, 9)   (0, 9)   (0, 1)
job_18   (1, 7)   (3, 2)   (1, 3)   (0, 6)   (2, 2)   (0, 3)  (0, 4)   (1, 4)   (2, 9)  (3, 10)


Solution:
Machine 0: job_14_task_0  job_11_task_0  job_8_task_0   job_1_task_1   job_11_task_1  job_4_task_1   job_8_task_2   job_6_task_0   job_7_task_2   job_15_task_4  job_9_task_1   job_12_task_1  job_12_task_2  job_9_task_2   job_13_task_2  job_5_task_3   job_18_task_3  job_13_task_4  job_0_task_4   job_14_task_3  job_17_task_5  job_18_task_5  job_15_task_5  job_7_task_3   job_3_task_2   job_5_task_5   job_12_task_3  job_6_task_5   job_13_task_6  job_9_task_4   job_12_task_4  job_11_task_5  job_14_task_6  job_18_task_6  job_10_task_6  job_7_task_6   job_15_task_8  job_4_task_6   job_8_task_7   job_0_task_7   job_6_task_8   job_10_task_8  job_17_task_8  job_16_task_7  job_2_task_7   job_0_task_8   job_7_task_8   job_12_task_7  job_5_task_9   job_14_task_9  job_1_task_9   job_4_task_9   job_2_task_8   job_2_task_9   job_3_task_8   job_3_task_9   job_11_task_9  job_17_task_9  
           [0,4]          [4,11]         [11,17]        [17,27]        [27,31]        [31,36]        [36,41]        [41,48]        [48,58]        [58,65]        [65,70]        [70,75]        [75,84]        [84,89]        [89,99]        [99,109]       [109,115]      [115,118]      [118,124]      [124,131]      [131,140]      [140,143]      [143,144]      [144,153]      [153,160]      [160,162]      [162,164]      [164,171]      [171,176]      [176,182]      [182,185]      [185,193]      [193,195]      [195,199]      [199,205]      [205,206]      [206,214]      [214,221]      [221,225]      [225,233]      [233,241]      [241,247]      [247,256]      [256,261]      [261,269]      [269,276]      [276,282]      [282,283]      [283,290]      [290,294]      [294,298]      [298,300]      [300,301]      [301,303]      [303,304]      [304,305]      [305,306]      [306,307]      
Machine 1: job_15_task_0  job_16_task_0  job_15_task_1  job_5_task_0   job_13_task_0  job_15_task_3  job_18_task_0  job_16_task_1  job_10_task_0  job_13_task_1  job_5_task_2   job_2_task_0   job_0_task_2   job_3_task_0   job_4_task_2   job_18_task_2  job_2_task_2   job_6_task_1   job_11_task_4  job_16_task_2  job_9_task_3   job_2_task_3   job_8_task_6   job_2_task_5   job_2_task_6   job_1_task_4   job_14_task_4  job_3_task_3   job_5_task_8   job_12_task_5  job_3_task_6   job_18_task_7  job_10_task_7  job_11_task_8  job_9_task_6   job_9_task_7   job_14_task_8  job_3_task_7   job_6_task_9   job_15_task_9  job_9_task_9   job_16_task_8  job_12_task_8  
           [0,1]          [1,11]         [11,19]        [19,28]        [28,33]        [33,38]        [38,45]        [45,46]        [46,49]        [49,57]        [57,64]        [64,67]        [67,68]        [68,75]        [75,80]        [80,83]        [83,88]        [88,89]        [89,92]        [92,100]       [100,107]      [107,116]      [116,118]      [123,126]      [126,127]      [132,142]      [142,145]      [160,164]      [191,195]      [195,204]      [204,210]      [210,214]      [214,215]      [218,224]      [224,229]      [229,232]      [232,238]      [238,243]      [243,247]      [247,253]      [253,255]      [261,262]      [283,286]      
Machine 2: job_0_task_0   job_1_task_0   job_17_task_0  job_8_task_1   job_7_task_1   job_1_task_2   job_11_task_2  job_11_task_3  job_10_task_1  job_10_task_2  job_17_task_3  job_0_task_3   job_8_task_4   job_4_task_3   job_8_task_5   job_10_task_5  job_4_task_5   job_6_task_4   job_18_task_4  job_16_task_4  job_13_task_5  job_0_task_5   job_14_task_5  job_17_task_6  job_1_task_5   job_1_task_6   job_16_task_6  job_7_task_4   job_7_task_5   job_1_task_8   job_17_task_7  job_5_task_7   job_11_task_6  job_13_task_8  job_13_task_9  job_18_task_8  job_4_task_7   job_8_task_8   job_4_task_8   job_8_task_9   job_0_task_9   job_7_task_9   
           [0,10]         [10,12]        [12,16]        [17,20]        [25,27]        [27,30]        [31,34]        [34,43]        [49,50]        [50,51]        [63,67]        [68,73]        [73,82]        [82,89]        [89,96]        [96,99]        [102,105]      [113,117]      [117,119]      [119,128]      [128,136]      [136,146]      [146,148]      [148,152]      [152,154]      [154,157]      [157,158]      [158,163]      [163,170]      [170,174]      [174,183]      [183,191]      [193,196]      [196,205]      [205,215]      [215,224]      [224,226]      [226,236]      [236,245]      [245,248]      [276,277]      [282,283]      
Machine 3: job_12_task_0  job_4_task_0   job_14_task_1  job_7_task_0   job_15_task_2  job_17_task_1  job_0_task_1   job_5_task_1   job_14_task_2  job_9_task_0   job_17_task_2  job_8_task_3   job_18_task_1  job_2_task_1   job_10_task_3  job_17_task_4  job_3_task_1   job_10_task_4  job_6_task_2   job_4_task_4   job_13_task_3  job_16_task_3  job_6_task_3   job_2_task_4   job_1_task_3   job_16_task_5  job_5_task_4   job_0_task_6   job_15_task_6  job_1_task_7   job_15_task_7  job_5_task_6   job_6_task_6   job_3_task_4   job_13_task_7  job_3_task_5   job_14_task_7  job_7_task_7   job_11_task_7  job_9_task_5   job_12_task_6  job_6_task_7   job_9_task_8   job_18_task_9  job_10_task_9  job_16_task_9  job_12_task_9  
           [0,9]          [9,11]         [11,19]        [19,25]        [25,26]        [26,31]        [31,39]        [39,48]        [48,57]        [57,59]        [59,63]        [63,70]        [70,72]        [72,73]        [73,76]        [76,80]        [80,82]        [82,92]        [92,97]        [97,102]       [102,104]      [104,107]      [107,113]      [116,123]      [123,132]      [132,141]      [141,146]      [146,151]      [151,157]      [157,159]      [159,169]      [169,177]      [177,184]      [184,193]      [193,195]      [195,197]      [197,207]      [207,211]      [211,218]      [218,223]      [223,226]      [226,228]      [232,237]      [237,247]      [247,254]      [262,266]      [286,292]      
Optimal Schedule Length: 307.0
Total (Unoptimized Schedule Length): 979
Statistics
  - conflicts: 1
  - branches : 191
  - wall time: 0.09389116700000001s