
Problem
         task_0   task_1   task_2   task_3   task_4   task_5   task_6   task_7  task_8   task_9  task_10  task_11 task_12
job_0    (0, 1)   (3, 7)   (4, 5)   (3, 6)   (3, 3)   (4, 6)   (4, 9)   (2, 1)  (4, 2)   (3, 7)   (2, 7)   (0, 3)  (1, 2)
job_1    (3, 7)   (1, 6)   (2, 3)   (0, 4)   (0, 6)   (2, 7)   (4, 9)  (3, 10)  (0, 5)   (2, 9)  (4, 10)   (0, 1)  (3, 6)
job_2    (1, 4)   (1, 5)   (2, 9)   (1, 4)   (2, 6)   (2, 2)   (0, 5)   (2, 6)  (3, 9)   (3, 5)  (2, 10)   (1, 6)  (3, 6)
job_3    (4, 7)   (4, 3)   (1, 8)   (0, 2)   (4, 2)   (3, 7)   (3, 4)   (1, 4)  (0, 4)   (2, 6)   (3, 1)   (2, 1)  (2, 3)
job_4    (2, 5)   (4, 9)   (1, 1)   (2, 9)   (2, 3)   (3, 8)  (1, 10)   (3, 6)  (0, 6)   (4, 4)   (4, 8)  (2, 10)  (3, 5)
job_5    (4, 1)   (3, 2)   (3, 5)   (2, 6)   (1, 7)   (3, 6)   (4, 1)   (3, 5)  (4, 1)   (2, 5)   (3, 5)   (3, 8)  (1, 4)
job_6    (4, 3)   (2, 6)   (3, 2)   (2, 4)  (1, 10)   (4, 1)   (1, 7)  (3, 10)  (3, 2)   (2, 3)   (2, 8)  (1, 10)  (4, 7)
job_7    (0, 4)   (3, 9)   (1, 1)   (1, 4)   (2, 4)   (2, 2)   (2, 1)   (1, 5)  (4, 9)  (2, 10)   (0, 2)   (4, 8)  (3, 9)
job_8    (0, 1)   (3, 9)  (4, 10)   (1, 7)   (0, 5)  (4, 10)   (4, 1)   (2, 5)  (3, 2)   (3, 4)   (4, 2)   (0, 4)  (1, 5)
job_9    (1, 8)   (2, 5)   (4, 2)   (4, 1)  (1, 10)   (1, 3)   (2, 4)   (2, 7)  (1, 3)  (0, 10)   (3, 5)   (0, 4)  (2, 6)
job_10   (1, 5)   (3, 7)   (1, 4)   (4, 3)   (3, 6)   (3, 5)   (2, 7)   (2, 3)  (0, 9)   (1, 9)   (3, 4)   (2, 6)  (4, 8)
job_11   (0, 1)   (4, 2)   (3, 4)   (3, 5)   (1, 9)   (3, 5)   (4, 8)   (4, 6)  (0, 2)   (4, 1)   (4, 4)   (2, 9)  (1, 9)
job_12   (1, 9)   (3, 1)   (2, 4)   (0, 6)   (0, 7)   (2, 9)   (2, 8)   (0, 6)  (3, 2)   (3, 8)   (3, 5)   (1, 3)  (4, 5)
job_13   (3, 3)  (2, 10)   (1, 5)  (2, 10)   (0, 4)   (3, 3)   (1, 5)   (4, 8)  (2, 4)   (4, 5)   (2, 5)   (0, 3)  (1, 9)
job_14   (3, 3)   (4, 5)   (4, 3)   (2, 7)   (2, 5)   (3, 6)   (3, 2)   (4, 7)  (2, 4)   (3, 4)   (2, 5)   (2, 3)  (1, 4)
job_15  (2, 10)   (2, 3)   (4, 6)   (3, 5)   (1, 1)   (4, 7)   (4, 1)   (0, 3)  (1, 1)   (2, 2)   (2, 9)   (4, 9)  (3, 9)
job_16   (4, 1)  (4, 10)  (2, 10)   (2, 9)   (0, 5)   (0, 2)   (4, 3)   (0, 2)  (4, 7)   (4, 7)   (1, 1)   (4, 7)  (1, 4)


Solution:
Machine 0: job_7_task_0   job_8_task_0   job_11_task_0  job_0_task_0   job_1_task_3   job_1_task_4   job_12_task_3  job_12_task_4  job_13_task_4  job_11_task_8  job_2_task_6   job_8_task_4   job_1_task_8   job_3_task_3   job_15_task_7  job_4_task_8   job_16_task_4  job_16_task_5  job_16_task_7  job_3_task_8   job_10_task_8  job_12_task_7  job_9_task_9   job_7_task_10  job_9_task_11  job_1_task_11  job_8_task_11  job_13_task_11 job_0_task_11  
           [0,4]          [4,5]          [5,6]          [6,7]          [24,28]        [28,34]        [56,62]        [62,69]        [98,102]       [108,110]      [110,115]      [115,120]      [120,125]      [125,127]      [127,130]      [131,137]      [137,142]      [142,144]      [147,149]      [160,164]      [165,174]      [177,183]      [187,197]      [197,199]      [203,207]      [238,239]      [249,253]      [268,271]      [296,299]      
Machine 1: job_2_task_0   job_10_task_0  job_1_task_1   job_2_task_1   job_12_task_0  job_4_task_2   job_9_task_0   job_10_task_2  job_13_task_2  job_2_task_3   job_7_task_2   job_7_task_3   job_11_task_4  job_6_task_4   job_9_task_4   job_4_task_6   job_6_task_6   job_8_task_3   job_15_task_4  job_9_task_5   job_3_task_2   job_5_task_4   job_13_task_6  job_15_task_8  job_7_task_7   job_3_task_7   job_10_task_9  job_9_task_8   job_16_task_10 job_12_task_11 job_6_task_11  job_16_task_12 job_2_task_11  job_8_task_12  job_11_task_12 job_13_task_12 job_5_task_12  job_0_task_12  job_14_task_12 
           [0,4]          [4,9]          [9,15]         [15,20]        [20,29]        [29,30]        [30,38]        [38,42]        [42,47]        [47,51]        [51,52]        [52,56]        [56,65]        [65,75]        [75,85]        [85,95]        [95,102]       [102,109]      [109,110]      [110,113]      [113,121]      [121,128]      [128,133]      [133,134]      [151,156]      [156,160]      [174,183]      [184,187]      [206,207]      [208,211]      [229,239]      [247,251]      [251,257]      [257,262]      [263,272]      [272,281]      [281,285]      [299,301]      [305,309]      
Machine 2: job_4_task_0   job_6_task_1   job_13_task_1  job_1_task_2   job_2_task_2   job_4_task_3   job_15_task_0  job_12_task_2  job_6_task_3   job_4_task_4   job_9_task_1   job_1_task_5   job_16_task_2  job_15_task_1  job_13_task_3  job_2_task_4   job_7_task_4   job_2_task_5   job_5_task_3   job_14_task_3  job_16_task_3  job_7_task_5   job_10_task_6  job_12_task_5  job_7_task_6   job_2_task_7   job_14_task_4  job_10_task_7  job_9_task_6   job_12_task_6  job_9_task_7   job_15_task_9  job_7_task_9   job_6_task_9   job_15_task_10 job_13_task_8  job_1_task_9   job_6_task_10  job_0_task_7   job_8_task_7   job_5_task_9   job_2_task_10  job_14_task_8  job_11_task_11 job_13_task_10 job_4_task_11  job_10_task_11 job_14_task_10 job_0_task_10  job_3_task_9   job_14_task_11 job_9_task_12  job_3_task_11  job_3_task_12  
           [0,5]          [5,11]         [11,21]        [21,24]        [24,33]        [33,42]        [42,52]        [52,56]        [56,60]        [60,63]        [63,68]        [68,75]        [75,85]        [85,88]        [88,98]        [98,104]       [104,108]      [108,110]      [110,116]      [116,123]      [123,132]      [132,134]      [134,141]      [141,150]      [150,151]      [151,157]      [157,162]      [162,165]      [165,169]      [169,177]      [177,184]      [184,186]      [186,196]      [196,199]      [199,208]      [208,212]      [212,221]      [221,229]      [229,230]      [230,235]      [235,240]      [240,250]      [250,254]      [254,263]      [263,268]      [268,278]      [278,284]      [284,289]      [289,296]      [296,302]      [302,305]      [305,311]      [311,312]      [312,315]      
Machine 3: job_1_task_0   job_13_task_0  job_10_task_1  job_6_task_2   job_8_task_1   job_7_task_1   job_12_task_1  job_11_task_2  job_14_task_0  job_11_task_3  job_0_task_1   job_10_task_4  job_4_task_5   job_5_task_1   job_5_task_2   job_10_task_5  job_0_task_3   job_11_task_5  job_15_task_3  job_1_task_7   job_13_task_5  job_0_task_4   job_6_task_7   job_4_task_7   job_5_task_5   job_6_task_8   job_3_task_5   job_3_task_6   job_2_task_8   job_14_task_5  job_14_task_6  job_5_task_7   job_2_task_9   job_12_task_8  job_12_task_9  job_10_task_10 job_9_task_10  job_12_task_10 job_7_task_12  job_15_task_12 job_8_task_8   job_8_task_9   job_0_task_9   job_5_task_10  job_14_task_9  job_5_task_11  job_1_task_12  job_2_task_12  job_4_task_12  job_3_task_10  
           [0,7]          [7,10]         [10,17]        [17,19]        [19,28]        [28,37]        [37,38]        [38,42]        [42,45]        [45,50]        [50,57]        [57,63]        [63,71]        [71,73]        [73,78]        [78,83]        [83,89]        [89,94]        [94,99]        [99,109]       [109,112]      [112,115]      [115,125]      [125,131]      [131,137]      [137,139]      [144,151]      [151,155]      [157,166]      [166,172]      [172,174]      [174,179]      [179,184]      [184,186]      [186,194]      [194,198]      [198,203]      [203,208]      [214,223]      [228,237]      [237,239]      [239,243]      [243,250]      [250,255]      [255,259]      [259,267]      [267,273]      [273,279]      [279,284]      [302,303]      
Machine 4: job_6_task_0   job_16_task_0  job_16_task_1  job_4_task_1   job_11_task_1  job_5_task_0   job_3_task_0   job_8_task_2   job_10_task_3  job_14_task_1  job_14_task_2  job_3_task_1   job_0_task_2   job_9_task_2   job_9_task_3   job_1_task_6   job_6_task_5   job_15_task_2  job_11_task_6  job_11_task_7  job_15_task_5  job_0_task_5   job_15_task_6  job_8_task_5   job_13_task_7  job_3_task_4   job_16_task_6  job_0_task_6   job_7_task_8   job_5_task_6   job_4_task_9   job_16_task_8  job_14_task_7  job_5_task_8   job_8_task_6   job_11_task_9  job_4_task_10  job_11_task_10 job_16_task_9  job_7_task_11  job_13_task_9  job_15_task_11 job_1_task_10  job_0_task_8   job_16_task_11 job_8_task_10  job_6_task_12  job_12_task_12 job_10_task_12 
           [0,3]          [3,4]          [4,14]         [14,23]        [23,25]        [25,26]        [26,33]        [33,43]        [43,46]        [46,51]        [51,54]        [54,57]        [57,62]        [68,70]        [70,71]        [75,84]        [84,85]        [88,94]        [94,102]       [102,108]      [110,117]      [117,123]      [123,124]      [124,134]      [134,142]      [142,144]      [144,147]      [147,156]      [156,165]      [165,166]      [166,170]      [170,177]      [177,184]      [184,185]      [185,186]      [186,187]      [187,195]      [195,199]      [199,206]      [206,214]      [214,219]      [219,228]      [228,238]      [238,240]      [240,247]      [247,249]      [249,256]      [256,261]      [284,292]      
Optimal Schedule Length: 315.0
Total (Unoptimized Schedule Length): 1165
Statistics
  - conflicts: 0
  - branches : 0
  - wall time: 0.067547593s