
Problem
         task_0   task_1   task_2   task_3   task_4   task_5   task_6   task_7   task_8   task_9 task_10  task_11  task_12  task_13  task_14
job_0    (0, 5)   (4, 4)   (2, 4)   (2, 2)   (0, 4)   (3, 3)   (0, 2)   (5, 5)   (5, 9)   (4, 8)  (4, 8)   (0, 5)   (4, 6)   (4, 1)   (0, 3)
job_1    (4, 7)  (2, 10)   (5, 7)  (5, 10)   (1, 3)  (1, 10)   (0, 7)   (1, 9)   (3, 1)   (4, 1)  (3, 8)   (1, 5)   (1, 1)   (2, 7)   (0, 8)
job_2    (3, 8)   (5, 4)   (1, 9)   (4, 7)   (0, 9)   (1, 2)   (1, 3)   (5, 1)   (3, 5)   (2, 5)  (1, 6)   (5, 4)   (2, 9)   (5, 9)   (5, 8)
job_3   (4, 10)   (3, 5)   (4, 3)  (4, 10)   (0, 1)   (1, 3)   (2, 8)  (4, 10)   (2, 6)   (4, 2)  (0, 8)   (3, 8)   (0, 6)  (5, 10)   (2, 5)
job_4    (4, 5)   (1, 6)   (1, 5)   (3, 1)   (5, 9)   (1, 9)   (0, 2)   (2, 3)  (4, 10)   (4, 9)  (5, 8)   (3, 5)   (2, 2)   (4, 1)   (1, 4)
job_5    (4, 6)   (2, 2)   (0, 1)   (1, 7)   (0, 3)   (4, 3)   (3, 6)   (5, 6)   (2, 9)   (4, 4)  (3, 1)  (3, 10)  (0, 10)   (0, 3)   (0, 3)
job_6    (3, 2)   (4, 3)   (5, 4)   (5, 1)   (5, 9)   (4, 5)   (0, 5)  (3, 10)   (1, 8)  (1, 10)  (4, 7)   (0, 9)   (1, 5)   (4, 4)   (2, 8)
job_7    (4, 2)   (1, 8)   (4, 9)   (1, 5)   (5, 8)  (3, 10)   (2, 4)   (2, 7)   (4, 3)   (3, 6)  (1, 2)   (4, 5)   (2, 5)   (5, 2)   (5, 1)
job_8   (1, 10)   (5, 6)   (0, 3)   (5, 8)   (0, 3)   (4, 7)   (1, 7)   (4, 1)  (3, 10)   (3, 6)  (4, 8)   (0, 5)   (0, 8)   (0, 6)   (2, 6)
job_9    (4, 7)   (2, 4)   (4, 7)   (2, 7)   (0, 4)   (0, 3)   (1, 7)   (5, 4)   (5, 7)   (2, 5)  (1, 7)   (3, 7)   (5, 8)   (1, 4)   (1, 5)
job_10   (5, 1)   (5, 5)   (3, 1)   (3, 8)   (1, 8)   (1, 5)   (2, 9)   (4, 8)   (4, 8)   (5, 9)  (0, 5)   (0, 9)   (4, 1)   (3, 9)  (1, 10)
job_11   (1, 1)   (5, 9)   (5, 8)   (2, 4)  (5, 10)   (0, 2)   (5, 4)   (3, 4)   (3, 8)   (0, 7)  (4, 4)  (5, 10)   (3, 7)   (0, 3)   (2, 5)
job_12   (3, 3)   (3, 9)   (5, 7)   (5, 9)   (4, 9)   (4, 9)  (3, 10)   (0, 4)   (0, 9)   (5, 3)  (1, 4)  (4, 10)   (5, 5)   (5, 5)   (1, 1)
job_13  (0, 10)   (5, 4)   (4, 1)   (4, 3)   (1, 8)   (3, 2)   (3, 5)   (4, 1)   (5, 1)   (0, 7)  (4, 1)   (4, 8)   (2, 3)   (3, 3)   (5, 4)
job_14   (2, 3)  (0, 10)  (5, 10)   (4, 8)   (4, 9)   (2, 7)   (0, 1)   (5, 4)  (5, 10)   (1, 1)  (1, 2)   (1, 5)   (0, 3)   (0, 7)   (0, 8)
job_15   (2, 9)   (1, 9)   (2, 9)   (0, 7)   (3, 9)   (3, 7)   (4, 2)   (3, 7)   (2, 8)   (0, 5)  (3, 7)  (1, 10)  (2, 10)   (0, 5)  (2, 10)
job_16   (2, 1)   (2, 2)   (5, 1)   (0, 2)   (1, 5)   (0, 3)   (4, 8)   (2, 6)   (5, 1)   (0, 9)  (0, 8)   (4, 1)   (4, 3)   (4, 1)   (0, 3)
job_17   (2, 2)   (4, 8)   (2, 6)   (4, 3)   (2, 1)  (4, 10)   (1, 8)   (2, 5)   (3, 7)   (1, 9)  (0, 1)  (3, 10)   (2, 8)   (4, 6)   (5, 2)
job_18   (3, 1)   (4, 7)   (0, 8)   (3, 1)   (3, 7)   (3, 1)   (3, 8)   (3, 8)   (4, 5)   (4, 3)  (2, 4)   (0, 1)   (5, 8)   (2, 5)   (2, 4)
job_19   (4, 5)   (1, 5)   (5, 8)   (1, 7)   (0, 3)   (5, 9)   (4, 2)   (3, 9)   (2, 1)   (0, 5)  (0, 4)   (3, 6)   (4, 8)   (2, 6)   (0, 8)


Solution:
Machine 0: job_0_task_0   job_13_task_0  job_14_task_1  job_8_task_2   job_15_task_3  job_3_task_4   job_9_task_4   job_5_task_2   job_6_task_6   job_19_task_4  job_9_task_5   job_8_task_4   job_18_task_2  job_2_task_4   job_5_task_4   job_0_task_4   job_0_task_6   job_11_task_5  job_16_task_3  job_4_task_6   job_16_task_5  job_6_task_11  job_1_task_6   job_15_task_9  job_19_task_9  job_19_task_10 job_12_task_7  job_12_task_8  job_11_task_9  job_14_task_6  job_16_task_9  job_16_task_10 job_3_task_10  job_14_task_12 job_14_task_13 job_10_task_10 job_10_task_11 job_14_task_14 job_3_task_12  job_8_task_11  job_8_task_12  job_15_task_13 job_13_task_9  job_17_task_10 job_0_task_11  job_18_task_11 job_5_task_12  job_8_task_13  job_1_task_14  job_19_task_14 job_11_task_13 job_5_task_13  job_5_task_14  job_0_task_14  job_16_task_14 
           [0,5]          [5,15]         [15,25]        [25,28]        [36,43]        [60,61]        [74,78]        [78,79]        [79,84]        [84,87]        [87,90]        [90,93]        [93,101]       [101,110]      [110,113]      [114,118]      [121,123]      [129,131]      [131,133]      [133,135]      [139,142]      [142,151]      [151,158]      [159,164]      [165,170]      [170,174]      [174,178]      [178,187]      [187,194]      [194,195]      [195,204]      [204,212]      [212,220]      [220,223]      [223,230]      [230,235]      [235,244]      [244,252]      [252,258]      [258,263]      [263,271]      [271,276]      [276,283]      [283,284]      [284,289]      [289,290]      [290,300]      [300,306]      [306,314]      [314,322]      [322,325]      [325,328]      [328,331]      [331,334]      [334,337]      
Machine 1: job_8_task_0   job_15_task_1  job_11_task_0  job_19_task_1  job_10_task_4  job_10_task_5  job_2_task_2   job_4_task_1   job_7_task_1   job_4_task_2   job_3_task_5   job_19_task_3  job_5_task_3   job_9_task_6   job_6_task_8   job_6_task_9   job_1_task_4   job_7_task_3   job_4_task_5   job_2_task_5   job_16_task_4  job_1_task_5   job_17_task_6  job_8_task_6   job_2_task_6   job_1_task_7   job_6_task_12  job_12_task_10 job_9_task_10  job_14_task_9  job_14_task_10 job_14_task_11 job_13_task_4  job_2_task_10  job_17_task_9  job_15_task_11 job_1_task_11  job_1_task_12  job_9_task_13  job_9_task_14  job_7_task_10  job_10_task_14 job_12_task_14 job_4_task_14  
           [0,10]         [10,19]        [19,20]        [22,27]        [31,39]        [39,44]        [44,53]        [53,59]        [59,67]        [67,72]        [72,75]        [75,82]        [82,89]        [90,97]        [97,105]       [105,115]      [115,118]      [118,123]      [123,132]      [132,134]      [134,139]      [139,149]      [149,157]      [157,164]      [164,167]      [167,176]      [176,181]      [190,194]      [199,206]      [209,210]      [210,212]      [212,217]      [217,225]      [225,231]      [231,240]      [240,250]      [272,277]      [277,278]      [278,282]      [282,287]      [289,291]      [313,323]      [323,324]      [328,332]      
Machine 2: job_15_task_0  job_14_task_0  job_17_task_0  job_16_task_0  job_16_task_1  job_1_task_1   job_15_task_2  job_9_task_1   job_17_task_2  job_10_task_6  job_9_task_3   job_5_task_1   job_3_task_6   job_11_task_3  job_17_task_4  job_0_task_2   job_0_task_3   job_4_task_7   job_15_task_8  job_17_task_7  job_19_task_8  job_14_task_5  job_16_task_7  job_9_task_9   job_3_task_8   job_2_task_9   job_5_task_8   job_7_task_6   job_7_task_7   job_2_task_12  job_6_task_14  job_15_task_12 job_18_task_10 job_3_task_14  job_15_task_14 job_1_task_13  job_19_task_13 job_17_task_12 job_4_task_12  job_18_task_13 job_13_task_12 job_7_task_12  job_8_task_14  job_11_task_14 job_18_task_14 
           [0,9]          [9,12]         [12,14]        [14,15]        [15,17]        [17,27]        [27,36]        [36,40]        [40,46]        [46,55]        [67,74]        [74,76]        [76,84]        [84,88]        [88,89]        [108,112]      [112,114]      [135,138]      [151,159]      [159,164]      [164,165]      [179,186]      [188,194]      [194,199]      [202,208]      [208,213]      [215,224]      [224,228]      [228,235]      [235,244]      [246,254]      [254,264]      [267,271]      [271,276]      [276,286]      [286,293]      [293,299]      [299,307]      [307,309]      [309,314]      [314,317]      [317,322]      [322,328]      [328,333]      [333,337]      
Machine 3: job_12_task_0  job_12_task_1  job_2_task_0   job_10_task_2  job_6_task_0   job_10_task_3  job_3_task_1   job_18_task_0  job_15_task_4  job_15_task_5  job_4_task_3   job_6_task_7   job_18_task_3  job_18_task_4  job_18_task_5  job_18_task_6  job_0_task_5   job_18_task_7  job_15_task_7  job_19_task_7  job_12_task_6  job_11_task_7  job_11_task_8  job_8_task_8   job_5_task_6   job_2_task_8   job_7_task_5   job_17_task_8  job_15_task_10 job_8_task_9   job_13_task_5  job_13_task_6  job_1_task_8   job_3_task_11  job_19_task_11 job_9_task_11  job_1_task_10  job_5_task_10  job_5_task_11  job_7_task_9   job_17_task_11 job_4_task_11  job_10_task_13 job_11_task_12 job_13_task_13 
           [0,3]          [3,12]         [12,20]        [20,21]        [21,23]        [23,31]        [31,36]        [36,37]        [43,52]        [52,59]        [72,73]        [84,94]        [101,102]      [102,109]      [109,110]      [110,118]      [118,121]      [121,129]      [144,151]      [153,162]      [162,172]      [172,176]      [176,184]      [184,194]      [194,200]      [200,205]      [205,215]      [215,222]      [222,229]      [229,235]      [235,237]      [237,242]      [242,243]      [243,251]      [251,257]      [257,264]      [264,272]      [272,273]      [273,283]      [283,289]      [289,299]      [299,304]      [304,313]      [313,320]      [320,323]      
Machine 4: job_3_task_0   job_1_task_0   job_19_task_0  job_9_task_0   job_6_task_1   job_17_task_1  job_4_task_0   job_3_task_2   job_7_task_0   job_3_task_3   job_9_task_2   job_5_task_0   job_6_task_5   job_17_task_3  job_18_task_1  job_2_task_3   job_12_task_4  job_0_task_1   job_7_task_2   job_17_task_5  job_14_task_3  job_6_task_10  job_15_task_6  job_8_task_5   job_19_task_6  job_12_task_5  job_10_task_7  job_14_task_4  job_8_task_7   job_16_task_6  job_13_task_2  job_5_task_5   job_3_task_7   job_10_task_8  job_3_task_9   job_13_task_3  job_4_task_8   job_0_task_9   job_4_task_9   job_6_task_13  job_8_task_10  job_5_task_9   job_1_task_9   job_18_task_8  job_18_task_9  job_13_task_7  job_11_task_10 job_0_task_10  job_7_task_8   job_19_task_12 job_12_task_11 job_13_task_10 job_10_task_12 job_13_task_11 job_7_task_11  job_0_task_12  job_16_task_11 job_16_task_12 job_0_task_13  job_4_task_13  job_16_task_13 job_17_task_13 
           [0,10]         [10,17]        [17,22]        [22,29]        [29,32]        [32,40]        [40,45]        [45,48]        [48,50]        [50,60]        [60,67]        [67,73]        [73,78]        [78,81]        [81,88]        [88,95]        [95,104]       [104,108]      [108,117]      [117,127]      [127,135]      [135,142]      [142,144]      [144,151]      [151,153]      [153,162]      [162,170]      [170,179]      [179,180]      [180,188]      [188,189]      [189,192]      [192,202]      [202,210]      [210,212]      [212,215]      [215,225]      [225,233]      [233,242]      [242,246]      [246,254]      [254,258]      [258,259]      [259,264]      [264,267]      [267,268]      [268,272]      [272,280]      [280,283]      [283,291]      [291,301]      [301,302]      [302,303]      [303,311]      [311,316]      [316,322]      [322,323]      [323,326]      [326,327]      [327,328]      [328,329]      [329,335]      
Machine 5: job_10_task_0  job_10_task_1  job_8_task_1   job_12_task_2  job_11_task_1  job_6_task_2   job_2_task_1   job_6_task_3   job_6_task_4   job_12_task_3  job_1_task_2   job_19_task_2  job_11_task_2  job_8_task_3   job_14_task_2  job_1_task_3   job_4_task_4   job_11_task_4  job_16_task_2  job_19_task_5  job_7_task_4   job_13_task_1  job_11_task_6  job_0_task_7   job_9_task_7   job_0_task_8   job_2_task_7   job_9_task_8   job_12_task_9  job_16_task_8  job_14_task_7  job_14_task_8  job_5_task_7   job_10_task_9  job_2_task_11  job_4_task_10  job_2_task_13  job_3_task_13  job_13_task_8  job_9_task_12  job_11_task_11 job_2_task_14  job_18_task_12 job_12_task_12 job_12_task_13 job_7_task_13  job_13_task_14 job_7_task_14  job_17_task_14 
           [0,1]          [1,6]          [10,16]        [16,23]        [23,32]        [32,36]        [36,40]        [40,41]        [41,50]        [50,59]        [59,66]        [66,74]        [74,82]        [82,90]        [90,100]       [100,110]      [110,119]      [119,129]      [129,130]      [130,139]      [139,147]      [147,151]      [151,155]      [155,160]      [160,164]      [164,173]      [173,174]      [174,181]      [187,190]      [194,195]      [195,199]      [199,209]      [209,215]      [215,224]      [231,235]      [242,250]      [250,259]      [259,269]      [269,270]      [270,278]      [278,288]      [288,296]      [296,304]      [304,309]      [309,314]      [322,324]      [324,328]      [328,329]      [335,337]      
Optimal Schedule Length: 337.0
Total (Unoptimized Schedule Length): 1686
Statistics
  - conflicts: 0
  - branches : 114
  - wall time: 0.987041775s