
Problem
          task_0   task_1   task_2  task_3   task_4   task_5   task_6   task_7   task_8   task_9  task_10  task_11  task_12  task_13  task_14  task_15   task_16
job_0    (6, 10)   (5, 4)   (9, 2)  (4, 9)  (11, 7)  (10, 4)  (6, 10)   (4, 6)   (6, 5)   (1, 6)   (3, 6)   (4, 4)  (2, 10)  (0, 10)   (2, 5)   (4, 5)    (6, 9)
job_1     (2, 7)   (5, 7)   (5, 4)  (7, 7)   (6, 9)  (10, 8)  (10, 9)   (9, 1)   (4, 3)  (3, 10)   (2, 4)   (0, 1)   (3, 8)   (3, 8)   (4, 6)   (5, 6)   (10, 5)
job_2     (4, 7)   (7, 8)   (3, 7)  (9, 8)   (8, 8)  (10, 8)  (12, 6)   (0, 2)   (8, 9)   (1, 2)   (1, 9)   (0, 7)   (2, 2)   (3, 2)   (2, 8)   (6, 4)   (9, 10)
job_3    (9, 10)   (1, 1)   (3, 8)  (9, 2)   (7, 5)   (0, 7)  (12, 7)  (12, 9)   (5, 6)   (7, 4)  (12, 3)   (5, 9)   (7, 4)   (4, 1)   (9, 1)   (4, 2)    (5, 9)
job_4     (3, 7)   (5, 8)   (4, 7)  (5, 5)  (12, 4)   (8, 8)   (0, 4)   (1, 2)  (10, 6)   (3, 3)   (9, 9)  (12, 2)   (3, 2)   (0, 8)   (7, 5)  (11, 5)    (0, 4)
job_5     (5, 4)   (2, 1)   (3, 5)  (8, 8)  (11, 2)  (11, 9)  (11, 8)   (2, 6)   (5, 3)   (3, 4)  (11, 3)  (5, 10)  (11, 1)   (2, 5)  (12, 5)   (8, 3)    (2, 6)
job_6     (8, 1)   (4, 9)   (2, 2)  (4, 4)   (3, 7)   (7, 4)   (3, 9)   (3, 9)   (9, 4)   (8, 5)  (7, 10)   (2, 7)   (4, 2)  (12, 4)   (5, 6)  (10, 2)    (3, 4)
job_7    (0, 10)   (4, 6)  (11, 6)  (4, 9)   (7, 8)  (12, 8)  (10, 7)   (9, 4)   (6, 8)   (6, 5)  (10, 9)  (11, 6)   (7, 3)   (3, 6)   (2, 3)   (5, 7)    (2, 1)
job_8    (9, 10)   (0, 3)   (4, 6)  (7, 2)   (7, 5)   (4, 6)  (5, 10)   (1, 3)   (6, 7)   (1, 8)   (0, 3)   (5, 9)   (0, 1)   (3, 8)   (5, 2)   (4, 9)    (9, 5)
job_9     (9, 8)   (7, 2)  (10, 1)  (7, 2)  (1, 10)   (3, 7)   (4, 2)   (2, 7)   (9, 1)  (10, 5)  (12, 1)  (3, 10)   (5, 6)   (9, 7)  (10, 1)  (11, 7)   (12, 7)
job_10  (11, 10)  (11, 1)   (5, 6)  (7, 2)   (1, 3)   (7, 2)   (6, 8)   (4, 7)   (6, 7)  (12, 6)   (4, 9)   (4, 8)   (9, 4)   (2, 9)   (6, 6)  (11, 8)    (4, 7)
job_11    (9, 8)   (2, 3)   (0, 1)  (6, 8)   (6, 8)   (0, 5)  (5, 10)   (8, 8)   (1, 5)   (3, 3)  (11, 3)  (12, 5)   (2, 5)   (7, 5)  (12, 5)   (5, 1)   (10, 9)
job_12  (10, 10)   (7, 2)   (2, 6)  (0, 2)   (4, 7)  (10, 7)   (5, 9)   (3, 2)  (10, 8)  (11, 7)   (8, 1)  (12, 3)   (0, 8)   (0, 2)   (5, 8)   (3, 4)   (12, 5)
job_13    (1, 3)   (0, 7)   (6, 2)  (3, 5)   (9, 4)   (0, 7)   (3, 4)   (2, 6)   (2, 9)  (11, 9)  (8, 10)   (1, 8)   (2, 4)   (9, 6)   (5, 6)   (8, 4)  (10, 10)
job_14    (4, 4)   (6, 5)   (1, 6)  (9, 2)  (7, 10)   (5, 4)   (7, 3)  (10, 3)  (10, 4)  (4, 10)   (3, 4)  (11, 9)   (0, 9)   (2, 7)   (3, 2)   (6, 6)    (8, 5)
job_15    (3, 3)  (5, 10)   (4, 2)  (3, 5)  (6, 10)   (4, 4)   (5, 7)   (5, 4)   (3, 4)  (9, 10)   (9, 7)   (2, 3)  (12, 9)   (9, 4)  (10, 9)  (11, 4)    (4, 3)


Solution:
Machine 0: job_13_task_1  job_11_task_2  job_7_task_0   job_12_task_3  job_8_task_1   job_13_task_5  job_11_task_5  job_2_task_7   job_3_task_5   job_2_task_11  job_4_task_6   job_8_task_10  job_1_task_11  job_12_task_12 job_0_task_13  job_12_task_13 job_8_task_12  job_14_task_12 job_4_task_13  job_4_task_16  
           [3,10]         [11,12]        [12,22]        [22,24]        [24,27]        [27,34]        [34,39]        [57,59]        [76,83]        [83,90]        [90,94]        [114,117]      [117,118]      [127,135]      [135,145]      [145,147]      [147,148]      [149,158]      [158,166]      [176,180]      
Machine 1: job_13_task_0  job_14_task_2  job_10_task_4  job_3_task_1   job_9_task_4   job_11_task_8  job_2_task_9   job_2_task_10  job_13_task_11 job_4_task_7   job_8_task_7   job_0_task_9   job_8_task_9   
           [0,3]          [17,23]        [34,37]        [55,56]        [56,66]        [66,71]        [71,73]        [73,82]        [82,90]        [94,96]        [96,99]        [99,105]       [106,114]      
Machine 2: job_1_task_0   job_5_task_1   job_11_task_1  job_12_task_2  job_6_task_2   job_13_task_7  job_5_task_7   job_13_task_8  job_5_task_13  job_11_task_12 job_2_task_12  job_13_task_12 job_2_task_14  job_9_task_7   job_1_task_10  job_6_task_11  job_0_task_12  job_15_task_11 job_10_task_13 job_0_task_14  job_7_task_14  job_14_task_13 job_7_task_16  job_5_task_16  
           [0,7]          [7,8]          [8,11]         [12,18]        [20,22]        [40,46]        [46,52]        [52,61]        [78,83]        [84,89]        [90,92]        [92,96]        [96,104]       [104,111]      [111,115]      [115,122]      [122,132]      [132,135]      [135,144]      [145,150]      [153,156]      [158,165]      [170,171]      [173,179]      
Machine 3: job_15_task_0  job_4_task_0   job_5_task_2   job_13_task_3  job_2_task_2   job_6_task_4   job_13_task_6  job_15_task_3  job_6_task_6   job_5_task_9   job_3_task_2   job_11_task_9  job_9_task_5   job_6_task_7   job_15_task_8  job_2_task_13  job_1_task_9   job_12_task_7  job_0_task_10  job_4_task_9   job_14_task_10 job_1_task_12  job_9_task_11  job_1_task_13  job_7_task_13  job_4_task_12  job_8_task_13  job_12_task_15 job_14_task_14 job_6_task_16  
           [0,3]          [3,10]         [10,15]        [15,20]        [20,27]        [27,34]        [36,40]        [40,45]        [45,54]        [56,60]        [60,68]        [71,74]        [74,81]        [81,90]        [90,94]        [94,96]        [96,106]       [106,108]      [108,114]      [114,117]      [117,121]      [121,129]      [129,139]      [139,147]      [147,153]      [153,155]      [155,163]      [163,167]      [167,169]      [176,180]      
Machine 4: job_2_task_0   job_14_task_0  job_6_task_1   job_15_task_2  job_6_task_3   job_7_task_1   job_8_task_2   job_0_task_3   job_4_task_2   job_7_task_3   job_10_task_7  job_15_task_5  job_8_task_5   job_12_task_4  job_0_task_7   job_1_task_8   job_9_task_6   job_10_task_10 job_14_task_9  job_0_task_11  job_10_task_11 job_6_task_12  job_3_task_13  job_3_task_15  job_1_task_14  job_0_task_15  job_10_task_16 job_8_task_15  job_15_task_16 
           [0,7]          [7,11]         [11,20]        [20,22]        [22,26]        [26,32]        [32,38]        [38,47]        [47,54]        [54,63]        [63,70]        [70,74]        [74,80]        [80,87]        [87,93]        [93,96]        [96,98]        [98,107]       [107,117]      [117,121]      [121,129]      [129,131]      [139,140]      [144,146]      [147,153]      [153,158]      [158,165]      [165,174]      [174,177]      
Machine 5: job_5_task_0   job_15_task_1  job_1_task_1   job_1_task_2   job_10_task_2  job_0_task_1   job_4_task_1   job_11_task_6  job_5_task_8   job_4_task_3   job_14_task_5  job_5_task_11  job_15_task_6  job_15_task_7  job_8_task_6   job_12_task_6  job_13_task_14 job_3_task_8   job_8_task_11  job_3_task_11  job_6_task_14  job_9_task_12  job_11_task_15 job_12_task_14 job_7_task_15  job_8_task_14  job_1_task_15  job_3_task_16  
           [0,4]          [4,14]         [14,21]        [21,25]        [25,31]        [31,35]        [35,43]        [43,53]        [53,56]        [56,61]        [61,65]        [65,75]        [75,82]        [82,86]        [86,96]        [96,105]       [105,111]      [111,117]      [117,126]      [126,135]      [135,141]      [141,147]      [147,148]      [148,156]      [156,163]      [163,165]      [165,171]      [171,180]      
Machine 6: job_0_task_0   job_13_task_2  job_14_task_1  job_11_task_3  job_11_task_4  job_1_task_4   job_10_task_6  job_15_task_4  job_0_task_6   job_10_task_8  job_0_task_8   job_8_task_8   job_7_task_8   job_7_task_9   job_2_task_15  job_10_task_14 job_0_task_16  job_14_task_15 
           [0,10]         [10,12]        [12,17]        [17,25]        [25,33]        [33,42]        [42,50]        [50,60]        [62,72]        [72,79]        [93,98]        [99,106]       [106,114]      [114,119]      [119,123]      [144,150]      [158,167]      [169,175]      
Machine 7: job_12_task_1  job_2_task_1   job_1_task_3   job_10_task_3  job_6_task_5   job_10_task_5  job_14_task_4  job_9_task_1   job_8_task_3   job_9_task_3   job_8_task_4   job_7_task_4   job_3_task_4   job_14_task_6  job_11_task_13 job_6_task_10  job_3_task_9   job_3_task_12  job_7_task_12  job_4_task_14  
           [10,12]        [12,20]        [25,32]        [32,34]        [34,38]        [38,40]        [40,50]        [50,52]        [52,54]        [54,56]        [56,61]        [63,71]        [71,76]        [76,79]        [89,94]        [100,110]      [117,121]      [135,139]      [139,142]      [166,171]      
Machine 8: job_6_task_0   job_5_task_3   job_2_task_4   job_11_task_7  job_2_task_8   job_13_task_10 job_4_task_5   job_6_task_9   job_5_task_15  job_12_task_10 job_13_task_15 job_14_task_16 
           [0,1]          [15,23]        [35,43]        [53,61]        [61,70]        [72,82]        [82,90]        [95,100]       [111,114]      [123,124]      [131,135]      [175,180]      
Machine 9: job_11_task_0  job_8_task_0   job_13_task_4  job_14_task_3  job_2_task_3   job_0_task_2   job_9_task_0   job_3_task_0   job_3_task_3   job_1_task_7   job_7_task_7   job_6_task_8   job_13_task_13 job_9_task_8   job_15_task_9  job_15_task_10 job_10_task_12 job_4_task_10  job_3_task_14  job_9_task_13  job_15_task_13 job_2_task_16  job_8_task_16  
           [0,8]          [8,18]         [20,24]        [24,26]        [27,35]        [35,37]        [37,45]        [45,55]        [68,70]        [76,77]        [86,90]        [91,95]        [96,102]       [111,112]      [113,123]      [123,130]      [130,134]      [134,143]      [143,144]      [147,154]      [154,158]      [158,168]      [174,179]      
Machine 10: job_12_task_0  job_2_task_5   job_9_task_2   job_0_task_5   job_1_task_5   job_1_task_6   job_7_task_6   job_12_task_5  job_14_task_7  job_4_task_8   job_14_task_8  job_12_task_8  job_9_task_9   job_7_task_10  job_13_task_16 job_11_task_16 job_9_task_14  job_15_task_14 job_6_task_15  job_1_task_16  
           [0,10]         [43,51]        [52,53]        [55,59]        [59,67]        [67,76]        [79,86]        [87,94]        [94,97]        [97,103]       [103,107]      [108,116]      [116,121]      [121,130]      [138,148]      [148,157]      [157,158]      [158,167]      [172,174]      [174,179]      
Machine 11: job_10_task_0  job_10_task_1  job_5_task_4   job_5_task_5   job_5_task_6   job_7_task_2   job_0_task_4   job_5_task_10  job_13_task_9  job_11_task_10 job_5_task_12  job_12_task_9  job_7_task_11  job_14_task_11 job_10_task_15 job_9_task_15  job_15_task_15 job_4_task_15  
           [0,10]         [10,11]        [23,25]        [25,34]        [34,42]        [42,48]        [48,55]        [60,63]        [63,72]        [74,77]        [77,78]        [116,123]      [130,136]      [136,145]      [150,158]      [158,165]      [167,171]      [171,176]      
Machine 12: job_2_task_6   job_4_task_4   job_7_task_5   job_11_task_11 job_3_task_6   job_10_task_9  job_3_task_7   job_5_task_14  job_11_task_14 job_3_task_10  job_12_task_11 job_9_task_10  job_6_task_13  job_4_task_11  job_15_task_12 job_9_task_16  job_12_task_16 
           [51,57]        [61,65]        [71,79]        [79,84]        [84,91]        [91,97]        [97,106]       [106,111]      [111,116]      [121,124]      [124,127]      [127,128]      [131,135]      [143,145]      [145,154]      [165,172]      [174,179]      
Optimal Schedule Length: 180.0
Total (Unoptimized Schedule Length): 1539
Statistics
  - conflicts: 0
  - branches : 0
  - wall time: 0.45651836100000004s