
Problem
         task_0   task_1   task_2   task_3   task_4   task_5   task_6   task_7   task_8   task_9  task_10  task_11
job_0    (2, 6)   (0, 7)  (3, 10)   (3, 7)  (0, 10)   (0, 3)   (0, 1)   (0, 2)  (2, 10)  (0, 10)   (2, 7)   (0, 5)
job_1    (3, 8)   (1, 7)   (1, 3)   (1, 9)   (1, 8)   (0, 9)  (2, 10)  (0, 10)   (3, 9)  (2, 10)   (0, 5)   (0, 6)
job_2   (0, 10)   (3, 9)   (1, 4)   (1, 3)   (1, 7)  (2, 10)   (1, 3)   (0, 5)   (0, 1)   (3, 3)   (1, 7)   (2, 4)
job_3    (2, 7)   (1, 3)   (0, 2)   (3, 7)   (0, 9)   (1, 3)   (2, 8)   (3, 4)   (0, 8)  (0, 10)  (0, 10)   (3, 9)
job_4    (3, 8)   (2, 2)   (3, 9)   (3, 5)   (1, 4)   (1, 9)   (3, 7)   (1, 7)   (0, 7)   (1, 1)   (0, 3)  (2, 10)
job_5    (0, 6)   (2, 1)   (3, 7)   (3, 5)  (3, 10)   (2, 5)   (3, 2)   (0, 9)   (2, 5)   (2, 5)   (1, 9)   (1, 7)
job_6    (3, 9)   (0, 2)   (0, 9)   (3, 9)   (0, 4)   (1, 7)  (3, 10)   (0, 4)   (0, 8)   (2, 6)   (0, 7)   (3, 7)
job_7    (2, 1)   (3, 1)   (3, 8)   (0, 7)   (1, 7)   (2, 8)   (3, 6)   (0, 2)   (3, 3)   (3, 5)   (1, 4)   (1, 3)
job_8    (0, 6)   (0, 3)   (0, 6)   (1, 5)   (0, 3)   (1, 4)   (1, 7)   (1, 3)   (1, 1)   (2, 6)   (1, 7)   (3, 6)
job_9    (1, 5)   (3, 2)   (1, 3)   (3, 2)   (1, 6)   (1, 7)   (3, 8)   (3, 2)   (2, 7)   (2, 1)   (1, 8)   (1, 8)
job_10   (2, 3)   (3, 4)   (1, 1)   (1, 2)  (3, 10)   (0, 8)   (0, 7)   (2, 6)   (2, 3)   (2, 4)   (0, 7)   (1, 3)
job_11   (1, 3)   (3, 1)   (1, 9)   (0, 4)   (1, 3)   (1, 4)   (1, 8)   (2, 1)   (3, 4)  (0, 10)   (2, 6)   (2, 9)
job_12   (1, 1)  (3, 10)   (3, 3)  (3, 10)   (3, 8)   (1, 6)   (3, 4)   (1, 8)   (1, 3)   (1, 4)   (3, 5)   (1, 2)
job_13   (0, 2)   (1, 5)   (1, 9)   (3, 8)   (0, 8)   (2, 1)   (0, 6)   (2, 1)   (1, 7)   (1, 7)   (0, 5)   (0, 3)
job_14   (3, 6)   (3, 5)   (0, 9)   (0, 2)   (3, 1)   (0, 3)   (1, 1)   (0, 7)   (2, 8)   (2, 9)   (2, 5)  (3, 10)
job_15  (3, 10)   (1, 7)   (0, 6)   (2, 8)   (3, 6)   (3, 7)   (1, 8)   (1, 4)   (2, 9)   (2, 9)   (1, 1)   (3, 7)
job_16   (2, 1)   (3, 4)   (1, 7)   (3, 3)   (0, 5)   (1, 2)   (2, 2)   (0, 4)   (3, 1)   (0, 1)   (1, 5)   (2, 1)
job_17   (3, 1)   (3, 2)   (2, 5)   (2, 7)   (2, 9)  (2, 10)   (0, 7)   (3, 5)   (0, 7)   (3, 7)   (0, 6)   (1, 9)
job_18   (3, 8)   (3, 1)   (0, 4)   (2, 6)   (3, 1)   (1, 4)   (1, 6)   (3, 7)   (2, 7)   (3, 8)   (3, 7)   (1, 8)


Solution:
Machine 0: job_5_task_0   job_2_task_0   job_0_task_1   job_6_task_1   job_6_task_2   job_3_task_2   job_13_task_0  job_15_task_2  job_8_task_0   job_3_task_4   job_1_task_5   job_8_task_1   job_8_task_2   job_17_task_6  job_1_task_7   job_8_task_4   job_6_task_4   job_14_task_2  job_18_task_2  job_14_task_3  job_11_task_3  job_0_task_4   job_0_task_5   job_0_task_6   job_0_task_7   job_7_task_3   job_0_task_9   job_2_task_7   job_2_task_8   job_10_task_5  job_13_task_4  job_14_task_5  job_10_task_6  job_14_task_7  job_3_task_8   job_5_task_7   job_6_task_7   job_13_task_6  job_3_task_9   job_17_task_8  job_6_task_8   job_11_task_9  job_16_task_4  job_4_task_8   job_3_task_10  job_7_task_7   job_17_task_10 job_6_task_10  job_4_task_10  job_16_task_7  job_1_task_10  job_10_task_10 job_13_task_10 job_16_task_9  job_1_task_11  job_0_task_11  job_13_task_11 
           [0,6]          [6,16]         [16,23]        [23,25]        [25,34]        [34,36]        [36,38]        [38,44]        [44,50]        [50,59]        [59,68]        [68,71]        [71,77]        [77,84]        [84,94]        [94,97]        [104,108]      [109,118]      [118,122]      [122,124]      [124,128]      [136,146]      [146,149]      [149,150]      [150,152]      [155,162]      [162,172]      [185,190]      [190,191]      [194,202]      [202,210]      [210,213]      [213,220]      [220,227]      [227,235]      [235,244]      [244,248]      [248,254]      [254,264]      [264,271]      [271,279]      [279,289]      [289,294]      [294,301]      [301,311]      [311,313]      [313,319]      [319,326]      [326,329]      [329,333]      [333,338]      [338,345]      [345,350]      [350,351]      [351,357]      [357,362]      [362,365]      
Machine 1: job_12_task_0  job_11_task_0  job_9_task_0   job_1_task_1   job_1_task_2   job_1_task_3   job_3_task_1   job_15_task_1  job_1_task_4   job_13_task_1  job_13_task_2  job_3_task_5   job_8_task_3   job_8_task_5   job_8_task_6   job_6_task_5   job_11_task_2  job_8_task_7   job_2_task_2   job_10_task_2  job_10_task_3  job_11_task_4  job_2_task_3   job_9_task_2   job_11_task_5  job_4_task_4   job_4_task_5   job_2_task_4   job_7_task_4   job_11_task_6  job_2_task_6   job_18_task_5  job_9_task_4   job_18_task_6  job_9_task_5   job_8_task_8   job_15_task_6  job_14_task_6  job_15_task_7  job_8_task_10  job_12_task_5  job_16_task_2  job_4_task_7   job_13_task_8  job_5_task_10  job_13_task_9  job_12_task_7  job_16_task_5  job_12_task_8  job_4_task_9   job_12_task_9  job_9_task_10  job_15_task_10 job_9_task_11  job_2_task_10  job_17_task_11 job_18_task_11 job_7_task_10  job_5_task_11  job_16_task_10 job_10_task_11 job_7_task_11  job_12_task_11 
           [0,1]          [1,4]          [4,9]          [9,16]         [16,19]        [19,28]        [28,31]        [31,38]        [38,46]        [46,51]        [51,60]        [60,63]        [77,82]        [97,101]       [101,108]      [108,115]      [115,124]      [124,127]      [127,131]      [131,132]      [132,134]      [134,137]      [137,140]      [140,143]      [143,147]      [147,151]      [151,160]      [160,167]      [167,174]      [174,182]      [182,185]      [185,189]      [189,195]      [195,201]      [201,208]      [208,209]      [209,217]      [217,218]      [218,222]      [222,229]      [232,238]      [245,252]      [252,259]      [265,272]      [272,281]      [281,288]      [288,296]      [296,298]      [298,301]      [301,302]      [302,306]      [306,314]      [314,315]      [315,323]      [323,330]      [330,339]      [339,347]      [347,351]      [351,358]      [358,363]      [363,366]      [366,369]      [369,371]      
Machine 2: job_3_task_0   job_0_task_0   job_5_task_1   job_10_task_0  job_7_task_0   job_16_task_0  job_17_task_2  job_17_task_3  job_4_task_1   job_17_task_4  job_15_task_3  job_17_task_5  job_1_task_6   job_3_task_6   job_18_task_3  job_0_task_8   job_5_task_5   job_2_task_5   job_7_task_5   job_11_task_7  job_0_task_10  job_8_task_9   job_13_task_5  job_10_task_7  job_15_task_8  job_14_task_8  job_18_task_8  job_5_task_8   job_14_task_9  job_13_task_7  job_5_task_9   job_10_task_8  job_15_task_9  job_9_task_8   job_1_task_9   job_6_task_9   job_9_task_9   job_14_task_10 job_11_task_10 job_16_task_6  job_10_task_9  job_11_task_11 job_4_task_11  job_2_task_11  job_16_task_11 
           [0,7]          [7,13]         [13,14]        [14,17]        [17,18]        [18,19]        [30,35]        [35,42]        [42,44]        [44,53]        [53,61]        [61,71]        [71,81]        [81,89]        [122,128]      [152,162]      [165,170]      [170,180]      [180,188]      [188,189]      [189,196]      [209,215]      [215,216]      [220,226]      [226,235]      [235,243]      [243,250]      [250,255]      [255,264]      [264,265]      [265,270]      [270,273]      [273,282]      [282,289]      [289,299]      [299,305]      [305,306]      [306,311]      [311,317]      [317,319]      [319,323]      [323,332]      [332,342]      [342,346]      [363,364]      
Machine 3: job_1_task_0   job_6_task_0   job_15_task_0  job_17_task_0  job_17_task_1  job_4_task_0   job_3_task_3   job_18_task_0  job_14_task_0  job_0_task_2   job_5_task_2   job_12_task_1  job_4_task_2   job_6_task_3   job_14_task_1  job_11_task_1  job_18_task_1  job_5_task_3   job_2_task_1   job_10_task_1  job_0_task_3   job_7_task_1   job_9_task_1   job_12_task_2  job_4_task_3   job_7_task_2   job_5_task_4   job_15_task_4  job_12_task_3  job_9_task_3   job_18_task_4  job_10_task_4  job_13_task_3  job_15_task_5  job_14_task_4  job_6_task_6   job_3_task_7   job_12_task_4  job_5_task_6   job_18_task_7  job_16_task_1  job_4_task_6   job_17_task_7  job_9_task_6   job_1_task_8   job_11_task_8  job_9_task_7   job_12_task_6  job_16_task_3  job_7_task_6   job_18_task_9  job_17_task_9  job_18_task_10 job_7_task_8   job_2_task_9   job_7_task_9   job_14_task_11 job_3_task_11  job_16_task_8  job_12_task_10 job_15_task_11 job_6_task_11  job_8_task_11  
           [0,8]          [8,17]         [17,27]        [27,28]        [28,30]        [30,38]        [38,45]        [45,53]        [53,59]        [59,69]        [69,76]        [76,86]        [86,95]        [95,104]       [104,109]      [109,110]      [110,111]      [111,116]      [116,125]      [125,129]      [129,136]      [136,137]      [137,139]      [139,142]      [142,147]      [147,155]      [155,165]      [165,171]      [171,181]      [181,183]      [183,184]      [184,194]      [194,202]      [202,209]      [209,210]      [210,220]      [220,224]      [224,232]      [232,234]      [234,241]      [241,245]      [245,252]      [252,257]      [257,265]      [265,274]      [274,278]      [278,280]      [280,284]      [284,287]      [287,293]      [293,301]      [301,308]      [308,315]      [315,318]      [318,321]      [321,326]      [326,336]      [336,345]      [345,346]      [346,351]      [351,358]      [358,365]      [365,371]      
Optimal Schedule Length: 371.0
Total (Unoptimized Schedule Length): 1286
Statistics
  - conflicts: 1
  - branches : 229
  - wall time: 0.08034738500000001s