
Problem
        task_0  task_1   task_2  task_3  task_4   task_5   task_6   task_7   task_8   task_9 task_10 task_11 task_12  task_13  task_14
job_0   (0, 4)  (1, 2)   (0, 2)  (2, 9)  (0, 6)   (2, 7)  (1, 10)   (3, 4)   (0, 5)  (0, 10)  (2, 6)  (2, 1)  (1, 3)   (3, 9)   (1, 2)
job_1   (3, 7)  (0, 3)   (0, 9)  (1, 2)  (3, 5)   (0, 6)   (2, 6)   (0, 2)   (2, 3)   (2, 9)  (3, 1)  (3, 6)  (1, 7)   (3, 1)   (2, 9)
job_2   (1, 6)  (2, 6)   (2, 5)  (0, 6)  (0, 5)   (2, 6)   (0, 1)   (2, 2)   (0, 3)   (0, 6)  (2, 3)  (1, 7)  (0, 1)   (2, 3)   (3, 3)
job_3   (3, 4)  (2, 1)   (0, 8)  (0, 5)  (1, 4)   (2, 2)   (0, 7)   (3, 6)   (1, 7)   (0, 1)  (1, 2)  (2, 5)  (2, 2)   (3, 2)   (3, 5)
job_4   (3, 4)  (0, 9)   (2, 1)  (3, 7)  (3, 6)   (0, 6)   (3, 1)   (0, 3)   (0, 3)   (3, 7)  (0, 9)  (3, 5)  (2, 8)   (3, 5)  (0, 10)
job_5   (1, 8)  (1, 8)   (2, 4)  (2, 6)  (2, 6)   (1, 3)  (2, 10)   (0, 6)   (2, 8)   (2, 1)  (3, 9)  (3, 3)  (0, 6)   (3, 2)   (0, 7)
job_6   (3, 1)  (1, 6)   (0, 9)  (1, 4)  (1, 4)   (0, 2)   (1, 7)   (1, 9)   (0, 8)   (0, 2)  (1, 7)  (0, 6)  (3, 8)   (1, 4)   (3, 7)
job_7   (2, 5)  (3, 7)   (1, 8)  (3, 1)  (1, 1)   (0, 1)   (2, 2)  (0, 10)  (3, 10)   (3, 1)  (3, 3)  (1, 9)  (0, 7)   (0, 9)  (1, 10)
job_8   (2, 5)  (0, 8)   (1, 8)  (0, 5)  (2, 2)  (0, 10)   (2, 3)   (0, 2)   (2, 2)   (1, 1)  (1, 4)  (0, 9)  (3, 4)   (2, 6)   (2, 6)
job_9   (0, 1)  (0, 2)   (2, 2)  (3, 7)  (1, 2)   (3, 1)   (1, 2)   (1, 8)   (1, 2)   (2, 7)  (1, 3)  (0, 5)  (3, 4)   (3, 9)   (0, 8)
job_10  (0, 4)  (2, 9)  (0, 10)  (2, 5)  (0, 1)  (2, 10)   (1, 8)   (0, 4)   (1, 2)   (0, 2)  (2, 8)  (3, 2)  (3, 5)   (0, 3)   (0, 8)
job_11  (3, 3)  (3, 2)   (1, 7)  (2, 3)  (1, 9)   (2, 6)  (1, 10)  (0, 10)   (2, 9)   (2, 2)  (3, 5)  (3, 7)  (1, 1)  (0, 10)   (3, 7)
job_12  (0, 5)  (3, 5)   (3, 6)  (2, 2)  (3, 2)   (3, 8)   (3, 2)   (3, 1)   (2, 1)   (1, 4)  (1, 6)  (3, 2)  (3, 1)   (3, 1)   (1, 3)
job_13  (0, 2)  (2, 1)   (3, 2)  (1, 3)  (0, 5)   (3, 4)   (3, 4)   (0, 1)   (1, 5)   (1, 9)  (3, 1)  (0, 8)  (2, 9)   (0, 8)   (2, 4)


Solution:
Machine 0: job_10_task_0  job_0_task_0   job_13_task_0  job_4_task_1   job_8_task_1   job_6_task_2   job_0_task_2   job_1_task_1   job_10_task_2  job_1_task_2   job_9_task_0   job_0_task_4   job_7_task_5   job_9_task_1   job_6_task_5   job_4_task_5   job_7_task_7   job_13_task_4  job_3_task_2   job_8_task_3   job_10_task_4  job_11_task_7  job_4_task_7   job_1_task_5   job_12_task_0  job_3_task_3   job_4_task_8   job_8_task_5   job_2_task_3   job_13_task_7  job_5_task_7   job_6_task_8   job_2_task_4   job_1_task_7   job_3_task_6   job_4_task_10  job_0_task_8   job_6_task_9   job_8_task_7   job_10_task_7  job_0_task_9   job_2_task_6   job_13_task_11 job_10_task_9  job_2_task_8   job_9_task_11  job_7_task_12  job_6_task_11  job_8_task_11  job_2_task_9   job_7_task_13  job_3_task_9   job_11_task_13 job_5_task_12  job_13_task_13 job_10_task_13 job_4_task_14  job_10_task_14 job_9_task_14  job_2_task_12  job_5_task_14  
           [0,4]          [4,8]          [8,10]         [10,19]        [19,27]        [27,36]        [36,38]        [38,41]        [41,51]        [51,60]        [60,61]        [61,67]        [67,68]        [68,70]        [70,72]        [72,78]        [78,88]        [88,93]        [93,101]       [101,106]      [106,107]      [107,117]      [117,120]      [120,126]      [126,131]      [131,136]      [136,139]      [139,149]      [149,155]      [155,156]      [156,162]      [162,170]      [170,175]      [175,177]      [177,184]      [184,193]      [193,198]      [198,200]      [200,202]      [202,206]      [206,216]      [216,217]      [217,225]      [225,227]      [227,230]      [230,235]      [235,242]      [242,248]      [248,257]      [257,263]      [263,272]      [272,273]      [273,283]      [283,289]      [289,297]      [297,300]      [300,310]      [310,318]      [318,326]      [326,327]      [327,334]      
Machine 1: job_5_task_0   job_11_task_2  job_6_task_1   job_5_task_1   job_0_task_1   job_11_task_4  job_7_task_2   job_6_task_3   job_6_task_4   job_7_task_4   job_2_task_0   job_8_task_2   job_13_task_3  job_11_task_6  job_6_task_6   job_1_task_3   job_5_task_5   job_9_task_4   job_6_task_7   job_0_task_6   job_9_task_6   job_9_task_7   job_10_task_6  job_9_task_8   job_3_task_4   job_7_task_11  job_9_task_10  job_13_task_8  job_13_task_9  job_11_task_12 job_3_task_8   job_12_task_9  job_6_task_10  job_8_task_9   job_10_task_8  job_8_task_10  job_1_task_12  job_12_task_10 job_0_task_12  job_0_task_14  job_6_task_13  job_2_task_11  job_3_task_10  job_7_task_14  job_12_task_14 
           [0,8]          [8,15]         [15,21]        [21,29]        [29,31]        [31,40]        [40,48]        [48,52]        [52,56]        [56,57]        [57,63]        [63,71]        [71,74]        [74,84]        [84,91]        [91,93]        [93,96]        [96,98]        [98,107]       [107,117]      [117,119]      [119,127]      [127,135]      [135,137]      [137,141]      [141,150]      [150,153]      [156,161]      [161,170]      [171,172]      [190,197]      [197,201]      [201,208]      [208,209]      [209,211]      [211,215]      [215,222]      [222,228]      [228,231]      [240,242]      [263,267]      [267,274]      [274,276]      [276,286]      [286,289]      
Machine 2: job_7_task_0   job_10_task_1  job_8_task_0   job_11_task_3  job_4_task_2   job_13_task_1  job_5_task_2   job_5_task_3   job_0_task_3   job_11_task_5  job_5_task_4   job_10_task_3  job_3_task_1   job_2_task_1   job_7_task_6   job_9_task_2   job_0_task_5   job_2_task_2   job_5_task_6   job_8_task_4   job_10_task_5  job_11_task_8  job_1_task_6   job_11_task_9  job_9_task_9   job_3_task_5   job_12_task_3  job_8_task_6   job_5_task_8   job_5_task_9   job_2_task_5   job_1_task_8   job_1_task_9   job_12_task_8  job_4_task_12  job_8_task_8   job_0_task_10  job_2_task_7   job_0_task_11  job_13_task_12 job_10_task_10 job_1_task_14  job_2_task_10  job_8_task_13  job_8_task_14  job_3_task_11  job_3_task_12  job_13_task_14 job_2_task_13  
           [0,5]          [5,14]         [14,19]        [19,22]        [22,23]        [23,24]        [29,33]        [33,39]        [39,48]        [48,54]        [54,60]        [60,65]        [65,66]        [66,72]        [72,74]        [74,76]        [76,83]        [83,88]        [96,106]       [106,108]      [108,118]      [118,127]      [127,133]      [133,135]      [137,144]      [144,146]      [146,148]      [149,152]      [162,170]      [170,171]      [175,181]      [181,184]      [184,193]      [193,194]      [198,206]      [206,208]      [216,222]      [222,224]      [224,225]      [225,234]      [234,242]      [242,251]      [263,266]      [267,273]      [273,279]      [279,284]      [284,286]      [297,301]      [327,330]      
Machine 3: job_11_task_0  job_11_task_1  job_6_task_0   job_4_task_0   job_7_task_1   job_1_task_0   job_4_task_3   job_13_task_2  job_4_task_4   job_3_task_0   job_7_task_3   job_9_task_3   job_4_task_6   job_7_task_8   job_1_task_4   job_13_task_5  job_9_task_5   job_13_task_6  job_7_task_9   job_7_task_10  job_0_task_7   job_12_task_1  job_12_task_2  job_4_task_9   job_12_task_4  job_11_task_10 job_12_task_5  job_11_task_11 job_13_task_10 job_5_task_10  job_12_task_6  job_12_task_7  job_3_task_7   job_5_task_11  job_4_task_11  job_1_task_10  job_1_task_11  job_4_task_13  job_1_task_13  job_12_task_11 job_12_task_12 job_0_task_13  job_9_task_12  job_10_task_11 job_9_task_13  job_6_task_12  job_8_task_12  job_10_task_12 job_6_task_14  job_12_task_13 job_11_task_14 job_5_task_13  job_3_task_13  job_3_task_14  job_2_task_14  
           [0,3]          [3,5]          [5,6]          [6,10]         [10,17]        [17,24]        [24,31]        [31,33]        [33,39]        [39,43]        [48,49]        [76,83]        [83,84]        [88,98]        [98,103]       [103,107]      [107,108]      [108,112]      [112,113]      [113,116]      [117,121]      [131,136]      [136,142]      [142,149]      [149,151]      [151,156]      [156,164]      [164,171]      [171,172]      [172,181]      [181,183]      [183,184]      [184,190]      [190,193]      [193,198]      [198,199]      [199,205]      [206,211]      [222,223]      [228,230]      [230,231]      [231,240]      [240,244]      [244,246]      [246,255]      [255,263]      [263,267]      [267,272]      [272,279]      [279,280]      [283,290]      [290,292]      [292,294]      [294,299]      [330,333]      
Optimal Schedule Length: 334.0
Total (Unoptimized Schedule Length): 1044
Statistics
  - conflicts: 1
  - branches : 211
  - wall time: 0.081746524s