
Problem
         task_0   task_1   task_2   task_3   task_4   task_5   task_6   task_7   task_8   task_9  task_10  task_11  task_12  task_13  task_14  task_15  task_16  task_17
job_0    (8, 9)   (3, 8)   (6, 2)   (4, 2)   (3, 2)   (1, 4)   (5, 6)   (1, 1)   (0, 3)   (8, 8)   (0, 4)   (8, 2)   (2, 1)   (6, 5)   (8, 9)   (6, 4)   (2, 3)   (7, 2)
job_1    (1, 3)   (6, 7)   (6, 3)  (6, 10)   (0, 5)   (1, 1)   (5, 5)   (0, 8)   (7, 9)   (0, 8)  (1, 10)   (2, 2)   (6, 9)  (3, 10)  (2, 10)   (6, 9)   (3, 2)  (4, 10)
job_2    (7, 2)   (6, 9)   (5, 7)   (7, 8)  (6, 10)   (4, 3)   (4, 3)   (2, 1)   (0, 9)   (0, 8)   (6, 6)   (7, 6)   (8, 3)   (3, 6)   (1, 4)   (5, 2)   (3, 5)   (8, 8)
job_3    (0, 7)   (4, 5)   (4, 6)   (4, 8)   (0, 6)   (2, 5)   (5, 7)   (0, 7)  (3, 10)   (7, 3)   (5, 4)   (0, 7)   (8, 5)   (7, 5)   (6, 3)   (0, 3)   (2, 2)   (1, 5)
job_4    (3, 4)   (2, 8)   (5, 7)   (1, 4)   (3, 1)   (7, 2)   (7, 7)   (8, 6)   (1, 7)   (7, 6)   (3, 4)   (5, 1)   (2, 3)   (5, 7)   (7, 2)   (0, 6)  (7, 10)   (7, 7)
job_5    (8, 2)   (4, 3)  (8, 10)   (8, 7)   (3, 8)   (7, 8)   (7, 7)   (6, 4)   (8, 1)   (4, 1)   (5, 4)   (7, 8)   (5, 6)   (0, 3)  (3, 10)   (0, 1)   (2, 3)   (6, 4)
job_6    (3, 1)   (3, 4)   (3, 8)   (8, 4)   (3, 5)   (4, 5)   (0, 1)   (6, 3)   (3, 4)   (2, 3)   (2, 4)   (3, 5)   (8, 1)   (6, 1)   (7, 4)   (1, 2)   (6, 6)   (7, 6)
job_7    (6, 6)   (5, 7)   (8, 1)   (6, 6)   (8, 2)   (0, 9)   (0, 5)   (8, 7)   (8, 4)  (7, 10)   (3, 7)   (4, 6)  (8, 10)   (7, 2)   (3, 8)   (6, 3)   (0, 6)   (3, 9)
job_8    (8, 2)  (8, 10)  (1, 10)  (2, 10)   (8, 3)   (4, 1)   (4, 3)   (5, 6)   (6, 4)   (2, 2)   (7, 7)   (5, 3)   (2, 1)   (1, 1)   (3, 7)   (8, 6)   (6, 7)   (5, 7)
job_9    (2, 6)  (3, 10)  (1, 10)   (8, 3)  (7, 10)   (7, 9)   (5, 5)   (2, 4)  (1, 10)   (5, 4)  (3, 10)   (2, 6)  (2, 10)  (7, 10)   (0, 5)   (4, 6)   (4, 3)   (1, 7)
job_10   (1, 1)   (0, 5)   (1, 4)   (8, 2)   (6, 1)   (1, 7)   (8, 3)   (0, 3)   (3, 9)   (0, 1)   (7, 2)   (1, 4)   (6, 1)   (0, 7)   (2, 5)   (3, 3)   (6, 9)   (0, 7)
job_11  (0, 10)   (1, 8)  (8, 10)   (5, 9)   (8, 9)   (4, 5)   (4, 2)   (5, 4)   (7, 1)  (5, 10)  (8, 10)   (8, 5)   (7, 5)   (6, 2)  (6, 10)  (6, 10)   (1, 9)   (3, 5)
job_12   (4, 3)   (4, 7)   (0, 4)   (6, 6)   (8, 9)   (6, 9)   (3, 1)   (5, 6)   (4, 6)   (8, 8)   (3, 7)   (7, 1)  (2, 10)   (4, 1)   (8, 3)   (6, 2)   (1, 7)   (1, 7)
job_13   (1, 6)  (7, 10)   (5, 4)   (1, 1)   (2, 3)   (1, 7)   (2, 7)  (6, 10)   (0, 4)   (6, 4)   (8, 6)  (0, 10)  (7, 10)   (6, 7)   (7, 8)   (7, 6)   (3, 9)   (8, 7)
job_14  (2, 10)   (6, 4)   (4, 9)   (1, 7)   (7, 3)   (1, 8)   (5, 7)   (0, 7)   (8, 5)  (3, 10)   (8, 1)   (7, 2)   (1, 1)   (4, 3)   (4, 3)   (6, 8)   (7, 6)   (6, 8)
job_15   (4, 2)   (0, 7)   (5, 9)   (6, 5)   (1, 6)   (1, 6)   (6, 4)   (6, 4)   (0, 5)  (4, 10)   (6, 3)   (1, 3)   (0, 7)  (6, 10)   (0, 3)   (1, 6)   (4, 4)   (4, 6)
job_16   (7, 3)   (1, 5)   (4, 1)   (6, 1)  (8, 10)   (7, 9)   (3, 5)   (2, 2)   (3, 1)   (2, 7)   (1, 7)   (5, 4)   (4, 5)   (4, 5)   (7, 1)   (5, 4)   (6, 5)   (1, 9)
job_17   (8, 6)   (2, 7)   (2, 2)   (8, 4)   (6, 6)  (0, 10)   (2, 8)   (7, 6)   (8, 6)   (6, 3)   (3, 4)   (4, 1)   (8, 4)   (8, 3)   (5, 3)   (3, 1)   (5, 9)   (0, 4)
job_18   (8, 1)   (3, 6)   (1, 3)   (5, 6)   (8, 5)   (6, 7)  (5, 10)   (2, 1)  (1, 10)   (3, 8)   (0, 8)   (4, 6)   (2, 8)   (5, 4)   (2, 7)   (7, 8)   (8, 8)   (5, 6)
job_19   (1, 9)  (0, 10)   (5, 2)  (7, 10)   (5, 7)  (1, 10)   (2, 6)   (5, 3)   (5, 7)   (7, 7)   (2, 1)   (0, 2)   (6, 1)   (5, 7)   (3, 8)  (7, 10)   (8, 4)  (7, 10)


Solution:
Machine 0: job_11_task_0  job_15_task_1  job_3_task_0   job_12_task_2  job_1_task_4   job_19_task_1  job_3_task_4   job_7_task_5   job_1_task_7   job_7_task_6   job_2_task_8   job_2_task_9   job_10_task_1  job_6_task_6   job_1_task_9   job_17_task_5  job_13_task_8  job_15_task_8  job_4_task_15  job_18_task_10 job_3_task_7   job_15_task_12 job_13_task_11 job_14_task_7  job_0_task_8   job_19_task_11 job_15_task_14 job_5_task_13  job_3_task_11  job_0_task_10  job_10_task_7  job_9_task_14  job_10_task_9  job_5_task_15  job_10_task_13 job_7_task_16  job_3_task_15  job_17_task_17 job_10_task_17 
           [0,10]         [10,17]        [17,24]        [24,28]        [40,45]        [45,55]        [55,61]        [63,72]        [72,80]        [80,85]        [85,94]        [94,102]       [102,107]      [107,108]      [108,116]      [116,126]      [126,130]      [130,135]      [135,141]      [141,149]      [149,156]      [158,165]      [168,178]      [178,185]      [185,188]      [188,190]      [190,193]      [193,196]      [197,204]      [204,208]      [211,214]      [214,219]      [224,225]      [234,235]      [237,244]      [244,250]      [254,257]      [259,263]      [263,270]      
Machine 1: job_13_task_0  job_16_task_1  job_1_task_0   job_11_task_1  job_9_task_2   job_19_task_0  job_18_task_2  job_13_task_3  job_4_task_3   job_1_task_5   job_8_task_2   job_14_task_3  job_10_task_0  job_4_task_8   job_15_task_4  job_15_task_5  job_13_task_5  job_16_task_10 job_8_task_13  job_18_task_8  job_19_task_5  job_9_task_8   job_10_task_2  job_1_task_10  job_14_task_5  job_15_task_11 job_0_task_5   job_2_task_14  job_6_task_15  job_16_task_17 job_0_task_7   job_15_task_15 job_10_task_5  job_11_task_16 job_14_task_12 job_10_task_11 job_9_task_17  job_12_task_16 job_12_task_17 job_3_task_17  
           [0,6]          [6,11]         [11,14]        [14,22]        [22,32]        [32,41]        [41,44]        [44,45]        [45,49]        [49,50]        [50,60]        [60,67]        [67,68]        [69,76]        [76,82]        [82,88]        [88,95]        [95,102]       [102,103]      [103,113]      [113,123]      [123,133]      [133,137]      [137,147]      [147,155]      [155,158]      [158,162]      [162,166]      [168,170]      [170,179]      [181,182]      [193,199]      [199,206]      [215,224]      [224,225]      [232,236]      [236,243]      [247,254]      [254,261]      [261,266]      
Machine 2: job_9_task_0   job_14_task_0  job_4_task_1   job_17_task_1  job_17_task_2  job_16_task_7  job_16_task_9  job_13_task_4  job_8_task_3   job_3_task_5   job_9_task_7   job_2_task_7   job_8_task_9   job_18_task_7  job_4_task_12  job_8_task_12  job_13_task_6  job_19_task_6  job_17_task_6  job_6_task_9   job_6_task_10  job_1_task_11  job_9_task_11  job_9_task_12  job_18_task_12 job_19_task_10 job_1_task_14  job_18_task_14 job_12_task_12 job_0_task_12  job_5_task_16  job_0_task_16  job_10_task_14 job_3_task_16  
           [0,6]          [6,16]         [16,24]        [31,38]        [38,40]        [40,42]        [43,50]        [50,53]        [60,70]        [70,75]        [75,79]        [84,85]        [87,89]        [93,94]        [98,101]       [101,102]      [102,109]      [123,129]      [129,137]      [137,140]      [140,144]      [147,149]      [156,162]      [162,172]      [172,180]      [180,181]      [181,191]      [191,198]      [198,208]      [214,215]      [235,238]      [238,241]      [244,249]      [257,259]      
Machine 3: job_4_task_0   job_18_task_1  job_9_task_1   job_6_task_0   job_6_task_1   job_6_task_2   job_16_task_6  job_16_task_8  job_4_task_4   job_4_task_10  job_5_task_4   job_6_task_4   job_8_task_14  job_0_task_1   job_18_task_9  job_6_task_8   job_7_task_10  job_2_task_13  job_12_task_6  job_0_task_4   job_9_task_10  job_6_task_11  job_3_task_8   job_1_task_13  job_12_task_10 job_2_task_16  job_17_task_10 job_14_task_9  job_7_task_14  job_10_task_8  job_5_task_14  job_19_task_14 job_11_task_17 job_1_task_16  job_17_task_15 job_10_task_15 job_13_task_16 job_7_task_17  
           [0,4]          [4,10]         [10,20]        [20,21]        [21,25]        [25,33]        [35,40]        [42,43]        [49,50]        [82,86]        [89,97]        [97,102]       [103,110]      [110,118]      [118,126]      [126,130]      [130,137]      [137,143]      [143,144]      [144,146]      [146,156]      [156,161]      [161,171]      [171,181]      [181,188]      [188,193]      [193,197]      [197,207]      [207,215]      [215,224]      [224,234]      [234,242]      [242,247]      [247,249]      [249,250]      [250,253]      [253,262]      [262,271]      
Machine 4: job_15_task_0  job_12_task_0  job_12_task_1  job_16_task_2  job_5_task_1   job_3_task_1   job_3_task_2   job_3_task_3   job_14_task_2  job_8_task_5   job_8_task_6   job_2_task_5   job_2_task_6   job_11_task_5  job_11_task_6  job_6_task_5   job_5_task_9   job_0_task_3   job_16_task_12 job_15_task_9  job_7_task_11  job_16_task_13 job_12_task_8  job_18_task_11 job_17_task_11 job_15_task_16 job_15_task_17 job_12_task_13 job_9_task_15  job_14_task_13 job_14_task_14 job_9_task_16  job_1_task_17  
           [0,2]          [2,5]          [5,12]         [12,13]        [13,16]        [24,29]        [29,35]        [35,43]        [44,53]        [73,74]        [74,77]        [78,81]        [81,84]        [84,89]        [89,91]        [102,107]      [127,128]      [128,130]      [130,135]      [135,145]      [145,151]      [151,156]      [156,162]      [162,168]      [197,198]      [199,203]      [203,209]      [209,210]      [219,225]      [225,228]      [228,231]      [231,234]      [249,259]      
Machine 5: job_2_task_2   job_13_task_2  job_15_task_2  job_7_task_1   job_4_task_2   job_18_task_3  job_11_task_3  job_19_task_2  job_1_task_6   job_9_task_6   job_8_task_7   job_18_task_6  job_11_task_7  job_4_task_11  job_8_task_11  job_19_task_4  job_3_task_6   job_4_task_13  job_16_task_11 job_5_task_10  job_11_task_9  job_9_task_9   job_19_task_7  job_12_task_7  job_16_task_15 job_19_task_8  job_14_task_6  job_0_task_6   job_18_task_13 job_2_task_15  job_5_task_12  job_3_task_10  job_8_task_17  job_19_task_13 job_17_task_14 job_17_task_16 job_18_task_17 
           [11,18]        [18,22]        [22,31]        [31,38]        [38,45]        [45,51]        [51,60]        [60,62]        [62,67]        [67,72]        [77,83]        [83,93]        [93,97]        [97,98]        [98,101]       [101,108]      [108,115]      [115,122]      [122,126]      [128,132]      [132,142]      [142,146]      [146,149]      [149,155]      [157,161]      [161,168]      [168,175]      [175,181]      [181,185]      [185,187]      [187,193]      [193,197]      [197,204]      [204,211]      [234,237]      [250,259]      [259,265]      
Machine 6: job_2_task_1   job_16_task_3  job_1_task_1   job_1_task_2   job_7_task_0   job_1_task_3   job_14_task_1  job_12_task_3  job_7_task_3   job_15_task_3  job_18_task_5  job_2_task_4   job_8_task_8   job_15_task_6  job_15_task_7  job_17_task_4  job_2_task_10  job_6_task_7   job_13_task_7  job_5_task_7   job_0_task_2   job_12_task_5  job_8_task_16  job_13_task_9  job_15_task_10 job_1_task_12  job_17_task_9  job_6_task_13  job_16_task_16 job_15_task_13 job_6_task_16  job_11_task_13 job_11_task_14 job_10_task_4  job_19_task_12 job_13_task_13 job_11_task_15 job_0_task_13  job_1_task_15  job_7_task_15  job_0_task_15  job_10_task_12 job_14_task_15 job_12_task_15 job_5_task_17  job_3_task_14  job_10_task_16 job_14_task_17 
           [2,11]         [13,14]        [14,21]        [21,24]        [24,30]        [30,40]        [40,44]        [44,50]        [50,56]        [56,61]        [61,68]        [68,78]        [83,87]        [88,92]        [92,96]        [96,102]       [102,108]      [108,111]      [111,121]      [121,125]      [125,127]      [127,136]      [136,143]      [143,147]      [147,150]      [150,159]      [159,162]      [162,163]      [163,168]      [168,178]      [178,184]      [184,186]      [186,196]      [196,197]      [197,198]      [198,205]      [205,215]      [215,220]      [220,229]      [229,232]      [232,236]      [236,237]      [237,245]      [245,247]      [247,251]      [251,254]      [254,263]      [263,271]      
Machine 7: job_2_task_0   job_16_task_0  job_13_task_1  job_2_task_3   job_16_task_5  job_9_task_4   job_9_task_5   job_4_task_5   job_4_task_6   job_19_task_3  job_14_task_4  job_4_task_9   job_1_task_8   job_8_task_10  job_5_task_5   job_5_task_6   job_2_task_11  job_7_task_9   job_4_task_14  job_11_task_8  job_5_task_11  job_17_task_7  job_4_task_16  job_16_task_14 job_4_task_17  job_6_task_14  job_19_task_9  job_11_task_12 job_13_task_12 job_3_task_9   job_12_task_11 job_9_task_13  job_7_task_13  job_13_task_14 job_14_task_11 job_13_task_15 job_18_task_15 job_10_task_10 job_6_task_17  job_3_task_13  job_19_task_15 job_14_task_16 job_19_task_17 job_0_task_17  
           [0,2]          [2,5]          [6,16]         [18,26]        [26,35]        [35,45]        [45,54]        [54,56]        [56,63]        [63,73]        [73,76]        [76,82]        [82,91]        [91,98]        [98,106]       [106,113]      [113,119]      [119,129]      [129,131]      [131,132]      [132,140]      [140,146]      [146,156]      [156,157]      [157,164]      [164,168]      [168,175]      [175,180]      [180,190]      [190,193]      [193,194]      [194,204]      [204,206]      [206,214]      [214,216]      [216,222]      [222,230]      [230,232]      [232,238]      [238,243]      [243,253]      [253,259]      [259,269]      [269,271]      
Machine 8: job_18_task_0  job_8_task_0   job_5_task_0   job_8_task_1   job_16_task_4  job_17_task_0  job_9_task_3   job_11_task_2  job_7_task_2   job_5_task_2   job_18_task_4  job_7_task_4   job_4_task_7   job_8_task_4   job_11_task_4  job_5_task_3   job_17_task_3  job_6_task_3   job_0_task_0   job_7_task_7   job_7_task_8   job_12_task_4  job_5_task_8   job_8_task_15  job_2_task_12  job_10_task_3  job_11_task_10 job_17_task_8  job_6_task_12  job_13_task_10 job_11_task_11 job_12_task_9  job_7_task_12  job_14_task_8  job_0_task_9   job_17_task_12 job_10_task_6  job_14_task_10 job_0_task_11  job_3_task_12  job_12_task_14 job_0_task_14  job_17_task_13 job_2_task_17  job_18_task_16 job_19_task_16 job_13_task_17 
           [0,1]          [1,3]          [3,5]          [5,15]         [15,25]        [25,31]        [32,35]        [35,45]        [45,46]        [46,56]        [56,61]        [61,63]        [63,69]        [70,73]        [73,82]        [82,89]        [89,93]        [93,97]        [97,106]       [106,113]      [113,117]      [117,126]      [126,127]      [127,133]      [133,136]      [137,139]      [142,152]      [152,158]      [161,162]      [162,168]      [168,173]      [173,181]      [181,191]      [191,196]      [196,204]      [204,208]      [208,211]      [211,212]      [212,214]      [214,219]      [219,222]      [222,231]      [231,234]      [234,242]      [242,250]      [253,257]      [262,269]      
Optimal Schedule Length: 271.0
Total (Unoptimized Schedule Length): 1982
Statistics
  - conflicts: 0
  - branches : 165
  - wall time: 4.707497841s