
Problem
         task_0   task_1   task_2   task_3   task_4   task_5   task_6   task_7   task_8   task_9  task_10  task_11 task_12  task_13
job_0    (0, 8)   (1, 1)   (4, 4)   (1, 5)   (2, 7)   (2, 8)   (4, 2)   (1, 9)   (3, 7)   (4, 2)   (4, 5)   (2, 5)  (1, 3)   (3, 7)
job_1    (0, 2)   (2, 7)   (1, 2)   (1, 6)   (0, 8)   (1, 2)   (3, 9)   (2, 6)  (4, 10)   (4, 7)   (4, 3)   (2, 9)  (4, 2)   (0, 9)
job_2    (0, 4)   (4, 5)   (4, 2)   (2, 7)   (1, 1)   (2, 3)   (3, 4)   (0, 5)  (4, 10)  (1, 10)   (1, 5)   (1, 5)  (1, 8)   (0, 3)
job_3   (0, 10)   (4, 5)   (4, 7)   (4, 4)  (3, 10)   (3, 2)   (2, 1)   (1, 3)   (0, 8)   (4, 7)   (3, 8)   (3, 6)  (2, 8)   (3, 4)
job_4    (2, 2)   (1, 5)   (3, 3)   (4, 9)  (2, 10)  (2, 10)   (3, 5)   (2, 9)   (4, 5)   (0, 6)   (0, 4)   (4, 5)  (0, 3)   (2, 8)
job_5    (4, 3)   (1, 6)   (2, 7)   (0, 7)   (4, 7)   (3, 9)   (4, 9)   (0, 2)   (2, 6)  (2, 10)  (0, 10)   (3, 6)  (0, 2)   (1, 7)
job_6    (4, 3)   (4, 8)   (1, 9)   (4, 9)   (3, 1)   (0, 7)   (0, 8)   (0, 1)   (2, 5)  (4, 10)   (0, 6)   (4, 2)  (1, 9)  (4, 10)
job_7   (0, 10)   (3, 1)   (1, 6)   (4, 1)   (1, 1)   (0, 9)   (1, 9)  (1, 10)   (2, 9)   (0, 7)   (1, 7)   (4, 7)  (0, 1)   (4, 2)
job_8   (1, 10)  (3, 10)  (0, 10)  (3, 10)   (1, 3)   (2, 5)   (3, 5)   (1, 1)   (2, 2)   (4, 1)   (1, 1)   (0, 5)  (4, 4)   (1, 2)
job_9    (0, 6)   (2, 3)   (0, 5)   (4, 3)   (2, 7)   (1, 9)   (0, 6)   (4, 2)   (3, 1)   (0, 5)   (2, 6)   (2, 9)  (0, 1)   (3, 6)
job_10   (0, 3)   (2, 1)   (3, 2)   (2, 4)   (4, 8)   (4, 3)   (2, 3)   (2, 6)   (1, 9)   (1, 8)   (0, 4)  (2, 10)  (0, 1)  (2, 10)
job_11   (3, 3)   (1, 1)   (1, 8)   (0, 3)   (3, 5)   (0, 1)   (1, 4)   (4, 9)   (1, 9)   (1, 2)   (3, 1)   (4, 9)  (2, 7)  (4, 10)
job_12   (0, 2)   (1, 7)   (3, 3)   (3, 9)  (3, 10)   (0, 3)  (2, 10)   (2, 9)   (2, 5)  (0, 10)   (1, 7)   (3, 6)  (1, 8)   (1, 4)
job_13   (2, 4)   (0, 7)   (4, 8)   (2, 4)   (3, 1)   (4, 6)   (2, 1)   (2, 5)   (3, 5)  (0, 10)   (0, 2)   (1, 7)  (3, 3)   (1, 7)
job_14   (1, 8)  (1, 10)   (0, 6)   (4, 1)   (2, 3)  (4, 10)   (2, 9)   (4, 2)   (0, 6)   (2, 4)   (1, 7)   (2, 8)  (1, 2)   (1, 5)
job_15   (3, 4)  (3, 10)   (0, 1)   (3, 5)   (3, 6)   (3, 7)   (0, 4)   (3, 3)   (4, 5)   (1, 2)   (1, 5)   (0, 2)  (4, 4)   (0, 5)
job_16  (3, 10)   (4, 9)   (4, 5)   (3, 8)  (2, 10)   (1, 9)  (2, 10)   (4, 3)   (4, 1)   (2, 7)   (1, 1)   (0, 3)  (0, 3)   (1, 2)
job_17   (3, 6)   (1, 9)   (4, 6)  (3, 10)   (2, 4)  (4, 10)  (1, 10)  (4, 10)   (1, 3)   (3, 2)   (0, 3)   (3, 4)  (3, 9)   (4, 9)


Solution:
Machine 0: job_12_task_0  job_1_task_0   job_3_task_0   job_10_task_0  job_2_task_0   job_7_task_0   job_9_task_0   job_5_task_3   job_9_task_2   job_12_task_5  job_0_task_0   job_13_task_1  job_1_task_4   job_14_task_2  job_15_task_2  job_2_task_7   job_6_task_5   job_11_task_3  job_6_task_6   job_8_task_2   job_7_task_5   job_6_task_7   job_11_task_5  job_12_task_9  job_10_task_10 job_5_task_7   job_9_task_6   job_3_task_8   job_15_task_6  job_13_task_9  job_5_task_10  job_14_task_8  job_9_task_9   job_6_task_10  job_4_task_9   job_17_task_10 job_7_task_9   job_4_task_10  job_13_task_10 job_10_task_12 job_5_task_12  job_2_task_13  job_4_task_12  job_1_task_13  job_9_task_12  job_15_task_11 job_16_task_11 job_16_task_12 job_7_task_12  job_15_task_13 job_8_task_11  
           [0,2]          [2,4]          [4,14]         [14,17]        [17,21]        [21,31]        [31,37]        [37,44]        [44,49]        [49,52]        [52,60]        [60,67]        [67,75]        [75,81]        [81,82]        [82,87]        [87,94]        [94,97]        [97,105]       [105,115]      [115,124]      [124,125]      [125,126]      [126,136]      [136,140]      [141,143]      [146,152]      [152,160]      [165,169]      [189,199]      [199,209]      [209,215]      [215,220]      [220,226]      [226,232]      [232,235]      [235,242]      [242,246]      [246,248]      [248,249]      [249,251]      [251,254]      [256,259]      [259,268]      [268,269]      [275,277]      [277,280]      [280,283]      [285,286]      [289,294]      [294,299]      
Machine 1: job_14_task_0  job_12_task_1  job_5_task_1   job_17_task_1  job_4_task_1   job_6_task_2   job_2_task_4   job_14_task_1  job_1_task_2   job_1_task_3   job_11_task_1  job_7_task_2   job_8_task_0   job_11_task_2  job_10_task_8  job_10_task_9  job_0_task_1   job_7_task_4   job_17_task_6  job_0_task_3   job_1_task_5   job_7_task_6   job_11_task_6  job_9_task_5   job_3_task_7   job_7_task_7   job_16_task_5  job_0_task_7   job_11_task_8  job_2_task_9   job_17_task_8  job_11_task_9  job_8_task_4   job_12_task_10 job_2_task_10  job_2_task_11  job_14_task_10 job_8_task_7   job_12_task_12 job_2_task_12  job_6_task_12  job_15_task_9  job_13_task_11 job_7_task_10  job_15_task_10 job_16_task_10 job_5_task_13  job_13_task_13 job_8_task_10  job_0_task_12  job_14_task_12 job_14_task_13 job_12_task_13 job_16_task_13 job_8_task_13  
           [0,8]          [8,15]         [15,21]        [21,30]        [30,35]        [35,44]        [44,45]        [45,55]        [55,57]        [57,63]        [63,64]        [64,70]        [70,80]        [80,88]        [88,97]        [97,105]       [105,106]      [106,107]      [107,117]      [117,122]      [122,124]      [124,133]      [133,137]      [137,146]      [146,149]      [149,159]      [159,168]      [168,177]      [177,186]      [186,196]      [196,199]      [199,201]      [201,204]      [204,211]      [211,216]      [216,221]      [221,228]      [228,229]      [229,237]      [237,245]      [245,254]      [254,256]      [256,263]      [263,270]      [270,275]      [275,276]      [276,283]      [283,290]      [290,291]      [291,294]      [294,296]      [296,301]      [301,305]      [305,307]      [307,309]      
Machine 2: job_4_task_0   job_13_task_0  job_1_task_1   job_10_task_1  job_10_task_3  job_5_task_2   job_2_task_3   job_9_task_1   job_10_task_6  job_10_task_7  job_2_task_5   job_12_task_6  job_4_task_4   job_17_task_4  job_4_task_5   job_12_task_7  job_12_task_8  job_14_task_4  job_4_task_7   job_9_task_4   job_16_task_4  job_0_task_4   job_13_task_3  job_3_task_6   job_0_task_5   job_1_task_7   job_14_task_6  job_6_task_8   job_5_task_8   job_13_task_6  job_13_task_7  job_5_task_9   job_7_task_8   job_16_task_6  job_8_task_5   job_14_task_9  job_9_task_10  job_10_task_11 job_1_task_11  job_11_task_12 job_16_task_9  job_9_task_11  job_3_task_12  job_14_task_11 job_8_task_8   job_0_task_11  job_10_task_13 job_4_task_13  
           [0,2]          [2,6]          [6,13]         [17,18]        [20,24]        [24,31]        [31,38]        [38,41]        [41,44]        [44,50]        [50,53]        [53,63]        [63,73]        [73,77]        [77,87]        [87,96]        [96,101]       [101,104]      [104,113]      [113,120]      [120,130]      [130,137]      [137,141]      [141,142]      [142,150]      [150,156]      [156,165]      [165,170]      [170,176]      [176,177]      [177,182]      [182,192]      [192,201]      [201,211]      [211,216]      [216,220]      [220,226]      [226,236]      [236,245]      [245,252]      [252,259]      [259,268]      [268,276]      [276,284]      [284,286]      [286,291]      [291,301]      [301,309]      
Machine 3: job_17_task_0  job_16_task_0  job_10_task_2  job_12_task_2  job_12_task_3  job_11_task_0  job_4_task_2   job_12_task_4  job_17_task_3  job_7_task_1   job_15_task_0  job_15_task_1  job_2_task_6   job_5_task_5   job_6_task_4   job_8_task_1   job_4_task_6   job_3_task_4   job_16_task_3  job_11_task_4  job_1_task_6   job_3_task_5   job_15_task_3  job_13_task_4  job_15_task_4  job_8_task_3   job_15_task_5  job_15_task_7  job_0_task_8   job_13_task_8  job_3_task_10  job_11_task_10 job_17_task_9  job_3_task_11  job_9_task_8   job_12_task_11 job_8_task_6   job_5_task_11  job_17_task_11 job_17_task_12 job_13_task_12 job_9_task_13  job_3_task_13  job_0_task_13  
           [0,6]          [6,16]         [18,20]        [20,23]        [23,32]        [32,35]        [35,38]        [38,48]        [48,58]        [58,59]        [59,63]        [63,73]        [73,77]        [77,86]        [86,87]        [87,97]        [97,102]       [102,112]      [112,120]      [120,125]      [125,134]      [134,136]      [136,141]      [141,142]      [142,148]      [148,158]      [158,165]      [169,172]      [177,184]      [184,189]      [195,203]      [203,204]      [204,206]      [206,212]      [212,213]      [213,219]      [219,224]      [224,230]      [235,239]      [239,248]      [263,266]      [269,275]      [276,280]      [294,301]      
Machine 4: job_6_task_0   job_6_task_1   job_5_task_0   job_3_task_1   job_2_task_1   job_2_task_2   job_10_task_4  job_10_task_5  job_17_task_2  job_4_task_3   job_3_task_2   job_16_task_1  job_5_task_4   job_6_task_3   job_3_task_3   job_7_task_3   job_16_task_2  job_14_task_3  job_17_task_5  job_9_task_3   job_0_task_2   job_13_task_2  job_14_task_5  job_5_task_6   job_11_task_7  job_13_task_5  job_2_task_8   job_0_task_6   job_1_task_8   job_17_task_7  job_3_task_9   job_6_task_9   job_14_task_7  job_9_task_7   job_4_task_8   job_1_task_9   job_11_task_11 job_1_task_10  job_15_task_8  job_0_task_9   job_6_task_11  job_16_task_7  job_0_task_10  job_16_task_8  job_4_task_11  job_1_task_12  job_11_task_13 job_6_task_13  job_7_task_11  job_15_task_12 job_8_task_9   job_17_task_13 job_8_task_12  job_7_task_13  
           [0,3]          [3,11]         [11,14]        [14,19]        [21,26]        [26,28]        [28,36]        [36,39]        [39,45]        [45,54]        [54,61]        [61,70]        [70,77]        [77,86]        [86,90]        [90,91]        [91,96]        [96,97]        [97,107]       [107,110]      [110,114]      [114,122]      [122,132]      [132,141]      [141,150]      [150,156]      [156,166]      [166,168]      [168,178]      [178,188]      [188,195]      [195,205]      [205,207]      [207,209]      [209,214]      [214,221]      [221,230]      [230,233]      [233,238]      [238,240]      [240,242]      [242,245]      [245,250]      [250,251]      [251,256]      [256,258]      [258,268]      [268,278]      [278,285]      [285,289]      [289,290]      [290,299]      [299,303]      [303,305]      
Optimal Schedule Length: 309.0
Total (Unoptimized Schedule Length): 1418
Statistics
  - conflicts: 0
  - branches : 0
  - wall time: 0.6824322820000001s