
Problem
         task_0   task_1   task_2   task_3   task_4   task_5   task_6   task_7   task_8   task_9   task_10   task_11  task_12   task_13  task_14   task_15  task_16   task_17
job_0    (3, 2)   (2, 5)   (9, 7)   (0, 1)  (4, 10)   (2, 7)  (10, 5)   (2, 8)   (5, 4)  (2, 10)    (5, 5)   (11, 6)  (5, 10)    (5, 7)   (9, 3)    (9, 3)   (1, 4)    (5, 1)
job_1    (5, 7)   (3, 6)  (3, 10)  (6, 10)  (11, 8)  (6, 10)   (9, 3)  (5, 10)   (0, 3)   (0, 8)   (1, 10)    (2, 5)   (2, 1)    (6, 7)   (5, 3)    (3, 6)   (8, 2)    (3, 4)
job_2   (10, 4)  (1, 10)   (5, 4)  (4, 10)   (7, 9)   (7, 1)   (7, 5)   (5, 6)   (3, 7)   (3, 2)   (10, 5)    (1, 9)   (9, 5)    (8, 6)  (1, 10)    (9, 7)   (4, 8)    (0, 5)
job_3    (6, 8)   (6, 3)   (2, 6)   (3, 5)  (11, 2)   (3, 2)   (3, 4)   (7, 7)   (2, 1)   (6, 9)    (6, 3)    (2, 1)   (9, 3)    (7, 8)   (2, 4)    (4, 7)   (0, 4)   (7, 10)
job_4    (8, 1)   (4, 9)   (0, 9)  (10, 7)   (9, 6)   (4, 2)   (7, 4)  (11, 9)   (2, 7)   (2, 6)    (1, 4)    (5, 6)   (1, 8)    (4, 8)   (4, 5)    (8, 9)   (0, 9)    (2, 8)
job_5    (2, 8)   (9, 4)   (4, 3)  (10, 1)   (2, 4)   (9, 8)   (8, 2)   (3, 2)   (6, 9)   (5, 4)   (10, 3)    (4, 3)   (6, 3)    (6, 1)   (4, 5)    (0, 5)  (11, 8)    (4, 8)
job_6    (6, 8)   (1, 8)   (1, 9)  (2, 10)   (0, 8)  (11, 5)   (1, 7)  (11, 7)   (0, 3)  (11, 5)    (6, 4)    (4, 7)  (10, 3)    (4, 8)  (11, 2)    (4, 4)   (0, 5)   (10, 1)
job_7    (6, 5)  (7, 10)   (8, 3)   (8, 5)   (5, 1)   (1, 8)   (0, 5)  (11, 5)   (9, 7)   (3, 3)    (5, 6)    (0, 4)   (9, 1)    (0, 1)   (3, 7)    (7, 4)   (2, 6)    (4, 8)
job_8    (5, 6)   (3, 7)  (9, 10)   (4, 5)   (3, 2)   (7, 7)   (9, 3)   (2, 5)   (4, 5)  (10, 3)    (3, 7)    (9, 9)   (8, 7)    (7, 3)   (7, 2)    (1, 7)   (6, 6)    (0, 2)
job_9    (2, 6)  (4, 10)   (9, 9)  (2, 10)  (10, 1)   (7, 2)  (10, 2)  (10, 7)  (10, 8)   (3, 8)  (10, 10)    (8, 1)   (4, 7)    (4, 4)   (8, 5)    (3, 1)   (9, 3)   (7, 10)
job_10   (0, 1)   (9, 1)   (2, 3)  (4, 10)   (4, 7)  (7, 10)   (4, 4)   (8, 1)   (4, 9)  (0, 10)    (6, 6)   (10, 3)   (2, 4)  (10, 10)   (5, 4)  (11, 10)   (4, 2)    (3, 9)
job_11   (3, 8)   (7, 1)   (4, 9)   (6, 7)  (11, 3)   (9, 6)   (5, 3)   (3, 2)  (11, 5)   (0, 9)    (0, 1)    (7, 2)   (0, 8)    (8, 8)  (11, 8)   (5, 10)   (1, 4)    (6, 1)
job_12  (11, 3)   (4, 8)   (4, 3)  (9, 10)   (5, 2)   (4, 4)  (11, 3)  (1, 10)   (8, 8)  (10, 9)    (2, 5)    (6, 6)   (4, 2)   (10, 5)   (3, 8)    (6, 3)   (8, 9)    (7, 8)
job_13   (6, 7)   (0, 9)   (6, 7)   (3, 9)  (6, 10)   (6, 4)   (7, 6)   (1, 2)   (2, 3)   (5, 8)   (10, 6)  (10, 10)   (3, 7)   (11, 3)   (5, 3)    (7, 4)  (11, 2)  (11, 10)


Solution:
Machine 0: job_10_task_0  job_13_task_1  job_4_task_2   job_0_task_3   job_6_task_4   job_7_task_6   job_6_task_8   job_1_task_8   job_1_task_9   job_7_task_11  job_7_task_13  job_10_task_9  job_11_task_9  job_11_task_10 job_11_task_12 job_4_task_16  job_2_task_17  job_5_task_15  job_3_task_16  job_6_task_16  job_8_task_17  
           [0,1]          [7,16]         [16,25]        [25,26]        [42,50]        [50,55]        [69,72]        [87,90]        [90,98]        [98,102]       [103,104]      [104,114]      [114,123]      [123,124]      [126,134]      [151,160]      [161,166]      [166,171]      [173,177]      [177,182]      [184,186]      
Machine 1: job_2_task_1   job_6_task_1   job_6_task_2   job_7_task_5   job_6_task_6   job_2_task_11  job_13_task_7  job_12_task_7  job_4_task_10  job_1_task_10  job_4_task_12  job_2_task_14  job_0_task_16  job_8_task_15  job_11_task_16 
           [4,14]         [15,23]        [23,32]        [39,47]        [55,62]        [65,74]        [85,87]        [89,99]        [99,103]       [103,113]      [113,121]      [121,131]      [167,171]      [171,178]      [181,185]      
Machine 2: job_9_task_0   job_10_task_2  job_0_task_1   job_5_task_0   job_6_task_3   job_9_task_3   job_3_task_2   job_0_task_5   job_4_task_8   job_4_task_9   job_5_task_4   job_0_task_7   job_13_task_8  job_8_task_7   job_3_task_8   job_0_task_9   job_12_task_10 job_1_task_11  job_1_task_12  job_10_task_12 job_3_task_11  job_7_task_16  job_3_task_14  job_4_task_17  
           [0,6]          [6,9]          [9,14]         [14,22]        [32,42]        [47,57]        [57,63]        [79,86]        [86,93]        [93,99]        [99,103]       [103,111]      [111,114]      [114,119]      [119,120]      [120,130]      [130,135]      [135,140]      [140,141]      [141,145]      [147,148]      [148,154]      [159,163]      [163,171]      
Machine 3: job_0_task_0   job_11_task_0  job_1_task_1   job_1_task_2   job_8_task_1   job_13_task_3  job_2_task_8   job_2_task_9   job_3_task_3   job_3_task_5   job_3_task_6   job_7_task_9   job_8_task_4   job_9_task_9   job_11_task_7  job_7_task_14  job_5_task_7   job_9_task_15  job_8_task_10  job_13_task_12 job_12_task_14 job_1_task_15  job_10_task_17 job_1_task_17  
           [0,2]          [2,10]         [10,16]        [16,26]        [26,33]        [33,42]        [51,58]        [58,60]        [63,68]        [71,73]        [73,77]        [77,80]        [88,90]        [90,98]        [101,103]      [104,111]      [113,115]      [127,128]      [130,137]      [149,156]      [164,172]      [172,178]      [179,188]      [188,192]      
Machine 4: job_4_task_1   job_12_task_1  job_2_task_3   job_9_task_1   job_12_task_2  job_10_task_3  job_10_task_4  job_11_task_2  job_4_task_5   job_0_task_4   job_12_task_5  job_8_task_3   job_10_task_6  job_5_task_2   job_10_task_8  job_6_task_11  job_9_task_12  job_9_task_13  job_8_task_8   job_4_task_13  job_4_task_14  job_5_task_11  job_6_task_13  job_12_task_12 job_2_task_16  job_5_task_14  job_3_task_15  job_6_task_15  job_10_task_16 job_7_task_17  job_5_task_17  
           [1,10]         [10,18]        [18,28]        [28,38]        [38,41]        [41,51]        [51,58]        [58,67]        [67,69]        [69,79]        [79,83]        [83,88]        [88,92]        [92,95]        [95,104]       [104,111]      [111,118]      [118,122]      [122,127]      [127,135]      [135,140]      [140,143]      [143,151]      [151,153]      [153,161]      [161,166]      [166,173]      [173,177]      [177,179]      [179,187]      [187,195]      
Machine 5: job_1_task_0   job_8_task_0   job_2_task_2   job_7_task_4   job_2_task_7   job_12_task_4  job_1_task_7   job_7_task_10  job_11_task_6  job_4_task_11  job_0_task_8   job_13_task_9  job_5_task_9   job_0_task_10  job_0_task_12  job_0_task_13  job_10_task_14 job_13_task_14 job_1_task_14  job_11_task_15 job_0_task_17  
           [0,7]          [7,13]         [14,18]        [38,39]        [45,51]        [57,59]        [77,87]        [87,93]        [98,101]       [103,109]      [111,115]      [115,123]      [129,133]      [133,138]      [144,154]      [154,161]      [161,165]      [165,168]      [168,171]      [171,181]      [181,182]      
Machine 6: job_13_task_0  job_6_task_0   job_7_task_0   job_13_task_2  job_1_task_3   job_3_task_0   job_3_task_1   job_13_task_4  job_1_task_5   job_11_task_3  job_13_task_5  job_6_task_10  job_10_task_10 job_5_task_8   job_3_task_9   job_12_task_11 job_3_task_10  job_1_task_13  job_5_task_12  job_5_task_13  job_12_task_15 job_8_task_16  job_11_task_17 
           [0,7]          [7,15]         [15,20]        [20,27]        [27,37]        [37,45]        [45,48]        [48,58]        [58,68]        [68,75]        [75,79]        [79,83]        [114,120]      [120,129]      [129,138]      [138,144]      [144,147]      [147,154]      [154,157]      [157,158]      [172,175]      [178,184]      [185,186]      
Machine 7: job_11_task_1  job_7_task_1   job_2_task_4   job_2_task_5   job_2_task_6   job_10_task_5  job_9_task_5   job_4_task_6   job_13_task_6  job_3_task_7   job_8_task_5   job_7_task_15  job_11_task_11 job_9_task_17  job_3_task_13  job_8_task_13  job_8_task_14  job_13_task_15 job_3_task_17  job_12_task_17 
           [10,11]        [20,30]        [30,39]        [39,40]        [40,45]        [58,68]        [68,70]        [70,74]        [79,85]        [85,92]        [92,99]        [111,115]      [124,126]      [131,141]      [151,159]      [164,167]      [167,169]      [169,173]      [177,187]      [187,195]      
Machine 8: job_4_task_0   job_7_task_2   job_7_task_3   job_2_task_13  job_10_task_7  job_12_task_8  job_9_task_11  job_5_task_6   job_9_task_14  job_11_task_13 job_4_task_15  job_8_task_12  job_12_task_16 job_1_task_16  
           [0,1]          [30,33]        [33,38]        [82,88]        [92,93]        [99,107]       [108,109]      [111,113]      [122,127]      [134,142]      [142,151]      [151,158]      [175,184]      [184,186]      
Machine 9: job_10_task_1  job_0_task_2   job_5_task_1   job_4_task_4   job_9_task_2   job_12_task_3  job_8_task_2   job_7_task_8   job_1_task_6   job_2_task_12  job_11_task_5  job_8_task_6   job_7_task_12  job_5_task_5   job_9_task_16  job_2_task_15  job_8_task_11  job_3_task_12  job_0_task_14  job_0_task_15  
           [1,2]          [14,21]        [22,26]        [32,38]        [38,47]        [47,57]        [57,67]        [67,74]        [74,77]        [77,82]        [92,98]        [99,102]       [102,103]      [103,111]      [128,131]      [132,139]      [139,148]      [148,151]      [161,164]      [164,167]      
Machine 10: job_2_task_0   job_4_task_3   job_9_task_4   job_2_task_10  job_9_task_6   job_9_task_7   job_9_task_8   job_0_task_6   job_5_task_3   job_9_task_10  job_12_task_9  job_6_task_12  job_10_task_11 job_8_task_9   job_13_task_10 job_5_task_10  job_13_task_11 job_10_task_13 job_12_task_13 job_6_task_17  
           [0,4]          [25,32]        [57,58]        [60,65]        [70,72]        [72,79]        [79,87]        [87,92]        [95,96]        [98,108]       [108,117]      [117,120]      [120,123]      [127,130]      [130,136]      [136,139]      [139,149]      [149,159]      [159,164]      [182,183]      
Machine 11: job_12_task_0  job_1_task_4   job_6_task_5   job_7_task_7   job_6_task_7   job_3_task_4   job_6_task_9   job_4_task_7   job_12_task_6  job_11_task_4  job_11_task_8  job_0_task_11  job_11_task_14 job_6_task_14  job_13_task_13 job_10_task_15 job_5_task_16  job_13_task_16 job_13_task_17 
           [0,3]          [37,45]        [50,55]        [55,60]        [62,69]        [69,71]        [72,77]        [77,86]        [86,89]        [89,92]        [103,108]      [138,144]      [144,152]      [152,154]      [156,159]      [165,175]      [175,183]      [183,185]      [185,195]      
Optimal Schedule Length: 195.0
Total (Unoptimized Schedule Length): 1417
Statistics
  - conflicts: 0
  - branches : 0
  - wall time: 0.192120001s