
Problem
         task_0   task_1   task_2   task_3   task_4  task_5   task_6   task_7  task_8   task_9 task_10  task_11 task_12  task_13  task_14  task_15  task_16 task_17  task_18 task_19
job_0    (4, 5)  (8, 10)   (1, 2)  (5, 10)   (5, 2)  (3, 5)   (5, 9)  (0, 10)  (3, 3)   (5, 4)  (5, 6)   (4, 8)  (0, 4)   (5, 6)   (5, 8)  (7, 10)   (3, 3)  (7, 9)   (0, 7)  (7, 8)
job_1    (5, 3)   (6, 8)  (2, 10)   (2, 3)   (0, 7)  (2, 2)  (0, 10)   (8, 3)  (1, 5)   (3, 7)  (2, 2)  (8, 10)  (6, 7)   (3, 4)   (3, 6)   (1, 4)  (8, 10)  (0, 6)   (8, 4)  (5, 4)
job_2    (8, 1)   (6, 9)   (0, 9)   (2, 5)   (0, 7)  (5, 4)   (8, 9)   (2, 9)  (8, 4)   (8, 7)  (4, 4)   (0, 8)  (3, 2)   (6, 7)   (3, 4)   (7, 6)   (4, 2)  (7, 3)   (2, 1)  (2, 4)
job_3    (8, 5)  (4, 10)   (8, 2)  (8, 10)  (8, 10)  (5, 3)   (0, 3)   (0, 3)  (3, 1)   (4, 1)  (3, 1)  (3, 10)  (6, 6)   (4, 8)   (5, 4)   (7, 6)   (5, 6)  (6, 6)   (3, 2)  (6, 2)
job_4    (7, 2)   (4, 4)  (7, 10)   (2, 8)   (5, 3)  (3, 3)   (1, 5)  (8, 10)  (6, 3)   (0, 3)  (2, 2)  (7, 10)  (1, 3)  (1, 10)   (4, 5)   (5, 4)   (4, 6)  (7, 6)   (3, 9)  (6, 2)
job_5    (1, 3)   (8, 2)   (1, 9)   (6, 8)  (7, 10)  (5, 1)   (7, 7)   (0, 2)  (4, 4)   (2, 3)  (7, 1)   (1, 2)  (7, 6)   (6, 4)   (8, 7)   (8, 2)   (5, 9)  (0, 6)  (0, 10)  (1, 1)
job_6    (5, 7)   (7, 6)   (4, 4)   (5, 3)  (3, 10)  (1, 5)   (7, 2)   (5, 9)  (7, 4)  (8, 10)  (8, 8)   (8, 4)  (8, 5)   (3, 2)   (6, 8)   (7, 4)   (7, 8)  (3, 5)   (7, 7)  (1, 9)
job_7    (2, 2)   (4, 7)   (7, 2)   (6, 2)   (6, 6)  (2, 9)   (4, 7)   (1, 2)  (7, 3)   (4, 2)  (3, 7)   (5, 5)  (2, 2)   (6, 8)   (8, 8)   (4, 6)   (2, 9)  (2, 2)   (2, 8)  (6, 1)
job_8    (7, 7)   (3, 5)   (7, 6)   (1, 5)   (1, 1)  (5, 2)  (2, 10)   (2, 3)  (4, 2)   (5, 4)  (6, 2)   (5, 4)  (1, 9)   (2, 7)   (3, 9)   (3, 4)   (8, 2)  (8, 9)   (1, 3)  (2, 6)
job_9    (2, 8)   (2, 2)   (3, 7)   (8, 8)   (3, 7)  (2, 1)   (0, 3)   (7, 1)  (3, 9)   (6, 3)  (5, 9)   (2, 2)  (3, 8)   (3, 3)   (7, 8)   (3, 5)   (7, 9)  (3, 3)   (6, 5)  (5, 3)
job_10   (8, 5)   (5, 1)   (1, 3)   (5, 3)  (8, 10)  (7, 2)   (4, 9)   (7, 9)  (2, 8)   (4, 5)  (3, 6)   (5, 1)  (3, 4)   (0, 8)   (5, 3)  (3, 10)   (1, 6)  (2, 1)   (3, 2)  (5, 8)
job_11   (2, 8)   (2, 7)   (3, 6)   (1, 6)   (0, 8)  (7, 6)   (5, 2)   (5, 5)  (6, 5)   (0, 7)  (8, 3)   (6, 8)  (8, 8)   (3, 2)   (4, 9)   (3, 9)   (7, 3)  (7, 2)   (6, 9)  (8, 2)
job_12   (3, 1)   (5, 9)  (0, 10)   (5, 4)   (6, 1)  (3, 8)   (4, 8)   (8, 9)  (7, 1)   (1, 3)  (0, 1)   (0, 2)  (2, 8)   (1, 5)   (6, 7)   (2, 8)   (4, 4)  (4, 5)   (7, 9)  (1, 8)
job_13  (1, 10)   (6, 8)   (2, 2)  (6, 10)   (7, 2)  (3, 4)   (6, 1)   (1, 2)  (7, 9)   (2, 8)  (4, 1)  (2, 10)  (3, 3)  (3, 10)  (0, 10)   (3, 8)   (0, 3)  (6, 4)   (6, 3)  (8, 2)
job_14   (4, 1)   (7, 3)   (0, 1)   (8, 2)  (7, 10)  (0, 9)   (3, 1)   (2, 1)  (1, 2)   (3, 5)  (3, 1)  (2, 10)  (2, 1)   (4, 3)   (0, 9)   (8, 4)   (1, 5)  (2, 4)   (0, 3)  (1, 7)


Solution:
Machine 0: job_2_task_2   job_14_task_2  job_9_task_6   job_12_task_2  job_1_task_4   job_11_task_4  job_14_task_5  job_0_task_7   job_1_task_6   job_3_task_6   job_3_task_7   job_2_task_4   job_11_task_9  job_4_task_9   job_5_task_7   job_0_task_12  job_12_task_10 job_12_task_11 job_10_task_13 job_2_task_11  job_14_task_14 job_13_task_14 job_0_task_18  job_14_task_18 job_5_task_17  job_1_task_17  job_13_task_16 job_5_task_18  
           [27,36]        [36,37]        [41,44]        [44,54]        [54,61]        [61,69]        [69,78]        [78,88]        [88,98]        [98,101]       [101,104]      [104,111]      [111,118]      [118,121]      [121,123]      [123,127]      [131,132]      [132,134]      [139,147]      [163,171]      [171,180]      [180,190]      [190,197]      [197,200]      [200,206]      [206,212]      [218,221]      [221,231]      
Machine 1: job_13_task_0  job_5_task_0   job_10_task_2  job_0_task_2   job_8_task_3   job_8_task_4   job_6_task_5   job_5_task_2   job_11_task_3  job_4_task_6   job_13_task_7  job_14_task_8  job_7_task_7   job_1_task_8   job_8_task_12  job_12_task_9  job_4_task_12  job_5_task_11  job_4_task_13  job_12_task_13 job_10_task_16 job_14_task_16 job_1_task_15  job_14_task_19 job_12_task_19 job_8_task_18  job_6_task_19  job_5_task_19  
           [0,10]         [10,13]        [13,16]        [16,18]        [21,26]        [26,27]        [30,35]        [35,44]        [44,50]        [60,65]        [76,78]        [82,84]        [87,89]        [101,106]      [119,128]      [128,131]      [141,144]      [144,146]      [146,156]      [156,161]      [161,167]      [184,189]      [189,193]      [200,207]      [207,215]      [216,219]      [222,231]      [231,232]      
Machine 2: job_9_task_0   job_9_task_1   job_11_task_0  job_11_task_1  job_1_task_2   job_7_task_0   job_1_task_3   job_9_task_5   job_13_task_2  job_4_task_3   job_2_task_3   job_1_task_5   job_9_task_11  job_7_task_5   job_14_task_7  job_8_task_6   job_8_task_7   job_14_task_11 job_10_task_8  job_1_task_10  job_13_task_9  job_4_task_10  job_7_task_12  job_5_task_9   job_8_task_13  job_2_task_7   job_12_task_12 job_13_task_11 job_14_task_12 job_10_task_17 job_12_task_15 job_7_task_16  job_14_task_17 job_7_task_17  job_7_task_18  job_8_task_19  job_2_task_18  job_2_task_19  
           [0,8]          [8,10]         [10,18]        [18,25]        [25,35]        [35,37]        [37,40]        [40,41]        [41,43]        [43,51]        [51,56]        [61,63]        [69,71]        [71,80]        [81,82]        [82,92]        [92,95]        [95,105]       [105,113]      [113,115]      [115,123]      [123,125]      [125,127]      [127,130]      [130,137]      [137,146]      [146,154]      [154,164]      [164,165]      [167,168]      [172,180]      [180,189]      [189,193]      [193,195]      [195,203]      [219,225]      [225,226]      [226,230]      
Machine 3: job_12_task_0  job_8_task_1   job_9_task_2   job_6_task_4   job_9_task_4   job_11_task_2  job_0_task_5   job_9_task_8   job_4_task_5   job_13_task_5  job_12_task_5  job_9_task_12  job_14_task_6  job_9_task_13  job_14_task_9  job_0_task_8   job_14_task_10 job_9_task_15  job_7_task_10  job_3_task_8   job_1_task_9   job_3_task_10  job_3_task_11  job_10_task_10 job_6_task_13  job_9_task_17  job_10_task_12 job_8_task_14  job_11_task_13 job_10_task_15 job_1_task_13  job_13_task_12 job_13_task_13 job_0_task_16  job_1_task_14  job_2_task_12  job_11_task_15 job_2_task_14  job_8_task_15  job_6_task_17  job_13_task_15 job_10_task_18 job_4_task_18  job_3_task_18  
           [0,1]          [7,12]         [12,19]        [20,30]        [30,37]        [37,43]        [43,48]        [48,57]        [57,60]        [60,64]        [64,72]        [72,80]        [80,81]        [81,84]        [84,89]        [89,92]        [92,93]        [93,98]        [98,105]       [105,106]      [106,113]      [113,114]      [114,124]      [124,130]      [130,132]      [132,135]      [135,139]      [139,148]      [148,150]      [150,160]      [160,164]      [164,167]      [167,177]      [177,180]      [180,186]      [186,188]      [188,197]      [197,201]      [201,205]      [205,210]      [210,218]      [218,220]      [220,229]      [229,231]      
Machine 4: job_0_task_0   job_14_task_0  job_6_task_2   job_4_task_1   job_3_task_1   job_7_task_1   job_10_task_6  job_12_task_6  job_7_task_6   job_7_task_9   job_8_task_8   job_0_task_11  job_3_task_9   job_10_task_9  job_5_task_8   job_13_task_10 job_3_task_13  job_11_task_14 job_2_task_10  job_4_task_14  job_14_task_13 job_7_task_15  job_4_task_16  job_12_task_16 job_12_task_17 job_2_task_16  
           [0,5]          [5,6]          [13,17]        [17,21]        [21,31]        [37,44]        [61,70]        [72,80]        [80,87]        [96,98]        [98,100]       [102,110]      [110,111]      [113,118]      [123,127]      [127,128]      [130,138]      [150,159]      [159,163]      [163,168]      [168,171]      [171,177]      [177,183]      [183,187]      [187,192]      [215,217]      
Machine 5: job_6_task_0   job_1_task_0   job_10_task_1  job_6_task_3   job_0_task_3   job_12_task_1  job_0_task_4   job_10_task_3  job_6_task_7   job_4_task_4   job_12_task_3  job_9_task_10  job_0_task_6   job_8_task_5   job_11_task_6  job_11_task_7  job_5_task_5   job_3_task_5   job_0_task_9   job_0_task_10  job_8_task_9   job_7_task_11  job_2_task_5   job_8_task_11  job_0_task_13  job_10_task_11 job_0_task_14  job_3_task_14  job_10_task_14 job_4_task_15  job_3_task_16  job_5_task_16  job_9_task_19  job_10_task_19 job_1_task_19  
           [0,7]          [7,10]         [10,11]        [17,20]        [20,30]        [30,39]        [39,41]        [41,44]        [44,53]        [53,56]        [56,60]        [60,69]        [69,78]        [78,80]        [80,82]        [82,87]        [87,88]        [88,91]        [92,96]        [96,102]       [102,106]      [106,111]      [111,115]      [115,119]      [127,133]      [133,134]      [134,142]      [142,146]      [147,150]      [168,172]      [176,182]      [182,191]      [191,194]      [220,228]      [228,232]      
Machine 6: job_1_task_1   job_2_task_1   job_13_task_1  job_13_task_3  job_7_task_3   job_9_task_9   job_12_task_4  job_7_task_4   job_5_task_3   job_13_task_6  job_4_task_8   job_11_task_8  job_8_task_10  job_3_task_12  job_11_task_11 job_6_task_14  job_1_task_12  job_7_task_13  job_5_task_13  job_12_task_14 job_9_task_18  job_3_task_17  job_2_task_13  job_7_task_19  job_11_task_18 job_13_task_17 job_13_task_18 job_4_task_19  job_3_task_19  
           [10,18]        [18,27]        [27,35]        [43,53]        [53,55]        [57,60]        [60,61]        [61,67]        [67,75]        [75,76]        [76,79]        [87,92]        [106,108]      [124,130]      [130,138]      [138,146]      [146,153]      [153,161]      [161,165]      [165,172]      [172,177]      [182,188]      [188,195]      [203,204]      [209,218]      [221,225]      [225,228]      [229,231]      [231,233]      
Machine 7: job_8_task_0   job_6_task_1   job_4_task_0   job_8_task_2   job_4_task_2   job_14_task_1  job_6_task_6   job_9_task_7   job_7_task_2   job_14_task_4  job_13_task_4  job_10_task_5  job_6_task_8   job_11_task_5  job_5_task_4   job_9_task_14  job_7_task_8   job_10_task_7  job_13_task_8  job_5_task_6   job_12_task_8  job_9_task_16  job_4_task_11  job_5_task_10  job_0_task_15  job_5_task_12  job_6_task_15  job_6_task_16  job_3_task_15  job_0_task_17  job_4_task_17  job_12_task_18 job_11_task_16 job_11_task_17 job_2_task_15  job_6_task_18  job_2_task_17  job_0_task_19  
           [0,7]          [7,13]         [13,15]        [15,21]        [21,31]        [31,34]        [35,37]        [44,45]        [45,47]        [47,57]        [57,59]        [59,61]        [61,65]        [69,75]        [75,85]        [85,93]        [93,96]        [96,105]       [105,114]      [114,121]      [121,122]      [122,131]      [131,141]      [141,142]      [142,152]      [152,158]      [158,162]      [162,170]      [170,176]      [180,189]      [189,195]      [195,204]      [204,207]      [207,209]      [209,215]      [215,222]      [222,225]      [225,233]      
Machine 8: job_10_task_0  job_0_task_1   job_2_task_0   job_3_task_0   job_9_task_3   job_5_task_1   job_3_task_2   job_3_task_3   job_14_task_3  job_10_task_4  job_3_task_4   job_4_task_7   job_6_task_9   job_12_task_7  job_1_task_7   job_6_task_10  job_6_task_11  job_6_task_12  job_2_task_6   job_11_task_10 job_1_task_11  job_11_task_12 job_2_task_8   job_2_task_9   job_7_task_14  job_5_task_14  job_5_task_15  job_14_task_15 job_1_task_16  job_8_task_16  job_8_task_17  job_1_task_18  job_11_task_19 job_13_task_19 
           [0,5]          [5,15]         [15,16]        [16,21]        [21,29]        [29,31]        [31,33]        [33,43]        [43,45]        [45,55]        [55,65]        [65,75]        [75,85]        [85,94]        [98,101]       [101,109]      [109,113]      [113,118]      [118,127]      [127,130]      [130,140]      [140,148]      [148,152]      [152,159]      [161,169]      [169,176]      [176,178]      [180,184]      [193,203]      [205,207]      [207,216]      [216,220]      [220,222]      [228,230]      
Optimal Schedule Length: 233.0
Total (Unoptimized Schedule Length): 1597
Statistics
  - conflicts: 0
  - branches : 0
  - wall time: 1.1252409700000001s