
 Problem
         task_0  task_1  task_2  task_3  task_4  task_5  task_6  task_7  task_8  task_9 task_10 task_11 task_12 task_13 task_14
job_0   (1, 9)  (0, 8)  (0, 6)  (0, 0)  (0, 5)  (0, 4)  (2, 3)  (2, 9)  (2, 2)  (0, 9)  (1, 7)  (2, 6)  (0, 1)  (1, 5)  (1, 1)
job_1   (2, 3)  (2, 3)  (2, 1)  (0, 3)  (0, 7)  (0, 3)  (2, 5)  (2, 0)  (1, 0)  (0, 1)  (2, 1)  (0, 5)  (0, 5)  (0, 7)  (2, 4)
job_2   (2, 5)  (2, 7)  (1, 2)  (0, 5)  (2, 5)  (1, 7)  (2, 9)  (2, 4)  (0, 7)  (1, 2)  (1, 3)  (2, 5)  (2, 5)  (0, 6)  (2, 9)
job_3   (1, 6)  (2, 2)  (2, 5)  (2, 5)  (0, 0)  (0, 1)  (2, 6)  (2, 8)  (2, 3)  (2, 9)  (2, 3)  (0, 5)  (1, 6)  (0, 8)  (2, 8)
job_4   (0, 7)  (2, 0)  (1, 5)  (0, 0)  (0, 4)  (0, 3)  (1, 4)  (2, 6)  (0, 4)  (1, 8)  (0, 8)  (0, 2)  (1, 9)  (1, 1)  (2, 2)
job_5   (2, 0)  (0, 4)  (0, 6)  (0, 1)  (1, 6)  (1, 9)  (1, 6)  (2, 3)  (0, 2)  (1, 8)  (2, 7)  (1, 1)  (0, 1)  (1, 0)  (2, 1)
job_6   (2, 9)  (0, 1)  (2, 1)  (0, 2)  (0, 4)  (1, 2)  (1, 5)  (1, 3)  (0, 1)  (2, 2)  (2, 8)  (1, 5)  (0, 5)  (0, 3)  (2, 9)
job_7   (0, 1)  (2, 4)  (1, 7)  (0, 6)  (0, 9)  (1, 6)  (1, 7)  (2, 1)  (1, 4)  (1, 7)  (2, 1)  (2, 1)  (1, 0)  (0, 8)  (0, 4)
job_8   (2, 2)  (2, 4)  (2, 1)  (1, 0)  (2, 7)  (2, 7)  (0, 2)  (0, 5)  (0, 2)  (0, 2)  (2, 7)  (1, 8)  (0, 4)  (2, 7)  (2, 8)
job_9   (2, 7)  (0, 9)  (0, 7)  (0, 7)  (2, 6)  (0, 7)  (0, 8)  (1, 5)  (2, 2)  (1, 0)  (0, 8)  (2, 4)  (0, 5)  (0, 5)  (0, 9)
job_10  (2, 2)  (0, 2)  (1, 7)  (0, 4)  (0, 9)  (2, 2)  (1, 7)  (2, 8)  (1, 0)  (1, 6)  (0, 5)  (0, 7)  (2, 8)  (0, 8)  (0, 8)
job_11  (1, 0)  (1, 6)  (1, 2)  (1, 5)  (2, 8)  (0, 6)  (0, 0)  (0, 6)  (0, 3)  (2, 5)  (1, 5)  (2, 5)  (1, 2)  (0, 1)  (2, 2)
job_12  (0, 0)  (2, 0)  (2, 5)  (0, 1)  (1, 1)  (0, 6)  (0, 1)  (1, 8)  (0, 0)  (1, 1)  (2, 5)  (1, 4)  (1, 2)  (1, 6)  (1, 2)
job_13  (1, 4)  (0, 5)  (2, 4)  (1, 2)  (2, 6)  (1, 8)  (1, 8)  (2, 4)  (0, 4)  (0, 5)  (0, 4)  (2, 2)  (1, 7)  (1, 4)  (2, 2)
job_14  (0, 4)  (2, 2)  (0, 0)  (1, 6)  (2, 0)  (2, 2)  (0, 6)  (2, 6)  (1, 2)  (2, 4)  (1, 3)  (1, 8)  (2, 9)  (0, 6)  (2, 2)

Solution:
Machine 0: job_7_task_0   job_12_task_0  job_4_task_0   job_9_task_1   job_10_task_1  job_9_task_2   job_10_task_3  job_10_task_4  job_2_task_3   job_4_task_3   job_3_task_4   job_9_task_3   job_0_task_1   job_13_task_1  job_14_task_0  job_0_task_2   job_0_task_3   job_3_task_5   job_5_task_1   job_7_task_3   job_14_task_2  job_9_task_5   job_0_task_4   job_6_task_1   job_4_task_4   job_5_task_2   job_6_task_3   job_7_task_4   job_4_task_5   job_0_task_5   job_6_task_4   job_14_task_6  job_9_task_6   job_5_task_3   job_8_task_6   job_8_task_7   job_1_task_3   job_8_task_8   job_1_task_4   job_12_task_3  job_2_task_8   job_8_task_9   job_10_task_10 job_12_task_5  job_11_task_5  job_4_task_8   job_11_task_6  job_6_task_8   job_1_task_5   job_10_task_11 job_9_task_10  job_12_task_6  job_11_task_7  job_0_task_9   job_12_task_8  job_13_task_8  job_3_task_11  job_13_task_9  job_1_task_9   job_11_task_8  job_4_task_10  job_1_task_11  job_5_task_8   job_13_task_10 job_8_task_12  job_9_task_12  job_6_task_12  job_1_task_12  job_3_task_13  job_10_task_13 job_2_task_13  job_4_task_11  job_9_task_13  job_6_task_13  job_7_task_13  job_1_task_13  job_14_task_13 job_10_task_14 job_7_task_14  job_11_task_13 job_5_task_12  job_0_task_12  job_9_task_14  
           [0,1]          [0,0]          [1,8]          [8,17]         [17,19]        [19,26]        [26,30]        [30,39]        [39,44]        [39,39]        [44,44]        [44,51]        [51,59]        [59,64]        [64,68]        [68,74]        [74,74]        [74,75]        [75,79]        [79,85]        [79,79]        [85,92]        [92,97]        [97,98]        [98,102]       [102,108]      [108,110]      [110,119]      [119,122]      [122,126]      [126,130]      [130,136]      [136,144]      [144,145]      [145,147]      [147,152]      [152,155]      [155,157]      [157,164]      [164,165]      [165,172]      [172,174]      [174,179]      [179,185]      [185,191]      [191,195]      [191,191]      [195,196]      [196,199]      [199,206]      [206,214]      [214,215]      [215,221]      [221,230]      [230,230]      [230,234]      [234,239]      [239,244]      [244,245]      [245,248]      [248,256]      [256,261]      [261,263]      [263,267]      [267,271]      [271,276]      [276,281]      [281,286]      [286,294]      [294,302]      [302,308]      [308,310]      [310,315]      [315,318]      [318,326]      [326,333]      [333,339]      [339,347]      [347,351]      [351,352]      [352,353]      [353,354]      [354,363]      
Machine 1: job_3_task_0   job_11_task_0  job_0_task_0   job_13_task_0  job_10_task_2  job_2_task_2   job_4_task_2   job_11_task_1  job_7_task_2   job_8_task_3   job_11_task_2  job_11_task_3  job_2_task_5   job_10_task_6  job_13_task_3  job_14_task_3  job_13_task_5  job_13_task_6  job_10_task_8  job_10_task_9  job_7_task_5   job_4_task_6   job_7_task_6   job_6_task_5   job_6_task_6   job_6_task_7   job_5_task_4   job_9_task_7   job_5_task_5   job_12_task_4  job_14_task_8  job_5_task_6   job_2_task_9   job_2_task_10  job_8_task_11  job_4_task_9   job_9_task_9   job_14_task_10 job_14_task_11 job_12_task_7  job_1_task_8   job_7_task_8   job_6_task_11  job_7_task_9   job_3_task_12  job_12_task_9  job_0_task_10  job_11_task_10 job_5_task_9   job_12_task_11 job_13_task_12 job_7_task_12  job_12_task_12 job_12_task_13 job_13_task_13 job_11_task_12 job_12_task_14 job_5_task_11  job_4_task_12  job_4_task_13  job_5_task_13  job_0_task_13  job_0_task_14  
           [0,6]          [0,0]          [6,15]         [15,19]        [19,26]        [26,28]        [28,33]        [33,39]        [39,46]        [46,46]        [46,48]        [48,53]        [53,60]        [60,67]        [70,72]        [79,85]        [91,99]        [99,107]       [107,107]      [107,113]      [119,125]      [125,129]      [129,136]      [136,138]      [138,143]      [143,146]      [146,152]      [152,157]      [157,166]      [166,167]      [167,169]      [169,175]      [175,177]      [177,180]      [193,201]      [201,209]      [201,201]      [209,212]      [212,220]      [220,228]      [228,228]      [228,232]      [232,237]      [237,244]      [244,250]      [250,251]      [251,258]      [258,263]      [263,271]      [271,275]      [275,282]      [282,282]      [282,284]      [284,290]      [290,294]      [294,296]      [296,298]      [298,299]      [310,319]      [319,320]      [353,353]      [354,359]      [359,360]      
Machine 2: job_5_task_0   job_9_task_0   job_12_task_1  job_10_task_0  job_2_task_0   job_4_task_1   job_2_task_1   job_3_task_1   job_3_task_2   job_8_task_0   job_7_task_1   job_8_task_1   job_3_task_3   job_8_task_2   job_2_task_4   job_6_task_0   job_10_task_5  job_9_task_4   job_13_task_2  job_8_task_4   job_14_task_1  job_3_task_6   job_13_task_4  job_14_task_4  job_8_task_5   job_6_task_2   job_10_task_7  job_3_task_7   job_2_task_6   job_14_task_5  job_1_task_0   job_1_task_1   job_0_task_6   job_11_task_4  job_1_task_2   job_3_task_8   job_12_task_2  job_2_task_7   job_14_task_7  job_4_task_7   job_0_task_7   job_3_task_9   job_8_task_10  job_9_task_8   job_14_task_9  job_6_task_9   job_13_task_7  job_0_task_8   job_3_task_10  job_6_task_10  job_1_task_6   job_1_task_7   job_7_task_7   job_2_task_11  job_10_task_12 job_5_task_7   job_9_task_11  job_2_task_12  job_1_task_10  job_11_task_9  job_12_task_10 job_14_task_12 job_13_task_11 job_8_task_13  job_7_task_10  job_7_task_11  job_0_task_11  job_11_task_11 job_5_task_10  job_8_task_14  job_3_task_14  job_2_task_14  job_6_task_14  job_4_task_14  job_1_task_14  job_13_task_14 job_14_task_14 job_11_task_14 job_5_task_14  
           [0,0]          [0,7]          [0,0]          [7,9]          [9,14]         [9,9]          [14,21]        [21,23]        [23,28]        [28,30]        [30,34]        [34,38]        [38,43]        [43,44]        [44,49]        [49,58]        [58,60]        [60,66]        [66,70]        [70,77]        [77,79]        [79,85]        [85,91]        [85,85]        [91,98]        [98,99]        [99,107]       [107,115]      [115,124]      [124,126]      [126,129]      [129,132]      [132,135]      [135,143]      [143,144]      [144,147]      [147,152]      [152,156]      [156,162]      [162,168]      [168,177]      [177,186]      [186,193]      [193,195]      [195,199]      [199,201]      [201,205]      [205,207]      [207,210]      [210,218]      [218,223]      [223,223]      [223,224]      [224,229]      [229,237]      [237,240]      [240,244]      [244,249]      [249,250]      [250,255]      [255,260]      [260,269]      [269,271]      [271,278]      [278,279]      [279,280]      [280,286]      [286,291]      [291,298]      [298,306]      [306,314]      [314,323]      [323,332]      [332,334]      [334,338]      [338,340]      [340,342]      [352,354]      [354,355]      
Optimal Schedule Length: 363.0
Total (Unoptimized Schedule Length): 988
Statistics
  - conflicts: 0
  - branches : 0
  - wall time: 0.08990664200000001s