
Problem
         task_0  task_1   task_2  task_3   task_4  task_5   task_6   task_7   task_8   task_9  task_10  task_11  task_12  task_13 task_14  task_15
job_0    (7, 1)  (6, 8)   (9, 8)  (4, 1)   (0, 4)  (5, 1)  (9, 10)   (3, 8)   (3, 2)   (1, 5)   (3, 3)   (3, 5)   (9, 7)   (1, 9)  (8, 3)   (9, 2)
job_1    (6, 7)  (7, 4)   (9, 8)  (2, 9)   (6, 6)  (9, 4)   (9, 7)   (0, 8)   (2, 3)   (8, 4)   (7, 2)   (1, 4)   (4, 3)   (2, 5)  (1, 9)   (1, 5)
job_2    (6, 4)  (5, 2)   (0, 8)  (8, 3)   (6, 2)  (1, 5)   (4, 1)   (5, 7)   (3, 6)   (4, 6)   (2, 4)   (3, 9)   (5, 2)   (2, 6)  (9, 1)   (3, 3)
job_3    (3, 8)  (2, 5)   (0, 7)  (0, 9)  (1, 10)  (5, 3)   (3, 3)   (1, 3)   (9, 8)   (9, 8)   (4, 5)   (5, 2)   (9, 7)   (6, 9)  (0, 1)   (2, 4)
job_4    (8, 1)  (3, 8)   (3, 6)  (7, 5)   (3, 9)  (8, 5)   (6, 2)   (0, 3)  (7, 10)   (9, 3)   (9, 1)   (1, 2)   (1, 9)   (7, 4)  (6, 2)   (8, 1)
job_5    (0, 7)  (4, 5)   (2, 3)  (5, 9)   (2, 3)  (5, 9)   (0, 1)   (7, 7)   (5, 7)   (0, 6)   (3, 2)  (4, 10)   (5, 6)   (5, 6)  (1, 4)   (2, 4)
job_6    (1, 5)  (8, 8)   (5, 3)  (6, 6)   (7, 9)  (6, 8)   (3, 8)   (1, 4)   (0, 2)   (6, 1)   (8, 6)   (9, 7)   (1, 4)   (2, 7)  (1, 5)   (2, 6)
job_7    (2, 6)  (2, 6)   (8, 1)  (6, 5)   (9, 3)  (8, 5)   (3, 3)   (3, 9)   (2, 9)  (2, 10)   (2, 1)   (5, 8)   (6, 9)   (8, 9)  (9, 7)   (4, 3)
job_8    (4, 6)  (7, 1)   (3, 1)  (9, 1)   (9, 7)  (8, 9)   (1, 5)   (6, 8)   (3, 4)   (7, 7)   (8, 7)   (0, 8)   (5, 2)   (3, 7)  (7, 8)   (0, 2)
job_9    (7, 5)  (1, 1)   (4, 5)  (0, 5)   (5, 3)  (9, 6)   (6, 7)   (1, 1)   (0, 1)   (2, 5)  (8, 10)   (4, 9)   (8, 8)   (4, 5)  (9, 1)   (2, 3)
job_10  (6, 10)  (3, 7)   (7, 8)  (2, 1)  (1, 10)  (8, 1)   (8, 6)   (4, 6)   (8, 1)   (9, 9)   (2, 9)   (0, 4)   (7, 3)   (0, 5)  (5, 8)   (8, 9)
job_11   (2, 5)  (6, 7)  (8, 10)  (4, 3)   (1, 4)  (8, 9)   (4, 4)   (8, 1)   (2, 6)   (4, 4)   (4, 1)   (8, 1)   (0, 6)  (6, 10)  (6, 9)   (6, 6)
job_12   (7, 4)  (6, 5)   (2, 5)  (7, 1)   (1, 5)  (1, 2)  (3, 10)   (1, 8)  (8, 10)   (3, 7)  (6, 10)   (7, 3)   (5, 7)  (8, 10)  (2, 7)   (6, 7)
job_13   (4, 8)  (2, 1)   (9, 4)  (3, 3)   (1, 6)  (7, 8)   (4, 3)   (8, 2)   (9, 6)   (2, 7)   (1, 7)   (4, 7)   (9, 5)   (0, 8)  (1, 4)   (3, 9)
job_14   (3, 3)  (5, 2)   (9, 8)  (6, 8)   (4, 4)  (2, 4)   (1, 3)   (0, 9)   (3, 2)   (8, 1)   (4, 7)   (6, 8)   (9, 3)  (9, 10)  (1, 5)   (3, 2)
job_15   (3, 5)  (9, 5)  (1, 10)  (1, 4)   (0, 2)  (1, 2)   (7, 7)   (3, 7)   (5, 3)   (1, 4)   (1, 8)   (0, 8)   (7, 1)  (4, 10)  (0, 6)   (2, 4)
job_16   (8, 8)  (7, 6)   (6, 7)  (7, 4)   (3, 1)  (2, 4)   (0, 4)   (6, 6)   (8, 9)   (3, 4)   (7, 2)   (6, 1)   (6, 6)   (5, 9)  (7, 6)   (3, 1)
job_17   (8, 9)  (0, 9)   (5, 3)  (3, 2)   (2, 5)  (5, 9)   (9, 5)  (4, 10)   (1, 1)   (1, 2)   (0, 5)   (4, 3)   (3, 7)   (2, 4)  (1, 8)  (4, 10)
job_18   (9, 9)  (9, 6)   (9, 3)  (1, 1)   (8, 6)  (0, 5)   (7, 2)   (2, 8)   (7, 9)   (2, 2)   (7, 7)   (6, 8)  (2, 10)   (6, 8)  (1, 3)   (3, 3)


Solution:
Machine 0: job_5_task_0   job_17_task_1  job_9_task_3   job_3_task_2   job_3_task_3   job_15_task_4  job_18_task_5  job_5_task_6   job_2_task_2   job_0_task_4   job_16_task_6  job_5_task_9   job_1_task_7   job_14_task_7  job_9_task_8   job_6_task_8   job_17_task_10 job_11_task_12 job_4_task_7   job_15_task_11 job_8_task_11  job_10_task_11 job_10_task_13 job_13_task_13 job_8_task_15  job_15_task_14 job_3_task_14  
           [0,7]          [9,18]         [18,23]        [27,34]        [34,43]        [43,45]        [45,50]        [58,59]        [60,68]        [68,72]        [72,76]        [77,83]        [85,93]        [93,102]       [102,103]      [103,105]      [105,110]      [110,116]      [116,119]      [119,127]      [127,135]      [135,139]      [143,148]      [148,156]      [167,169]      [177,183]      [185,186]      
Machine 1: job_6_task_0   job_9_task_1   job_15_task_2  job_18_task_3  job_15_task_3  job_12_task_4  job_12_task_5  job_10_task_4  job_15_task_5  job_12_task_7  job_13_task_4  job_3_task_4   job_11_task_4  job_8_task_6   job_17_task_8  job_14_task_6  job_9_task_7   job_3_task_7   job_17_task_9  job_6_task_7   job_2_task_5   job_15_task_9  job_15_task_10 job_13_task_10 job_0_task_9   job_1_task_11  job_4_task_11  job_4_task_12  job_17_task_14 job_6_task_12  job_13_task_14 job_0_task_13  job_6_task_14  job_1_task_14  job_5_task_14  job_14_task_14 job_18_task_14 job_1_task_15  
           [0,5]          [10,11]        [14,24]        [24,25]        [25,29]        [29,34]        [34,36]        [36,46]        [46,48]        [50,58]        [58,64]        [64,74]        [74,78]        [78,83]        [84,85]        [85,88]        [88,89]        [89,92]        [92,94]        [94,98]        [98,103]       [103,107]      [107,115]      [115,122]      [122,127]      [127,131]      [133,135]      [135,144]      [144,152]      [152,156]      [156,160]      [160,169]      [169,174]      [174,183]      [183,187]      [187,192]      [192,195]      [195,200]      
Machine 2: job_7_task_0   job_7_task_1   job_11_task_0  job_12_task_2  job_3_task_1   job_13_task_1  job_5_task_2   job_10_task_3  job_17_task_4  job_5_task_4   job_1_task_3   job_18_task_7  job_16_task_5  job_14_task_5  job_7_task_8   job_7_task_9   job_18_task_9  job_11_task_8  job_1_task_8   job_13_task_9  job_9_task_9   job_10_task_10 job_7_task_10  job_2_task_10  job_17_task_13 job_18_task_12 job_12_task_14 job_6_task_13  job_1_task_13  job_2_task_13  job_6_task_15  job_15_task_15 job_3_task_15  job_5_task_15  job_9_task_15  
           [0,6]          [6,12]         [12,17]        [17,22]        [22,27]        [27,28]        [28,31]        [31,32]        [32,37]        [40,43]        [43,52]        [59,67]        [67,71]        [71,75]        [75,84]        [84,94]        [94,96]        [96,102]       [102,105]      [105,112]      [112,117]      [117,126]      [126,127]      [127,131]      [131,135]      [135,145]      [154,161]      [161,168]      [168,173]      [173,179]      [179,185]      [185,189]      [189,193]      [193,197]      [197,200]      
Machine 3: job_15_task_0  job_3_task_0   job_10_task_1  job_14_task_0  job_8_task_2   job_17_task_3  job_4_task_1   job_4_task_2   job_12_task_6  job_13_task_3  job_4_task_4   job_7_task_6   job_16_task_4  job_7_task_7   job_12_task_9  job_3_task_6   job_6_task_6   job_15_task_7  job_8_task_8   job_0_task_7   job_14_task_8  job_2_task_8   job_0_task_8   job_5_task_10  job_17_task_12 job_0_task_10  job_16_task_9  job_0_task_11  job_2_task_11  job_8_task_13  job_13_task_15 job_16_task_15 job_2_task_15  job_14_task_15 job_18_task_15 
           [0,5]          [5,13]         [13,20]        [20,23]        [23,24]        [24,26]        [26,34]        [34,40]        [40,50]        [50,53]        [53,62]        [62,65]        [65,66]        [66,75]        [75,82]        [82,85]        [85,93]        [93,100]       [100,104]      [104,112]      [112,114]      [114,120]      [120,122]      [122,124]      [124,131]      [131,134]      [134,138]      [138,143]      [143,152]      [152,159]      [160,169]      [187,188]      [189,192]      [192,194]      [195,198]      
Machine 4: job_8_task_0   job_5_task_1   job_9_task_2   job_13_task_0  job_11_task_3  job_10_task_7  job_0_task_3   job_14_task_4  job_17_task_7  job_13_task_6  job_11_task_6  job_2_task_6   job_11_task_9  job_11_task_10 job_17_task_11 job_2_task_9   job_14_task_10 job_13_task_11 job_5_task_11  job_3_task_10  job_9_task_11  job_1_task_12  job_15_task_13 job_17_task_15 job_9_task_13  job_7_task_15  
           [0,6]          [7,12]         [12,17]        [17,25]        [44,47]        [56,62]        [63,64]        [67,71]        [74,84]        [84,87]        [89,93]        [103,104]      [104,108]      [108,109]      [110,113]      [120,126]      [126,133]      [133,140]      [140,150]      [150,155]      [155,164]      [164,167]      [167,177]      [177,187]      [187,192]      [192,195]      
Machine 5: job_17_task_2  job_14_task_1  job_9_task_4   job_6_task_2   job_5_task_3   job_17_task_5  job_5_task_5   job_2_task_1   job_5_task_8   job_3_task_5   job_0_task_5   job_15_task_8  job_2_task_7   job_12_task_12 job_7_task_11  job_8_task_12  job_10_task_14 job_5_task_12  job_3_task_11  job_5_task_13  job_2_task_12  job_16_task_13 
           [18,21]        [23,25]        [25,28]        [28,31]        [31,40]        [40,49]        [49,58]        [58,60]        [70,77]        [77,80]        [80,81]        [100,103]      [104,111]      [114,121]      [127,135]      [135,137]      [148,156]      [156,162]      [162,164]      [164,170]      [170,172]      [172,181]      
Machine 6: job_10_task_0  job_12_task_1  job_1_task_0   job_7_task_3   job_11_task_1  job_0_task_1   job_6_task_3   job_2_task_0   job_16_task_2  job_14_task_3  job_1_task_4   job_6_task_5   job_9_task_6   job_8_task_7   job_2_task_4   job_12_task_10 job_16_task_7  job_4_task_6   job_6_task_9   job_18_task_11 job_11_task_13 job_14_task_11 job_7_task_12  job_16_task_11 job_16_task_12 job_11_task_14 job_18_task_13 job_3_task_13  job_4_task_14  job_12_task_15 job_11_task_15 
           [0,10]         [10,15]        [15,22]        [22,27]        [27,34]        [34,42]        [42,48]        [48,52]        [52,59]        [59,67]        [67,73]        [73,81]        [81,88]        [88,96]        [96,98]        [98,108]       [108,114]      [114,116]      [116,117]      [117,125]      [125,135]      [135,143]      [143,152]      [152,153]      [153,159]      [159,168]      [168,176]      [176,185]      [185,187]      [187,194]      [194,200]      
Machine 7: job_12_task_0  job_0_task_0   job_9_task_0   job_8_task_1   job_10_task_2  job_12_task_3  job_1_task_1   job_16_task_1  job_4_task_3   job_6_task_4   job_18_task_6  job_16_task_3  job_5_task_7   job_13_task_5  job_15_task_6  job_18_task_8  job_18_task_10 job_8_task_9   job_12_task_11 job_1_task_10  job_4_task_8   job_15_task_12 job_16_task_10 job_10_task_12 job_4_task_13  job_8_task_14  job_16_task_14 
           [0,4]          [4,5]          [5,10]         [10,11]        [20,28]        [28,29]        [29,33]        [33,39]        [40,45]        [48,57]        [57,59]        [59,63]        [63,70]        [70,78]        [78,85]        [85,94]        [96,103]       [104,111]      [111,114]      [114,116]      [119,129]      [129,130]      [138,140]      [140,143]      [144,148]      [159,167]      [181,187]      
Machine 8: job_17_task_0  job_16_task_0  job_7_task_2   job_4_task_0   job_6_task_1   job_18_task_4  job_11_task_2  job_7_task_5   job_10_task_5  job_10_task_6  job_12_task_8  job_8_task_5   job_2_task_3   job_11_task_5  job_13_task_7  job_10_task_8  job_11_task_7  job_4_task_5   job_1_task_9   job_11_task_11 job_8_task_10  job_14_task_9  job_16_task_8  job_9_task_10  job_6_task_10  job_12_task_13 job_10_task_15 job_7_task_13  job_9_task_12  job_0_task_14  job_4_task_15  
           [0,9]          [9,17]         [17,18]        [18,19]        [19,27]        [27,33]        [34,44]        [44,49]        [49,50]        [50,56]        [58,68]        [68,77]        [77,80]        [80,89]        [89,91]        [91,92]        [93,94]        [94,99]        [105,109]      [109,110]      [111,118]      [118,119]      [119,128]      [128,138]      [138,144]      [144,154]      [156,165]      [165,174]      [174,182]      [182,185]      [187,188]      
Machine 9: job_18_task_0  job_15_task_1  job_18_task_1  job_18_task_2  job_8_task_3   job_8_task_4   job_7_task_4   job_1_task_2   job_13_task_2  job_14_task_2  job_0_task_2   job_9_task_5   job_17_task_6  job_1_task_5   job_1_task_6   job_0_task_6   job_13_task_8  job_10_task_9  job_3_task_8   job_3_task_9   job_4_task_9   job_4_task_10  job_13_task_12 job_6_task_11  job_0_task_12  job_14_task_12 job_3_task_12  job_14_task_13 job_7_task_14  job_2_task_14  job_0_task_15  job_9_task_14  
           [0,9]          [9,14]         [14,20]        [20,23]        [24,25]        [25,32]        [32,35]        [35,43]        [43,47]        [47,55]        [55,63]        [63,69]        [69,74]        [74,78]        [78,85]        [85,95]        [95,101]       [101,110]      [110,118]      [118,126]      [129,132]      [132,133]      [140,145]      [145,152]      [152,159]      [159,162]      [164,171]      [171,181]      [181,188]      [188,189]      [189,191]      [192,193]      
Optimal Schedule Length: 200.0
Total (Unoptimized Schedule Length): 1624
Statistics
  - conflicts: 0
  - branches : 0
  - wall time: 0.23461646800000002s