
Problem
        task_0   task_1   task_2   task_3   task_4   task_5   task_6   task_7   task_8   task_9 task_10  task_11  task_12  task_13 task_14 task_15 task_16
job_0   (3, 9)   (1, 9)   (3, 6)   (1, 7)   (2, 8)   (2, 4)  (3, 10)   (0, 8)   (1, 9)  (1, 10)  (3, 3)   (2, 3)  (1, 10)   (0, 9)  (0, 9)  (3, 5)  (1, 8)
job_1   (2, 8)   (1, 8)   (2, 3)  (2, 10)   (3, 5)   (1, 5)  (2, 10)   (1, 1)   (0, 7)   (0, 9)  (1, 9)   (1, 7)   (3, 5)   (0, 9)  (2, 3)  (0, 4)  (0, 8)
job_2   (0, 6)   (2, 2)   (1, 1)   (3, 2)  (2, 10)   (1, 9)   (1, 1)   (0, 1)  (2, 10)   (0, 9)  (0, 1)  (2, 10)  (2, 10)   (3, 3)  (2, 6)  (0, 2)  (2, 8)
job_3   (1, 3)   (1, 2)   (3, 1)   (2, 2)   (1, 4)   (2, 2)   (3, 9)   (0, 3)   (3, 2)   (3, 1)  (2, 4)   (3, 3)   (0, 3)   (2, 2)  (2, 5)  (2, 8)  (3, 5)
job_4  (2, 10)   (1, 9)   (2, 2)   (3, 1)   (3, 7)   (0, 8)   (3, 5)  (2, 10)   (3, 2)   (3, 9)  (2, 2)  (3, 10)   (1, 2)   (2, 4)  (2, 6)  (1, 3)  (3, 5)
job_5   (3, 8)   (1, 1)   (3, 5)   (3, 1)   (0, 4)   (0, 9)   (2, 4)   (2, 9)   (0, 2)   (0, 8)  (3, 6)   (2, 9)  (3, 10)  (3, 10)  (1, 5)  (1, 6)  (0, 3)
job_6   (3, 2)   (1, 2)   (1, 6)   (3, 9)   (0, 7)   (3, 6)   (1, 7)   (1, 3)   (0, 2)   (1, 3)  (3, 4)   (3, 1)   (2, 6)   (3, 1)  (1, 3)  (1, 9)  (1, 2)
job_7   (3, 3)   (0, 3)   (0, 3)   (2, 2)   (3, 9)   (3, 1)   (2, 5)  (3, 10)   (3, 1)  (2, 10)  (3, 7)  (3, 10)   (3, 5)   (1, 8)  (1, 5)  (3, 9)  (2, 7)
job_8   (2, 7)   (1, 3)  (2, 10)   (3, 5)   (0, 6)   (3, 3)   (0, 8)   (0, 2)  (1, 10)   (3, 3)  (0, 8)   (2, 9)   (0, 3)   (1, 3)  (3, 7)  (2, 7)  (0, 9)
job_9   (1, 5)  (1, 10)   (2, 8)   (2, 9)   (3, 7)  (0, 10)   (2, 5)  (1, 10)   (1, 1)   (3, 1)  (0, 2)   (0, 2)   (1, 7)   (2, 3)  (2, 8)  (3, 4)  (3, 8)


Solution:
Machine 0: job_2_task_0   job_7_task_1   job_7_task_2   job_5_task_4   job_5_task_5   job_8_task_4   job_6_task_4   job_0_task_7   job_8_task_6   job_8_task_7   job_2_task_7   job_4_task_5   job_9_task_5   job_1_task_8   job_5_task_8   job_5_task_9   job_1_task_9   job_2_task_9   job_8_task_10  job_2_task_10  job_6_task_8   job_3_task_7   job_0_task_13  job_9_task_10  job_9_task_11  job_8_task_12  job_0_task_14  job_1_task_13  job_3_task_12  job_1_task_15  job_1_task_16  job_5_task_16  job_2_task_15  job_8_task_16  
           [0,6]          [20,23]        [23,26]        [49,53]        [53,62]        [63,69]        [72,79]        [82,90]        [90,98]        [98,100]       [106,107]      [108,116]      [116,126]      [126,133]      [133,135]      [135,143]      [143,152]      [152,161]      [161,169]      [169,170]      [170,172]      [177,180]      [181,190]      [190,192]      [192,194]      [194,197]      [197,206]      [211,220]      [220,223]      [225,229]      [229,237]      [239,242]      [250,252]      [257,266]      
Machine 1: job_9_task_0   job_9_task_1   job_0_task_1   job_1_task_1   job_0_task_3   job_8_task_1   job_5_task_1   job_4_task_1   job_2_task_2   job_6_task_1   job_6_task_2   job_3_task_0   job_3_task_1   job_2_task_5   job_1_task_5   job_0_task_8   job_2_task_6   job_8_task_8   job_1_task_7   job_0_task_9   job_6_task_6   job_6_task_7   job_3_task_4   job_1_task_10  job_9_task_7   job_0_task_12  job_9_task_8   job_1_task_11  job_6_task_9   job_7_task_13  job_9_task_12  job_8_task_13  job_7_task_14  job_4_task_12  job_5_task_14  job_5_task_15  job_4_task_15  job_6_task_14  job_6_task_15  job_0_task_16  job_6_task_16  
           [0,5]          [5,15]         [15,24]        [24,32]        [32,39]        [39,42]        [42,43]        [43,52]        [52,53]        [53,55]        [55,61]        [61,64]        [64,66]        [82,91]        [91,96]        [96,105]       [105,106]      [106,116]      [116,117]      [117,127]      [131,138]      [138,141]      [143,147]      [152,161]      [161,171]      [171,181]      [181,182]      [182,189]      [189,192]      [192,200]      [200,207]      [207,210]      [210,215]      [215,217]      [228,233]      [233,239]      [239,242]      [249,252]      [252,261]      [261,269]      [269,271]      
Machine 2: job_1_task_0   job_8_task_0   job_4_task_0   job_2_task_1   job_7_task_3   job_9_task_2   job_1_task_2   job_0_task_4   job_8_task_2   job_1_task_3   job_0_task_5   job_2_task_4   job_7_task_6   job_9_task_3   job_4_task_2   job_5_task_6   job_1_task_6   job_5_task_7   job_7_task_9   job_2_task_8   job_3_task_3   job_4_task_7   job_9_task_6   job_3_task_5   job_0_task_11  job_5_task_11  job_2_task_11  job_8_task_11  job_4_task_10  job_2_task_12  job_3_task_10  job_9_task_13  job_9_task_14  job_4_task_13  job_1_task_14  job_3_task_13  job_3_task_14  job_4_task_14  job_6_task_12  job_2_task_14  job_8_task_15  job_3_task_15  job_2_task_16  job_7_task_16  
           [0,8]          [8,15]         [15,25]        [25,27]        [27,29]        [29,37]        [37,40]        [40,48]        [48,58]        [58,68]        [68,72]        [72,82]        [82,87]        [87,96]        [96,98]        [98,102]       [102,112]      [112,121]      [121,131]      [131,141]      [141,143]      [143,153]      [153,158]      [158,160]      [160,163]      [163,172]      [172,182]      [182,191]      [191,193]      [193,203]      [203,207]      [207,210]      [210,218]      [218,222]      [222,225]      [225,227]      [227,232]      [232,238]      [238,244]      [244,250]      [250,257]      [257,265]      [265,273]      [273,280]      
Machine 3: job_0_task_0   job_5_task_0   job_7_task_0   job_6_task_0   job_0_task_2   job_7_task_4   job_7_task_5   job_5_task_2   job_5_task_3   job_2_task_3   job_8_task_3   job_6_task_3   job_0_task_6   job_1_task_4   job_8_task_5   job_7_task_7   job_4_task_3   job_4_task_4   job_9_task_4   job_7_task_8   job_4_task_6   job_3_task_2   job_8_task_9   job_6_task_5   job_7_task_10  job_0_task_10  job_7_task_11  job_5_task_10  job_4_task_8   job_4_task_9   job_3_task_6   job_7_task_12  job_9_task_9   job_5_task_12  job_3_task_8   job_3_task_9   job_4_task_11  job_1_task_12  job_3_task_11  job_6_task_10  job_5_task_13  job_8_task_14  job_6_task_11  job_2_task_13  job_7_task_15  job_6_task_13  job_0_task_15  job_9_task_15  job_9_task_16  job_4_task_16  job_3_task_16  
           [0,9]          [9,17]         [17,20]        [20,22]        [24,30]        [30,39]        [39,40]        [43,48]        [48,49]        [53,55]        [58,63]        [63,72]        [72,82]        [82,87]        [87,90]        [90,100]       [100,101]      [101,108]      [108,115]      [115,116]      [116,121]      [121,122]      [122,125]      [125,131]      [131,138]      [138,141]      [141,151]      [151,157]      [157,159]      [159,168]      [168,177]      [177,182]      [182,183]      [183,193]      [193,195]      [195,196]      [196,206]      [206,211]      [211,214]      [214,218]      [218,228]      [228,235]      [235,236]      [236,239]      [239,248]      [248,249]      [249,254]      [254,258]      [258,266]      [266,271]      [271,276]      
Optimal Schedule Length: 280.0
Total (Unoptimized Schedule Length): 957
Statistics
  - conflicts: 1
  - branches : 171
  - wall time: 0.058357158000000006s