
Problem
         task_0  task_1   task_2   task_3  task_4   task_5  task_6   task_7   task_8  task_9  task_10
job_0   (1, 10)  (2, 9)   (3, 3)   (3, 7)  (1, 4)   (1, 1)  (0, 3)   (2, 8)   (3, 6)  (3, 7)   (2, 9)
job_1    (2, 5)  (1, 4)   (0, 7)   (1, 6)  (2, 8)   (0, 7)  (0, 1)   (2, 4)   (2, 3)  (0, 8)   (2, 2)
job_2    (3, 5)  (3, 2)   (0, 6)   (3, 6)  (2, 5)   (3, 3)  (2, 8)   (2, 2)   (3, 2)  (0, 7)   (3, 6)
job_3    (1, 4)  (1, 3)   (0, 6)   (0, 1)  (2, 5)   (2, 2)  (1, 1)   (1, 3)   (2, 1)  (2, 8)   (0, 3)
job_4   (2, 10)  (3, 5)   (3, 5)  (1, 10)  (2, 1)   (1, 4)  (2, 2)   (3, 7)  (0, 10)  (3, 3)   (3, 3)
job_5    (2, 3)  (0, 5)   (3, 9)   (3, 4)  (1, 2)   (0, 3)  (0, 9)   (3, 6)   (3, 3)  (3, 6)   (1, 1)
job_6    (0, 8)  (1, 5)   (3, 3)   (2, 6)  (0, 3)   (1, 6)  (3, 3)   (2, 6)   (0, 1)  (0, 8)   (3, 1)
job_7    (2, 6)  (1, 7)  (1, 10)   (2, 9)  (0, 6)   (2, 4)  (1, 1)  (2, 10)  (0, 10)  (2, 9)   (2, 6)
job_8   (2, 10)  (2, 1)   (1, 6)   (1, 5)  (1, 1)   (3, 9)  (0, 3)   (1, 6)   (0, 2)  (1, 5)   (1, 6)
job_9    (2, 5)  (2, 2)   (1, 4)   (0, 1)  (0, 7)   (3, 2)  (0, 1)   (1, 8)   (2, 1)  (1, 9)   (2, 1)
job_10   (1, 6)  (1, 9)   (0, 8)   (3, 6)  (3, 4)   (2, 9)  (1, 4)  (2, 10)   (3, 7)  (1, 4)   (2, 5)
job_11  (3, 10)  (0, 5)   (2, 5)   (1, 9)  (1, 6)  (2, 10)  (0, 5)   (1, 6)   (1, 6)  (3, 2)  (1, 10)
job_12   (3, 6)  (0, 5)   (1, 4)   (3, 3)  (1, 9)   (2, 5)  (0, 4)   (1, 8)   (0, 2)  (3, 8)   (0, 4)
job_13   (3, 5)  (0, 8)   (2, 6)   (1, 2)  (0, 1)  (2, 10)  (2, 5)   (1, 5)   (2, 4)  (0, 1)   (1, 3)
job_14   (2, 8)  (3, 7)   (2, 2)   (1, 2)  (3, 3)   (3, 4)  (2, 2)   (1, 7)   (0, 5)  (1, 8)   (2, 6)
job_15   (2, 7)  (1, 6)   (3, 1)   (2, 9)  (1, 1)   (1, 3)  (3, 2)   (3, 5)   (2, 7)  (1, 1)   (0, 1)
job_16   (0, 8)  (0, 4)   (2, 4)   (2, 6)  (3, 9)   (0, 8)  (2, 5)   (3, 2)   (0, 5)  (2, 6)   (2, 7)


Solution:
Machine 0: job_16_task_0  job_16_task_1  job_11_task_1  job_12_task_1  job_6_task_0   job_13_task_1  job_10_task_2  job_2_task_2   job_7_task_4   job_1_task_2   job_5_task_1   job_16_task_5  job_11_task_6  job_0_task_6   job_9_task_3   job_9_task_4   job_3_task_2   job_13_task_4  job_6_task_4   job_5_task_5   job_5_task_6   job_12_task_6  job_1_task_5   job_7_task_8   job_3_task_3   job_8_task_6   job_9_task_6   job_14_task_8  job_1_task_6   job_12_task_8  job_8_task_8   job_4_task_8   job_16_task_8  job_12_task_10 job_2_task_9   job_6_task_8   job_6_task_9   job_1_task_9   job_3_task_10  job_15_task_10 job_13_task_9  
           [0,8]          [8,12]         [12,17]        [17,22]        [22,30]        [31,39]        [39,47]        [47,53]        [53,59]        [59,66]        [69,74]        [92,100]       [113,118]      [124,127]      [128,129]      [129,136]      [136,142]      [142,143]      [143,146]      [146,149]      [149,158]      [158,162]      [162,169]      [169,179]      [179,180]      [180,183]      [183,184]      [184,189]      [189,190]      [190,192]      [192,194]      [209,219]      [219,224]      [224,228]      [228,235]      [235,236]      [236,244]      [246,254]      [262,265]      [270,271]      [282,283]      
Machine 1: job_10_task_0  job_7_task_1   job_0_task_0   job_10_task_1  job_7_task_2   job_11_task_3  job_1_task_1   job_12_task_2  job_11_task_4  job_6_task_1   job_12_task_4  job_8_task_2   job_4_task_3   job_1_task_3   job_0_task_4   job_14_task_3  job_3_task_0   job_8_task_3   job_7_task_6   job_15_task_1  job_0_task_5   job_9_task_2   job_3_task_1   job_8_task_4   job_13_task_3  job_5_task_4   job_10_task_6  job_11_task_7  job_6_task_5   job_11_task_8  job_4_task_5   job_12_task_7  job_15_task_4  job_15_task_5  job_14_task_7  job_8_task_7   job_9_task_7   job_14_task_9  job_8_task_9   job_11_task_10 job_3_task_6   job_3_task_7   job_13_task_7  job_10_task_9  job_8_task_10  job_5_task_10  job_9_task_9   job_15_task_9  job_13_task_10 
           [0,6]          [6,13]         [13,23]        [23,32]        [32,42]        [42,51]        [51,55]        [55,59]        [59,65]        [65,70]        [70,79]        [79,85]        [85,95]        [95,101]       [101,105]      [105,107]      [107,111]      [111,116]      [116,117]      [117,123]      [123,124]      [124,128]      [128,131]      [131,132]      [132,134]      [134,136]      [136,140]      [140,146]      [146,152]      [152,158]      [158,162]      [162,170]      [173,174]      [174,177]      [177,184]      [184,190]      [190,198]      [198,206]      [206,211]      [211,221]      [221,222]      [222,225]      [225,230]      [230,234]      [234,240]      [240,241]      [254,263]      [269,270]      [283,286]      
Machine 2: job_7_task_0   job_4_task_0   job_1_task_0   job_11_task_2  job_0_task_1   job_14_task_0  job_7_task_3   job_8_task_0   job_16_task_2  job_5_task_0   job_16_task_3  job_8_task_1   job_15_task_0  job_9_task_0   job_7_task_5   job_14_task_2  job_10_task_5  job_11_task_5  job_13_task_2  job_9_task_1   job_7_task_7   job_6_task_3   job_2_task_4   job_1_task_4   job_12_task_5  job_4_task_4   job_0_task_7   job_15_task_3  job_14_task_6  job_13_task_5  job_10_task_7  job_4_task_6   job_16_task_6  job_2_task_6   job_3_task_4   job_3_task_5   job_13_task_6  job_2_task_7   job_1_task_7   job_6_task_7   job_7_task_9   job_1_task_8   job_16_task_9  job_3_task_8   job_9_task_8   job_3_task_9   job_15_task_8  job_0_task_10  job_13_task_8  job_16_task_10 job_7_task_10  job_14_task_10 job_10_task_10 job_1_task_10  job_9_task_10  
           [0,6]          [6,16]         [16,21]        [21,26]        [26,35]        [35,43]        [43,52]        [52,62]        [62,66]        [66,69]        [69,75]        [75,76]        [76,83]        [83,88]        [88,92]        [92,94]        [94,103]       [103,113]      [113,119]      [119,121]      [121,131]      [131,137]      [137,142]      [142,150]      [150,155]      [155,156]      [156,164]      [164,173]      [173,175]      [175,185]      [185,195]      [195,197]      [197,202]      [202,210]      [210,215]      [215,217]      [217,222]      [222,224]      [224,228]      [228,234]      [234,243]      [243,246]      [246,252]      [252,253]      [253,254]      [254,262]      [262,269]      [269,278]      [278,282]      [282,289]      [289,295]      [295,301]      [301,306]      [306,308]      [308,309]      
Machine 3: job_11_task_0  job_12_task_0  job_2_task_0   job_4_task_1   job_13_task_0  job_2_task_1   job_4_task_2   job_0_task_2   job_0_task_3   job_10_task_3  job_14_task_1  job_12_task_3  job_10_task_4  job_2_task_3   job_5_task_2   job_16_task_4  job_6_task_2   job_5_task_3   job_14_task_4  job_14_task_5  job_15_task_2  job_8_task_5   job_9_task_5   job_2_task_5   job_6_task_6   job_5_task_7   job_0_task_8   job_0_task_9   job_15_task_6  job_15_task_7  job_11_task_9  job_5_task_8   job_5_task_9   job_10_task_8  job_4_task_7   job_16_task_7  job_12_task_9  job_4_task_9   job_4_task_10  job_2_task_8   job_2_task_10  job_6_task_10  
           [0,10]         [10,16]        [16,21]        [21,26]        [26,31]        [31,33]        [33,38]        [38,41]        [41,48]        [48,54]        [54,61]        [61,64]        [64,68]        [68,74]        [74,83]        [83,92]        [92,95]        [95,99]        [107,110]      [110,114]      [123,124]      [132,141]      [141,143]      [143,146]      [152,155]      [158,164]      [164,170]      [170,177]      [177,179]      [179,184]      [184,186]      [186,189]      [189,195]      [195,202]      [202,209]      [209,211]      [211,219]      [219,222]      [222,225]      [225,227]      [235,241]      [244,245]      
Optimal Schedule Length: 309.0
Total (Unoptimized Schedule Length): 960
Statistics
  - conflicts: 0
  - branches : 21
  - wall time: 0.044307939000000005s