
Problem
         task_0   task_1   task_2  task_3   task_4   task_5   task_6   task_7  task_8   task_9  task_10 task_11  task_12  task_13  task_14  task_15  task_16 task_17
job_0    (2, 1)   (7, 6)   (3, 5)  (4, 5)   (8, 6)   (2, 6)   (2, 2)   (3, 8)  (5, 6)   (6, 4)   (6, 9)  (3, 1)  (2, 10)  (9, 10)  (4, 10)   (6, 7)   (4, 5)  (6, 9)
job_1    (3, 5)   (1, 3)   (7, 6)  (4, 6)  (1, 10)   (6, 2)   (5, 7)   (6, 6)  (9, 1)   (7, 2)   (4, 2)  (6, 6)   (9, 5)   (7, 1)   (9, 7)   (2, 2)  (7, 10)  (3, 3)
job_2    (4, 1)  (8, 10)   (2, 5)  (2, 8)   (9, 1)   (2, 3)   (9, 7)   (0, 4)  (3, 8)   (6, 9)   (8, 9)  (0, 7)   (3, 2)   (0, 7)   (7, 6)   (7, 6)   (2, 4)  (5, 8)
job_3    (6, 7)   (6, 7)   (0, 3)  (5, 6)   (0, 6)   (8, 5)   (6, 2)   (3, 3)  (0, 6)   (5, 3)  (1, 10)  (1, 3)   (4, 5)   (5, 1)   (9, 2)   (4, 6)   (4, 6)  (7, 1)
job_4    (2, 2)   (3, 1)   (3, 8)  (1, 7)   (0, 1)   (3, 4)   (1, 4)   (2, 9)  (6, 7)   (7, 4)   (4, 2)  (5, 9)   (0, 8)   (9, 9)   (6, 6)   (0, 1)   (5, 4)  (6, 7)
job_5    (7, 2)  (0, 10)   (9, 8)  (3, 2)   (5, 3)   (5, 6)   (2, 6)   (9, 9)  (3, 1)   (7, 8)   (1, 1)  (5, 8)   (0, 3)   (3, 7)   (7, 6)   (8, 7)   (2, 5)  (3, 3)
job_6    (5, 5)   (6, 8)   (2, 9)  (3, 2)   (6, 4)   (6, 2)   (3, 7)   (7, 3)  (5, 7)  (5, 10)  (7, 10)  (5, 9)   (4, 9)   (6, 9)   (5, 6)   (2, 4)   (8, 5)  (7, 2)
job_7    (9, 9)   (4, 5)   (9, 8)  (7, 4)   (2, 4)   (7, 7)   (9, 3)   (2, 4)  (6, 2)   (1, 7)   (9, 9)  (5, 1)   (1, 1)   (4, 5)   (0, 4)   (3, 9)   (6, 5)  (7, 6)
job_8    (6, 1)   (6, 5)   (6, 5)  (2, 7)   (7, 6)   (6, 8)   (4, 1)  (7, 10)  (6, 5)   (5, 9)   (7, 5)  (7, 3)   (0, 9)   (7, 1)   (9, 4)   (0, 3)   (9, 1)  (7, 8)
job_9   (3, 10)   (7, 4)   (7, 3)  (8, 3)   (0, 7)   (3, 6)   (7, 2)   (4, 3)  (7, 8)   (5, 4)   (7, 5)  (9, 5)   (0, 8)   (5, 1)   (7, 8)   (9, 9)   (2, 9)  (7, 8)
job_10   (6, 6)   (6, 5)   (4, 6)  (9, 7)   (5, 6)   (5, 2)  (4, 10)   (8, 8)  (6, 5)   (9, 6)   (3, 6)  (3, 2)   (5, 9)   (0, 9)   (6, 3)   (6, 4)   (8, 4)  (9, 5)
job_11  (6, 10)   (1, 8)  (9, 10)  (7, 3)  (8, 10)   (4, 9)   (2, 6)   (1, 2)  (5, 9)  (9, 10)   (6, 9)  (4, 9)   (8, 8)   (7, 7)   (4, 6)  (0, 10)   (0, 4)  (2, 7)
job_12   (4, 6)   (1, 8)   (7, 3)  (4, 6)   (9, 2)   (1, 7)   (4, 1)   (6, 3)  (5, 6)   (1, 6)   (6, 7)  (4, 7)   (3, 1)  (0, 10)  (5, 10)   (7, 1)   (8, 5)  (0, 6)
job_13   (2, 7)   (0, 8)   (8, 5)  (6, 3)   (4, 7)  (9, 10)   (7, 2)  (1, 10)  (0, 7)   (5, 1)   (0, 3)  (2, 7)   (9, 2)   (0, 2)   (0, 1)   (6, 7)   (4, 6)  (2, 4)
job_14  (3, 10)   (2, 1)   (6, 9)  (7, 6)   (3, 2)   (0, 6)   (0, 7)   (7, 9)  (3, 7)   (7, 8)   (2, 7)  (1, 8)   (1, 4)   (6, 8)   (3, 3)   (4, 8)   (8, 2)  (3, 7)
job_15   (8, 5)   (2, 1)   (2, 5)  (5, 4)   (7, 7)   (4, 5)   (4, 7)   (5, 1)  (9, 1)   (3, 7)   (3, 1)  (7, 5)   (9, 4)   (2, 4)   (9, 9)   (3, 4)   (7, 8)  (7, 8)


Solution:
Machine 0: job_5_task_1   job_13_task_1  job_9_task_4   job_14_task_5  job_14_task_6  job_4_task_4   job_3_task_2   job_2_task_7   job_3_task_4   job_5_task_12  job_9_task_12  job_3_task_8   job_13_task_8  job_13_task_10 job_7_task_14  job_2_task_11  job_13_task_13 job_13_task_14 job_12_task_13 job_2_task_13  job_4_task_12  job_8_task_12  job_10_task_13 job_11_task_15 job_8_task_15  job_4_task_15  job_11_task_16 job_12_task_17 
           [2,12]         [12,20]        [39,46]        [46,52]        [52,59]        [59,60]        [70,73]        [73,77]        [79,85]        [119,122]      [122,130]      [130,136]      [136,143]      [144,147]      [147,151]      [151,158]      [158,160]      [160,161]      [161,171]      [171,178]      [178,186]      [186,195]      [195,204]      [204,214]      [214,217]      [217,218]      [218,222]      [222,228]      
Machine 1: job_1_task_1   job_12_task_1  job_11_task_1  job_1_task_4   job_4_task_3   job_12_task_5  job_11_task_7  job_4_task_6   job_7_task_9   job_5_task_10  job_12_task_9  job_13_task_7  job_14_task_11 job_7_task_12  job_3_task_10  job_14_task_12 job_3_task_11  
           [5,8]          [8,16]         [16,24]        [24,34]        [39,46]        [46,53]        [77,79]        [81,85]        [88,95]        [95,96]        [100,106]      [122,132]      [132,140]      [140,141]      [141,151]      [151,155]      [155,158]      
Machine 2: job_0_task_0   job_4_task_0   job_13_task_0  job_15_task_1  job_15_task_2  job_2_task_2   job_14_task_1  job_6_task_2   job_7_task_4   job_2_task_3   job_8_task_3   job_0_task_5   job_0_task_6   job_2_task_5   job_5_task_6   job_11_task_6  job_7_task_7   job_4_task_7   job_15_task_13 job_0_task_12  job_14_task_10 job_13_task_11 job_9_task_16  job_5_task_16  job_2_task_16  job_6_task_15  job_13_task_17 job_1_task_15  job_11_task_17 
           [0,1]          [1,3]          [3,10]         [10,11]        [11,16]        [16,21]        [25,26]        [26,35]        [35,39]        [39,47]        [47,54]        [54,60]        [60,62]        [62,65]        [65,71]        [71,77]        [77,81]        [85,94]        [94,98]        [108,118]      [118,125]      [147,154]      [179,188]      [188,193]      [193,197]      [198,202]      [202,206]      [207,209]      [222,229]      
Machine 3: job_1_task_0   job_9_task_0   job_14_task_0  job_0_task_2   job_4_task_1   job_4_task_2   job_6_task_3   job_5_task_3   job_14_task_4  job_9_task_5   job_15_task_9  job_6_task_6   job_0_task_7   job_15_task_10 job_4_task_5   job_5_task_8   job_2_task_8   job_14_task_8  job_0_task_11  job_15_task_15 job_3_task_7   job_10_task_10 job_10_task_11 job_5_task_13  job_7_task_15  job_12_task_12 job_2_task_12  job_14_task_14 job_5_task_17  job_14_task_17 job_1_task_17  
           [0,5]          [5,15]         [15,25]        [25,30]        [30,31]        [31,39]        [39,41]        [41,43]        [43,45]        [46,52]        [54,61]        [61,68]        [68,76]        [76,77]        [77,81]        [81,82]        [82,90]        [90,97]        [107,108]      [117,121]      [125,128]      [128,134]      [134,136]      [136,143]      [151,160]      [160,161]      [161,163]      [163,166]      [193,196]      [201,208]      [220,223]      
Machine 4: job_2_task_0   job_12_task_0  job_7_task_1   job_1_task_3   job_12_task_3  job_15_task_5  job_0_task_3   job_15_task_6  job_10_task_2  job_9_task_7   job_12_task_6  job_11_task_5  job_10_task_6  job_13_task_4  job_8_task_6   job_4_task_10  job_11_task_11 job_7_task_13  job_12_task_11 job_0_task_14  job_1_task_10  job_11_task_14 job_6_task_12  job_3_task_12  job_13_task_16 job_14_task_15 job_0_task_16  job_3_task_15  job_3_task_16  
           [0,1]          [1,7]          [9,14]         [14,20]        [22,28]        [29,34]        [34,39]        [39,46]        [50,56]        [56,59]        [59,60]        [62,71]        [71,81]        [81,88]        [88,89]        [120,122]      [123,132]      [141,146]      [146,153]      [153,163]      [163,165]      [165,171]      [171,180]      [180,185]      [185,191]      [191,199]      [199,204]      [204,210]      [210,216]      
Machine 5: job_6_task_0   job_15_task_3  job_5_task_4   job_5_task_5   job_15_task_7  job_10_task_4  job_10_task_5  job_3_task_3   job_11_task_8  job_0_task_8   job_12_task_8  job_9_task_9   job_1_task_6   job_5_task_11  job_6_task_8   job_6_task_9   job_3_task_9   job_7_task_11  job_9_task_13  job_13_task_9  job_8_task_9   job_4_task_11  job_6_task_11  job_10_task_12 job_12_task_14 job_3_task_13  job_6_task_14  job_2_task_17  job_4_task_16  
           [0,5]          [16,20]        [43,46]        [46,52]        [52,53]        [63,69]        [69,71]        [73,79]        [79,88]        [88,94]        [94,100]       [100,104]      [104,111]      [111,119]      [119,126]      [126,136]      [136,139]      [139,140]      [140,141]      [143,144]      [144,153]      [153,162]      [162,171]      [171,180]      [180,190]      [190,191]      [192,198]      [198,206]      [218,222]      
Machine 6: job_11_task_0  job_6_task_1   job_10_task_0  job_8_task_0   job_14_task_2  job_8_task_1   job_8_task_2   job_10_task_1  job_6_task_4   job_6_task_5   job_3_task_0   job_3_task_1   job_13_task_3  job_8_task_5   job_12_task_7  job_1_task_5   job_7_task_8   job_10_task_8  job_0_task_9   job_0_task_10  job_4_task_8   job_11_task_10 job_3_task_6   job_2_task_9   job_8_task_8   job_12_task_10 job_1_task_7   job_14_task_13 job_13_task_15 job_1_task_11  job_0_task_15  job_6_task_13  job_7_task_16  job_4_task_14  job_10_task_14 job_0_task_17  job_10_task_15 job_4_task_17  
           [0,10]         [10,18]        [18,24]        [24,25]        [26,35]        [35,40]        [40,45]        [45,50]        [50,54]        [54,56]        [56,63]        [63,70]        [70,73]        [73,81]        [81,84]        [84,86]        [86,88]        [89,94]        [94,98]        [98,107]       [107,114]      [114,123]      [123,125]      [125,134]      [134,139]      [139,146]      [146,152]      [155,163]      [163,170]      [170,176]      [176,183]      [183,192]      [192,197]      [197,203]      [204,207]      [207,216]      [216,220]      [222,229]      
Machine 7: job_5_task_0   job_0_task_1   job_1_task_2   job_9_task_1   job_12_task_2  job_15_task_4  job_7_task_3   job_9_task_2   job_14_task_3  job_7_task_5   job_11_task_3  job_9_task_6   job_8_task_4   job_14_task_7  job_9_task_8   job_15_task_11 job_5_task_9   job_8_task_7   job_14_task_9  job_9_task_10  job_6_task_7   job_4_task_9   job_13_task_6  job_15_task_16 job_15_task_17 job_6_task_10  job_11_task_13 job_1_task_9   job_8_task_10  job_9_task_14  job_5_task_14  job_8_task_11  job_2_task_14  job_2_task_15  job_9_task_17  job_1_task_13  job_7_task_17  job_8_task_13  job_6_task_17  job_12_task_15 job_1_task_16  job_8_task_17  job_3_task_17  
           [0,2]          [2,8]          [8,14]         [15,19]        [19,22]        [22,29]        [29,33]        [33,36]        [36,42]        [42,49]        [49,52]        [52,54]        [54,60]        [60,69]        [69,77]        [77,82]        [82,90]        [90,100]       [100,108]      [108,113]      [113,116]      [116,120]      [120,122]      [122,130]      [130,138]      [138,148]      [148,155]      [155,157]      [157,162]      [162,170]      [170,176]      [176,179]      [179,185]      [185,191]      [191,199]      [199,200]      [200,206]      [206,207]      [207,209]      [209,210]      [210,220]      [220,228]      [228,229]      
Machine 8: job_15_task_0  job_2_task_1   job_13_task_2  job_9_task_3   job_0_task_4   job_11_task_4  job_10_task_7  job_3_task_5   job_11_task_12 job_2_task_10  job_5_task_15  job_14_task_16 job_6_task_16  job_12_task_16 job_10_task_16 
           [0,5]          [5,15]         [20,25]        [36,39]        [39,45]        [52,62]        [81,89]        [89,94]        [132,140]      [140,149]      [176,183]      [199,201]      [202,207]      [210,215]      [220,224]      
Machine 9: job_7_task_0   job_5_task_2   job_7_task_2   job_11_task_2  job_12_task_4  job_2_task_4   job_7_task_6   job_15_task_8  job_10_task_3  job_2_task_6   job_5_task_7   job_15_task_12 job_11_task_9  job_13_task_5  job_15_task_14 job_9_task_11  job_10_task_9  job_7_task_10  job_0_task_13  job_1_task_8   job_13_task_12 job_9_task_15  job_1_task_12  job_4_task_13  job_3_task_14  job_1_task_14  job_8_task_14  job_8_task_16  job_10_task_17 
           [0,9]          [12,20]        [20,28]        [28,38]        [38,40]        [47,48]        [49,52]        [53,54]        [56,63]        [65,72]        [72,81]        [82,86]        [88,98]        [98,108]       [108,117]      [117,122]      [122,128]      [128,137]      [137,147]      [152,153]      [154,156]      [170,179]      [179,184]      [186,195]      [195,197]      [200,207]      [207,211]      [217,218]      [224,229]      
Optimal Schedule Length: 229.0
Total (Unoptimized Schedule Length): 1592
Statistics
  - conflicts: 0
  - branches : 0
  - wall time: 0.21106896500000003s