
Problem
        task_0   task_1   task_2   task_3   task_4   task_5  task_6  task_7   task_8   task_9  task_10 task_11  task_12 task_13 task_14  task_15 task_16  task_17  task_18 task_19
job_0   (2, 9)   (3, 2)   (5, 1)   (0, 8)   (4, 8)   (0, 4)  (6, 9)  (0, 6)  (8, 10)  (8, 10)   (5, 9)  (4, 2)   (0, 9)  (1, 8)  (5, 1)  (2, 10)  (0, 4)   (0, 3)  (8, 10)  (7, 4)
job_1   (3, 9)   (7, 8)   (3, 9)   (6, 3)   (5, 6)  (0, 10)  (1, 9)  (2, 5)   (3, 8)   (0, 3)   (8, 8)  (6, 9)   (5, 1)  (3, 3)  (1, 5)   (0, 6)  (4, 1)   (3, 6)  (2, 10)  (1, 7)
job_2   (1, 4)  (6, 10)   (0, 5)   (4, 9)   (4, 4)   (8, 9)  (5, 2)  (3, 5)   (7, 6)  (1, 10)   (1, 1)  (6, 1)   (8, 1)  (2, 5)  (1, 1)   (8, 6)  (6, 5)   (5, 7)   (0, 5)  (5, 6)
job_3   (4, 3)   (5, 5)   (8, 3)   (6, 6)   (1, 1)  (2, 10)  (5, 1)  (1, 4)   (0, 1)   (4, 4)   (4, 2)  (3, 5)   (5, 8)  (8, 8)  (6, 2)   (2, 5)  (0, 3)   (8, 6)   (7, 9)  (7, 9)
job_4   (3, 9)  (3, 10)  (3, 10)   (2, 8)   (7, 2)   (5, 6)  (3, 3)  (4, 3)   (4, 1)   (8, 4)   (2, 5)  (8, 4)   (7, 5)  (3, 1)  (6, 3)   (2, 4)  (1, 8)   (8, 3)   (1, 7)  (2, 3)
job_5   (4, 5)  (7, 10)  (2, 10)   (8, 8)   (8, 7)   (7, 8)  (2, 5)  (8, 8)   (4, 1)   (0, 2)   (8, 6)  (7, 8)   (0, 4)  (7, 8)  (3, 7)   (6, 1)  (3, 8)   (5, 4)   (5, 5)  (6, 4)
job_6   (7, 6)   (6, 4)   (1, 3)   (1, 4)   (1, 8)   (5, 7)  (8, 4)  (7, 2)   (5, 9)   (5, 9)   (4, 9)  (1, 9)   (5, 7)  (0, 7)  (7, 7)   (3, 6)  (4, 3)   (4, 7)   (4, 3)  (6, 1)
job_7   (7, 4)   (8, 2)   (3, 4)   (1, 9)   (1, 7)   (5, 8)  (8, 4)  (7, 4)   (8, 8)   (4, 8)   (0, 3)  (7, 4)   (6, 3)  (3, 5)  (2, 5)   (6, 2)  (2, 6)   (7, 6)   (3, 7)  (4, 5)
job_8   (3, 9)   (3, 8)   (6, 7)   (4, 7)   (1, 6)   (0, 8)  (0, 7)  (1, 1)   (8, 4)   (8, 5)   (5, 6)  (2, 5)   (5, 6)  (8, 9)  (4, 3)   (8, 5)  (0, 9)   (0, 1)   (3, 7)  (2, 6)
job_9   (6, 4)   (8, 8)   (5, 3)  (3, 10)   (2, 4)   (6, 3)  (5, 3)  (5, 5)  (4, 10)  (6, 10)   (6, 4)  (3, 9)   (0, 2)  (0, 7)  (6, 1)   (6, 7)  (8, 5)   (3, 8)   (4, 2)  (1, 6)
job_10  (6, 8)   (5, 4)   (7, 2)   (2, 3)   (6, 6)   (5, 1)  (5, 9)  (3, 8)   (8, 7)   (0, 2)   (6, 5)  (6, 5)   (7, 8)  (3, 1)  (1, 3)   (5, 8)  (6, 3)   (5, 7)   (5, 2)  (6, 2)
job_11  (7, 6)   (6, 7)   (3, 8)   (7, 3)  (6, 10)   (4, 3)  (2, 8)  (4, 1)   (7, 1)   (1, 3)  (2, 10)  (7, 7)  (1, 10)  (8, 9)  (0, 9)   (0, 4)  (4, 9)  (2, 10)   (5, 5)  (4, 4)
job_12  (4, 7)   (0, 4)   (1, 3)   (1, 2)   (1, 4)   (5, 8)  (8, 4)  (3, 5)   (8, 8)  (0, 10)   (5, 5)  (8, 4)   (5, 5)  (8, 3)  (7, 1)  (0, 10)  (5, 7)   (3, 6)   (4, 5)  (1, 4)


Solution:
Machine 0: job_12_task_1  job_2_task_2   job_0_task_3   job_0_task_5   job_1_task_5   job_5_task_9   job_0_task_7   job_12_task_9  job_8_task_5   job_8_task_6   job_5_task_12  job_1_task_9   job_0_task_12  job_3_task_8   job_7_task_10  job_9_task_12  job_9_task_13  job_10_task_9  job_12_task_15 job_1_task_15  job_6_task_13  job_11_task_14 job_11_task_15 job_3_task_16  job_8_task_16  job_8_task_17  job_0_task_16  job_0_task_17  job_2_task_18  
           [15,19]        [22,27]        [29,37]        [48,52]        [52,62]        [62,64]        [64,70]        [73,83]        [83,91]        [91,98]        [98,102]       [102,105]      [119,128]      [128,129]      [129,132]      [132,134]      [134,141]      [141,143]      [143,153]      [153,159]      [159,166]      [166,175]      [175,179]      [179,182]      [182,191]      [191,192]      [192,196]      [196,199]      [201,206]      
Machine 1: job_2_task_0   job_12_task_2  job_12_task_3  job_12_task_4  job_6_task_2   job_6_task_3   job_6_task_4   job_7_task_3   job_7_task_4   job_1_task_6   job_8_task_4   job_3_task_4   job_11_task_9  job_8_task_7   job_11_task_12 job_3_task_7   job_0_task_13  job_6_task_11  job_1_task_14  job_2_task_9   job_2_task_10  job_10_task_14 job_2_task_14  job_1_task_19  job_4_task_16  job_12_task_19 job_4_task_18  job_9_task_19  
           [0,4]          [19,22]        [22,24]        [24,28]        [37,40]        [40,44]        [44,52]        [52,61]        [61,68]        [68,77]        [77,83]        [83,84]        [85,88]        [98,99]        [105,115]      [115,119]      [128,136]      [136,145]      [145,150]      [150,160]      [160,161]      [165,168]      [169,170]      [184,191]      [191,199]      [199,203]      [203,210]      [210,216]      
Machine 2: job_0_task_0   job_5_task_2   job_10_task_3  job_5_task_6   job_9_task_4   job_11_task_6  job_1_task_7   job_11_task_10 job_3_task_5   job_4_task_3   job_8_task_11  job_0_task_15  job_7_task_14  job_4_task_10  job_7_task_16  job_2_task_13  job_3_task_15  job_1_task_18  job_4_task_15  job_11_task_17 job_8_task_19  job_4_task_19  
           [0,9]          [15,25]        [31,34]        [48,53]        [53,57]        [75,83]        [83,88]        [88,98]        [98,108]       [108,116]      [124,129]      [138,148]      [148,153]      [153,158]      [158,164]      [164,169]      [169,174]      [174,184]      [187,191]      [191,201]      [201,207]      [210,213]      
Machine 3: job_1_task_0   job_8_task_0   job_8_task_1   job_0_task_1   job_1_task_2   job_7_task_2   job_9_task_3   job_11_task_2  job_12_task_7  job_4_task_0   job_4_task_1   job_4_task_2   job_1_task_8   job_10_task_7  job_2_task_7   job_9_task_11  job_4_task_6   job_3_task_11  job_1_task_13  job_7_task_13  job_5_task_14  job_5_task_16  job_10_task_13 job_1_task_17  job_12_task_17 job_6_task_15  job_4_task_13  job_7_task_18  job_8_task_18  job_9_task_17  
           [0,9]          [9,18]         [18,26]        [26,28]        [28,37]        [37,41]        [41,51]        [51,59]        [59,64]        [64,73]        [73,83]        [83,93]        [93,101]       [101,109]      [109,114]      [122,131]      [131,134]      [135,140]      [140,143]      [143,148]      [148,155]      [156,164]      [164,165]      [165,171]      [171,177]      [177,183]      [183,184]      [184,191]      [192,199]      [199,207]      
Machine 4: job_5_task_0   job_3_task_0   job_12_task_0  job_2_task_3   job_2_task_4   job_0_task_4   job_8_task_3   job_5_task_8   job_11_task_5  job_11_task_7  job_9_task_8   job_6_task_10  job_0_task_11  job_7_task_9   job_3_task_9   job_3_task_10  job_4_task_7   job_4_task_8   job_1_task_16  job_8_task_14  job_12_task_18 job_11_task_16 job_6_task_16  job_6_task_17  job_7_task_19  job_9_task_18  job_6_task_18  job_11_task_19 
           [0,5]          [5,8]          [8,15]         [27,36]        [36,40]        [40,48]        [48,55]        [61,62]        [72,75]        [83,84]        [94,104]       [104,113]      [113,115]      [120,128]      [129,133]      [133,135]      [135,138]      [138,139]      [159,160]      [173,176]      [177,182]      [182,191]      [191,194]      [194,201]      [201,206]      [207,209]      [209,212]      [212,216]      
Machine 5: job_3_task_1   job_9_task_2   job_10_task_1  job_0_task_2   job_12_task_5  job_1_task_4   job_2_task_6   job_6_task_5   job_10_task_5  job_10_task_6  job_7_task_5   job_6_task_8   job_9_task_6   job_9_task_7   job_6_task_9   job_0_task_10  job_3_task_6   job_12_task_10 job_8_task_10  job_4_task_5   job_12_task_12 job_0_task_14  job_1_task_12  job_3_task_12  job_6_task_12  job_8_task_12  job_12_task_16 job_10_task_15 job_5_task_17  job_10_task_17 job_5_task_18  job_10_task_18 job_2_task_17  job_11_task_18 job_2_task_19  
           [8,13]         [13,16]        [16,20]        [28,29]        [29,37]        [40,46]        [49,51]        [52,59]        [59,60]        [60,69]        [69,77]        [77,86]        [86,89]        [89,94]        [94,103]       [103,112]      [112,113]      [113,118]      [118,124]      [124,130]      [132,137]      [137,138]      [138,139]      [140,148]      [148,155]      [155,161]      [161,168]      [168,176]      [176,180]      [180,187]      [187,192]      [192,194]      [194,201]      [201,206]      [206,212]      
Machine 6: job_9_task_0   job_10_task_0  job_2_task_1   job_8_task_2   job_6_task_1   job_1_task_3   job_11_task_1  job_10_task_4  job_0_task_6   job_11_task_4  job_9_task_5   job_3_task_3   job_9_task_9   job_9_task_10  job_1_task_11  job_7_task_12  job_9_task_14  job_10_task_10 job_10_task_11 job_7_task_15  job_5_task_15  job_2_task_11  job_3_task_14  job_9_task_15  job_10_task_16 job_4_task_14  job_2_task_16  job_5_task_19  job_10_task_19 job_6_task_19  
           [0,4]          [4,12]         [12,22]        [26,33]        [33,37]        [37,40]        [40,47]        [47,53]        [53,62]        [62,72]        [72,75]        [75,81]        [104,114]      [118,122]      [128,137]      [137,140]      [141,142]      [143,148]      [148,153]      [153,155]      [155,156]      [161,162]      [163,165]      [165,172]      [176,179]      [184,187]      [188,193]      [193,197]      [197,199]      [212,213]      
Machine 7: job_7_task_0   job_5_task_1   job_1_task_1   job_6_task_0   job_10_task_2  job_11_task_0  job_5_task_5   job_11_task_3  job_6_task_7   job_11_task_8  job_5_task_11  job_11_task_11 job_7_task_7   job_5_task_13  job_4_task_4   job_2_task_8   job_7_task_11  job_12_task_14 job_10_task_12 job_7_task_17  job_6_task_14  job_4_task_12  job_3_task_18  job_3_task_19  job_0_task_19  
           [0,4]          [5,15]         [15,23]        [23,29]        [29,31]        [31,37]        [40,48]        [59,62]        [65,67]        [84,85]        [85,93]        [98,105]       [105,109]      [109,117]      [119,121]      [121,127]      [132,136]      [142,143]      [153,161]      [164,170]      [170,177]      [177,182]      [194,203]      [203,212]      [212,216]      
Machine 8: job_9_task_1   job_3_task_2   job_7_task_1   job_5_task_3   job_5_task_4   job_2_task_5   job_12_task_6  job_5_task_7   job_6_task_6   job_12_task_8  job_5_task_10  job_0_task_8   job_0_task_9   job_7_task_6   job_8_task_8   job_8_task_9   job_7_task_8   job_1_task_10  job_12_task_11 job_10_task_8  job_12_task_13 job_4_task_9   job_11_task_13 job_3_task_13  job_2_task_12  job_8_task_13  job_4_task_11  job_8_task_15  job_2_task_15  job_3_task_17  job_9_task_16  job_4_task_17  job_0_task_18  
           [4,12]         [13,16]        [16,18]        [25,33]        [33,40]        [40,49]        [49,53]        [53,61]        [61,65]        [65,73]        [73,79]        [79,89]        [89,99]        [99,103]       [103,107]      [107,112]      [112,120]      [120,128]      [128,132]      [132,139]      [139,142]      [142,146]      [146,155]      [155,163]      [163,164]      [164,173]      [173,177]      [177,182]      [182,188]      [188,194]      [194,199]      [199,202]      [202,212]      
Optimal Schedule Length: 216.0
Total (Unoptimized Schedule Length): 1443
Statistics
  - conflicts: 0
  - branches : 0
  - wall time: 0.297845668s