
Problem
          task_0    task_1   task_2   task_3   task_4    task_5   task_6    task_7   task_8    task_9  task_10   task_11  task_12  task_13  task_14  task_15   task_16   task_17   task_18   task_19
job_0   (14, 10)    (5, 4)  (9, 10)   (8, 4)  (11, 3)   (16, 6)  (11, 3)    (4, 1)  (16, 4)  (16, 10)   (3, 2)    (1, 5)  (16, 6)   (9, 7)   (2, 3)   (2, 7)   (2, 10)    (2, 6)   (15, 6)  (15, 10)
job_1     (3, 4)    (0, 4)   (9, 6)   (0, 6)  (15, 7)   (10, 9)  (12, 4)    (3, 4)  (12, 2)   (10, 5)   (1, 4)    (1, 8)   (1, 5)   (3, 7)  (10, 8)   (5, 4)    (1, 2)   (14, 2)  (10, 10)   (10, 8)
job_2     (4, 4)    (4, 6)  (14, 9)   (3, 1)   (9, 2)   (4, 10)  (15, 7)  (10, 10)  (2, 10)   (10, 5)   (8, 2)    (8, 2)  (14, 2)  (11, 9)   (9, 2)  (14, 6)   (16, 7)    (4, 9)   (14, 9)   (15, 7)
job_3     (3, 9)    (4, 3)  (15, 9)   (1, 9)   (1, 8)    (4, 7)  (16, 7)    (2, 1)  (4, 10)   (13, 2)  (16, 9)    (8, 3)  (5, 10)  (13, 4)   (9, 7)   (4, 6)   (10, 2)    (8, 9)    (6, 5)   (12, 5)
job_4     (8, 3)    (2, 4)   (9, 1)   (4, 8)   (1, 9)    (9, 2)   (6, 3)    (9, 6)   (5, 2)    (4, 5)  (14, 5)    (7, 2)  (12, 1)   (1, 2)  (15, 4)  (4, 10)    (6, 9)   (13, 3)    (7, 1)    (6, 9)
job_5     (1, 1)    (4, 5)   (9, 6)  (11, 4)  (10, 8)   (16, 3)   (5, 7)    (9, 4)  (12, 9)    (1, 6)  (12, 4)   (11, 9)   (6, 9)   (4, 9)   (4, 5)  (10, 8)    (6, 8)    (8, 1)   (11, 6)    (5, 6)
job_6     (2, 8)   (0, 10)  (15, 3)  (10, 6)  (11, 3)    (3, 3)  (11, 5)  (15, 10)   (3, 6)   (9, 10)   (9, 8)  (16, 10)   (9, 3)   (7, 1)  (16, 2)   (5, 9)    (0, 5)   (11, 2)    (1, 8)    (2, 7)
job_7     (3, 4)   (12, 1)   (9, 9)   (2, 4)  (15, 6)   (1, 10)   (8, 1)    (0, 6)   (2, 5)   (11, 4)  (12, 4)    (4, 5)   (0, 6)   (4, 5)  (16, 9)  (11, 2)   (15, 7)    (9, 6)   (16, 1)    (3, 2)
job_8     (8, 1)   (5, 10)   (3, 5)  (11, 1)  (16, 6)   (16, 2)  (11, 9)    (3, 5)  (11, 5)   (2, 10)   (3, 3)   (16, 5)  (11, 4)   (1, 1)  (11, 9)   (6, 7)   (16, 5)    (0, 6)   (11, 2)    (1, 8)
job_9     (8, 6)   (10, 7)   (8, 2)  (15, 8)   (6, 4)   (10, 2)   (8, 5)    (1, 3)  (5, 10)   (13, 4)  (10, 8)   (14, 7)   (3, 7)  (12, 5)  (15, 5)  (10, 7)   (15, 9)   (13, 1)    (1, 7)    (7, 4)
job_10    (1, 5)    (4, 6)  (14, 5)  (11, 8)  (11, 6)   (13, 4)  (11, 3)    (1, 7)   (3, 9)   (11, 3)   (5, 1)   (11, 2)   (1, 1)  (13, 5)   (3, 2)  (5, 10)    (0, 6)    (4, 3)   (9, 10)   (8, 10)
job_11    (4, 4)   (15, 2)  (15, 2)  (10, 9)  (15, 4)   (15, 2)   (6, 6)    (6, 6)   (4, 3)    (0, 2)   (6, 8)    (7, 4)   (7, 5)   (4, 3)  (16, 2)  (16, 8)    (6, 4)   (4, 10)   (12, 4)    (5, 6)
job_12   (13, 3)    (9, 6)  (16, 8)  (5, 10)   (9, 3)   (14, 6)  (14, 6)    (7, 7)   (1, 9)    (6, 8)   (0, 5)    (9, 5)   (4, 6)   (9, 8)  (15, 3)  (16, 6)  (11, 10)   (16, 9)    (8, 8)   (11, 6)
job_13   (10, 2)  (13, 10)   (2, 3)  (10, 1)   (7, 7)  (10, 10)   (8, 1)   (14, 3)   (6, 9)    (1, 7)   (8, 7)   (15, 5)   (4, 3)   (8, 4)   (5, 3)   (3, 9)   (16, 4)   (11, 9)   (13, 6)   (11, 8)
job_14    (4, 4)    (2, 8)  (14, 1)  (7, 10)   (5, 8)    (7, 6)   (0, 2)    (5, 8)   (4, 7)    (1, 8)  (12, 7)   (0, 10)   (8, 2)  (13, 2)  (10, 9)   (1, 1)    (3, 8)  (10, 10)   (16, 7)    (7, 7)
job_15    (4, 7)   (10, 5)  (11, 5)   (5, 8)   (1, 7)    (8, 2)  (16, 5)    (9, 5)  (12, 1)    (2, 8)   (2, 8)   (16, 1)   (6, 2)   (5, 9)   (4, 6)  (14, 1)   (10, 1)    (0, 5)    (3, 9)    (6, 1)
job_16    (3, 4)    (4, 7)   (4, 5)   (8, 3)  (7, 10)    (0, 1)   (6, 3)   (16, 8)   (4, 8)    (1, 2)   (0, 6)    (9, 1)  (14, 8)   (0, 7)   (7, 1)   (2, 7)   (13, 3)   (11, 3)   (15, 3)    (5, 9)
job_17    (8, 8)   (13, 4)   (3, 9)  (11, 5)  (12, 5)   (16, 7)   (5, 1)    (7, 4)   (2, 7)   (15, 5)  (12, 7)    (2, 1)   (4, 2)   (7, 8)   (6, 3)   (3, 8)   (10, 5)    (4, 9)    (5, 5)    (0, 6)


Solution:
Machine 0: job_6_task_1   job_1_task_1   job_1_task_3   job_14_task_6  job_16_task_5  job_12_task_10 job_7_task_7   job_11_task_9  job_14_task_11 job_7_task_12  job_16_task_10 job_16_task_13 job_6_task_16  job_10_task_16 job_8_task_17  job_15_task_17 job_17_task_19 
           [8,18]         [18,22]        [35,41]        [49,51]        [74,75]        [75,80]        [103,109]      [109,111]      [116,126]      [132,138]      [142,148]      [157,164]      [164,169]      [173,179]      [188,194]      [194,199]      [199,205]      
Machine 1: job_5_task_0   job_10_task_0  job_3_task_3   job_3_task_4   job_12_task_8  job_9_task_7   job_5_task_9   job_15_task_4  job_4_task_4   job_7_task_5   job_14_task_9  job_10_task_7  job_13_task_9  job_0_task_11  job_1_task_10  job_1_task_11  job_16_task_9  job_10_task_12 job_1_task_12  job_8_task_13  job_4_task_13  job_14_task_15 job_9_task_18  job_1_task_16  job_6_task_18  job_8_task_19  
           [0,1]          [1,6]          [25,34]        [34,42]        [57,66]        [66,69]        [69,75]        [75,82]        [82,91]        [91,101]       [101,109]      [109,116]      [116,123]      [123,128]      [128,132]      [132,140]      [140,142]      [142,143]      [143,148]      [148,149]      [149,151]      [151,152]      [152,159]      [177,179]      [179,187]      [197,205]      
Machine 2: job_6_task_0   job_14_task_1  job_13_task_2  job_4_task_1   job_7_task_3   job_17_task_8  job_3_task_7   job_2_task_8   job_8_task_9   job_17_task_11 job_7_task_8   job_15_task_9  job_15_task_10 job_0_task_14  job_0_task_15  job_0_task_16  job_16_task_15 job_0_task_17  job_6_task_19  
           [0,8]          [8,16]         [16,19]        [20,24]        [49,53]        [64,71]        [75,76]        [82,92]        [95,105]       [105,106]      [109,114]      [117,125]      [125,133]      [146,149]      [149,156]      [156,166]      [166,173]      [173,179]      [187,194]      
Machine 3: job_3_task_0   job_1_task_0   job_16_task_0  job_7_task_0   job_17_task_2  job_8_task_2   job_2_task_3   job_6_task_5   job_1_task_7   job_6_task_8   job_8_task_7   job_0_task_10  job_9_task_12  job_8_task_10  job_10_task_8  job_17_task_15 job_13_task_15 job_10_task_14 job_1_task_13  job_14_task_16 job_15_task_18 job_7_task_19  
           [0,9]          [9,13]         [13,17]        [17,21]        [21,30]        [30,35]        [35,36]        [41,44]        [67,71]        [73,79]        [79,84]        [100,102]      [102,109]      [109,112]      [116,125]      [125,133]      [145,154]      [154,156]      [156,163]      [163,171]      [199,208]      [208,210]      
Machine 4: job_14_task_0  job_2_task_0   job_5_task_1   job_3_task_1   job_2_task_1   job_10_task_1  job_15_task_0  job_16_task_1  job_2_task_5   job_11_task_0  job_16_task_2  job_3_task_5   job_4_task_3   job_14_task_8  job_0_task_7   job_3_task_8   job_16_task_8  job_11_task_8  job_12_task_12 job_17_task_12 job_4_task_9   job_5_task_13  job_7_task_11  job_11_task_13 job_13_task_12 job_5_task_14  job_7_task_13  job_3_task_15  job_2_task_17  job_4_task_15  job_15_task_14 job_10_task_17 job_17_task_17 job_11_task_17 
           [0,4]          [4,8]          [8,13]         [13,16]        [16,22]        [22,28]        [28,35]        [35,42]        [42,52]        [52,56]        [56,61]        [61,68]        [68,76]        [76,83]        [83,84]        [84,94]        [94,102]       [102,105]      [105,111]      [111,113]      [113,118]      [118,127]      [127,132]      [132,135]      [135,138]      [138,143]      [143,148]      [148,154]      [154,163]      [163,173]      [173,179]      [179,182]      [182,191]      [191,201]      
Machine 5: job_0_task_1   job_8_task_1   job_12_task_3  job_14_task_4  job_5_task_6   job_14_task_7  job_17_task_6  job_15_task_3  job_9_task_8   job_4_task_8   job_3_task_12  job_10_task_10 job_13_task_14 job_15_task_13 job_6_task_15  job_10_task_15 job_1_task_15  job_5_task_19  job_17_task_18 job_16_task_19 job_11_task_19 
           [10,14]        [15,25]        [25,35]        [35,43]        [43,50]        [51,59]        [59,60]        [60,68]        [69,79]        [110,112]      [117,127]      [128,129]      [142,145]      [145,154]      [154,163]      [163,173]      [173,177]      [184,190]      [191,196]      [196,205]      [205,211]      
Machine 6: job_9_task_4   job_13_task_8  job_12_task_9  job_16_task_6  job_11_task_6  job_11_task_7  job_4_task_6   job_5_task_12  job_11_task_10 job_17_task_14 job_15_task_12 job_5_task_16  job_8_task_15  job_11_task_16 job_3_task_18  job_4_task_16  job_4_task_19  job_15_task_19 
           [36,40]        [56,65]        [66,74]        [75,78]        [85,91]        [91,97]        [97,100]       [100,109]      [111,119]      [121,124]      [142,144]      [151,159]      [160,167]      [167,171]      [171,176]      [176,185]      [189,198]      [208,209]      
Machine 7: job_14_task_3  job_13_task_4  job_14_task_5  job_12_task_7  job_17_task_7  job_16_task_4  job_17_task_13 job_11_task_11 job_11_task_12 job_4_task_11  job_6_task_13  job_9_task_19  job_16_task_14 job_4_task_18  job_14_task_19 
           [17,27]        [27,34]        [43,49]        [50,57]        [60,64]        [64,74]        [113,121]      [121,125]      [125,130]      [130,132]      [132,133]      [159,163]      [164,165]      [188,189]      [195,202]      
Machine 8: job_9_task_0   job_17_task_0  job_8_task_0   job_9_task_2   job_4_task_0   job_0_task_3   job_13_task_6  job_9_task_6   job_16_task_3  job_15_task_5  job_2_task_10  job_7_task_6   job_2_task_11  job_3_task_11  job_13_task_10 job_14_task_12 job_13_task_13 job_3_task_17  job_5_task_17  job_12_task_18 job_10_task_19 
           [0,6]          [6,14]         [14,15]        [15,17]        [17,20]        [29,33]        [52,53]        [54,59]        [61,64]        [82,84]        [100,102]      [102,103]      [103,105]      [114,117]      [123,130]      [130,132]      [138,142]      [158,167]      [167,168]      [183,191]      [192,202]      
Machine 9: job_12_task_1  job_5_task_2   job_0_task_2   job_1_task_2   job_12_task_4  job_2_task_4   job_7_task_2   job_4_task_2   job_5_task_7   job_6_task_9   job_12_task_11 job_4_task_5   job_6_task_10  job_4_task_7   job_15_task_7  job_12_task_13 job_2_task_14  job_6_task_12  job_3_task_14  job_0_task_13  job_16_task_11 job_10_task_18 job_7_task_17  
           [3,9]          [13,19]        [19,29]        [29,35]        [35,38]        [38,40]        [40,49]        [49,50]        [50,54]        [79,89]        [89,94]        [94,96]        [96,104]       [104,110]      [110,115]      [115,123]      [123,125]      [129,132]      [132,139]      [139,146]      [148,149]      [182,192]      [192,198]      
Machine 10: job_13_task_0  job_9_task_1   job_13_task_3  job_5_task_4   job_6_task_3   job_15_task_1  job_13_task_5  job_9_task_5   job_1_task_5   job_11_task_3  job_2_task_7   job_1_task_9   job_9_task_10  job_2_task_9   job_9_task_15  job_14_task_14 job_5_task_15  job_17_task_16 job_3_task_16  job_1_task_14  job_14_task_17 job_1_task_18  job_15_task_16 job_1_task_19  
           [0,2]          [6,13]         [19,20]        [23,31]        [31,37]        [37,42]        [42,52]        [52,54]        [54,63]        [63,72]        [72,82]        [82,87]        [87,95]        [95,100]       [127,134]      [134,143]      [143,151]      [151,156]      [156,158]      [163,171]      [171,181]      [181,191]      [191,192]      [192,200]      
Machine 11: job_5_task_3   job_17_task_3  job_0_task_4   job_6_task_4   job_10_task_3  job_8_task_3   job_6_task_6   job_15_task_2  job_10_task_4  job_0_task_6   job_8_task_6   job_10_task_6  job_5_task_11  job_8_task_8   job_2_task_13  job_7_task_9   job_8_task_12  job_10_task_9  job_10_task_11 job_12_task_16 job_8_task_14  job_13_task_17 job_7_task_15  job_6_task_17  job_5_task_18  job_16_task_17 job_13_task_19 job_8_task_18  job_12_task_19 
           [19,23]        [30,35]        [35,38]        [38,41]        [41,49]        [49,50]        [50,55]        [55,60]        [60,66]        [66,69]        [69,78]        [78,81]        [81,90]        [90,95]        [107,116]      [116,120]      [120,124]      [125,128]      [129,131]      [141,151]      [151,160]      [165,174]      [174,176]      [176,178]      [178,184]      [184,187]      [187,195]      [195,197]      [197,203]      
Machine 12: job_7_task_1   job_17_task_4  job_5_task_8   job_1_task_6   job_1_task_8   job_5_task_10  job_17_task_10 job_14_task_10 job_15_task_8  job_9_task_13  job_7_task_10  job_4_task_12  job_3_task_19  job_11_task_18 
           [21,22]        [35,40]        [54,63]        [63,67]        [71,73]        [75,79]        [90,97]        [109,116]      [116,117]      [117,122]      [122,126]      [132,133]      [176,181]      [201,205]      
Machine 13: job_12_task_0  job_13_task_1  job_17_task_1  job_10_task_5  job_9_task_9   job_3_task_9   job_3_task_13  job_14_task_13 job_10_task_13 job_9_task_17  job_16_task_16 job_13_task_18 job_4_task_17  
           [0,3]          [3,13]         [14,18]        [66,70]        [79,83]        [94,96]        [127,131]      [132,134]      [143,148]      [148,149]      [173,176]      [176,182]      [185,188]      
Machine 14: job_0_task_0   job_14_task_2  job_2_task_2   job_10_task_2  job_12_task_5  job_12_task_6  job_13_task_7  job_9_task_11  job_2_task_12  job_4_task_10  job_2_task_15  job_16_task_12 job_2_task_18  job_1_task_17  job_15_task_15 
           [0,10]         [16,17]        [22,31]        [31,36]        [38,44]        [44,50]        [53,56]        [95,102]       [105,107]      [118,123]      [125,131]      [149,157]      [163,172]      [179,181]      [181,182]      
Machine 15: job_3_task_2   job_6_task_2   job_9_task_3   job_1_task_4   job_2_task_6   job_11_task_1  job_11_task_2  job_6_task_7   job_7_task_4   job_11_task_4  job_11_task_5  job_17_task_9  job_9_task_14  job_12_task_14 job_13_task_11 job_9_task_16  job_4_task_14  job_2_task_19  job_0_task_18  job_7_task_16  job_16_task_18 job_0_task_19  
           [16,25]        [25,28]        [28,36]        [41,48]        [52,59]        [59,61]        [61,63]        [63,73]        [73,79]        [79,83]        [83,85]        [85,90]        [122,127]      [127,130]      [130,135]      [135,144]      [151,155]      [172,179]      [179,185]      [185,192]      [192,195]      [195,205]      
Machine 16: job_12_task_2  job_5_task_5   job_0_task_5   job_17_task_5  job_8_task_4   job_8_task_5   job_3_task_6   job_16_task_7  job_0_task_8   job_0_task_9   job_15_task_6  job_3_task_10  job_8_task_11  job_6_task_11  job_0_task_12  job_12_task_15 job_15_task_11 job_11_task_14 job_6_task_14  job_2_task_16  job_11_task_15 job_13_task_16 job_7_task_14  job_12_task_17 job_8_task_16  job_14_task_18 job_7_task_18  
           [9,17]         [31,34]        [38,44]        [44,51]        [51,57]        [57,59]        [68,75]        [78,86]        [86,90]        [90,100]       [100,105]      [105,114]      [114,119]      [119,129]      [129,135]      [135,141]      [141,142]      [142,144]      [144,146]      [146,153]      [153,161]      [161,165]      [165,174]      [174,183]      [183,188]      [188,195]      [198,199]      
Optimal Schedule Length: 211.0
Total (Unoptimized Schedule Length): 1980
Statistics
  - conflicts: 0
  - branches : 0
  - wall time: 0.285346259s