
Problem
          task_0    task_1    task_2   task_3    task_4   task_5   task_6   task_7    task_8   task_9  task_10  task_11  task_12  task_13  task_14  task_15  task_16   task_17
job_0     (3, 1)    (9, 5)  (11, 10)   (9, 3)    (2, 3)   (2, 7)   (1, 3)   (8, 8)    (5, 7)   (8, 5)  (11, 5)   (9, 7)  (12, 1)   (7, 1)  (12, 8)  (13, 3)  (13, 9)   (11, 8)
job_1     (8, 5)    (2, 3)   (10, 3)   (5, 3)    (8, 6)  (8, 10)   (6, 2)  (13, 4)    (8, 7)   (6, 2)   (5, 7)   (7, 4)  (6, 10)   (1, 8)   (1, 9)  (0, 10)   (9, 6)    (4, 4)
job_2    (1, 10)    (3, 6)   (10, 7)   (3, 6)   (12, 8)   (2, 1)   (4, 6)  (10, 2)   (10, 7)   (8, 3)  (13, 6)   (9, 1)   (3, 8)  (11, 4)   (3, 2)   (9, 5)   (3, 6)    (6, 3)
job_3     (6, 6)    (3, 4)    (9, 8)   (5, 2)   (9, 10)   (8, 4)  (11, 1)   (2, 1)    (6, 3)  (10, 7)  (11, 9)   (0, 6)   (1, 1)   (5, 2)   (0, 7)  (13, 9)   (6, 6)    (7, 4)
job_4     (7, 8)   (12, 3)   (11, 2)   (7, 5)    (0, 5)  (8, 10)  (11, 2)   (0, 1)   (12, 3)  (12, 5)   (4, 3)   (1, 8)   (6, 6)   (3, 2)  (10, 2)   (7, 3)  (1, 10)   (12, 9)
job_5    (12, 3)   (11, 3)   (10, 5)  (10, 5)   (13, 8)   (0, 6)   (0, 4)   (6, 3)    (3, 7)   (3, 5)   (9, 6)  (10, 5)   (8, 6)  (12, 2)   (8, 9)   (3, 6)   (8, 1)    (5, 3)
job_6     (6, 1)    (8, 9)    (4, 3)  (9, 10)   (11, 8)   (5, 8)   (3, 4)   (2, 4)    (6, 9)   (4, 4)   (1, 8)  (1, 10)   (6, 6)   (7, 7)   (6, 1)   (1, 6)  (13, 1)    (0, 6)
job_7     (4, 9)    (9, 7)    (4, 7)   (5, 4)    (6, 5)  (13, 1)  (12, 5)   (7, 2)    (8, 8)   (8, 4)   (1, 6)   (6, 1)  (11, 6)   (7, 3)   (8, 7)   (0, 1)   (9, 4)    (2, 2)
job_8     (5, 4)   (12, 8)    (8, 8)  (11, 6)    (8, 1)   (7, 5)  (1, 10)   (9, 4)    (5, 4)  (13, 3)   (3, 4)   (6, 9)   (6, 3)  (5, 10)   (6, 9)  (12, 8)   (5, 3)    (6, 9)
job_9     (3, 2)    (1, 5)    (7, 4)  (11, 7)  (10, 10)   (5, 6)  (2, 10)   (1, 5)   (12, 1)   (3, 1)   (4, 6)  (10, 1)   (5, 2)  (0, 10)   (8, 8)   (2, 6)  (8, 10)    (4, 4)
job_10   (12, 8)  (12, 10)    (5, 3)   (4, 1)   (12, 5)   (1, 6)   (7, 2)  (8, 10)    (3, 2)   (2, 9)  (13, 9)   (9, 2)   (2, 4)  (11, 7)   (2, 8)  (4, 10)   (8, 7)   (12, 4)
job_11    (1, 2)    (0, 1)    (4, 9)   (9, 4)    (1, 9)   (0, 5)   (2, 8)   (6, 7)    (1, 8)  (12, 3)  (11, 4)   (8, 8)   (7, 2)  (10, 4)   (0, 5)  (2, 10)   (5, 7)  (12, 10)
job_12   (7, 10)   (1, 10)    (2, 5)  (12, 2)    (1, 4)  (11, 7)   (5, 2)   (9, 8)    (9, 1)   (3, 5)   (9, 3)   (4, 1)   (6, 2)   (8, 1)  (13, 2)   (6, 8)  (8, 10)    (6, 9)
job_13  (10, 10)    (8, 8)    (7, 4)   (7, 1)   (11, 7)  (10, 7)   (6, 1)  (6, 10)    (5, 8)   (8, 4)  (11, 2)   (3, 2)   (1, 1)  (12, 8)   (2, 8)   (2, 2)   (2, 1)    (1, 9)
job_14   (11, 6)    (0, 7)  (12, 10)  (12, 5)    (0, 1)   (1, 4)   (4, 8)   (0, 9)  (11, 10)   (4, 2)   (5, 8)   (1, 4)   (7, 9)   (0, 5)   (3, 6)   (7, 3)  (13, 7)    (9, 2)
job_15    (9, 6)   (11, 6)   (13, 7)   (6, 6)   (12, 7)  (13, 4)   (6, 1)   (0, 5)   (10, 8)  (10, 7)   (2, 7)   (8, 4)   (2, 6)  (11, 4)   (4, 2)   (5, 9)   (4, 7)    (2, 7)
job_16    (5, 5)    (4, 4)    (0, 5)  (11, 4)    (7, 2)   (4, 7)  (10, 3)  (11, 9)    (8, 4)   (2, 2)   (5, 7)   (2, 2)   (2, 6)   (2, 1)  (11, 1)   (1, 1)   (4, 6)    (8, 3)


Solution:
Machine 0: job_11_task_1  job_14_task_1  job_16_task_2  job_11_task_5  job_14_task_4  job_4_task_4   job_14_task_7  job_15_task_7  job_5_task_5   job_5_task_6   job_4_task_7   job_9_task_13  job_3_task_11  job_11_task_14 job_14_task_13 job_1_task_15  job_3_task_14  job_6_task_17  job_7_task_15  
           [2,3]          [6,13]         [25,30]        [36,41]        [49,50]        [60,65]        [65,74]        [74,79]        [79,85]        [85,89]        [89,90]        [113,123]      [123,129]      [129,134]      [137,142]      [145,155]      [155,162]      [162,168]      [168,169]      
Machine 1: job_11_task_0  job_9_task_1   job_2_task_0   job_12_task_1  job_11_task_4  job_0_task_6   job_10_task_5  job_14_task_5  job_8_task_6   job_12_task_4  job_11_task_8  job_9_task_7   job_6_task_10  job_6_task_11  job_4_task_11  job_1_task_13  job_14_task_11 job_7_task_10  job_13_task_12 job_3_task_12  job_1_task_14  job_4_task_16  job_6_task_15  job_16_task_15 job_13_task_17 
           [0,2]          [2,7]          [7,17]         [17,27]        [27,36]        [42,45]        [45,51]        [51,55]        [55,65]        [65,69]        [69,77]        [77,82]        [90,98]        [98,108]       [108,116]      [116,124]      [124,128]      [128,134]      [134,135]      [135,136]      [136,145]      [145,155]      [155,161]      [168,169]      [170,179]      
Machine 2: job_1_task_1   job_12_task_2  job_0_task_4   job_0_task_5   job_11_task_6  job_9_task_6   job_6_task_7   job_10_task_9  job_2_task_5   job_3_task_7   job_10_task_12 job_15_task_10 job_15_task_12 job_10_task_14 job_16_task_9  job_11_task_15 job_9_task_15  job_16_task_11 job_13_task_14 job_16_task_12 job_16_task_13 job_13_task_15 job_13_task_16 job_15_task_17 job_7_task_17  
           [5,8]          [27,32]        [32,35]        [35,42]        [42,50]        [50,60]        [66,70]        [70,79]        [79,80]        [87,88]        [94,98]        [98,105]       [111,117]      [123,131]      [131,133]      [134,144]      [144,150]      [150,152]      [152,160]      [160,166]      [166,167]      [167,169]      [169,170]      [170,177]      [177,179]      
Machine 3: job_9_task_0   job_0_task_0   job_3_task_1   job_2_task_1   job_2_task_3   job_6_task_6   job_10_task_8  job_9_task_9   job_8_task_10  job_5_task_8   job_5_task_9   job_12_task_9  job_2_task_12  job_13_task_11 job_4_task_13  job_2_task_14  job_14_task_14 job_2_task_16  job_5_task_15  
           [0,2]          [2,3]          [7,11]         [17,23]        [30,36]        [62,66]        [66,68]        [83,84]        [91,95]        [95,102]       [102,107]      [107,112]      [121,129]      [129,131]      [131,133]      [133,135]      [142,148]      [148,154]      [154,160]      
Machine 4: job_7_task_0   job_11_task_2  job_6_task_2   job_16_task_1  job_10_task_3  job_7_task_2   job_14_task_6  job_16_task_5  job_2_task_6   job_6_task_9   job_9_task_10  job_14_task_9  job_4_task_10  job_12_task_11 job_15_task_14 job_10_task_15 job_15_task_16 job_1_task_17  job_16_task_16 job_9_task_17  
           [0,9]          [9,18]         [18,21]        [21,25]        [29,30]        [43,50]        [55,63]        [63,70]        [80,86]        [86,90]        [90,96]        [96,98]        [98,101]       [116,117]      [129,131]      [131,141]      [141,148]      [161,165]      [169,175]      [177,181]      
Machine 5: job_8_task_0   job_16_task_0  job_1_task_3   job_3_task_3   job_10_task_2  job_9_task_5   job_7_task_3   job_6_task_5   job_0_task_8   job_13_task_8  job_8_task_8   job_12_task_6  job_1_task_10  job_14_task_10 job_9_task_12  job_8_task_13  job_15_task_15 job_3_task_13  job_16_task_10 job_11_task_16 job_8_task_16  job_5_task_17  
           [0,4]          [4,9]          [13,16]        [19,21]        [26,29]        [40,46]        [50,54]        [54,62]        [62,69]        [69,77]        [77,81]        [81,83]        [83,90]        [98,106]       [111,113]      [117,127]      [131,140]      [140,142]      [142,149]      [149,156]      [156,159]      [185,188]      
Machine 6: job_6_task_0   job_3_task_0   job_15_task_3  job_1_task_6   job_13_task_6  job_13_task_7  job_11_task_7  job_7_task_4   job_15_task_6  job_6_task_8   job_1_task_9   job_3_task_8   job_5_task_7   job_8_task_11  job_1_task_12  job_8_task_12  job_12_task_12 job_4_task_12  job_6_task_12  job_8_task_14  job_12_task_15 job_7_task_11  job_6_task_14  job_2_task_17  job_8_task_17  job_3_task_16  job_12_task_17 
           [0,1]          [1,7]          [19,25]        [46,48]        [48,49]        [49,59]        [59,66]        [66,71]        [71,72]        [72,81]        [81,83]        [88,91]        [91,94]        [95,104]       [104,114]      [114,117]      [117,119]      [119,125]      [125,131]      [131,140]      [140,148]      [148,149]      [149,150]      [154,157]      [159,168]      [171,177]      [177,186]      
Machine 7: job_12_task_0  job_9_task_2   job_4_task_0   job_13_task_2  job_13_task_3  job_8_task_5   job_10_task_6  job_4_task_3   job_16_task_4  job_7_task_7   job_1_task_11  job_0_task_13  job_11_task_12 job_14_task_12 job_4_task_15  job_6_task_13  job_14_task_15 job_7_task_13  job_3_task_17  
           [0,10]         [10,14]        [14,22]        [22,26]        [26,27]        [47,52]        [52,54]        [55,60]        [60,62]        [77,79]        [90,94]        [106,107]      [107,109]      [128,137]      [137,140]      [140,147]      [148,151]      [155,158]      [177,181]      
Machine 8: job_1_task_0   job_6_task_1   job_13_task_1  job_8_task_2   job_1_task_4   job_1_task_5   job_8_task_4   job_0_task_7   job_10_task_7  job_1_task_8   job_4_task_5   job_3_task_5   job_0_task_9   job_7_task_8   job_11_task_11 job_15_task_11 job_2_task_9   job_7_task_9   job_13_task_9  job_16_task_8  job_12_task_13 job_5_task_12  job_9_task_14  job_5_task_14  job_12_task_16 job_7_task_14  job_9_task_16  job_10_task_16 job_5_task_16  job_16_task_17 
           [0,5]          [5,14]         [14,22]        [22,30]        [30,36]        [36,46]        [46,47]        [47,55]        [55,65]        [65,72]        [72,82]        [82,86]        [86,91]        [91,99]        [99,107]       [107,111]      [111,114]      [114,118]      [118,122]      [122,126]      [126,127]      [127,133]      [133,141]      [141,150]      [150,160]      [160,167]      [167,177]      [177,184]      [184,185]      [185,188]      
Machine 9: job_15_task_0  job_0_task_1   job_3_task_2   job_11_task_3  job_0_task_3   job_6_task_3   job_7_task_1   job_3_task_4   job_8_task_7   job_12_task_7  job_12_task_8  job_10_task_11 job_0_task_11  job_5_task_10  job_12_task_10 job_2_task_11  job_2_task_15  job_1_task_16  job_14_task_17 job_7_task_16  
           [0,6]          [6,11]         [11,19]        [19,23]        [23,26]        [26,36]        [36,43]        [43,53]        [65,69]        [83,91]        [91,92]        [92,94]        [98,105]       [107,113]      [113,116]      [120,121]      [135,140]      [155,161]      [161,163]      [169,173]      
Machine 10: job_13_task_0  job_1_task_2   job_2_task_2   job_9_task_4   job_13_task_5  job_5_task_2   job_5_task_3   job_16_task_6  job_15_task_8  job_15_task_9  job_2_task_7   job_3_task_9   job_2_task_8   job_9_task_11  job_11_task_13 job_5_task_11  job_4_task_14  
           [0,10]         [10,13]        [23,30]        [30,40]        [40,47]        [47,52]        [52,57]        [70,73]        [79,87]        [87,94]        [94,96]        [96,103]       [103,110]      [110,111]      [111,115]      [115,120]      [133,135]      
Machine 11: job_14_task_0  job_15_task_1  job_0_task_2   job_9_task_3   job_13_task_4  job_8_task_3   job_5_task_1   job_6_task_4   job_4_task_2   job_16_task_3  job_12_task_5  job_14_task_8  job_3_task_6   job_4_task_6   job_11_task_10 job_0_task_10  job_16_task_7  job_3_task_10  job_10_task_13 job_13_task_10 job_15_task_13 job_2_task_13  job_0_task_17  job_7_task_12  job_16_task_14 
           [0,6]          [6,12]         [12,22]        [22,29]        [29,36]        [36,42]        [42,45]        [45,53]        [53,55]        [55,59]        [69,76]        [76,86]        [86,87]        [87,89]        [89,93]        [93,98]        [98,107]       [107,116]      [116,123]      [123,125]      [125,129]      [129,133]      [133,141]      [149,155]      [167,168]      
Machine 12: job_10_task_0  job_8_task_1   job_10_task_1  job_14_task_2  job_5_task_0   job_10_task_4  job_14_task_3  job_4_task_1   job_15_task_4  job_12_task_3  job_2_task_4   job_7_task_6   job_11_task_9  job_9_task_8   job_4_task_8   job_4_task_9   job_0_task_12  job_0_task_14  job_5_task_13  job_13_task_13 job_8_task_15  job_4_task_17  job_11_task_17 job_10_task_17 
           [0,8]          [8,16]         [16,26]        [26,36]        [36,39]        [39,44]        [44,49]        [49,52]        [52,59]        [59,61]        [61,69]        [72,77]        [77,80]        [82,83]        [90,93]        [93,98]        [105,106]      [107,115]      [133,135]      [135,143]      [143,151]      [155,164]      [164,174]      [184,188]      
Machine 13: job_15_task_2  job_1_task_7   job_5_task_4   job_15_task_5  job_7_task_5   job_10_task_10 job_8_task_9   job_2_task_10  job_0_task_15  job_0_task_16  job_12_task_14 job_14_task_16 job_6_task_16  job_3_task_15  
           [12,19]        [48,52]        [57,65]        [65,69]        [71,72]        [79,88]        [88,91]        [114,120]      [120,123]      [123,132]      [132,134]      [151,158]      [161,162]      [162,171]      
Optimal Schedule Length: 188.0
Total (Unoptimized Schedule Length): 1622
Statistics
  - conflicts: 0
  - branches : 0
  - wall time: 0.138659471s