
Problem
         task_0   task_1  task_2   task_3   task_4   task_5   task_6   task_7  task_8   task_9 task_10  task_11 task_12
job_0    (0, 4)   (2, 2)  (0, 8)   (2, 3)  (2, 10)   (2, 8)   (2, 5)   (0, 3)  (1, 4)   (2, 8)  (2, 9)   (1, 1)  (0, 7)
job_1    (2, 4)   (0, 9)  (0, 1)   (0, 9)   (2, 6)   (1, 4)   (1, 3)   (0, 4)  (2, 7)   (0, 9)  (2, 9)   (1, 5)  (1, 3)
job_2    (2, 3)   (1, 3)  (0, 6)  (1, 10)   (0, 2)   (0, 8)   (2, 3)   (0, 1)  (1, 5)   (2, 4)  (0, 7)   (1, 3)  (2, 2)
job_3    (0, 1)   (0, 9)  (0, 8)   (1, 4)   (0, 4)   (1, 2)   (0, 6)   (1, 2)  (1, 9)  (2, 10)  (1, 8)   (0, 8)  (2, 7)
job_4    (0, 5)   (1, 5)  (1, 3)   (2, 9)   (0, 6)   (1, 3)   (1, 6)   (2, 7)  (0, 9)   (1, 1)  (2, 3)   (1, 9)  (0, 7)
job_5   (1, 10)   (1, 4)  (2, 6)   (2, 2)   (0, 6)   (0, 5)   (1, 9)   (0, 2)  (0, 8)   (2, 6)  (1, 3)   (1, 1)  (0, 3)
job_6    (1, 1)   (0, 1)  (2, 8)   (1, 9)   (0, 5)   (1, 6)   (2, 3)   (1, 9)  (1, 5)   (0, 1)  (1, 2)  (2, 10)  (2, 5)
job_7    (0, 8)   (1, 1)  (0, 5)   (1, 2)   (0, 9)   (1, 1)   (2, 7)   (0, 9)  (0, 5)   (1, 2)  (1, 9)   (0, 3)  (1, 4)
job_8    (1, 6)   (1, 1)  (1, 7)   (2, 3)   (0, 6)   (2, 2)   (1, 8)   (0, 8)  (2, 5)   (0, 6)  (1, 6)   (0, 1)  (2, 8)
job_9    (2, 7)  (0, 10)  (1, 6)   (0, 5)   (1, 6)   (1, 9)  (1, 10)  (2, 10)  (1, 6)   (1, 9)  (0, 9)   (2, 8)  (1, 7)
job_10   (2, 9)   (0, 2)  (0, 1)   (0, 7)   (0, 8)   (1, 8)   (2, 1)   (2, 6)  (1, 6)  (0, 10)  (1, 7)   (1, 9)  (2, 5)
job_11   (1, 4)   (2, 9)  (0, 9)   (0, 7)   (0, 1)   (0, 1)   (1, 6)   (1, 6)  (1, 5)   (0, 7)  (2, 9)   (2, 5)  (1, 4)
job_12   (2, 8)   (1, 2)  (0, 6)   (2, 5)   (2, 4)   (2, 7)   (2, 6)   (0, 2)  (2, 1)   (2, 5)  (1, 5)   (2, 5)  (0, 4)
job_13   (1, 2)   (2, 4)  (2, 7)   (0, 3)   (1, 9)   (1, 9)   (0, 9)   (0, 8)  (0, 8)   (1, 4)  (1, 7)   (2, 6)  (1, 7)
job_14   (2, 1)  (2, 10)  (2, 1)   (0, 2)   (1, 3)   (1, 1)   (1, 4)   (0, 7)  (2, 6)   (0, 8)  (0, 1)   (0, 4)  (1, 2)
job_15   (2, 7)   (1, 2)  (2, 2)   (1, 6)   (1, 8)   (2, 6)   (2, 5)   (0, 6)  (0, 3)   (2, 8)  (0, 4)   (2, 1)  (2, 3)
job_16   (1, 1)   (2, 4)  (0, 5)   (0, 9)   (0, 4)  (1, 10)   (1, 8)   (2, 8)  (2, 3)   (1, 8)  (1, 5)   (2, 2)  (2, 2)
job_17   (0, 8)   (1, 4)  (1, 5)   (1, 4)   (1, 9)   (2, 7)   (1, 7)   (1, 6)  (1, 9)   (1, 2)  (1, 6)   (1, 1)  (2, 5)


Solution:
Machine 0: job_3_task_0   job_3_task_1   job_9_task_1   job_4_task_0   job_17_task_0  job_9_task_3   job_0_task_0   job_10_task_1  job_13_task_3  job_1_task_1   job_10_task_2  job_3_task_2   job_10_task_3  job_0_task_2   job_7_task_0   job_6_task_1   job_16_task_2  job_1_task_2   job_10_task_4  job_11_task_2  job_16_task_3  job_1_task_3   job_3_task_4   job_7_task_2   job_4_task_4   job_2_task_2   job_11_task_3  job_16_task_4  job_12_task_2  job_8_task_4   job_3_task_6   job_13_task_6  job_7_task_4   job_6_task_4   job_11_task_4  job_11_task_5  job_5_task_4   job_13_task_7  job_14_task_3  job_5_task_5   job_2_task_4   job_8_task_7   job_1_task_7   job_2_task_5   job_0_task_7   job_13_task_8  job_7_task_7   job_10_task_9  job_4_task_8   job_14_task_7  job_1_task_9   job_15_task_7  job_11_task_9  job_9_task_10  job_5_task_7   job_7_task_8   job_2_task_7   job_12_task_7  job_8_task_9   job_5_task_8   job_15_task_8  job_6_task_9   job_14_task_9  job_3_task_11  job_2_task_10  job_15_task_10 job_14_task_10 job_7_task_11  job_14_task_11 job_4_task_12  job_8_task_11  job_12_task_12 job_0_task_12  job_5_task_12  
           [0,1]          [1,10]         [10,20]        [20,25]        [25,33]        [33,38]        [38,42]        [42,44]        [44,47]        [47,56]        [56,57]        [57,65]        [65,72]        [72,80]        [80,88]        [88,89]        [89,94]        [94,95]        [95,103]       [103,112]      [112,121]      [121,130]      [130,134]      [134,139]      [139,145]      [145,151]      [151,158]      [158,162]      [162,168]      [168,174]      [174,180]      [180,189]      [189,198]      [198,203]      [203,204]      [204,205]      [205,211]      [211,219]      [219,221]      [221,226]      [226,228]      [228,236]      [236,240]      [240,248]      [248,251]      [251,259]      [259,268]      [268,278]      [278,287]      [287,294]      [294,303]      [303,309]      [309,316]      [316,325]      [325,327]      [327,332]      [332,333]      [333,335]      [335,341]      [341,349]      [349,352]      [352,353]      [353,361]      [361,369]      [369,376]      [376,380]      [380,381]      [381,384]      [384,388]      [389,396]      [396,397]      [414,418]      [423,430]      [450,453]      
Machine 1: job_13_task_0  job_11_task_0  job_16_task_0  job_8_task_0   job_6_task_0   job_5_task_0   job_9_task_2   job_4_task_1   job_17_task_1  job_9_task_4   job_9_task_5   job_13_task_4  job_4_task_2   job_8_task_1   job_17_task_2  job_3_task_3   job_8_task_2   job_9_task_6   job_13_task_5  job_7_task_1   job_17_task_3  job_5_task_1   job_6_task_3   job_15_task_1  job_2_task_1   job_12_task_1  job_10_task_5  job_3_task_5   job_17_task_4  job_7_task_3   job_15_task_3  job_4_task_5   job_2_task_3   job_16_task_5  job_1_task_5   job_3_task_7   job_15_task_4  job_4_task_6   job_8_task_6   job_11_task_6  job_3_task_8   job_6_task_5   job_7_task_5   job_1_task_6   job_9_task_8   job_10_task_8  job_14_task_4  job_11_task_7  job_17_task_6  job_16_task_6  job_14_task_5  job_9_task_9   job_14_task_6  job_5_task_6   job_6_task_7   job_11_task_8  job_0_task_8   job_17_task_7  job_13_task_9  job_6_task_8   job_3_task_10  job_17_task_8  job_2_task_8   job_10_task_10 job_4_task_9   job_13_task_10 job_7_task_9   job_6_task_10  job_16_task_9  job_7_task_10  job_4_task_11  job_8_task_10  job_17_task_9  job_12_task_10 job_10_task_11 job_17_task_10 job_16_task_10 job_0_task_11  job_1_task_11  job_5_task_10  job_9_task_12  job_13_task_12 job_17_task_11 job_2_task_11  job_5_task_11  job_11_task_12 job_7_task_12  job_1_task_12  job_14_task_12 
           [0,2]          [2,6]          [6,7]          [7,13]         [13,14]        [14,24]        [24,30]        [30,35]        [35,39]        [39,45]        [45,54]        [54,63]        [63,66]        [66,67]        [67,72]        [72,76]        [76,83]        [83,93]        [93,102]       [102,103]      [103,107]      [107,111]      [111,120]      [120,122]      [122,125]      [125,127]      [127,135]      [135,137]      [137,146]      [146,148]      [148,154]      [154,157]      [157,167]      [167,177]      [177,181]      [181,183]      [183,191]      [191,197]      [197,205]      [205,211]      [211,220]      [220,226]      [226,227]      [227,230]      [230,236]      [236,242]      [242,245]      [245,251]      [251,258]      [258,266]      [266,267]      [267,276]      [276,280]      [280,289]      [289,298]      [298,303]      [303,307]      [307,313]      [313,317]      [317,322]      [322,330]      [330,339]      [339,344]      [344,351]      [351,352]      [352,359]      [359,361]      [361,363]      [363,371]      [371,380]      [380,389]      [389,395]      [395,397]      [397,402]      [402,411]      [411,417]      [417,422]      [422,423]      [423,428]      [428,431]      [431,438]      [438,445]      [445,446]      [446,449]      [449,450]      [450,454]      [454,458]      [458,461]      [461,463]      
Machine 2: job_9_task_0   job_13_task_1  job_10_task_0  job_13_task_2  job_1_task_0   job_11_task_1  job_16_task_1  job_0_task_1   job_15_task_0  job_12_task_0  job_2_task_0   job_14_task_0  job_14_task_1  job_4_task_3   job_0_task_3   job_0_task_4   job_6_task_2   job_8_task_3   job_9_task_7   job_5_task_2   job_15_task_2  job_5_task_3   job_0_task_5   job_1_task_4   job_10_task_6  job_10_task_7  job_17_task_5  job_14_task_2  job_0_task_6   job_12_task_3  job_12_task_4  job_8_task_5   job_12_task_5  job_12_task_6  job_15_task_5  job_4_task_7   job_15_task_6  job_3_task_9   job_7_task_6   job_6_task_6   job_1_task_8   job_8_task_8   job_2_task_6   job_16_task_7  job_16_task_8  job_14_task_8  job_1_task_10  job_0_task_9   job_11_task_10 job_0_task_10  job_12_task_8  job_12_task_9  job_2_task_9   job_9_task_11  job_4_task_10  job_15_task_9  job_6_task_11  job_13_task_11 job_5_task_9   job_11_task_11 job_3_task_12  job_8_task_12  job_12_task_11 job_6_task_12  job_10_task_12 job_15_task_11 job_16_task_11 job_15_task_12 job_16_task_12 job_17_task_12 job_2_task_12  
           [0,7]          [7,11]         [11,20]        [20,27]        [27,31]        [31,40]        [40,44]        [44,46]        [46,53]        [53,61]        [61,64]        [64,65]        [65,75]        [75,84]        [84,87]        [87,97]        [97,105]       [105,108]      [108,118]      [118,124]      [124,126]      [126,128]      [128,136]      [136,142]      [142,143]      [143,149]      [149,156]      [156,157]      [157,162]      [168,173]      [173,177]      [177,179]      [179,186]      [186,192]      [192,198]      [198,205]      [205,210]      [220,230]      [230,237]      [237,240]      [240,247]      [247,252]      [252,255]      [266,274]      [274,277]      [294,300]      [303,312]      [312,320]      [320,329]      [329,338]      [338,339]      [339,344]      [344,348]      [348,356]      [356,359]      [359,367]      [367,377]      [377,383]      [383,389]      [389,394]      [394,401]      [401,409]      [409,414]      [414,419]      [419,424]      [424,425]      [425,427]      [427,430]      [430,432]      [446,451]      [451,453]      
Optimal Schedule Length: 463.0
Total (Unoptimized Schedule Length): 1265
Statistics
  - conflicts: 1
  - branches : 235
  - wall time: 0.169166375s