
Problem
         task_0   task_1   task_2   task_3   task_4   task_5   task_6  task_7   task_8   task_9  task_10 task_11 task_12  task_13  task_14  task_15
job_0    (3, 1)  (3, 10)  (0, 10)   (0, 2)   (0, 7)   (2, 5)  (3, 10)  (0, 3)   (2, 6)   (3, 4)   (0, 2)  (3, 2)  (3, 7)   (2, 5)   (3, 7)   (0, 4)
job_1    (2, 3)   (3, 4)   (2, 6)   (2, 9)   (3, 1)   (2, 4)   (0, 9)  (0, 7)   (0, 5)   (0, 3)   (3, 8)  (0, 6)  (0, 9)   (1, 7)   (2, 2)   (2, 9)
job_2    (0, 5)   (1, 7)   (3, 2)   (1, 5)   (3, 2)   (3, 3)   (1, 5)  (3, 3)  (3, 10)   (1, 5)   (3, 8)  (2, 2)  (1, 3)   (0, 9)   (0, 2)   (1, 2)
job_3   (0, 10)   (0, 9)   (1, 3)   (0, 9)   (1, 6)   (0, 8)   (1, 2)  (2, 1)   (3, 1)   (3, 5)   (2, 4)  (1, 1)  (2, 4)   (2, 7)  (0, 10)   (0, 9)
job_4    (2, 8)   (0, 7)   (2, 7)   (2, 4)   (0, 5)  (3, 10)   (2, 3)  (1, 5)   (0, 9)   (2, 2)   (3, 6)  (2, 9)  (1, 2)   (3, 4)   (3, 7)   (1, 3)
job_5    (0, 8)   (3, 7)  (1, 10)   (0, 8)   (3, 4)   (3, 5)   (1, 8)  (2, 7)   (2, 6)   (1, 1)   (2, 1)  (3, 4)  (0, 5)  (1, 10)  (2, 10)  (0, 10)
job_6    (1, 7)   (1, 2)   (1, 5)   (1, 5)  (1, 10)   (3, 7)   (2, 2)  (3, 2)   (3, 4)   (2, 8)   (3, 1)  (3, 5)  (1, 5)   (3, 8)   (0, 8)   (3, 7)
job_7    (3, 7)   (3, 5)   (0, 4)   (1, 3)   (2, 6)   (3, 1)   (0, 6)  (3, 8)   (3, 6)   (2, 9)   (2, 8)  (2, 5)  (0, 6)   (0, 8)  (3, 10)   (2, 7)
job_8    (2, 2)   (0, 4)   (0, 8)   (3, 2)   (1, 2)   (2, 5)   (3, 3)  (0, 7)   (2, 8)   (2, 2)  (0, 10)  (3, 5)  (0, 8)   (3, 4)   (3, 4)   (1, 3)
job_9    (3, 9)  (2, 10)   (0, 8)   (1, 7)   (2, 8)   (1, 7)  (1, 10)  (2, 9)   (3, 8)   (1, 1)   (2, 8)  (0, 6)  (2, 3)   (3, 2)   (0, 2)   (1, 7)
job_10   (0, 2)  (2, 10)   (1, 9)   (0, 2)   (1, 4)   (3, 3)  (0, 10)  (2, 1)  (1, 10)   (2, 5)   (2, 5)  (1, 5)  (3, 5)   (3, 5)   (0, 7)  (2, 10)
job_11   (1, 2)   (3, 3)   (2, 2)   (0, 6)   (3, 3)   (0, 5)   (2, 7)  (3, 3)   (3, 6)  (1, 10)   (3, 4)  (3, 9)  (1, 1)   (3, 1)   (0, 3)   (1, 2)
job_12   (0, 6)   (3, 1)   (3, 6)   (1, 1)   (1, 3)   (1, 4)   (2, 7)  (1, 6)   (0, 6)   (3, 4)   (1, 8)  (1, 4)  (2, 1)   (1, 5)   (0, 7)  (2, 10)
job_13   (3, 5)   (2, 7)  (1, 10)   (0, 6)   (3, 7)   (3, 9)   (3, 9)  (0, 9)  (2, 10)   (2, 3)   (1, 9)  (1, 2)  (2, 3)   (2, 4)   (1, 9)  (3, 10)
job_14   (0, 4)   (0, 9)   (1, 5)   (0, 9)  (0, 10)   (1, 4)   (1, 8)  (1, 5)   (1, 3)  (3, 10)   (3, 9)  (1, 1)  (1, 3)   (2, 4)   (1, 2)   (1, 6)
job_15   (0, 9)  (1, 10)   (3, 1)   (3, 3)   (3, 9)   (1, 8)   (0, 3)  (0, 8)  (3, 10)   (3, 6)   (2, 2)  (2, 5)  (0, 9)   (2, 7)   (0, 7)   (0, 2)
job_16   (3, 9)   (1, 2)  (3, 10)   (2, 3)   (0, 4)   (2, 7)   (1, 6)  (0, 5)   (3, 2)   (1, 9)   (1, 3)  (2, 4)  (1, 9)   (0, 8)   (0, 1)   (2, 6)
job_17   (3, 9)   (2, 9)   (2, 9)  (3, 10)   (0, 6)   (0, 2)   (2, 3)  (0, 6)  (1, 10)   (2, 2)   (1, 8)  (1, 8)  (2, 6)   (3, 1)   (1, 3)   (2, 9)


Solution:
Machine 0: job_5_task_0   job_15_task_0  job_10_task_0  job_14_task_0  job_3_task_0   job_13_task_3  job_14_task_1  job_7_task_2   job_9_task_2   job_4_task_1   job_12_task_0  job_5_task_3   job_3_task_1   job_8_task_1   job_14_task_3  job_0_task_2   job_2_task_0   job_7_task_6   job_10_task_3  job_8_task_2   job_3_task_3   job_4_task_4   job_1_task_6   job_14_task_4  job_0_task_3   job_16_task_4  job_17_task_4  job_10_task_6  job_0_task_4   job_11_task_3  job_15_task_6  job_13_task_7  job_17_task_5  job_1_task_7   job_15_task_7  job_17_task_7  job_3_task_5   job_11_task_5  job_8_task_7   job_1_task_8   job_16_task_7  job_12_task_8  job_1_task_9   job_4_task_8   job_0_task_7   job_5_task_12  job_8_task_10  job_1_task_11  job_7_task_12  job_0_task_10  job_1_task_12  job_7_task_13  job_15_task_12 job_9_task_11  job_8_task_12  job_3_task_14  job_10_task_14 job_12_task_14 job_6_task_14  job_16_task_13 job_2_task_13  job_5_task_15  job_9_task_14  job_15_task_14 job_3_task_15  job_16_task_14 job_11_task_14 job_2_task_14  job_0_task_15  job_15_task_15 
           [0,8]          [8,17]         [17,19]        [19,23]        [23,33]        [33,39]        [39,48]        [48,52]        [52,60]        [60,67]        [67,73]        [73,81]        [81,90]        [90,94]        [94,103]       [103,113]      [113,118]      [118,124]      [124,126]      [126,134]      [134,143]      [143,148]      [148,157]      [157,167]      [167,169]      [169,173]      [173,179]      [179,189]      [189,196]      [196,202]      [202,205]      [205,214]      [214,216]      [216,223]      [223,231]      [231,237]      [237,245]      [245,250]      [250,257]      [257,262]      [262,267]      [267,273]      [273,276]      [276,285]      [285,288]      [288,293]      [293,303]      [303,309]      [309,315]      [315,317]      [317,326]      [326,334]      [334,343]      [343,349]      [349,357]      [357,367]      [367,374]      [374,381]      [381,389]      [389,397]      [397,406]      [406,416]      [416,418]      [418,425]      [425,434]      [434,435]      [435,438]      [438,440]      [440,444]      [444,446]      
Machine 1: job_6_task_0   job_6_task_1   job_6_task_2   job_6_task_3   job_13_task_2  job_15_task_1  job_5_task_2   job_10_task_2  job_7_task_3   job_16_task_1  job_14_task_2  job_9_task_3   job_11_task_0  job_6_task_4   job_3_task_2   job_9_task_5   job_9_task_6   job_15_task_5  job_2_task_1   job_10_task_4  job_12_task_3  job_12_task_4  job_12_task_5  job_5_task_6   job_3_task_4   job_12_task_7  job_8_task_4   job_2_task_3   job_14_task_5  job_14_task_6  job_16_task_6  job_4_task_7   job_10_task_8  job_2_task_6   job_14_task_7  job_5_task_9   job_14_task_8  job_9_task_9   job_2_task_9   job_13_task_10 job_17_task_8  job_3_task_6   job_10_task_11 job_13_task_11 job_11_task_9  job_16_task_9  job_17_task_10 job_12_task_10 job_3_task_11  job_16_task_10 job_5_task_13  job_6_task_12  job_12_task_11 job_17_task_11 job_16_task_12 job_12_task_13 job_13_task_14 job_1_task_13  job_14_task_11 job_4_task_12  job_2_task_12  job_14_task_12 job_11_task_12 job_14_task_14 job_17_task_14 job_14_task_15 job_4_task_15  job_8_task_15  job_9_task_15  job_11_task_15 job_2_task_15  
           [0,7]          [7,9]          [9,14]         [14,19]        [19,29]        [29,39]        [39,49]        [49,58]        [58,61]        [61,63]        [63,68]        [68,75]        [75,77]        [77,87]        [90,93]        [94,101]       [101,111]      [111,119]      [119,126]      [126,130]      [130,131]      [131,134]      [134,138]      [142,150]      [150,156]      [156,162]      [162,164]      [164,169]      [169,173]      [173,181]      [181,187]      [187,192]      [192,202]      [202,207]      [207,212]      [212,213]      [213,216]      [216,217]      [231,236]      [236,245]      [245,255]      [255,257]      [257,262]      [262,264]      [270,280]      [280,289]      [289,297]      [297,305]      [305,306]      [306,309]      [309,319]      [319,324]      [324,328]      [328,336]      [336,345]      [345,350]      [350,359]      [359,366]      [366,367]      [367,369]      [369,372]      [372,375]      [378,379]      [381,383]      [383,386]      [386,392]      [403,406]      [417,420]      [420,427]      [438,440]      [440,442]      
Machine 2: job_1_task_0   job_4_task_0   job_13_task_1  job_9_task_1   job_17_task_1  job_10_task_1  job_1_task_2   job_17_task_2  job_7_task_4   job_1_task_3   job_8_task_0   job_4_task_2   job_9_task_4   job_4_task_3   job_16_task_3  job_9_task_7   job_1_task_5   job_12_task_6  job_5_task_7   job_11_task_2  job_5_task_8   job_8_task_5   job_4_task_6   job_16_task_5  job_7_task_9   job_10_task_7  job_6_task_6   job_7_task_10  job_0_task_5   job_10_task_9  job_6_task_9   job_17_task_6  job_13_task_8  job_5_task_10  job_13_task_9  job_10_task_10 job_7_task_11  job_9_task_10  job_11_task_6  job_8_task_8   job_3_task_7   job_17_task_9  job_8_task_9   job_15_task_10 job_15_task_11 job_3_task_10  job_13_task_12 job_4_task_9   job_0_task_8   job_13_task_13 job_3_task_12  job_16_task_11 job_3_task_13  job_4_task_11  job_12_task_12 job_5_task_14  job_17_task_12 job_2_task_11  job_0_task_13  job_15_task_13 job_9_task_12  job_1_task_14  job_1_task_15  job_14_task_13 job_12_task_15 job_10_task_15 job_17_task_15 job_7_task_15  job_16_task_15 
           [0,3]          [3,11]         [11,18]        [18,28]        [28,37]        [37,47]        [47,53]        [53,62]        [62,68]        [68,77]        [77,79]        [79,86]        [86,94]        [94,98]        [98,101]       [111,120]      [128,132]      [138,145]      [150,157]      [157,159]      [159,165]      [165,170]      [170,173]      [173,180]      [180,189]      [189,190]      [190,192]      [192,200]      [200,205]      [205,210]      [210,218]      [218,221]      [221,231]      [231,232]      [232,235]      [235,240]      [240,245]      [245,253]      [253,260]      [260,268]      [268,269]      [269,271]      [271,273]      [273,275]      [275,280]      [280,284]      [284,287]      [287,289]      [289,295]      [295,299]      [306,310]      [310,314]      [314,321]      [321,330]      [330,331]      [331,341]      [341,347]      [347,349]      [349,354]      [354,361]      [361,364]      [366,368]      [368,377]      [377,381]      [381,391]      [391,401]      [401,410]      [410,417]      [435,441]      
Machine 3: job_13_task_0  job_9_task_0   job_17_task_0  job_7_task_0   job_5_task_1   job_7_task_1   job_1_task_1   job_16_task_0  job_0_task_0   job_13_task_4  job_0_task_1   job_15_task_2  job_15_task_3  job_13_task_5  job_16_task_2  job_15_task_4  job_7_task_5   job_17_task_3  job_12_task_1  job_12_task_2  job_5_task_4   job_1_task_4   job_13_task_6  job_5_task_5   job_7_task_7   job_10_task_5  job_11_task_1  job_8_task_3   job_2_task_2   job_4_task_5   job_7_task_8   job_6_task_5   job_2_task_4   job_8_task_6   job_2_task_5   job_9_task_8   job_6_task_7   job_6_task_8   job_11_task_4  job_0_task_6   job_2_task_7   job_2_task_8   job_15_task_8  job_5_task_11  job_15_task_9  job_14_task_9  job_11_task_7  job_11_task_8  job_16_task_8  job_3_task_8   job_3_task_9   job_1_task_10  job_12_task_9  job_6_task_10  job_6_task_11  job_0_task_9   job_4_task_10  job_10_task_12 job_2_task_10  job_0_task_11  job_14_task_10 job_8_task_11  job_0_task_12  job_6_task_13  job_10_task_13 job_11_task_10 job_7_task_14  job_11_task_11 job_4_task_13  job_17_task_13 job_9_task_13  job_8_task_13  job_0_task_14  job_4_task_14  job_13_task_15 job_8_task_14  job_6_task_15  job_11_task_13 
           [0,5]          [5,14]         [14,23]        [23,30]        [30,37]        [37,42]        [42,46]        [46,55]        [55,56]        [56,63]        [63,73]        [73,74]        [74,77]        [77,86]        [86,96]        [96,105]       [105,106]      [106,116]      [116,117]      [117,123]      [123,127]      [127,128]      [128,137]      [137,142]      [142,150]      [150,153]      [153,156]      [156,158]      [158,160]      [160,170]      [170,176]      [176,183]      [183,185]      [185,188]      [188,191]      [191,199]      [199,201]      [201,205]      [205,208]      [208,218]      [218,221]      [221,231]      [231,241]      [241,245]      [245,251]      [251,261]      [261,264]      [264,270]      [270,272]      [272,273]      [273,278]      [278,286]      [286,290]      [290,291]      [291,296]      [296,300]      [300,306]      [306,311]      [311,319]      [319,321]      [321,330]      [330,335]      [335,342]      [342,350]      [350,355]      [355,359]      [359,369]      [369,378]      [378,382]      [382,383]      [383,385]      [385,389]      [389,396]      [396,403]      [403,413]      [413,417]      [417,424]      [424,425]      
Optimal Schedule Length: 446.0
Total (Unoptimized Schedule Length): 1632
Statistics
  - conflicts: 1
  - branches : 289
  - wall time: 0.287635338s