
Problem
         task_0   task_1   task_2   task_3   task_4   task_5   task_6   task_7  task_8   task_9  task_10  task_11  task_12  task_13  task_14  task_15  task_16  task_17
job_0    (5, 9)   (1, 3)   (4, 5)   (2, 1)   (0, 2)   (6, 3)  (2, 10)   (0, 5)  (6, 4)   (6, 3)   (4, 5)   (7, 8)   (7, 7)  (6, 10)   (6, 4)   (5, 5)   (6, 2)   (3, 1)
job_1    (5, 2)   (0, 3)   (4, 8)   (4, 6)   (1, 1)  (4, 10)   (1, 8)   (6, 2)  (0, 5)   (4, 7)   (5, 6)   (2, 4)   (5, 4)   (7, 3)   (7, 8)  (2, 10)  (1, 10)  (2, 10)
job_2    (4, 2)   (6, 2)   (2, 3)   (0, 1)  (4, 10)   (7, 9)   (1, 4)   (1, 4)  (1, 2)   (4, 3)  (1, 10)   (6, 9)   (4, 9)   (4, 8)  (3, 10)   (1, 7)   (0, 3)   (0, 9)
job_3    (1, 1)  (1, 10)  (2, 10)  (6, 10)   (7, 8)   (1, 7)   (0, 5)   (4, 3)  (4, 1)   (7, 9)   (4, 7)  (0, 10)  (2, 10)   (1, 3)   (3, 2)   (7, 9)   (4, 1)   (2, 1)
job_4    (6, 1)   (4, 8)   (5, 7)   (0, 4)   (7, 8)   (5, 6)   (2, 1)   (4, 1)  (4, 7)   (7, 4)   (4, 6)   (0, 8)   (6, 8)   (0, 4)   (2, 3)   (1, 8)   (4, 7)  (4, 10)
job_5    (4, 1)   (3, 3)   (3, 5)  (0, 10)   (1, 3)   (2, 8)   (6, 1)   (1, 3)  (4, 4)   (6, 2)   (0, 5)   (3, 1)   (3, 8)   (2, 4)   (5, 4)   (2, 6)   (6, 7)   (7, 7)
job_6   (4, 10)   (1, 3)   (0, 5)   (3, 2)   (7, 3)   (3, 1)   (5, 5)   (6, 4)  (1, 5)   (6, 7)   (1, 1)   (3, 9)   (4, 1)   (1, 4)   (1, 3)   (6, 6)   (1, 7)   (3, 8)
job_7    (4, 8)   (3, 9)   (3, 3)   (0, 1)   (5, 8)   (3, 4)   (0, 7)   (0, 4)  (5, 4)   (7, 8)   (5, 6)   (0, 2)   (7, 2)   (7, 4)   (6, 8)   (5, 8)   (4, 6)   (0, 5)
job_8    (0, 5)   (7, 6)   (1, 5)   (4, 1)  (2, 10)   (1, 7)   (7, 5)   (7, 5)  (2, 8)  (5, 10)  (6, 10)  (1, 10)   (3, 9)   (4, 9)   (3, 7)   (5, 4)   (7, 7)   (4, 6)
job_9    (3, 9)   (5, 5)   (6, 7)   (0, 5)   (7, 7)   (1, 1)   (7, 2)   (0, 2)  (0, 4)   (1, 9)   (3, 2)   (4, 7)   (5, 6)   (3, 8)   (4, 3)   (1, 9)   (2, 4)   (7, 3)
job_10   (3, 6)   (7, 3)   (3, 3)   (3, 2)   (5, 7)   (0, 5)  (5, 10)  (3, 10)  (3, 6)   (2, 8)   (7, 2)   (5, 6)  (4, 10)   (4, 7)   (3, 9)   (4, 5)   (2, 8)   (5, 2)
job_11   (6, 8)   (6, 1)   (0, 3)   (7, 3)   (1, 7)   (3, 7)   (1, 5)   (1, 4)  (4, 8)   (0, 9)   (1, 6)   (2, 5)   (7, 9)  (3, 10)   (0, 1)   (6, 2)   (7, 4)   (7, 4)
job_12   (7, 9)   (1, 7)   (7, 5)   (1, 4)   (3, 3)   (5, 1)   (6, 4)  (4, 10)  (1, 3)   (5, 4)   (7, 5)   (6, 5)   (1, 2)   (1, 9)  (6, 10)   (7, 3)   (3, 5)   (6, 9)
job_13   (6, 7)  (2, 10)   (3, 1)   (7, 7)   (0, 5)   (6, 4)   (2, 8)  (7, 10)  (1, 3)   (0, 5)   (5, 9)   (0, 9)  (4, 10)   (7, 2)   (7, 7)   (7, 3)   (3, 3)   (0, 2)
job_14   (0, 1)   (1, 2)   (3, 3)   (6, 3)   (4, 5)   (7, 7)   (5, 7)   (6, 2)  (2, 3)   (4, 9)   (5, 7)   (1, 7)   (4, 7)   (2, 5)  (1, 10)   (2, 8)   (7, 5)   (0, 8)
job_15   (6, 5)   (0, 8)   (1, 2)  (7, 10)   (3, 5)   (3, 3)   (5, 7)   (4, 8)  (7, 3)   (3, 9)   (5, 7)   (3, 6)   (7, 6)   (0, 4)  (6, 10)   (3, 6)   (5, 2)   (5, 5)
job_16   (4, 6)   (6, 9)   (6, 4)   (3, 1)   (6, 9)   (3, 4)   (2, 5)   (7, 8)  (3, 1)   (0, 5)   (0, 4)   (2, 1)   (3, 7)   (0, 5)   (1, 1)   (2, 4)   (2, 8)   (1, 4)


Solution:
Machine 0: job_8_task_0   job_1_task_1   job_15_task_1  job_14_task_0  job_2_task_3   job_11_task_2  job_4_task_3   job_7_task_3   job_10_task_5  job_13_task_4  job_9_task_3   job_7_task_6   job_7_task_7   job_1_task_8   job_5_task_3   job_6_task_2   job_0_task_4   job_3_task_6   job_13_task_9  job_9_task_7   job_9_task_8   job_0_task_7   job_11_task_9  job_4_task_11  job_16_task_9  job_5_task_10  job_13_task_11 job_3_task_11  job_7_task_11  job_16_task_10 job_4_task_13  job_15_task_13 job_11_task_14 job_16_task_13 job_14_task_17 job_2_task_16  job_2_task_17  job_7_task_17  job_13_task_17 
           [0,5]          [5,8]          [8,16]         [16,17]        [24,25]        [25,28]        [33,37]        [37,38]        [40,45]        [45,50]        [50,55]        [55,62]        [62,66]        [81,86]        [86,96]        [96,101]       [101,103]      [103,108]      [116,121]      [121,123]      [123,127]      [127,132]      [133,142]      [142,150]      [150,155]      [155,160]      [160,169]      [169,179]      [179,181]      [181,185]      [185,189]      [189,193]      [193,194]      [201,206]      [210,218]      [218,221]      [221,230]      [248,253]      [259,261]      
Machine 1: job_3_task_0   job_3_task_1   job_12_task_1  job_8_task_2   job_14_task_1  job_15_task_2  job_0_task_1   job_12_task_3  job_1_task_4   job_8_task_5   job_2_task_6   job_2_task_7   job_1_task_6   job_2_task_8   job_11_task_4  job_6_task_1   job_2_task_10  job_3_task_5   job_11_task_6  job_5_task_4   job_11_task_7  job_9_task_5   job_13_task_8  job_8_task_11  job_12_task_8  job_5_task_7   job_6_task_8   job_9_task_9   job_14_task_11 job_11_task_10 job_6_task_10  job_12_task_12 job_12_task_13 job_1_task_16  job_14_task_14 job_3_task_13  job_4_task_15  job_16_task_14 job_2_task_15  job_6_task_13  job_6_task_14  job_16_task_17 job_9_task_15  job_6_task_16  
           [0,1]          [1,11]         [11,18]        [18,23]        [23,25]        [25,27]        [27,30]        [30,34]        [43,44]        [44,51]        [53,57]        [57,61]        [61,69]        [69,71]        [73,80]        [80,83]        [83,93]        [93,100]       [100,105]      [105,108]      [108,112]      [112,113]      [113,116]      [116,126]      [126,129]      [129,132]      [132,137]      [137,146]      [146,153]      [153,159]      [159,160]      [160,162]      [162,171]      [174,184]      [184,194]      [194,197]      [197,205]      [206,207]      [211,218]      [218,222]      [222,225]      [225,229]      [230,239]      [239,246]      
Machine 2: job_3_task_2   job_2_task_2   job_13_task_1  job_8_task_4   job_13_task_6  job_8_task_8   job_10_task_9  job_0_task_3   job_14_task_8  job_4_task_6   job_5_task_5   job_0_task_6   job_16_task_6  job_1_task_11  job_11_task_11 job_1_task_15  job_14_task_13 job_5_task_13  job_3_task_12  job_16_task_11 job_4_task_14  job_14_task_15 job_5_task_15  job_16_task_15 job_16_task_16 job_1_task_17  job_9_task_16  job_10_task_16 job_3_task_17  
           [11,21]        [21,24]        [24,34]        [34,44]        [54,62]        [63,71]        [74,82]        [82,83]        [83,86]        [93,94]        [108,116]      [116,126]      [126,131]      [132,136]      [159,164]      [164,174]      [174,179]      [179,183]      [183,193]      [193,194]      [194,197]      [197,205]      [205,211]      [211,215]      [215,223]      [223,233]      [239,243]      [243,251]      [264,265]      
Machine 3: job_10_task_0  job_9_task_0   job_7_task_1   job_10_task_2  job_10_task_3  job_14_task_2  job_7_task_2   job_13_task_2  job_12_task_4  job_15_task_4  job_15_task_5  job_7_task_5   job_10_task_7  job_10_task_8  job_5_task_1   job_5_task_2   job_11_task_5  job_16_task_3  job_6_task_3   job_16_task_5  job_6_task_5   job_15_task_9  job_8_task_12  job_16_task_8  job_15_task_11 job_9_task_10  job_6_task_11  job_5_task_11  job_5_task_12  job_11_task_13 job_16_task_12 job_2_task_14  job_3_task_14  job_9_task_13  job_8_task_14  job_10_task_14 job_12_task_16 job_15_task_15 job_6_task_17  job_13_task_16 job_0_task_17  
           [0,6]          [6,15]         [15,24]        [24,27]        [27,29]        [29,32]        [32,35]        [35,36]        [36,39]        [39,44]        [44,47]        [48,52]        [58,68]        [68,74]        [75,78]        [78,83]        [83,90]        [90,91]        [101,103]      [106,110]      [110,111]      [112,121]      [126,135]      [139,140]      [143,149]      [149,151]      [160,169]      [169,170]      [170,178]      [179,189]      [194,201]      [201,211]      [211,213]      [213,221]      [221,228]      [228,237]      [237,242]      [242,248]      [248,256]      [256,259]      [259,260]      
Machine 4: job_2_task_0   job_7_task_0   job_1_task_2   job_4_task_1   job_8_task_3   job_2_task_4   job_1_task_3   job_14_task_4  job_1_task_5   job_16_task_0  job_6_task_0   job_5_task_0   job_0_task_2   job_2_task_9   job_15_task_7  job_14_task_9  job_4_task_7   job_4_task_8   job_12_task_7  job_1_task_9   job_11_task_8  job_3_task_7   job_4_task_10  job_3_task_8   job_5_task_8   job_2_task_12  job_3_task_10  job_14_task_12 job_0_task_10  job_10_task_12 job_9_task_11  job_2_task_13  job_8_task_13  job_10_task_13 job_6_task_12  job_13_task_12 job_9_task_14  job_4_task_16  job_10_task_15 job_7_task_16  job_4_task_17  job_3_task_16  job_8_task_17  
           [0,2]          [2,10]         [10,18]        [18,26]        [26,27]        [27,37]        [37,43]        [43,48]        [48,58]        [58,64]        [64,74]        [74,75]        [75,80]        [80,83]        [83,91]        [91,100]       [100,101]      [101,108]      [108,118]      [118,125]      [125,133]      [133,136]      [136,142]      [142,143]      [143,147]      [147,156]      [156,163]      [163,170]      [170,175]      [175,185]      [185,192]      [192,200]      [200,209]      [209,216]      [216,217]      [217,227]      [227,230]      [230,237]      [237,242]      [242,248]      [248,258]      [258,259]      [259,265]      
Machine 5: job_1_task_0   job_0_task_0   job_9_task_1   job_4_task_2   job_10_task_4  job_7_task_4   job_10_task_6  job_15_task_6  job_12_task_5  job_7_task_8   job_14_task_6  job_8_task_9   job_4_task_5   job_14_task_10 job_6_task_6   job_10_task_11 job_1_task_10  job_12_task_9  job_15_task_10 job_1_task_12  job_13_task_10 job_7_task_10  job_5_task_14  job_9_task_12  job_7_task_15  job_8_task_15  job_0_task_15  job_15_task_16 job_15_task_17 job_10_task_17 
           [0,2]          [2,11]         [15,20]        [26,33]        [33,40]        [40,48]        [48,58]        [58,65]        [65,66]        [66,70]        [70,77]        [77,87]        [87,93]        [100,107]      [111,116]      [120,126]      [126,132]      [132,136]      [136,143]      [143,147]      [147,156]      [156,162]      [183,187]      [192,198]      [201,209]      [231,235]      [238,243]      [248,250]      [250,255]      [255,257]      
Machine 6: job_15_task_0  job_13_task_0  job_2_task_1   job_4_task_0   job_11_task_0  job_11_task_1  job_3_task_3   job_14_task_3  job_9_task_2   job_13_task_5  job_16_task_1  job_16_task_2  job_14_task_7  job_1_task_7   job_12_task_6  job_8_task_10  job_16_task_4  job_0_task_5   job_2_task_11  job_6_task_7   job_5_task_6   job_0_task_8   job_0_task_9   job_6_task_9   job_12_task_11 job_5_task_9   job_4_task_12  job_12_task_14 job_7_task_14  job_0_task_13  job_5_task_16  job_15_task_14 job_6_task_15  job_0_task_14  job_11_task_15 job_0_task_16  job_12_task_17 
           [0,5]          [5,12]         [12,14]        [14,15]        [15,23]        [23,24]        [24,34]        [34,37]        [37,44]        [50,54]        [64,73]        [73,77]        [77,79]        [79,81]        [81,85]        [87,97]        [97,106]       [106,109]      [109,118]      [118,122]      [122,123]      [132,136]      [136,139]      [139,146]      [146,151]      [151,153]      [153,161]      [171,181]      [193,201]      [201,211]      [211,218]      [218,228]      [228,234]      [234,238]      [238,240]      [249,251]      [252,261]      
Machine 7: job_12_task_0  job_8_task_1   job_10_task_1  job_12_task_2  job_15_task_3  job_13_task_3  job_2_task_5   job_8_task_6   job_8_task_7   job_14_task_5  job_11_task_3  job_4_task_4   job_3_task_4   job_9_task_4   job_13_task_7  job_6_task_4   job_15_task_8  job_4_task_9   job_9_task_6   job_10_task_10 job_7_task_9   job_16_task_7  job_12_task_10 job_3_task_9   job_1_task_13  job_1_task_14  job_15_task_12 job_11_task_12 job_0_task_11  job_7_task_12  job_7_task_13  job_0_task_12  job_12_task_15 job_14_task_16 job_3_task_15  job_13_task_13 job_13_task_14 job_5_task_17  job_13_task_15 job_8_task_16  job_9_task_17  job_11_task_16 job_11_task_17 
           [0,9]          [9,15]         [15,18]        [18,23]        [27,37]        [37,44]        [44,53]        [53,58]        [58,63]        [63,70]        [70,73]        [73,81]        [81,89]        [89,96]        [96,106]       [106,109]      [109,112]      [112,116]      [116,118]      [118,120]      [120,128]      [131,139]      [139,144]      [144,153]      [153,156]      [156,164]      [164,170]      [170,179]      [179,187]      [187,189]      [189,193]      [193,200]      [200,203]      [205,210]      [218,227]      [227,229]      [229,236]      [236,243]      [243,246]      [246,253]      [254,257]      [257,261]      [261,265]      
Optimal Schedule Length: 265.0
Total (Unoptimized Schedule Length): 1686
Statistics
  - conflicts: 0
  - branches : 0
  - wall time: 0.301704446s