
Problem
          task_0    task_1    task_2    task_3    task_4   task_5   task_6   task_7    task_8    task_9   task_10   task_11  task_12  task_13
job_0   (10, 10)   (11, 7)    (3, 4)    (5, 8)   (5, 10)  (17, 3)  (11, 3)  (18, 9)    (2, 8)   (13, 8)    (3, 1)    (2, 5)  (12, 8)  (10, 8)
job_1    (12, 2)   (18, 9)    (4, 3)    (8, 9)   (17, 4)   (0, 6)   (1, 8)   (9, 1)   (11, 1)    (4, 6)    (7, 9)   (12, 4)   (2, 1)  (14, 3)
job_2    (12, 6)   (18, 2)    (6, 2)   (15, 8)    (2, 2)  (17, 3)  (17, 1)   (5, 1)   (14, 3)  (10, 10)   (12, 3)   (12, 4)   (2, 4)   (8, 7)
job_3     (6, 1)   (11, 8)    (1, 5)    (9, 7)   (10, 3)   (6, 5)   (2, 4)   (3, 1)   (17, 5)    (6, 5)   (17, 1)   (6, 10)  (13, 5)   (6, 8)
job_4     (7, 7)   (10, 8)    (4, 1)    (8, 8)   (17, 8)   (0, 7)   (5, 4)   (7, 8)    (0, 6)    (4, 4)   (16, 6)   (10, 3)  (2, 10)   (8, 3)
job_5     (3, 9)   (12, 9)    (8, 4)    (1, 6)    (0, 4)  (18, 7)  (14, 7)  (4, 10)    (0, 4)   (17, 1)    (3, 6)    (9, 1)   (1, 2)   (0, 9)
job_6     (8, 9)   (15, 3)   (8, 10)    (9, 9)  (17, 10)   (1, 3)  (18, 1)  (10, 7)   (11, 7)    (6, 9)   (15, 8)   (12, 7)   (8, 1)   (3, 4)
job_7     (4, 9)    (7, 9)    (6, 5)   (8, 10)  (10, 10)   (3, 3)   (2, 9)  (14, 3)   (16, 4)    (2, 2)   (11, 8)    (8, 8)  (15, 9)  (16, 7)
job_8     (4, 4)    (7, 9)   (15, 1)    (1, 3)   (16, 9)   (2, 3)   (9, 5)  (11, 5)    (2, 2)   (11, 5)  (13, 10)   (15, 4)  (10, 2)  (15, 3)
job_9    (11, 1)   (9, 10)   (18, 7)    (5, 2)   (16, 3)   (3, 5)  (4, 10)  (18, 2)   (10, 2)   (4, 10)    (4, 4)    (6, 7)  (18, 9)  (15, 4)
job_10    (8, 4)    (8, 7)    (2, 7)   (9, 10)   (12, 2)   (7, 6)   (0, 8)  (16, 2)    (9, 4)   (14, 9)    (5, 5)    (8, 6)  (10, 8)   (6, 3)
job_11    (1, 7)    (3, 2)    (8, 2)    (8, 9)  (10, 10)   (1, 2)   (5, 6)   (7, 4)   (12, 7)   (14, 5)    (7, 8)   (15, 9)   (8, 3)  (18, 4)
job_12    (8, 1)    (6, 3)    (3, 1)   (15, 4)  (10, 10)  (14, 7)  (13, 7)   (6, 9)   (6, 10)    (1, 5)   (10, 1)    (3, 3)   (9, 4)   (1, 9)
job_13  (10, 10)   (17, 4)  (16, 10)   (18, 5)    (2, 8)  (18, 1)  (14, 3)  (17, 8)    (9, 5)    (2, 6)   (16, 8)    (6, 7)   (2, 7)   (7, 1)
job_14   (17, 1)    (8, 9)    (4, 7)    (6, 9)   (18, 2)  (13, 8)   (8, 8)  (15, 5)   (18, 2)    (4, 4)    (3, 3)    (1, 5)  (17, 5)  (16, 5)
job_15   (15, 3)    (7, 3)   (17, 2)   (14, 8)   (13, 6)  (18, 3)   (6, 6)   (1, 7)   (11, 6)   (13, 3)    (4, 8)    (7, 3)  (11, 6)  (12, 4)
job_16   (15, 3)    (5, 9)   (17, 4)   (14, 2)   (12, 7)   (9, 9)   (8, 5)   (8, 9)    (4, 1)    (6, 5)   (16, 2)  (16, 10)  (3, 10)  (12, 5)
job_17   (8, 10)  (18, 10)    (0, 5)  (15, 10)   (16, 5)   (3, 1)  (13, 7)  (10, 2)  (10, 10)   (10, 4)    (1, 3)    (0, 4)   (2, 7)  (13, 4)
job_18    (8, 7)    (5, 6)   (7, 10)   (12, 6)   (0, 10)   (2, 4)  (13, 1)  (10, 8)    (9, 5)    (6, 2)   (16, 9)   (18, 2)   (2, 7)  (11, 2)


Solution:
Machine 0: job_17_task_2  job_18_task_4  job_4_task_5   job_10_task_6  job_5_task_4   job_4_task_8   job_1_task_5   job_5_task_8   job_17_task_11 job_5_task_13  
           [30,35]        [61,71]        [79,86]        [86,94]        [94,98]        [98,104]       [104,110]      [124,128]      [128,132]      [138,147]      
Machine 1: job_11_task_0  job_3_task_2   job_8_task_3   job_15_task_7  job_6_task_5   job_11_task_5  job_5_task_3   job_12_task_9  job_1_task_6   job_17_task_10 job_12_task_13 job_5_task_12  job_14_task_11 
           [0,7]          [9,14]         [29,32]        [42,49]        [63,66]        [71,73]        [81,87]        [97,102]       [110,118]      [118,121]      [121,130]      [136,138]      [138,143]      
Machine 2: job_2_task_4   job_3_task_6   job_13_task_4  job_10_task_2  job_8_task_5   job_0_task_8   job_2_task_12  job_18_task_5  job_8_task_8   job_13_task_9  job_0_task_11  job_7_task_6   job_7_task_9   job_4_task_12  job_13_task_12 job_17_task_12 job_1_task_12  job_18_task_12 
           [26,28]        [36,40]        [40,48]        [48,55]        [55,58]        [58,66]        [68,72]        [72,76]        [76,78]        [78,84]        [86,91]        [91,100]       [107,109]      [118,128]      [129,136]      [136,143]      [143,144]      [144,151]      
Machine 3: job_5_task_0   job_11_task_1  job_12_task_2  job_0_task_2   job_9_task_5   job_3_task_7   job_17_task_5  job_0_task_10  job_7_task_5   job_12_task_11 job_5_task_10  job_14_task_10 job_16_task_12 job_6_task_13  
           [0,9]          [9,11]         [13,14]        [17,21]        [23,28]        [40,41]        [50,51]        [85,86]        [88,91]        [113,116]      [129,135]      [135,138]      [138,148]      [148,152]      
Machine 4: job_7_task_0   job_8_task_0   job_4_task_2   job_9_task_6   job_9_task_9   job_9_task_10  job_15_task_10 job_1_task_2   job_14_task_2  job_4_task_9   job_16_task_8  job_5_task_7   job_1_task_9   job_14_task_9  
           [0,9]          [9,13]         [28,29]        [29,39]        [43,53]        [53,57]        [61,69]        [69,72]        [90,97]        [104,108]      [113,114]      [114,124]      [124,130]      [131,135]      
Machine 5: job_16_task_1  job_9_task_3   job_0_task_3   job_0_task_4   job_18_task_1  job_2_task_7   job_11_task_6  job_4_task_6   job_10_task_10 
           [3,12]         [18,20]        [21,29]        [29,39]        [39,45]        [45,46]        [73,79]        [86,90]        [121,126]      
Machine 6: job_3_task_0   job_12_task_1  job_2_task_2   job_7_task_2   job_3_task_5   job_15_task_6  job_3_task_9   job_3_task_11  job_9_task_11  job_3_task_13  job_12_task_7  job_12_task_8  job_14_task_3  job_6_task_9   job_16_task_9  job_18_task_9  job_13_task_11 job_10_task_13 
           [0,1]          [10,13]        [13,15]        [19,24]        [31,36]        [36,42]        [47,52]        [53,63]        [63,70]        [70,78]        [78,87]        [87,97]        [97,106]       [106,115]      [115,120]      [120,122]      [122,129]      [146,149]      
Machine 7: job_4_task_0   job_15_task_1  job_7_task_1   job_8_task_1   job_18_task_2  job_10_task_5  job_15_task_11 job_11_task_7  job_4_task_7   job_11_task_10 job_1_task_10  job_13_task_13 
           [0,7]          [7,10]         [10,19]        [19,28]        [45,55]        [70,76]        [76,79]        [79,83]        [90,98]        [98,106]       [130,139]      [139,140]      
Machine 8: job_6_task_0   job_12_task_0  job_17_task_0  job_18_task_0  job_6_task_2   job_10_task_0  job_10_task_1  job_11_task_2  job_11_task_3  job_4_task_3   job_7_task_3   job_5_task_2   job_14_task_1  job_1_task_3   job_16_task_6  job_16_task_7  job_14_task_6  job_7_task_11  job_10_task_11 job_6_task_12  job_11_task_12 job_2_task_13  job_4_task_13  
           [0,9]          [9,10]         [10,20]        [20,27]        [27,37]        [37,41]        [41,48]        [48,50]        [50,59]        [59,67]        [67,77]        [77,81]        [81,90]        [90,99]        [99,104]       [104,113]      [116,124]      [124,132]      [132,138]      [138,139]      [139,142]      [142,149]      [149,152]      
Machine 9: job_9_task_1   job_3_task_3   job_16_task_5  job_6_task_3   job_10_task_3  job_8_task_6   job_13_task_8  job_18_task_8  job_10_task_8  job_12_task_12 job_1_task_7   job_5_task_11  
           [1,11]         [14,21]        [29,38]        [38,47]        [55,65]        [65,70]        [71,76]        [96,101]       [101,105]      [116,120]      [120,121]      [135,136]      
Machine 10: job_0_task_0   job_13_task_0  job_4_task_1   job_3_task_4   job_12_task_4  job_9_task_8   job_2_task_9   job_11_task_4  job_6_task_7   job_7_task_4   job_18_task_7  job_17_task_7  job_17_task_8  job_17_task_9  job_12_task_10 job_8_task_12  job_4_task_11  job_0_task_13  job_10_task_12 
           [0,10]         [10,20]        [20,28]        [28,31]        [31,41]        [41,43]        [51,61]        [61,71]        [71,78]        [78,88]        [88,96]        [96,98]        [98,108]       [108,112]      [112,113]      [113,115]      [115,118]      [118,126]      [138,146]      
Machine 11: job_9_task_0   job_3_task_1   job_0_task_1   job_0_task_6   job_15_task_8  job_8_task_7   job_8_task_9   job_15_task_12 job_6_task_8   job_7_task_10  job_1_task_8   job_18_task_13 
           [0,1]          [1,9]          [10,17]        [42,45]        [49,55]        [70,75]        [78,83]        [83,89]        [89,96]        [109,117]      [121,122]      [151,153]      
Machine 12: job_1_task_0   job_2_task_0   job_5_task_1   job_16_task_4  job_18_task_3  job_2_task_10  job_2_task_11  job_10_task_4  job_11_task_8  job_15_task_13 job_0_task_12  job_6_task_11  job_1_task_11  job_16_task_13 
           [0,2]          [2,8]          [9,18]         [22,29]        [55,61]        [61,64]        [64,68]        [68,70]        [83,90]        [90,94]        [94,102]       [123,130]      [139,143]      [148,153]      
Machine 13: job_15_task_4  job_17_task_6  job_15_task_9  job_3_task_12  job_12_task_6  job_18_task_6  job_0_task_9   job_8_task_10  job_14_task_5  job_17_task_13 
           [20,26]        [51,58]        [58,61]        [63,68]        [68,75]        [76,77]        [77,85]        [85,95]        [108,116]      [143,147]      
Machine 14: job_15_task_3  job_16_task_3  job_12_task_5  job_2_task_8   job_13_task_6  job_11_task_9  job_7_task_7   job_5_task_6   job_10_task_9  job_1_task_13  
           [12,20]        [20,22]        [41,48]        [48,51]        [55,58]        [90,95]        [100,103]      [105,112]      [112,121]      [144,147]      
Machine 15: job_16_task_0  job_15_task_0  job_6_task_1   job_12_task_3  job_2_task_3   job_8_task_2   job_17_task_3  job_9_task_13  job_8_task_11  job_11_task_11 job_6_task_10  job_14_task_7  job_8_task_13  job_7_task_12  
           [0,3]          [3,6]          [9,12]         [14,18]        [18,26]        [28,29]        [35,45]        [79,83]        [95,99]        [106,115]      [115,123]      [124,129]      [129,132]      [132,141]      
Machine 16: job_9_task_4   job_13_task_2  job_8_task_4   job_17_task_4  job_13_task_10 job_10_task_7  job_7_task_8   job_4_task_10  job_16_task_10 job_16_task_11 job_18_task_10 job_7_task_13  job_14_task_13 
           [20,23]        [24,34]        [34,43]        [45,50]        [84,92]        [94,96]        [103,107]      [108,114]      [120,122]      [122,132]      [132,141]      [141,148]      [148,153]      
Machine 17: job_14_task_0  job_15_task_2  job_16_task_2  job_13_task_1  job_2_task_5   job_2_task_6   job_0_task_5   job_3_task_8   job_3_task_10  job_6_task_4   job_13_task_7  job_4_task_4   job_1_task_4   job_5_task_9   job_14_task_12 
           [0,1]          [10,12]        [12,16]        [20,24]        [28,31]        [31,32]        [39,42]        [42,47]        [52,53]        [53,63]        [63,71]        [71,79]        [99,103]       [128,129]      [143,148]      
Machine 18: job_2_task_1   job_9_task_2   job_17_task_1  job_15_task_5  job_13_task_3  job_9_task_7   job_0_task_7   job_13_task_5  job_1_task_1   job_6_task_6   job_9_task_12  job_5_task_5   job_14_task_4  job_14_task_8  job_18_task_11 job_11_task_13 
           [8,10]         [11,18]        [20,30]        [30,33]        [34,39]        [39,41]        [45,54]        [54,55]        [55,64]        [66,67]        [70,79]        [98,105]       [106,108]      [129,131]      [141,143]      [143,147]      
Optimal Schedule Length: 153.0
Total (Unoptimized Schedule Length): 1468
Statistics
  - conflicts: 0
  - branches : 2
  - wall time: 0.151488328s