
Problem
         task_0   task_1  task_2   task_3   task_4   task_5  task_6   task_7   task_8   task_9  task_10  task_11  task_12  task_13  task_14 task_15  task_16  task_17
job_0    (1, 9)   (3, 6)  (1, 4)   (2, 6)   (1, 2)   (1, 5)  (1, 3)   (2, 1)   (3, 8)  (3, 10)   (4, 8)   (0, 1)   (1, 8)  (4, 10)   (0, 9)  (2, 5)   (1, 3)   (2, 5)
job_1   (2, 10)  (1, 10)  (1, 9)  (2, 10)   (2, 4)   (2, 8)  (2, 8)   (0, 5)   (4, 6)   (3, 8)   (2, 8)  (0, 10)   (3, 5)   (1, 4)   (0, 4)  (1, 2)   (3, 3)   (0, 2)
job_2    (2, 4)   (2, 7)  (2, 3)   (4, 4)   (2, 7)   (3, 6)  (3, 8)   (2, 9)   (2, 1)   (2, 6)   (2, 4)   (1, 8)  (4, 10)   (4, 2)  (2, 10)  (4, 1)   (0, 8)   (1, 5)
job_3    (1, 6)   (2, 1)  (4, 2)  (0, 10)   (4, 1)   (1, 5)  (1, 3)   (2, 6)   (1, 1)   (2, 7)   (2, 8)   (0, 1)   (0, 8)   (3, 5)   (1, 3)  (3, 4)   (2, 2)  (2, 10)
job_4    (3, 7)   (1, 5)  (1, 7)   (3, 5)   (4, 3)  (1, 10)  (4, 4)   (0, 9)   (2, 9)   (3, 3)   (2, 8)   (0, 2)   (2, 7)   (4, 6)   (0, 4)  (0, 7)   (4, 6)   (1, 8)
job_5    (0, 8)   (3, 9)  (2, 2)   (0, 8)   (2, 1)   (3, 1)  (1, 9)   (0, 3)   (3, 4)   (0, 1)   (0, 2)   (3, 9)   (3, 7)  (1, 10)  (2, 10)  (3, 3)   (3, 5)   (3, 9)
job_6    (3, 5)   (0, 1)  (1, 1)  (3, 10)   (1, 7)   (1, 3)  (1, 3)   (4, 5)   (2, 1)   (0, 8)   (1, 9)   (3, 6)   (3, 7)   (3, 6)   (1, 2)  (1, 6)   (3, 1)   (0, 2)
job_7    (2, 9)   (2, 5)  (4, 2)   (3, 5)   (2, 5)  (4, 10)  (3, 4)   (2, 4)   (3, 5)  (0, 10)   (3, 2)   (0, 1)   (3, 2)   (1, 4)   (4, 6)  (2, 7)   (3, 6)   (0, 4)
job_8   (4, 10)   (1, 6)  (0, 6)   (2, 5)   (1, 3)   (3, 1)  (0, 7)   (2, 5)   (4, 4)   (4, 6)   (1, 6)   (1, 7)   (3, 5)   (4, 3)   (4, 1)  (0, 4)   (0, 1)   (3, 3)
job_9    (3, 1)   (1, 5)  (2, 4)   (1, 5)   (0, 3)   (0, 5)  (3, 4)   (2, 3)   (1, 6)   (2, 9)   (1, 5)   (4, 8)   (2, 6)   (2, 5)   (1, 1)  (0, 7)   (3, 4)   (2, 6)
job_10   (3, 5)   (4, 9)  (1, 4)   (2, 8)  (1, 10)   (2, 9)  (4, 7)   (1, 8)   (1, 6)   (1, 3)   (0, 7)   (0, 6)   (0, 5)   (0, 4)   (1, 6)  (4, 1)   (1, 4)   (1, 4)
job_11   (1, 2)   (4, 9)  (4, 9)   (3, 3)   (3, 3)   (3, 2)  (2, 3)  (3, 10)   (4, 3)   (0, 3)   (2, 2)   (3, 8)   (1, 2)   (0, 7)   (1, 5)  (3, 9)   (3, 1)   (2, 4)
job_12   (1, 9)   (3, 1)  (0, 2)   (0, 5)   (4, 4)   (0, 2)  (4, 9)   (4, 8)   (1, 3)   (1, 7)   (4, 2)   (3, 6)   (0, 3)   (2, 3)   (3, 4)  (1, 5)  (3, 10)   (1, 3)
job_13   (3, 1)   (0, 4)  (3, 7)  (3, 10)   (3, 4)   (2, 4)  (4, 8)   (0, 1)   (3, 1)   (0, 6)  (2, 10)   (4, 7)   (0, 9)   (4, 1)  (4, 10)  (3, 8)   (1, 1)   (0, 5)
job_14   (3, 6)   (4, 2)  (0, 4)   (4, 6)   (3, 3)   (4, 6)  (3, 3)   (1, 4)   (4, 6)   (3, 2)   (3, 2)   (3, 8)   (3, 2)   (2, 4)   (3, 8)  (4, 5)   (0, 7)   (1, 1)
job_15   (3, 3)   (1, 4)  (4, 4)   (3, 4)   (4, 3)   (3, 4)  (0, 1)   (3, 1)   (2, 3)   (2, 9)   (3, 7)   (2, 6)   (1, 5)   (1, 9)   (2, 9)  (1, 2)   (3, 8)  (4, 10)
job_16   (0, 6)   (2, 7)  (1, 2)  (3, 10)   (1, 1)   (4, 4)  (2, 5)  (0, 10)  (3, 10)   (2, 3)   (3, 3)  (0, 10)   (0, 7)   (0, 1)   (2, 9)  (3, 6)   (2, 8)   (3, 6)
job_17   (2, 6)   (0, 2)  (0, 2)   (1, 4)   (1, 1)   (4, 3)  (1, 2)   (0, 4)   (2, 4)   (3, 2)  (1, 10)   (1, 6)   (2, 2)   (4, 1)  (3, 10)  (2, 1)   (1, 7)  (0, 10)


Solution:
Machine 0: job_16_task_0  job_5_task_0   job_13_task_1  job_5_task_3   job_6_task_1   job_12_task_2  job_12_task_3  job_3_task_3   job_16_task_7  job_9_task_4   job_17_task_1  job_14_task_2  job_15_task_6  job_17_task_2  job_9_task_5   job_4_task_7   job_8_task_2   job_12_task_5  job_5_task_7   job_13_task_7  job_17_task_7  job_1_task_7   job_5_task_9   job_5_task_10  job_13_task_9  job_8_task_6   job_0_task_11  job_11_task_9  job_10_task_10 job_16_task_11 job_7_task_9   job_6_task_9   job_16_task_12 job_13_task_12 job_4_task_11  job_16_task_13 job_7_task_11  job_10_task_11 job_3_task_11  job_3_task_12  job_12_task_12 job_10_task_12 job_1_task_11  job_11_task_13 job_4_task_14  job_0_task_14  job_4_task_15  job_10_task_13 job_1_task_14  job_8_task_15  job_8_task_16  job_2_task_16  job_14_task_16 job_9_task_15  job_17_task_17 job_13_task_17 job_7_task_17  job_1_task_17  job_6_task_17  
           [0,6]          [6,14]         [14,18]        [67,75]        [75,76]        [86,88]        [88,93]        [93,103]       [103,113]      [113,116]      [116,118]      [118,122]      [122,123]      [123,125]      [125,130]      [130,139]      [139,145]      [145,147]      [147,150]      [150,151]      [151,155]      [155,160]      [160,161]      [161,163]      [167,173]      [189,196]      [196,197]      [197,200]      [200,207]      [207,217]      [217,227]      [227,235]      [235,242]      [242,251]      [251,253]      [253,254]      [254,255]      [255,261]      [261,262]      [262,270]      [270,273]      [273,278]      [278,288]      [288,295]      [295,299]      [299,308]      [308,315]      [315,319]      [319,323]      [323,327]      [327,328]      [330,338]      [338,345]      [345,352]      [352,362]      [362,367]      [380,384]      [399,401]      [401,403]      
Machine 1: job_0_task_0   job_4_task_1   job_1_task_1   job_4_task_2   job_1_task_2   job_16_task_2  job_10_task_2  job_15_task_1  job_0_task_2   job_9_task_1   job_12_task_0  job_11_task_0  job_16_task_4  job_3_task_0   job_4_task_5   job_10_task_4  job_0_task_4   job_6_task_2   job_9_task_3   job_0_task_5   job_8_task_1   job_5_task_6   job_0_task_6   job_17_task_3  job_6_task_4   job_17_task_4  job_3_task_5   job_17_task_6  job_6_task_5   job_3_task_6   job_6_task_6   job_10_task_7  job_9_task_8   job_8_task_4   job_12_task_8  job_10_task_8  job_3_task_8   job_12_task_9  job_10_task_9  job_0_task_12  job_14_task_7  job_17_task_10 job_9_task_10  job_15_task_12 job_2_task_11  job_6_task_10  job_15_task_13 job_17_task_11 job_5_task_13  job_8_task_10  job_11_task_12 job_7_task_13  job_8_task_11  job_3_task_14  job_1_task_13  job_11_task_14 job_15_task_15 job_12_task_15 job_10_task_14 job_1_task_15  job_4_task_17  job_9_task_14  job_17_task_16 job_6_task_14  job_6_task_15  job_0_task_16  job_10_task_16 job_13_task_16 job_2_task_17  job_10_task_17 job_12_task_17 job_14_task_17 
           [0,9]          [9,14]         [14,24]        [24,31]        [31,40]        [40,42]        [42,46]        [46,50]        [50,54]        [54,59]        [59,68]        [68,70]        [70,71]        [71,77]        [77,87]        [87,97]        [97,99]        [99,100]       [100,105]      [105,110]      [110,116]      [116,125]      [125,128]      [128,132]      [132,139]      [139,140]      [140,145]      [145,147]      [147,150]      [150,153]      [153,156]      [156,164]      [164,170]      [170,173]      [173,176]      [176,182]      [182,183]      [183,190]      [190,193]      [197,205]      [205,209]      [209,219]      [219,224]      [224,229]      [229,237]      [237,246]      [246,255]      [255,261]      [261,271]      [271,277]      [277,279]      [279,283]      [283,290]      [290,293]      [294,298]      [298,303]      [303,305]      [317,322]      [322,328]      [328,330]      [330,338]      [338,339]      [339,346]      [346,348]      [348,354]      [354,357]      [357,361]      [361,362]      [362,367]      [367,371]      [371,374]      [374,375]      
Machine 2: job_1_task_0   job_2_task_0   job_16_task_1  job_2_task_1   job_2_task_2   job_7_task_0   job_1_task_3   job_10_task_3  job_2_task_4   job_5_task_2   job_0_task_3   job_7_task_1   job_9_task_2   job_3_task_1   job_16_task_6  job_1_task_4   job_17_task_0  job_5_task_4   job_1_task_5   job_13_task_5  job_7_task_4   job_10_task_5  job_1_task_6   job_0_task_7   job_15_task_8  job_15_task_9  job_2_task_7   job_8_task_3   job_9_task_7   job_4_task_8   job_11_task_6  job_2_task_8   job_3_task_7   job_2_task_9   job_16_task_9  job_17_task_8  job_7_task_7   job_9_task_9   job_13_task_10 job_15_task_11 job_6_task_8   job_2_task_10  job_3_task_9   job_4_task_10  job_8_task_7   job_3_task_10  job_11_task_10 job_4_task_12  job_1_task_10  job_17_task_12 job_9_task_12  job_16_task_14 job_15_task_14 job_5_task_14  job_12_task_13 job_14_task_13 job_2_task_14  job_9_task_13  job_17_task_15 job_7_task_15  job_16_task_16 job_0_task_15  job_3_task_16  job_3_task_17  job_0_task_17  job_9_task_17  job_11_task_17 
           [0,10]         [10,14]        [14,21]        [21,28]        [28,31]        [31,40]        [40,50]        [50,58]        [58,65]        [65,67]        [67,73]        [73,78]        [78,82]        [82,83]        [83,88]        [88,92]        [92,98]        [98,99]        [99,107]       [107,111]      [111,116]      [116,125]      [125,133]      [133,134]      [134,137]      [137,146]      [146,155]      [155,160]      [160,163]      [163,172]      [172,175]      [175,176]      [176,182]      [182,188]      [188,191]      [191,195]      [195,199]      [199,208]      [208,218]      [218,224]      [224,225]      [225,229]      [229,236]      [236,244]      [244,249]      [249,257]      [257,259]      [259,266]      [266,274]      [274,276]      [276,282]      [282,291]      [291,300]      [300,310]      [310,313]      [313,317]      [317,327]      [327,332]      [332,333]      [333,340]      [340,348]      [348,353]      [353,355]      [355,365]      [365,370]      [374,380]      [396,400]      
Machine 3: job_4_task_0   job_10_task_0  job_13_task_0  job_0_task_1   job_5_task_1   job_15_task_0  job_13_task_2  job_4_task_3   job_16_task_3  job_9_task_0   job_13_task_3  job_6_task_0   job_15_task_3  job_14_task_0  job_2_task_5   job_12_task_1  job_13_task_4  job_7_task_3   job_15_task_5  job_5_task_5   job_6_task_3   job_2_task_6   job_11_task_3  job_16_task_8  job_15_task_7  job_9_task_6   job_0_task_8   job_11_task_4  job_14_task_4  job_5_task_8   job_11_task_5  job_0_task_9   job_13_task_8  job_15_task_10 job_7_task_6   job_11_task_7  job_8_task_5   job_5_task_11  job_14_task_6  job_4_task_9   job_16_task_10 job_17_task_9  job_7_task_8   job_1_task_9   job_5_task_12  job_14_task_9  job_14_task_10 job_14_task_11 job_12_task_11 job_7_task_10  job_6_task_11  job_7_task_12  job_14_task_12 job_11_task_11 job_6_task_12  job_3_task_13  job_17_task_14 job_1_task_12  job_16_task_15 job_8_task_12  job_15_task_16 job_12_task_14 job_14_task_14 job_5_task_15  job_6_task_13  job_3_task_15  job_5_task_16  job_13_task_15 job_11_task_15 job_12_task_16 job_9_task_16  job_7_task_16  job_5_task_17  job_16_task_17 job_11_task_16 job_1_task_16  job_6_task_16  job_8_task_17  
           [0,7]          [7,12]         [12,13]        [13,19]        [19,28]        [28,31]        [31,38]        [38,43]        [43,53]        [53,54]        [54,64]        [64,69]        [69,73]        [73,79]        [79,85]        [85,86]        [86,90]        [90,95]        [95,99]        [99,100]       [100,110]      [110,118]      [118,121]      [121,131]      [131,132]      [132,136]      [136,144]      [144,147]      [147,150]      [150,154]      [154,156]      [156,166]      [166,167]      [167,174]      [174,178]      [178,188]      [188,189]      [189,198]      [198,201]      [201,204]      [204,207]      [207,209]      [209,214]      [214,222]      [222,229]      [229,231]      [231,233]      [233,241]      [241,247]      [247,249]      [249,255]      [255,257]      [257,259]      [259,267]      [267,274]      [274,279]      [279,289]      [289,294]      [294,300]      [300,305]      [305,313]      [313,317]      [317,325]      [325,328]      [328,334]      [334,338]      [338,343]      [343,351]      [351,360]      [360,370]      [370,374]      [374,380]      [380,389]      [389,395]      [395,396]      [396,399]      [399,400]      [400,403]      
Machine 4: job_8_task_0   job_10_task_1  job_2_task_3   job_4_task_4   job_15_task_2  job_11_task_1  job_16_task_5  job_7_task_2   job_15_task_4  job_3_task_2   job_11_task_2  job_14_task_1  job_4_task_6   job_12_task_4  job_3_task_4   job_13_task_6  job_7_task_5   job_14_task_3  job_10_task_6  job_17_task_5  job_12_task_6  job_14_task_5  job_12_task_7  job_6_task_7   job_1_task_8   job_0_task_10  job_11_task_8  job_12_task_10 job_0_task_13  job_14_task_8  job_13_task_11 job_9_task_11  job_2_task_12  job_2_task_13  job_8_task_8   job_8_task_9   job_13_task_13 job_13_task_14 job_4_task_13  job_17_task_13 job_7_task_14  job_8_task_13  job_8_task_14  job_15_task_17 job_4_task_16  job_2_task_15  job_14_task_15 job_10_task_15 
           [0,10]         [12,21]        [31,35]        [43,46]        [50,54]        [70,79]        [79,83]        [83,85]        [85,88]        [88,90]        [90,99]        [99,101]       [101,105]      [105,109]      [109,110]      [111,119]      [119,129]      [129,135]      [135,142]      [142,145]      [147,156]      [156,162]      [162,170]      [170,175]      [175,181]      [181,189]      [189,192]      [192,194]      [205,215]      [215,221]      [221,228]      [228,236]      [237,247]      [247,249]      [249,253]      [253,259]      [259,260]      [260,270]      [270,276]      [276,277]      [283,289]      [305,308]      [308,309]      [313,323]      [323,329]      [329,330]      [330,335]      [335,336]      
Optimal Schedule Length: 403.0
Total (Unoptimized Schedule Length): 1690
Statistics
  - conflicts: 1
  - branches : 325
  - wall time: 0.242300391s