
Problem
          task_0    task_1   task_2    task_3   task_4   task_5   task_6    task_7   task_8    task_9  task_10   task_11  task_12  task_13   task_14   task_15
job_0     (7, 5)   (12, 2)  (12, 8)    (4, 4)  (4, 10)   (0, 5)   (9, 1)   (12, 1)   (9, 4)   (15, 1)   (2, 5)   (6, 10)  (12, 6)   (9, 1)   (14, 2)   (14, 8)
job_1     (7, 2)    (8, 4)   (0, 3)    (2, 6)   (4, 5)   (1, 9)   (5, 9)   (11, 7)  (14, 4)    (0, 6)  (13, 2)   (13, 1)   (0, 8)   (2, 6)  (15, 10)    (5, 1)
job_2    (5, 10)    (5, 5)   (7, 6)    (9, 6)   (6, 8)   (4, 1)   (6, 1)   (15, 5)   (2, 9)    (7, 6)   (7, 3)    (5, 7)   (6, 3)   (1, 2)   (12, 5)    (1, 8)
job_3     (6, 2)    (1, 2)   (0, 3)   (11, 6)   (1, 2)   (8, 1)  (14, 9)    (4, 2)   (3, 6)    (4, 3)   (4, 3)    (1, 2)  (5, 10)   (1, 6)   (15, 8)  (14, 10)
job_4    (15, 2)    (5, 2)   (7, 6)  (10, 10)   (1, 6)   (4, 5)   (1, 6)   (14, 6)   (6, 3)   (10, 9)   (6, 9)    (5, 2)   (5, 8)   (0, 9)    (7, 5)    (4, 5)
job_5    (10, 2)   (12, 8)   (9, 5)   (11, 5)   (5, 2)   (1, 4)   (7, 4)    (1, 9)   (2, 5)  (11, 10)   (8, 8)    (8, 7)  (12, 4)  (14, 5)    (0, 3)   (11, 9)
job_6   (15, 10)    (9, 4)   (7, 5)    (4, 3)  (12, 7)  (12, 1)  (15, 7)   (13, 2)   (0, 5)   (14, 4)   (6, 8)   (14, 3)   (3, 6)   (0, 9)    (6, 9)   (11, 5)
job_7    (4, 10)    (9, 6)   (4, 7)    (0, 9)   (3, 4)  (13, 6)  (14, 9)    (8, 9)  (11, 5)    (8, 3)   (3, 7)  (10, 10)  (15, 8)   (7, 4)   (13, 1)   (14, 1)
job_8     (3, 5)   (13, 4)   (9, 5)   (12, 8)   (6, 3)  (13, 3)  (15, 3)   (14, 3)  (15, 9)    (2, 8)   (9, 1)    (8, 3)  (13, 6)  (14, 9)    (9, 7)    (2, 3)
job_9     (0, 5)  (11, 10)  (0, 10)    (7, 6)   (0, 3)   (4, 5)   (4, 3)   (14, 6)  (14, 1)    (8, 2)   (7, 2)    (8, 9)  (12, 6)   (5, 7)    (3, 3)    (5, 2)
job_10   (7, 10)    (8, 9)   (2, 3)   (15, 3)   (0, 7)   (4, 7)   (5, 2)    (8, 9)  (15, 8)   (13, 2)   (4, 9)    (2, 6)  (14, 7)  (15, 3)    (5, 1)   (3, 10)
job_11   (11, 8)    (1, 9)   (0, 1)   (9, 10)  (13, 7)  (12, 1)  (10, 7)    (2, 6)   (9, 3)   (9, 10)  (10, 7)    (2, 1)  (15, 9)  (0, 10)   (15, 2)    (8, 5)
job_12   (14, 1)    (3, 7)  (13, 8)   (6, 10)  (13, 1)   (1, 7)   (7, 2)   (13, 8)  (12, 4)    (2, 2)   (3, 4)    (8, 6)   (1, 6)  (3, 10)    (4, 9)    (2, 5)
job_13   (14, 1)   (13, 7)   (7, 2)    (3, 7)   (7, 5)  (13, 2)  (10, 6)  (14, 10)   (1, 6)   (14, 4)   (5, 9)   (13, 8)   (2, 3)  (15, 2)  (14, 10)   (13, 8)
job_14   (13, 5)   (3, 10)  (1, 10)  (11, 10)   (4, 2)   (6, 3)   (9, 9)    (9, 2)  (6, 10)    (1, 3)   (8, 5)    (1, 7)  (14, 2)  (10, 9)  (14, 10)    (3, 3)
job_15   (11, 4)   (10, 8)   (5, 8)   (12, 4)   (7, 6)  (8, 10)   (5, 8)    (3, 1)   (7, 1)   (14, 7)   (9, 6)   (1, 10)   (4, 2)   (9, 6)    (1, 4)    (4, 5)


Solution:
Machine 0: job_3_task_2   job_9_task_0   job_1_task_2   job_11_task_2  job_7_task_3   job_9_task_2   job_0_task_5   job_9_task_4   job_10_task_4  job_1_task_9   job_6_task_8   job_1_task_12  job_6_task_13  job_4_task_13  job_5_task_14  job_11_task_13 
           [4,7]          [7,12]         [12,15]        [20,21]        [23,32]        [32,42]        [42,47]        [50,53]        [65,72]        [72,78]        [82,87]        [93,101]       [112,121]      [121,130]      [131,134]      [134,144]      
Machine 1: job_3_task_1   job_11_task_1  job_3_task_4   job_1_task_5   job_13_task_8  job_14_task_2  job_4_task_4   job_5_task_5   job_4_task_6   job_12_task_5  job_5_task_7   job_3_task_11  job_14_task_9  job_14_task_11 job_12_task_12 job_3_task_13  job_15_task_11 job_2_task_13  job_15_task_14 job_2_task_15  
           [2,4]          [9,18]         [18,20]        [28,37]        [40,46]        [46,56]        [56,62]        [62,66]        [67,73]        [73,80]        [80,89]        [89,91]        [93,96]        [101,108]      [108,114]      [114,120]      [120,130]      [134,136]      [138,142]      [142,150]      
Machine 2: job_1_task_3   job_0_task_10  job_10_task_2  job_8_task_9   job_11_task_7  job_13_task_12 job_5_task_8   job_12_task_9  job_2_task_8   job_11_task_11 job_10_task_11 job_8_task_15  job_1_task_13  job_12_task_15 
           [15,21]        [54,59]        [59,62]        [62,70]        [70,76]        [76,79]        [89,94]        [94,96]        [103,112]      [112,113]      [113,119]      [119,122]      [122,128]      [141,146]      
Machine 3: job_8_task_0   job_13_task_3  job_12_task_1  job_7_task_4   job_14_task_1  job_3_task_8   job_15_task_7  job_7_task_10  job_12_task_10 job_6_task_12  job_12_task_13 job_10_task_15 job_9_task_14  job_14_task_15 
           [0,5]          [10,17]        [17,24]        [32,36]        [36,46]        [46,52]        [57,58]        [77,84]        [96,100]       [106,112]      [114,124]      [134,144]      [144,147]      [147,150]      
Machine 4: job_7_task_0   job_7_task_2   job_1_task_4   job_0_task_3   job_0_task_4   job_3_task_7   job_6_task_3   job_9_task_5   job_9_task_6   job_4_task_5   job_14_task_4  job_3_task_9   job_10_task_5  job_3_task_10  job_2_task_5   job_10_task_10 job_15_task_12 job_12_task_14 job_4_task_15  job_15_task_15 
           [0,10]         [16,23]        [23,28]        [28,32]        [32,42]        [42,44]        [44,47]        [53,58]        [58,61]        [62,67]        [67,69]        [69,72]        [72,79]        [79,82]        [82,83]        [100,109]      [130,132]      [132,141]      [141,146]      [146,151]      
Machine 5: job_4_task_1   job_2_task_0   job_2_task_1   job_15_task_2  job_5_task_4   job_1_task_6   job_15_task_6  job_13_task_10 job_10_task_6  job_3_task_12  job_4_task_11  job_4_task_12  job_2_task_11  job_10_task_14 job_9_task_13  job_1_task_15  job_9_task_15  
           [2,4]          [4,14]         [14,19]        [20,28]        [35,37]        [37,46]        [49,57]        [57,66]        [79,81]        [91,101]       [111,113]      [113,121]      [124,131]      [133,134]      [137,144]      [144,145]      [147,149]      
Machine 6: job_3_task_0   job_8_task_4   job_12_task_3  job_0_task_11  job_14_task_5  job_2_task_4   job_4_task_8   job_14_task_8  job_2_task_6   job_6_task_10  job_4_task_10  job_6_task_14  job_2_task_12  
           [0,2]          [29,32]        [32,42]        [59,69]        [69,72]        [72,80]        [80,83]        [83,93]        [93,94]        [94,102]       [102,111]      [121,130]      [131,134]      
Machine 7: job_0_task_0   job_1_task_0   job_13_task_2  job_4_task_2   job_13_task_4  job_10_task_0  job_15_task_4  job_6_task_2   job_9_task_3   job_2_task_2   job_15_task_8  job_5_task_6   job_12_task_6  job_9_task_10  job_7_task_13  job_2_task_9   job_2_task_10  job_4_task_14  
           [0,5]          [5,7]          [8,10]         [10,16]        [17,22]        [22,32]        [33,39]        [39,44]        [44,50]        [50,56]        [58,59]        [66,70]        [80,82]        [92,94]        [111,115]      [115,121]      [121,124]      [130,135]      
Machine 8: job_1_task_1   job_3_task_5   job_15_task_5  job_10_task_1  job_7_task_7   job_8_task_11  job_7_task_9   job_10_task_7  job_9_task_9   job_14_task_10 job_12_task_11 job_5_task_10  job_5_task_11  job_9_task_11  job_11_task_15 
           [7,11]         [20,21]        [39,49]        [49,58]        [58,67]        [71,74]        [74,77]        [81,90]        [90,92]        [96,101]       [101,107]      [107,115]      [115,122]      [122,131]      [146,151]      
Machine 9: job_7_task_1   job_8_task_2   job_6_task_1   job_5_task_2   job_11_task_3  job_0_task_6   job_0_task_8   job_2_task_3   job_8_task_10  job_14_task_6  job_14_task_7  job_11_task_8  job_15_task_10 job_11_task_9  job_0_task_13  job_8_task_14  job_15_task_13 
           [10,16]        [16,21]        [21,25]        [25,30]        [30,40]        [47,48]        [49,53]        [56,62]        [70,71]        [72,81]        [81,83]        [83,86]        [86,92]        [92,102]       [102,103]      [103,110]      [132,138]      
Machine 10: job_5_task_0   job_15_task_1  job_13_task_6  job_4_task_3   job_11_task_6  job_4_task_9   job_7_task_11  job_11_task_10 job_14_task_13 
           [0,2]          [12,20]        [24,30]        [30,40]        [57,64]        [83,92]        [92,102]       [102,109]      [110,119]      
Machine 11: job_11_task_0  job_15_task_0  job_3_task_3   job_9_task_1   job_5_task_3   job_1_task_7   job_14_task_3  job_7_task_8   job_5_task_9   job_6_task_15  job_5_task_15  
           [0,8]          [8,12]         [12,18]        [18,28]        [30,35]        [46,53]        [56,66]        [67,72]        [94,104]       [130,135]      [135,144]      
Machine 12: job_5_task_1   job_0_task_1   job_0_task_2   job_8_task_3   job_15_task_3  job_0_task_7   job_6_task_4   job_11_task_5  job_6_task_5   job_0_task_12  job_12_task_8  job_5_task_12  job_9_task_12  job_2_task_14  
           [2,10]         [10,12]        [12,20]        [21,29]        [29,33]        [48,49]        [49,56]        [56,57]        [57,58]        [69,75]        [90,94]        [122,126]      [131,137]      [137,142]      
Machine 13: job_13_task_1  job_8_task_1   job_14_task_0  job_13_task_5  job_12_task_2  job_8_task_5   job_7_task_5   job_12_task_4  job_11_task_4  job_13_task_11 job_8_task_12  job_6_task_7   job_12_task_7  job_1_task_10  job_1_task_11  job_10_task_9  job_13_task_15 job_7_task_14  
           [1,8]          [8,12]         [12,17]        [22,24]        [24,32]        [32,35]        [36,42]        [42,43]        [43,50]        [66,74]        [74,80]        [80,82]        [82,90]        [90,92]        [92,93]        [98,100]       [103,111]      [115,116]      
Machine 14: job_13_task_0  job_12_task_0  job_3_task_6   job_13_task_7  job_8_task_7   job_7_task_6   job_13_task_9  job_1_task_8   job_15_task_9  job_9_task_7   job_4_task_7   job_9_task_8   job_8_task_13  job_6_task_9   job_13_task_14 job_6_task_11  job_0_task_14  job_14_task_12 job_0_task_15  job_7_task_15  job_10_task_12 job_5_task_13  job_14_task_14 job_3_task_15  
           [0,1]          [1,2]          [21,30]        [30,40]        [40,43]        [43,52]        [52,56]        [56,60]        [60,67]        [67,73]        [73,79]        [79,80]        [80,89]        [89,93]        [93,103]       [103,106]      [106,108]      [108,110]      [110,118]      [118,119]      [119,126]      [126,131]      [131,141]      [141,151]      
Machine 15: job_4_task_0   job_6_task_0   job_8_task_6   job_8_task_8   job_0_task_9   job_10_task_3  job_6_task_6   job_13_task_13 job_10_task_8  job_2_task_7   job_7_task_12  job_11_task_12 job_3_task_14  job_10_task_13 job_1_task_14  job_11_task_14 
           [0,2]          [2,12]         [35,38]        [43,52]        [53,54]        [62,65]        [65,72]        [79,81]        [90,98]        [98,103]       [103,111]      [113,122]      [122,130]      [130,133]      [133,143]      [144,146]      
Optimal Schedule Length: 151.0
Total (Unoptimized Schedule Length): 1408
Statistics
  - conflicts: 0
  - branches : 0
  - wall time: 0.22542083400000001s