
Problem
         task_0   task_1   task_2   task_3  task_4   task_5  task_6   task_7   task_8  task_9  task_10  task_11  task_12  task_13  task_14  task_15
job_0    (7, 4)   (3, 2)   (0, 1)   (0, 5)  (3, 8)   (3, 9)  (2, 7)   (7, 1)   (4, 4)  (2, 7)   (6, 5)  (1, 10)   (0, 5)   (4, 3)   (5, 8)   (8, 6)
job_1   (8, 10)   (2, 2)   (7, 7)   (8, 6)  (4, 4)   (1, 8)  (3, 9)   (1, 9)   (0, 5)  (2, 5)   (1, 8)  (2, 10)   (6, 3)   (1, 4)  (3, 10)   (6, 5)
job_2    (2, 4)   (7, 4)   (3, 2)  (4, 10)  (5, 9)   (1, 6)  (7, 9)   (0, 4)  (4, 10)  (2, 2)   (8, 9)   (3, 8)   (2, 9)   (8, 4)   (2, 5)   (2, 2)
job_3    (2, 7)   (4, 6)   (7, 5)   (1, 3)  (2, 8)  (3, 10)  (6, 4)   (5, 2)   (6, 4)  (7, 8)   (8, 2)   (0, 6)   (2, 1)  (1, 10)   (5, 8)   (6, 3)
job_4    (1, 8)   (2, 8)   (4, 5)   (0, 5)  (0, 4)   (4, 9)  (4, 3)   (1, 4)   (0, 1)  (7, 5)   (1, 6)   (5, 8)   (4, 3)   (3, 5)   (4, 4)   (6, 1)
job_5    (2, 1)   (4, 8)   (4, 9)   (2, 3)  (0, 7)   (0, 8)  (7, 8)   (2, 8)   (7, 2)  (1, 7)   (1, 4)   (1, 8)   (2, 2)   (2, 9)   (4, 9)   (4, 6)
job_6    (1, 2)   (4, 4)   (4, 1)   (3, 6)  (2, 7)   (1, 1)  (3, 3)   (0, 1)   (6, 1)  (0, 3)   (0, 7)   (0, 3)   (5, 5)   (2, 6)   (4, 6)  (3, 10)
job_7    (1, 7)   (0, 9)  (8, 10)   (3, 5)  (6, 7)   (5, 7)  (8, 3)   (0, 7)   (8, 2)  (8, 8)   (0, 8)   (2, 1)   (8, 9)   (6, 6)  (0, 10)   (5, 3)
job_8    (0, 4)   (1, 6)  (4, 10)   (1, 8)  (7, 2)   (8, 2)  (7, 8)  (5, 10)   (7, 5)  (4, 5)   (7, 9)   (5, 4)   (2, 1)   (4, 4)   (0, 9)   (0, 8)
job_9    (5, 7)   (1, 7)   (0, 9)   (0, 7)  (1, 9)   (8, 1)  (5, 3)   (4, 6)   (7, 3)  (7, 6)   (0, 1)   (8, 3)  (2, 10)   (5, 1)   (2, 7)  (1, 10)
job_10  (5, 10)   (4, 8)   (2, 5)   (8, 7)  (0, 9)   (5, 9)  (7, 3)   (8, 6)  (8, 10)  (0, 1)   (7, 8)   (4, 3)  (2, 10)   (2, 6)   (0, 5)   (4, 9)
job_11   (1, 7)   (0, 8)   (1, 9)   (4, 9)  (5, 3)   (7, 2)  (6, 7)   (7, 4)   (3, 3)  (6, 3)   (1, 4)   (3, 1)   (0, 9)   (5, 2)   (2, 9)   (2, 7)
job_12   (3, 9)   (5, 7)  (0, 10)   (3, 9)  (0, 8)   (7, 5)  (4, 6)   (2, 9)   (0, 2)  (5, 8)   (5, 4)  (3, 10)   (8, 1)  (5, 10)   (5, 9)   (3, 4)
job_13   (7, 8)   (1, 4)   (2, 5)  (5, 10)  (3, 4)   (4, 1)  (0, 9)   (3, 9)   (4, 4)  (6, 6)   (7, 2)   (1, 1)   (2, 5)   (4, 2)   (7, 5)   (8, 3)
job_14   (2, 5)   (6, 2)   (8, 8)   (1, 6)  (1, 3)   (5, 6)  (6, 8)   (3, 1)   (2, 4)  (4, 3)   (1, 1)  (8, 10)   (3, 1)   (3, 2)   (6, 2)   (2, 7)
job_15   (3, 6)  (4, 10)   (2, 6)   (1, 1)  (3, 8)   (8, 1)  (3, 9)   (5, 1)  (4, 10)  (8, 8)  (8, 10)   (4, 6)   (2, 1)   (0, 1)   (0, 3)   (3, 1)


Solution:
Machine 0: job_8_task_0   job_11_task_1  job_0_task_2   job_0_task_3   job_12_task_2  job_10_task_4  job_12_task_4  job_7_task_1   job_9_task_2   job_10_task_9  job_5_task_4   job_5_task_5   job_9_task_3   job_4_task_3   job_1_task_8   job_4_task_4   job_12_task_8  job_6_task_7   job_2_task_7   job_7_task_7   job_13_task_6  job_3_task_11  job_6_task_9   job_6_task_10  job_9_task_10  job_7_task_10  job_6_task_11  job_4_task_8   job_10_task_14 job_0_task_12  job_11_task_12 job_8_task_14  job_8_task_15  job_7_task_14  job_15_task_13 job_15_task_14 
           [0,4]          [7,15]         [15,16]        [16,21]        [21,31]        [31,40]        [41,49]        [49,58]        [58,67]        [68,69]        [69,76]        [76,84]        [84,91]        [91,96]        [96,101]       [101,105]      [105,107]      [107,108]      [109,113]      [113,120]      [120,129]      [130,136]      [136,139]      [139,146]      [146,147]      [147,155]      [155,158]      [159,160]      [160,165]      [165,170]      [170,179]      [179,188]      [188,196]      [196,206]      [206,207]      [207,210]      
Machine 1: job_11_task_0  job_6_task_0   job_4_task_0   job_8_task_1   job_14_task_3  job_14_task_4  job_13_task_1  job_7_task_0   job_3_task_3   job_9_task_1   job_1_task_5   job_6_task_5   job_8_task_3   job_1_task_7   job_11_task_2  job_14_task_10 job_15_task_3  job_2_task_5   job_9_task_4   job_1_task_10  job_5_task_9   job_5_task_10  job_5_task_11  job_3_task_13  job_4_task_7   job_0_task_11  job_11_task_10 job_4_task_10  job_1_task_13  job_13_task_11 job_9_task_15  
           [0,7]          [7,9]          [9,17]         [17,23]        [23,29]        [29,32]        [32,36]        [36,43]        [43,46]        [46,53]        [53,61]        [61,62]        [62,70]        [70,79]        [79,88]        [88,89]        [89,90]        [90,96]        [101,110]      [110,118]      [118,125]      [125,129]      [129,137]      [137,147]      [151,155]      [155,165]      [165,169]      [169,175]      [175,179]      [179,180]      [201,211]      
Machine 2: job_5_task_0   job_14_task_0  job_2_task_0   job_1_task_1   job_3_task_0   job_10_task_2  job_4_task_1   job_6_task_4   job_15_task_2  job_13_task_2  job_3_task_4   job_14_task_8  job_5_task_3   job_0_task_6   job_12_task_7  job_10_task_12 job_10_task_13 job_5_task_7   job_1_task_9   job_14_task_15 job_0_task_9   job_2_task_9   job_1_task_11  job_3_task_12  job_5_task_12  job_5_task_13  job_2_task_12  job_9_task_12  job_8_task_12  job_7_task_11  job_6_task_13  job_2_task_14  job_13_task_12 job_11_task_14 job_9_task_14  job_15_task_12 job_11_task_15 job_2_task_15  
           [0,1]          [1,6]          [6,10]         [10,12]        [12,19]        [19,24]        [24,32]        [32,39]        [39,45]        [45,50]        [50,58]        [58,62]        [62,65]        [65,72]        [72,81]        [81,91]        [91,97]        [97,105]       [105,110]      [110,117]      [117,124]      [124,126]      [126,136]      [136,137]      [137,139]      [139,148]      [148,157]      [157,167]      [167,168]      [168,169]      [169,175]      [175,180]      [180,185]      [185,194]      [194,201]      [201,202]      [202,209]      [209,211]      
Machine 3: job_12_task_0  job_0_task_1   job_15_task_0  job_2_task_2   job_6_task_3   job_12_task_3  job_0_task_4   job_14_task_7  job_0_task_5   job_1_task_6   job_6_task_6   job_13_task_4  job_7_task_3   job_3_task_5   job_15_task_4  job_14_task_12 job_14_task_13 job_15_task_6  job_13_task_7  job_2_task_11  job_12_task_11 job_11_task_8  job_11_task_11 job_1_task_14  job_4_task_13  job_6_task_15  job_12_task_15 job_15_task_15 
           [0,9]          [9,11]         [11,17]        [18,20]        [23,29]        [31,40]        [43,51]        [51,52]        [52,61]        [61,70]        [70,73]        [73,77]        [78,83]        [83,93]        [93,101]       [101,102]      [102,104]      [104,113]      [129,138]      [139,147]      [147,157]      [159,162]      [169,170]      [179,189]      [189,194]      [194,204]      [204,208]      [210,211]      
Machine 4: job_5_task_1   job_10_task_1  job_6_task_1   job_6_task_2   job_3_task_1   job_15_task_1  job_8_task_2   job_1_task_4   job_5_task_2   job_12_task_6  job_2_task_3   job_10_task_11 job_14_task_9  job_4_task_2   job_11_task_3  job_13_task_5  job_0_task_8   job_4_task_5   job_2_task_8   job_9_task_7   job_4_task_6   job_8_task_9   job_13_task_8  job_15_task_8  job_5_task_14  job_8_task_13  job_10_task_15 job_0_task_13  job_4_task_12  job_6_task_14  job_15_task_11 job_13_task_13 job_4_task_14  job_5_task_15  
           [1,9]          [10,18]        [18,22]        [22,23]        [23,29]        [29,39]        [39,49]        [49,53]        [53,62]        [62,68]        [68,78]        [78,81]        [81,84]        [84,89]        [89,98]        [98,99]        [100,104]      [105,114]      [114,124]      [124,130]      [130,133]      [136,141]      [141,145]      [145,155]      [157,166]      [168,172]      [172,181]      [181,184]      [184,187]      [187,193]      [193,199]      [199,201]      [201,205]      [205,211]      
Machine 5: job_10_task_0  job_12_task_1  job_9_task_0   job_14_task_5  job_10_task_5  job_13_task_3  job_2_task_4   job_7_task_5   job_11_task_4  job_3_task_7   job_15_task_7  job_9_task_6   job_8_task_7   job_12_task_9  job_12_task_10 job_3_task_14  job_8_task_11  job_6_task_12  job_12_task_13 job_4_task_11  job_11_task_13 job_0_task_14  job_9_task_13  job_12_task_14 job_7_task_15  
           [0,10]         [10,17]        [18,25]        [32,38]        [40,49]        [50,60]        [79,88]        [91,98]        [98,101]       [101,103]      [113,114]      [114,117]      [119,129]      [129,137]      [137,141]      [147,155]      [155,159]      [160,165]      [165,175]      [175,183]      [183,185]      [185,193]      [193,194]      [194,203]      [206,209]      
Machine 6: job_14_task_1  job_14_task_6  job_7_task_4   job_3_task_6   job_3_task_8   job_14_task_14 job_6_task_8   job_0_task_10  job_11_task_6  job_1_task_12  job_13_task_9  job_3_task_15  job_11_task_9  job_7_task_13  job_1_task_15  job_4_task_15  
           [6,8]          [38,46]        [83,90]        [93,97]        [103,107]      [107,109]      [109,110]      [124,129]      [130,137]      [140,143]      [145,151]      [155,158]      [162,165]      [179,185]      [189,194]      [210,211]      
Machine 7: job_0_task_0   job_13_task_0  job_2_task_1   job_1_task_2   job_3_task_2   job_10_task_6  job_12_task_5  job_10_task_10 job_8_task_4   job_5_task_6   job_0_task_7   job_2_task_6   job_5_task_8   job_8_task_6   job_3_task_9   job_11_task_5  job_8_task_8   job_9_task_8   job_9_task_9   job_8_task_10  job_13_task_10 job_11_task_7  job_4_task_9   job_13_task_14 
           [1,5]          [5,13]         [13,17]        [17,24]        [36,41]        [49,52]        [57,62]        [69,77]        [79,81]        [89,97]        [99,100]       [100,109]      [109,111]      [111,119]      [120,128]      [128,130]      [130,135]      [135,138]      [138,144]      [144,153]      [153,155]      [155,159]      [161,166]      [201,206]      
Machine 8: job_1_task_0   job_14_task_2  job_10_task_3  job_1_task_3   job_10_task_7  job_10_task_8  job_7_task_2   job_8_task_5   job_14_task_11 job_7_task_6   job_15_task_5  job_9_task_5   job_7_task_8   job_3_task_10  job_2_task_10  job_7_task_9   job_9_task_11  job_2_task_13  job_12_task_12 job_15_task_9  job_7_task_12  job_15_task_10 job_0_task_15  job_13_task_15 
           [0,10]         [10,18]        [24,31]        [39,45]        [52,58]        [58,68]        [68,78]        [81,83]        [90,100]       [100,103]      [103,104]      [110,111]      [120,122]      [128,130]      [130,139]      [139,147]      [147,150]      [157,161]      [161,162]      [162,170]      [170,179]      [179,189]      [198,204]      [206,209]      
Optimal Schedule Length: 211.0
Total (Unoptimized Schedule Length): 1441
Statistics
  - conflicts: 0
  - branches : 0
  - wall time: 1.227200603s