
Problem
        task_0  task_1  task_2   task_3   task_4   task_5   task_6  task_7   task_8   task_9  task_10  task_11  task_12
job_0   (2, 6)  (4, 6)  (3, 5)   (5, 7)   (4, 8)   (5, 2)  (2, 10)  (4, 1)   (3, 8)   (5, 8)   (4, 5)   (2, 4)   (0, 9)
job_1   (0, 9)  (5, 2)  (6, 6)  (5, 10)   (4, 5)   (7, 4)   (1, 5)  (0, 4)   (0, 8)   (1, 3)   (4, 6)  (3, 10)   (5, 4)
job_2   (1, 8)  (2, 3)  (5, 7)   (2, 5)   (3, 8)   (0, 6)  (2, 10)  (0, 1)   (0, 9)   (2, 4)   (7, 2)   (2, 7)   (6, 4)
job_3   (5, 4)  (6, 8)  (0, 5)   (3, 1)   (7, 1)   (5, 9)   (0, 9)  (5, 9)   (0, 7)   (2, 6)  (5, 10)  (4, 10)   (1, 6)
job_4   (4, 9)  (3, 7)  (1, 2)   (7, 4)   (3, 1)   (7, 6)   (5, 9)  (2, 4)   (0, 1)   (0, 6)   (3, 9)  (0, 10)   (5, 1)
job_5   (2, 7)  (5, 3)  (3, 6)  (1, 10)   (6, 4)   (1, 2)   (2, 5)  (3, 5)   (6, 8)   (5, 7)   (7, 4)   (2, 6)   (3, 4)
job_6   (7, 5)  (3, 5)  (5, 7)   (4, 3)   (1, 5)   (6, 5)   (6, 1)  (2, 5)   (6, 1)   (3, 3)  (5, 10)   (3, 5)   (1, 3)
job_7   (1, 3)  (3, 8)  (7, 8)   (3, 9)   (5, 6)   (1, 1)   (6, 1)  (0, 1)   (3, 1)   (0, 2)   (1, 8)   (4, 4)   (0, 6)
job_8   (7, 8)  (3, 2)  (5, 3)   (2, 4)   (5, 4)   (5, 1)  (7, 10)  (6, 8)   (0, 4)   (6, 1)   (1, 5)   (7, 5)   (5, 3)
job_9   (1, 6)  (0, 4)  (1, 6)   (6, 6)  (5, 10)  (6, 10)  (6, 10)  (6, 3)   (4, 8)   (0, 8)   (0, 9)   (0, 7)  (4, 10)
job_10  (3, 8)  (1, 4)  (3, 4)   (0, 4)   (7, 1)   (7, 6)   (6, 3)  (3, 2)   (2, 7)   (3, 8)   (0, 5)   (4, 4)   (6, 7)
job_11  (2, 9)  (2, 4)  (6, 7)   (4, 9)   (3, 4)   (7, 1)   (3, 2)  (5, 2)   (3, 1)  (7, 10)   (7, 9)   (5, 6)   (4, 2)
job_12  (5, 9)  (2, 2)  (5, 4)  (6, 10)   (1, 9)   (3, 2)   (6, 1)  (2, 9)   (6, 6)   (1, 8)   (6, 6)   (4, 1)   (3, 2)
job_13  (6, 4)  (0, 1)  (3, 3)   (2, 8)   (1, 5)   (2, 5)   (0, 8)  (6, 9)  (6, 10)   (3, 9)   (3, 3)   (1, 3)   (5, 1)
job_14  (2, 3)  (4, 3)  (0, 7)   (5, 2)   (5, 2)   (5, 1)   (6, 4)  (7, 6)   (5, 7)   (1, 1)   (2, 1)   (4, 5)   (1, 1)
job_15  (1, 8)  (0, 7)  (5, 6)   (5, 8)   (7, 3)   (6, 5)   (5, 2)  (1, 7)   (2, 6)   (0, 4)   (0, 2)   (4, 9)   (6, 3)
job_16  (1, 8)  (1, 3)  (6, 2)   (6, 5)   (2, 6)   (7, 9)   (4, 1)  (0, 4)   (2, 6)   (4, 2)   (4, 6)   (0, 7)   (2, 5)
job_17  (6, 7)  (3, 1)  (5, 8)   (1, 6)   (6, 8)   (0, 7)   (1, 4)  (6, 1)   (1, 4)   (7, 3)   (7, 7)   (4, 4)   (0, 6)


Solution:
Machine 0: job_1_task_0   job_9_task_1   job_13_task_1  job_14_task_2  job_10_task_3  job_15_task_1  job_3_task_2   job_13_task_6  job_3_task_6   job_8_task_8   job_10_task_10 job_3_task_8   job_9_task_9   job_9_task_10  job_9_task_11  job_16_task_7  job_2_task_5   job_17_task_5  job_16_task_11 job_4_task_8   job_4_task_9   job_2_task_7   job_2_task_8   job_15_task_9  job_7_task_7   job_15_task_10 job_7_task_9   job_1_task_7   job_1_task_8   job_4_task_11  job_7_task_12  job_17_task_12 job_0_task_12  
           [0,9]          [9,13]         [13,14]        [15,22]        [22,26]        [27,34]        [34,39]        [41,49]        [50,59]        [59,63]        [63,68]        [68,75]        [75,83]        [83,92]        [92,99]        [99,103]       [103,109]      [110,117]      [117,124]      [124,125]      [125,131]      [131,132]      [132,141]      [141,145]      [145,146]      [146,148]      [148,150]      [151,155]      [155,163]      [163,173]      [173,179]      [179,185]      [185,194]      
Machine 1: job_9_task_0   job_7_task_0   job_10_task_1  job_9_task_2   job_15_task_0  job_13_task_4  job_16_task_0  job_16_task_1  job_2_task_0   job_4_task_2   job_6_task_4   job_17_task_3  job_5_task_3   job_5_task_5   job_12_task_4  job_17_task_6  job_15_task_7  job_17_task_8  job_7_task_5   job_8_task_10  job_1_task_6   job_7_task_10  job_14_task_9  job_1_task_9   job_12_task_9  job_3_task_12  job_13_task_11 job_6_task_12  job_14_task_12 
           [0,6]          [6,9]          [9,13]         [13,19]        [19,27]        [29,34]        [34,42]        [42,45]        [47,55]        [55,57]        [62,67]        [68,74]        [77,87]        [93,95]        [95,104]       [117,121]      [121,128]      [128,132]      [134,135]      [135,140]      [146,151]      [151,159]      [161,162]      [163,166]      [166,174]      [174,180]      [180,183]      [188,191]      [191,192]      
Machine 2: job_0_task_0   job_14_task_0  job_12_task_1  job_8_task_3   job_13_task_3  job_5_task_0   job_13_task_5  job_10_task_8  job_11_task_0  job_11_task_1  job_2_task_1   job_3_task_9   job_16_task_4  job_2_task_3   job_5_task_6   job_16_task_8  job_2_task_6   job_4_task_7   job_12_task_7  job_15_task_8  job_0_task_6   job_6_task_7   job_2_task_9   job_5_task_11  job_2_task_11  job_14_task_10 job_16_task_12 job_0_task_11  
           [0,6]          [6,9]          [9,11]         [14,18]        [21,29]        [29,36]        [36,41]        [46,53]        [53,62]        [62,66]        [66,69]        [75,81]        [81,87]        [87,92]        [95,100]       [103,109]      [109,119]      [119,123]      [123,132]      [132,138]      [138,148]      [148,153]      [153,157]      [157,163]      [163,170]      [170,171]      [171,176]      [177,181]      
Machine 3: job_10_task_0  job_8_task_1   job_17_task_1  job_10_task_2  job_13_task_2  job_0_task_2   job_7_task_1   job_6_task_1   job_3_task_3   job_10_task_7  job_4_task_1   job_10_task_9  job_4_task_4   job_7_task_3   job_5_task_2   job_2_task_4   job_5_task_7   job_12_task_5  job_4_task_10  job_11_task_4  job_7_task_8   job_11_task_6  job_0_task_8   job_11_task_8  job_6_task_9   job_13_task_9  job_13_task_10 job_1_task_11  job_6_task_11  job_5_task_12  job_12_task_12 
           [0,8]          [8,10]         [11,12]        [14,18]        [18,21]        [21,26]        [26,34]        [34,39]        [39,40]        [44,46]        [46,53]        [53,61]        [61,62]        [62,71]        [71,77]        [92,100]       [100,105]      [105,107]      [131,140]      [142,146]      [146,147]      [147,149]      [149,157]      [157,158]      [158,161]      [161,170]      [170,173]      [173,183]      [183,188]      [188,192]      [192,194]      
Machine 4: job_0_task_1   job_14_task_1  job_4_task_0   job_6_task_3   job_9_task_8   job_10_task_11 job_0_task_4   job_16_task_6  job_9_task_12  job_16_task_9  job_16_task_10 job_1_task_4   job_11_task_3  job_17_task_11 job_0_task_7   job_3_task_11  job_7_task_11  job_1_task_10  job_0_task_10  job_15_task_11 job_14_task_11 job_12_task_11 job_11_task_12 
           [6,12]         [12,15]        [15,24]        [59,62]        [67,75]        [75,79]        [89,97]        [97,98]        [99,109]       [109,111]      [111,117]      [128,133]      [133,142]      [142,146]      [148,149]      [149,159]      [159,163]      [166,172]      [172,177]      [177,186]      [186,191]      [191,192]      [192,194]      
Machine 5: job_12_task_0  job_1_task_1   job_8_task_2   job_3_task_0   job_8_task_4   job_8_task_5   job_17_task_2  job_9_task_4   job_3_task_5   job_14_task_3  job_6_task_2   job_3_task_7   job_5_task_1   job_12_task_2  job_2_task_2   job_0_task_3   job_15_task_2  job_15_task_3  job_0_task_5   job_4_task_6   job_14_task_4  job_15_task_6  job_1_task_3   job_7_task_4   job_14_task_5  job_3_task_10  job_5_task_9   job_11_task_7  job_14_task_8  job_0_task_9   job_6_task_10  job_11_task_11 job_1_task_12  job_8_task_12  job_13_task_12 job_4_task_12  
           [0,9]          [9,11]         [11,14]        [14,18]        [18,22]        [22,23]        [23,31]        [31,41]        [41,50]        [50,52]        [52,59]        [59,68]        [68,71]        [71,75]        [75,82]        [82,89]        [89,95]        [95,103]       [103,105]      [105,114]      [114,116]      [116,118]      [118,128]      [128,134]      [134,135]      [135,145]      [145,152]      [152,154]      [154,161]      [161,169]      [169,179]      [179,185]      [185,189]      [189,192]      [192,193]      [193,194]      
Machine 6: job_13_task_0  job_17_task_0  job_1_task_2   job_9_task_3   job_3_task_1   job_8_task_7   job_10_task_6  job_9_task_5   job_9_task_6   job_9_task_7   job_16_task_2  job_16_task_3  job_6_task_5   job_12_task_3  job_5_task_4   job_13_task_7  job_17_task_4  job_15_task_5  job_12_task_6  job_5_task_8   job_17_task_7  job_6_task_6   job_11_task_2  job_8_task_9   job_12_task_8  job_14_task_6  job_7_task_6   job_13_task_8  job_6_task_8   job_10_task_12 job_2_task_12  job_12_task_10 job_15_task_12 
           [0,4]          [4,11]         [11,17]        [19,25]        [25,33]        [33,41]        [41,44]        [44,54]        [54,64]        [64,67]        [67,69]        [69,74]        [74,79]        [79,89]        [89,93]        [93,102]       [102,110]      [110,115]      [115,116]      [116,124]      [124,125]      [125,126]      [126,133]      [133,134]      [134,140]      [140,144]      [144,145]      [145,155]      [155,156]      [156,163]      [170,174]      [174,180]      [186,189]      
Machine 7: job_8_task_0   job_6_task_0   job_8_task_6   job_10_task_4  job_10_task_5  job_3_task_4   job_7_task_2   job_4_task_3   job_4_task_5   job_16_task_5  job_15_task_4  job_17_task_9  job_17_task_10 job_1_task_5   job_11_task_5  job_14_task_7  job_5_task_10  job_2_task_10  job_11_task_9  job_11_task_10 job_8_task_11  
           [0,8]          [8,13]         [23,33]        [33,34]        [34,40]        [40,41]        [41,49]        [57,61]        [62,68]        [87,96]        [103,106]      [132,135]      [135,142]      [142,146]      [146,147]      [147,153]      [153,157]      [157,159]      [159,169]      [169,178]      [178,183]      
Optimal Schedule Length: 194.0
Total (Unoptimized Schedule Length): 1235
Statistics
  - conflicts: 0
  - branches : 110
  - wall time: 0.433223944s