
Problem
         task_0    task_1    task_2   task_3    task_4    task_5   task_6    task_7   task_8    task_9  task_10   task_11   task_12  task_13   task_14   task_15   task_16
job_0    (9, 2)   (17, 7)   (14, 2)  (16, 8)   (12, 9)   (15, 3)  (17, 1)  (16, 10)   (5, 6)   (17, 8)   (3, 7)    (1, 4)   (10, 1)   (5, 9)   (9, 10)    (5, 1)    (9, 2)
job_1    (8, 3)   (15, 6)   (11, 7)  (8, 10)  (16, 10)   (16, 1)   (6, 1)    (2, 6)   (4, 3)    (1, 7)   (2, 3)    (8, 4)   (17, 2)   (0, 6)   (7, 10)    (9, 7)    (4, 3)
job_2    (1, 7)  (12, 10)    (0, 7)   (4, 5)    (4, 7)   (10, 3)   (8, 9)    (5, 2)   (9, 4)    (3, 5)  (16, 5)   (17, 1)   (13, 9)   (4, 5)  (10, 10)    (4, 1)    (4, 9)
job_3   (4, 10)    (8, 9)    (5, 1)  (11, 4)    (7, 8)    (2, 9)  (12, 5)  (15, 10)   (2, 6)    (9, 3)  (5, 10)   (12, 1)    (2, 6)   (9, 3)    (1, 7)   (7, 10)   (12, 5)
job_4    (1, 3)    (9, 8)   (7, 10)  (17, 3)    (7, 9)   (11, 8)  (3, 10)   (7, 10)   (9, 7)    (1, 3)   (3, 8)    (0, 3)    (2, 5)  (11, 8)    (3, 8)   (11, 7)   (8, 10)
job_5    (4, 8)   (16, 1)   (14, 1)  (14, 9)   (7, 10)    (7, 5)  (10, 1)    (0, 5)   (3, 7)    (9, 6)  (10, 5)  (16, 10)    (7, 4)   (8, 5)   (12, 4)    (7, 5)    (7, 4)
job_6   (15, 4)    (2, 5)   (10, 3)   (6, 5)    (7, 2)  (14, 10)   (2, 3)    (5, 1)   (6, 7)   (10, 6)  (13, 3)   (12, 8)    (9, 6)  (13, 8)    (5, 9)  (12, 10)    (4, 4)
job_7   (17, 8)    (5, 8)  (12, 10)  (11, 1)   (12, 4)    (3, 7)  (10, 7)    (5, 6)   (9, 1)    (8, 1)  (14, 8)    (5, 7)    (8, 5)  (9, 10)    (5, 8)    (1, 6)   (10, 3)
job_8    (7, 4)    (1, 8)   (15, 4)   (9, 3)    (0, 8)   (5, 10)  (17, 8)    (8, 5)   (7, 6)   (14, 8)  (10, 9)   (12, 9)   (17, 2)   (9, 4)    (6, 1)   (17, 9)   (16, 1)
job_9   (14, 6)   (13, 5)   (15, 2)  (16, 7)    (6, 8)   (7, 10)  (13, 4)    (1, 4)   (2, 6)  (13, 10)  (12, 2)    (2, 5)    (8, 4)   (2, 4)    (5, 8)   (12, 1)   (14, 9)
job_10   (6, 2)   (12, 4)   (11, 1)   (7, 8)   (12, 8)   (16, 9)   (8, 2)    (0, 4)   (0, 2)    (6, 2)   (0, 5)   (3, 10)   (15, 8)   (1, 7)   (11, 5)    (5, 8)  (15, 10)
job_11   (0, 7)   (16, 3)   (15, 4)   (0, 7)    (3, 5)    (1, 3)   (9, 9)    (4, 9)  (13, 6)   (12, 5)   (6, 8)    (9, 6)   (10, 2)   (4, 9)   (16, 7)    (9, 9)    (8, 2)
job_12   (1, 9)   (15, 4)    (7, 1)  (10, 8)   (0, 10)   (14, 7)  (17, 7)   (14, 4)  (11, 3)   (16, 3)   (0, 1)   (11, 7)    (9, 6)   (7, 7)   (12, 1)    (3, 4)   (13, 9)
job_13  (15, 9)    (2, 8)   (17, 9)  (10, 7)    (5, 6)   (10, 8)  (7, 10)    (1, 6)  (17, 9)   (3, 10)  (15, 7)   (17, 5)   (10, 8)  (17, 5)    (8, 6)   (4, 10)    (6, 8)
job_14  (16, 4)    (0, 2)    (6, 7)   (3, 8)    (5, 8)    (3, 4)  (16, 4)    (6, 4)   (6, 4)    (3, 2)   (4, 8)   (16, 6)    (4, 7)  (13, 1)   (15, 5)    (9, 9)    (5, 5)
job_15   (6, 5)   (11, 3)  (11, 10)   (3, 4)    (6, 7)    (7, 5)  (17, 4)    (3, 9)   (5, 6)    (0, 9)   (4, 4)   (15, 7)  (15, 10)  (17, 2)    (9, 3)   (12, 3)   (16, 6)
job_16  (10, 8)    (9, 8)    (2, 7)  (12, 6)   (10, 7)    (0, 8)   (7, 2)    (1, 3)   (1, 5)    (5, 8)   (2, 6)    (4, 5)   (13, 7)   (5, 9)    (2, 8)   (17, 8)    (1, 2)
job_17  (11, 6)   (9, 10)   (0, 10)   (7, 8)   (11, 5)    (2, 7)   (6, 5)   (17, 2)  (3, 10)    (0, 1)   (8, 2)   (11, 6)    (6, 1)   (6, 3)    (7, 2)    (3, 9)    (9, 9)


Solution:
Machine 0: job_11_task_0  job_14_task_1  job_11_task_3  job_2_task_2   job_8_task_4   job_12_task_4  job_16_task_5  job_17_task_2  job_10_task_7  job_10_task_8  job_10_task_10 job_15_task_9  job_4_task_11  job_12_task_10 job_5_task_7   job_1_task_13  job_17_task_9  
           [0,7]          [7,9]          [17,24]        [24,31]        [34,42]        [42,52]        [52,60]        [60,70]        [71,75]        [75,77]        [79,84]        [84,93]        [93,96]        [96,97]        [100,105]      [110,116]      [129,130]      
Machine 1: job_4_task_0   job_2_task_0   job_12_task_0  job_8_task_1   job_11_task_5  job_16_task_7  job_16_task_8  job_4_task_9   job_13_task_7  job_1_task_9   job_10_task_13 job_9_task_7   job_0_task_11  job_3_task_14  job_16_task_16 job_7_task_15  
           [0,3]          [3,10]         [10,19]        [19,27]        [29,32]        [66,69]        [69,74]        [74,77]        [77,83]        [93,100]       [103,110]      [113,117]      [119,123]      [123,130]      [140,142]      [148,154]      
Machine 2: job_6_task_1   job_13_task_1  job_16_task_2  job_6_task_6   job_3_task_5   job_3_task_8   job_1_task_7   job_16_task_10 job_4_task_12  job_1_task_10  job_17_task_5  job_3_task_12  job_9_task_8   job_16_task_14 job_9_task_11  job_9_task_13  
           [4,9]          [13,21]        [21,28]        [40,43]        [54,63]        [78,84]        [84,90]        [90,96]        [96,101]       [101,104]      [104,111]      [111,117]      [117,123]      [123,131]      [135,140]      [144,148]      
Machine 3: job_14_task_3  job_11_task_4  job_15_task_3  job_14_task_5  job_4_task_6   job_14_task_9  job_15_task_7  job_7_task_5   job_2_task_9   job_4_task_10  job_10_task_11 job_13_task_9  job_5_task_8   job_0_task_10  job_17_task_8  job_4_task_14  job_12_task_15 job_17_task_15 
           [16,24]        [24,29]        [29,33]        [33,37]        [41,51]        [51,53]        [53,62]        [62,69]        [69,74]        [77,85]        [85,95]        [95,105]       [105,112]      [112,119]      [119,129]      [129,137]      [137,141]      [146,155]      
Machine 4: job_3_task_0   job_5_task_0   job_2_task_3   job_2_task_4   job_11_task_7  job_14_task_10 job_14_task_12 job_11_task_13 job_1_task_8   job_16_task_11 job_2_task_13  job_15_task_10 job_2_task_15  job_2_task_16  job_6_task_16  job_13_task_15 job_1_task_16  
           [0,10]         [10,18]        [31,36]        [36,43]        [43,52]        [53,61]        [69,76]        [80,89]        [90,93]        [96,101]       [101,106]      [106,110]      [116,117]      [117,126]      [126,130]      [138,148]      [148,151]      
Machine 5: job_7_task_1   job_14_task_4  job_3_task_2   job_13_task_4  job_6_task_7   job_8_task_5   job_2_task_7   job_0_task_8   job_15_task_8  job_16_task_9  job_7_task_7   job_3_task_10  job_6_task_14  job_7_task_11  job_16_task_13 job_10_task_15 job_0_task_13  job_7_task_14  job_9_task_14  job_14_task_16 job_0_task_15  
           [17,25]        [25,33]        [33,34]        [40,46]        [46,47]        [47,57]        [59,61]        [61,67]        [67,73]        [74,82]        [82,88]        [88,98]        [98,107]       [107,114]      [114,123]      [123,131]      [131,140]      [140,148]      [148,156]      [156,161]      [161,162]      
Machine 6: job_15_task_0  job_10_task_0  job_14_task_2  job_6_task_3   job_15_task_4  job_14_task_7  job_14_task_8  job_6_task_8   job_9_task_4   job_11_task_10 job_10_task_9  job_1_task_6   job_17_task_6  job_17_task_12 job_17_task_13 job_8_task_14  job_13_task_16 
           [0,5]          [5,7]          [9,16]         [16,21]        [33,40]        [41,45]        [45,49]        [49,56]        [56,64]        [64,72]        [77,79]        [80,81]        [111,116]      [138,139]      [139,142]      [155,156]      [156,164]      
Machine 7: job_8_task_0   job_4_task_2   job_6_task_4   job_12_task_2  job_4_task_4   job_10_task_3  job_15_task_5  job_3_task_4   job_4_task_7   job_16_task_6  job_13_task_6  job_5_task_4   job_17_task_3  job_5_task_5   job_9_task_5   job_8_task_8   job_1_task_14  job_12_task_13 job_5_task_12  job_17_task_14 job_3_task_15  job_5_task_15  job_5_task_16  
           [0,4]          [11,21]        [21,23]        [23,24]        [24,33]        [33,41]        [41,46]        [46,54]        [54,64]        [64,66]        [66,76]        [76,86]        [86,94]        [94,99]        [99,109]       [109,115]      [116,126]      [126,133]      [140,144]      [144,146]      [146,156]      [156,161]      [161,165]      
Machine 8: job_1_task_0   job_3_task_1   job_2_task_6   job_1_task_3   job_10_task_6  job_8_task_7   job_7_task_9   job_1_task_11  job_11_task_16 job_7_task_12  job_17_task_10 job_13_task_14 job_9_task_12  job_5_task_13  job_4_task_16  
           [0,3]          [10,19]        [50,59]        [59,69]        [69,71]        [71,76]        [97,98]        [104,108]      [108,110]      [114,119]      [130,132]      [132,138]      [140,144]      [144,149]      [149,159]      
Machine 9: job_0_task_0   job_4_task_1   job_16_task_1  job_17_task_1  job_8_task_3   job_11_task_6  job_2_task_8   job_4_task_8   job_11_task_11 job_6_task_12  job_3_task_9   job_14_task_15 job_7_task_8   job_11_task_15 job_12_task_12 job_5_task_9   job_3_task_13  job_7_task_13  job_1_task_15  job_15_task_14 job_0_task_14  job_8_task_13  job_17_task_16 job_0_task_16  
           [0,2]          [3,11]         [11,19]        [19,29]        [31,34]        [34,43]        [61,65]        [65,72]        [72,78]        [78,84]        [84,87]        [87,96]        [96,97]        [97,106]       [106,112]      [112,118]      [118,121]      [121,131]      [131,138]      [138,141]      [141,151]      [151,155]      [155,164]      [164,166]      
Machine 10: job_16_task_0  job_6_task_2   job_12_task_3  job_13_task_3  job_16_task_4  job_2_task_5   job_13_task_5  job_6_task_9   job_7_task_6   job_11_task_12 job_5_task_6   job_2_task_14  job_13_task_12 job_5_task_10  job_0_task_12  job_8_task_10  job_7_task_16  
           [0,8]          [9,12]         [24,32]        [33,40]        [40,47]        [47,50]        [50,58]        [58,64]        [69,76]        [78,80]        [99,100]       [106,116]      [117,125]      [125,130]      [130,131]      [131,140]      [154,157]      
Machine 11: job_17_task_0  job_15_task_1  job_15_task_2  job_10_task_2  job_4_task_5   job_3_task_3   job_1_task_2   job_7_task_3   job_12_task_8  job_17_task_4  job_12_task_11 job_4_task_13  job_10_task_14 job_17_task_11 job_4_task_15  
           [0,6]          [6,9]          [9,19]         [19,20]        [33,41]        [41,45]        [45,52]        [52,53]        [76,79]        [94,99]        [99,106]       [106,114]      [114,119]      [132,138]      [138,145]      
Machine 12: job_10_task_1  job_2_task_1   job_0_task_4   job_16_task_3  job_7_task_2   job_10_task_4  job_7_task_4   job_11_task_9  job_3_task_6   job_6_task_11  job_3_task_11  job_6_task_15  job_9_task_10  job_12_task_14 job_8_task_11  job_5_task_14  job_15_task_15 job_9_task_15  job_3_task_16  
           [7,11]         [11,21]        [21,30]        [30,36]        [36,46]        [46,54]        [54,58]        [58,63]        [63,68]        [68,76]        [98,99]        [107,117]      [133,135]      [135,136]      [140,149]      [149,153]      [153,156]      [156,157]      [157,162]      
Machine 13: job_9_task_1   job_11_task_8  job_6_task_10  job_14_task_13 job_6_task_13  job_2_task_12  job_16_task_12 job_9_task_6   job_9_task_9   job_12_task_16 
           [6,11]         [52,58]        [64,67]        [76,77]        [84,92]        [92,101]       [101,108]      [109,113]      [123,133]      [141,150]      
Machine 14: job_9_task_0   job_0_task_2   job_5_task_2   job_5_task_3   job_6_task_5   job_12_task_5  job_12_task_7  job_7_task_10  job_8_task_9   job_9_task_16  
           [0,6]          [9,11]         [20,21]        [21,30]        [30,40]        [52,59]        [72,76]        [98,106]       [115,123]      [157,166]      
Machine 15: job_6_task_0   job_13_task_0  job_11_task_2  job_9_task_2   job_12_task_1  job_8_task_2   job_0_task_5   job_1_task_1   job_3_task_7   job_14_task_14 job_10_task_12 job_13_task_10 job_15_task_11 job_15_task_12 job_10_task_16 
           [0,4]          [4,13]         [13,17]        [17,19]        [19,23]        [27,31]        [31,34]        [34,40]        [68,78]        [78,83]        [95,103]       [105,112]      [112,119]      [119,129]      [131,141]      
Machine 16: job_14_task_0  job_11_task_1  job_0_task_3   job_5_task_1   job_9_task_3   job_14_task_6  job_0_task_7   job_10_task_5  job_14_task_11 job_1_task_4   job_1_task_5   job_2_task_10  job_12_task_9  job_11_task_14 job_5_task_11  job_15_task_16 job_8_task_16  
           [0,4]          [7,10]         [11,19]        [19,20]        [20,27]        [37,41]        [41,51]        [54,63]        [63,69]        [69,79]        [79,80]        [80,85]        [85,88]        [89,96]        [130,140]      [156,162]      [165,166]      
Machine 17: job_0_task_1   job_7_task_0   job_4_task_3   job_13_task_2  job_0_task_6   job_15_task_6  job_8_task_6   job_12_task_6  job_0_task_9   job_2_task_11  job_13_task_8  job_1_task_12  job_13_task_11 job_17_task_7  job_13_task_13 job_15_task_13 job_16_task_15 job_8_task_12  job_8_task_15  
           [2,9]          [9,17]         [21,24]        [24,33]        [34,35]        [46,50]        [57,65]        [65,72]        [72,80]        [85,86]        [86,95]        [108,110]      [112,117]      [117,119]      [125,130]      [130,132]      [132,140]      [149,151]      [156,165]      
Optimal Schedule Length: 166.0
Total (Unoptimized Schedule Length): 1789
Statistics
  - conflicts: 0
  - branches : 0
  - wall time: 43.271130281000005s