
Problem
         task_0  task_1   task_2   task_3   task_4  task_5   task_6   task_7   task_8  task_9  task_10  task_11  task_12 task_13
job_0   (3, 10)  (1, 8)   (0, 3)   (3, 5)  (2, 10)  (2, 4)   (0, 4)   (2, 9)   (3, 2)  (3, 6)   (0, 3)   (2, 5)   (1, 2)  (1, 6)
job_1    (0, 2)  (3, 2)   (3, 5)   (1, 2)   (2, 6)  (1, 7)   (0, 5)   (1, 1)   (2, 6)  (3, 5)   (1, 3)  (0, 10)   (2, 3)  (3, 9)
job_2    (1, 1)  (3, 6)   (3, 4)   (3, 4)   (1, 5)  (3, 6)   (1, 2)  (2, 10)   (1, 7)  (3, 8)   (3, 5)  (2, 10)   (0, 9)  (3, 8)
job_3    (1, 6)  (3, 6)   (1, 4)   (2, 9)   (2, 7)  (1, 8)   (0, 6)   (3, 8)   (0, 4)  (3, 3)  (2, 10)   (1, 8)   (3, 3)  (3, 4)
job_4    (2, 2)  (3, 6)   (3, 7)   (2, 7)   (1, 9)  (1, 3)   (3, 4)   (2, 1)   (1, 1)  (1, 2)   (2, 6)   (1, 1)   (0, 7)  (2, 5)
job_5    (0, 9)  (1, 4)   (3, 9)   (3, 5)   (0, 1)  (2, 6)  (2, 10)  (1, 10)   (2, 2)  (0, 6)   (0, 6)   (3, 2)   (0, 5)  (3, 2)
job_6    (2, 3)  (2, 6)   (1, 5)   (3, 8)   (3, 8)  (2, 8)   (0, 7)   (0, 4)   (3, 3)  (1, 6)   (2, 1)  (1, 10)   (1, 4)  (3, 2)
job_7    (1, 6)  (0, 6)   (2, 1)   (3, 4)   (3, 7)  (1, 5)  (2, 10)  (1, 10)   (1, 2)  (2, 4)   (3, 2)   (2, 8)   (0, 2)  (2, 8)
job_8    (1, 3)  (0, 7)   (0, 2)   (0, 2)  (2, 10)  (2, 1)   (0, 2)   (0, 5)   (1, 9)  (3, 6)  (1, 10)   (2, 1)   (2, 6)  (3, 8)
job_9    (0, 3)  (0, 6)   (2, 8)   (1, 1)   (3, 2)  (0, 9)   (2, 8)   (1, 3)   (0, 3)  (2, 6)   (3, 3)   (0, 7)   (0, 7)  (3, 7)
job_10   (3, 8)  (3, 7)   (3, 5)   (1, 4)  (2, 10)  (0, 8)   (3, 2)   (1, 5)  (1, 10)  (1, 3)   (1, 7)   (1, 1)  (1, 10)  (0, 9)
job_11   (1, 5)  (3, 1)  (3, 10)   (0, 1)   (0, 5)  (1, 2)   (2, 2)   (0, 8)  (1, 10)  (1, 6)   (0, 9)   (2, 3)   (3, 9)  (1, 7)
job_12   (0, 3)  (1, 2)   (0, 8)  (1, 10)   (3, 5)  (3, 2)   (3, 6)   (1, 1)   (2, 7)  (0, 2)   (1, 6)   (2, 7)   (0, 2)  (0, 2)


Solution:
Machine 0: job_9_task_0   job_9_task_1   job_12_task_0  job_1_task_0   job_8_task_1   job_12_task_2  job_8_task_2   job_8_task_3   job_5_task_0   job_7_task_1   job_3_task_6   job_11_task_3  job_11_task_4  job_8_task_6   job_10_task_5  job_8_task_7   job_11_task_7  job_1_task_6   job_0_task_2   job_9_task_5   job_0_task_6   job_5_task_4   job_11_task_10 job_9_task_8   job_3_task_8   job_6_task_6   job_6_task_7   job_2_task_12  job_1_task_11  job_9_task_11  job_12_task_9  job_5_task_9   job_0_task_10  job_5_task_10  job_9_task_12  job_10_task_13 job_5_task_12  job_7_task_12  job_4_task_12  job_12_task_12 job_12_task_13 
           [0,3]          [3,9]          [9,12]         [12,14]        [15,22]        [22,30]        [30,32]        [32,34]        [34,43]        [43,49]        [53,59]        [59,60]        [60,65]        [65,67]        [67,75]        [75,80]        [80,88]        [88,93]        [93,96]        [106,115]      [118,122]      [122,123]      [123,132]      [136,139]      [150,154]      [154,161]      [161,165]      [182,191]      [193,203]      [203,210]      [210,212]      [212,218]      [218,221]      [221,227]      [227,234]      [234,243]      [243,248]      [248,250]      [251,258]      [258,260]      [260,262]      
Machine 1: job_3_task_0   job_2_task_0   job_11_task_0  job_8_task_0   job_3_task_2   job_12_task_1  job_7_task_0   job_9_task_3   job_2_task_4   job_12_task_3  job_2_task_6   job_3_task_5   job_10_task_3  job_2_task_8   job_1_task_3   job_6_task_2   job_11_task_5  job_1_task_5   job_7_task_5   job_0_task_1   job_5_task_1   job_1_task_7   job_11_task_8  job_8_task_8   job_11_task_9  job_7_task_7   job_9_task_7   job_7_task_8   job_10_task_7  job_10_task_8  job_4_task_4   job_4_task_5   job_5_task_7   job_10_task_9  job_12_task_7  job_10_task_10 job_10_task_11 job_4_task_8   job_4_task_9   job_1_task_10  job_8_task_10  job_6_task_9   job_10_task_12 job_12_task_10 job_3_task_11  job_6_task_11  job_11_task_13 job_4_task_11  job_6_task_12  job_0_task_12  job_0_task_13  
           [0,6]          [6,7]          [7,12]         [12,15]        [15,19]        [19,21]        [21,27]        [27,28]        [28,33]        [33,43]        [43,45]        [45,53]        [53,57]        [57,64]        [64,66]        [66,71]        [71,73]        [73,80]        [80,85]        [85,93]        [93,97]        [97,98]        [98,108]       [108,117]      [117,123]      [123,133]      [133,136]      [136,138]      [138,143]      [143,153]      [153,162]      [162,165]      [165,175]      [175,178]      [178,179]      [179,186]      [186,187]      [187,188]      [188,190]      [190,193]      [193,203]      [203,209]      [209,219]      [219,225]      [225,233]      [233,243]      [243,250]      [250,251]      [251,255]      [255,257]      [257,263]      
Machine 2: job_6_task_0   job_6_task_1   job_4_task_0   job_9_task_2   job_3_task_3   job_3_task_4   job_8_task_4   job_2_task_7   job_7_task_2   job_8_task_5   job_10_task_4  job_1_task_4   job_11_task_6  job_7_task_6   job_1_task_8   job_0_task_4   job_0_task_5   job_9_task_6   job_5_task_5   job_4_task_3   job_6_task_5   job_5_task_6   job_0_task_7   job_9_task_9   job_2_task_11  job_7_task_9   job_4_task_7   job_12_task_8  job_3_task_10  job_5_task_8   job_11_task_11 job_1_task_12  job_6_task_10  job_7_task_11  job_8_task_11  job_8_task_12  job_4_task_10  job_12_task_11 job_0_task_11  job_7_task_13  job_4_task_13  
           [0,3]          [3,9]          [9,11]         [11,19]        [19,28]        [28,35]        [35,45]        [45,55]        [55,56]        [56,57]        [57,67]        [67,73]        [73,75]        [85,95]        [98,104]       [104,114]      [114,118]      [118,126]      [126,132]      [132,139]      [139,147]      [147,157]      [157,166]      [166,172]      [172,182]      [182,186]      [186,187]      [187,194]      [194,204]      [204,206]      [206,209]      [209,212]      [212,213]      [213,221]      [221,222]      [222,228]      [228,234]      [234,241]      [241,246]      [250,258]      [258,263]      
Machine 3: job_10_task_0  job_3_task_1   job_2_task_1   job_2_task_2   job_2_task_3   job_10_task_1  job_2_task_5   job_10_task_2  job_11_task_1  job_11_task_2  job_1_task_1   job_1_task_2   job_7_task_3   job_7_task_4   job_0_task_0   job_6_task_3   job_4_task_1   job_0_task_3   job_9_task_4   job_5_task_2   job_5_task_3   job_4_task_2   job_6_task_4   job_10_task_6  job_12_task_4  job_3_task_7   job_2_task_9   job_12_task_5  job_12_task_6  job_2_task_10  job_8_task_9   job_3_task_9   job_4_task_6   job_1_task_9   job_6_task_8   job_0_task_8   job_0_task_9   job_9_task_10  job_2_task_13  job_7_task_10  job_11_task_12 job_1_task_13  job_5_task_11  job_3_task_12  job_9_task_13  job_8_task_13  job_3_task_13  job_6_task_13  job_5_task_13  
           [0,8]          [8,14]         [14,20]        [20,24]        [24,28]        [28,35]        [35,41]        [41,46]        [46,47]        [47,57]        [57,59]        [59,64]        [64,68]        [68,75]        [75,85]        [85,93]        [93,99]        [99,104]       [104,106]      [106,115]      [115,120]      [120,127]      [127,135]      [135,137]      [137,142]      [142,150]      [150,158]      [158,160]      [160,166]      [166,171]      [171,177]      [177,180]      [180,184]      [184,189]      [189,192]      [192,194]      [194,200]      [200,203]      [203,211]      [211,213]      [213,222]      [222,231]      [231,233]      [233,236]      [236,243]      [243,251]      [251,255]      [255,257]      [257,259]      
Optimal Schedule Length: 263.0
Total (Unoptimized Schedule Length): 977
Statistics
  - conflicts: 0
  - branches : 27
  - wall time: 0.16631690200000002s