
Problem
         task_0   task_1   task_2   task_3   task_4   task_5   task_6   task_7  task_8   task_9  task_10  task_11  task_12  task_13  task_14  task_15 task_16  task_17  task_18  task_19
job_0    (3, 6)   (0, 5)  (8, 10)   (2, 5)   (2, 5)  (0, 10)   (5, 6)   (5, 7)  (3, 6)   (3, 4)   (4, 6)   (6, 6)   (1, 4)   (8, 7)   (8, 9)   (3, 3)  (6, 1)   (3, 4)  (1, 10)   (1, 1)
job_1    (0, 2)  (2, 10)   (4, 2)   (8, 9)   (3, 5)   (0, 2)   (1, 1)   (0, 8)  (1, 8)   (4, 5)   (0, 4)   (1, 7)  (3, 10)   (2, 1)   (0, 1)   (3, 4)  (6, 1)   (0, 4)   (4, 3)   (5, 8)
job_2   (2, 10)   (1, 4)   (1, 8)   (4, 6)   (0, 4)   (4, 7)  (1, 10)   (1, 8)  (1, 1)   (2, 2)   (7, 9)   (5, 1)   (6, 4)   (2, 6)   (0, 8)   (7, 7)  (4, 3)   (5, 9)   (1, 7)   (6, 2)
job_3    (0, 6)   (4, 1)   (8, 8)   (8, 5)   (4, 9)   (1, 7)   (1, 1)   (6, 7)  (1, 5)   (1, 7)   (7, 1)  (0, 10)   (6, 9)   (7, 8)   (5, 4)  (3, 10)  (7, 7)   (5, 7)   (7, 8)   (7, 3)
job_4    (8, 3)   (4, 3)   (5, 2)   (7, 5)   (7, 8)   (7, 5)   (1, 5)   (3, 5)  (1, 2)   (3, 4)   (5, 5)  (7, 10)  (6, 10)   (0, 5)   (1, 2)   (0, 1)  (2, 7)   (8, 5)   (3, 2)   (7, 9)
job_5    (8, 1)   (7, 6)   (8, 8)   (0, 7)  (1, 10)   (3, 4)   (1, 5)   (0, 7)  (3, 1)   (7, 4)   (1, 3)  (8, 10)   (1, 2)  (4, 10)   (8, 7)   (4, 2)  (1, 1)   (3, 5)   (7, 7)  (5, 10)
job_6    (3, 1)   (5, 5)   (1, 9)   (6, 1)   (6, 1)   (0, 7)   (2, 7)  (4, 10)  (5, 1)   (1, 4)   (2, 8)   (2, 9)   (1, 9)   (5, 1)   (1, 1)   (1, 7)  (1, 8)   (7, 6)  (5, 10)   (2, 2)
job_7    (3, 3)   (3, 8)   (3, 1)   (1, 2)   (0, 6)   (4, 1)   (4, 5)   (7, 1)  (5, 1)   (2, 1)   (7, 1)   (6, 2)   (8, 4)   (4, 6)   (6, 3)   (7, 4)  (3, 5)   (0, 7)   (0, 6)   (1, 8)
job_8    (2, 3)   (3, 9)   (6, 7)   (7, 1)   (3, 6)   (5, 6)   (1, 9)   (7, 3)  (6, 4)   (7, 1)   (3, 3)   (7, 3)   (4, 8)   (5, 3)   (1, 3)   (5, 2)  (3, 7)   (4, 2)   (5, 3)   (0, 2)
job_9    (4, 3)   (5, 8)   (4, 3)  (8, 10)   (1, 8)   (4, 8)  (5, 10)   (2, 5)  (0, 5)  (5, 10)   (1, 3)   (3, 9)   (1, 2)   (2, 9)   (2, 3)   (5, 8)  (8, 9)   (1, 3)   (1, 1)   (4, 2)
job_10   (3, 6)   (6, 7)   (5, 6)  (3, 10)   (3, 7)  (8, 10)   (3, 8)   (6, 7)  (1, 8)   (4, 6)  (5, 10)   (4, 9)   (1, 4)   (5, 6)   (5, 7)   (7, 4)  (0, 3)   (7, 5)   (3, 2)   (4, 6)
job_11   (0, 2)   (8, 3)   (2, 7)  (8, 10)  (3, 10)   (6, 7)   (2, 6)   (0, 7)  (2, 4)   (5, 3)   (2, 3)   (3, 2)   (4, 5)   (1, 6)   (2, 2)   (6, 3)  (3, 8)   (8, 7)   (6, 5)   (8, 4)
job_12   (4, 4)   (3, 9)   (0, 7)  (7, 10)   (3, 4)   (1, 1)   (8, 4)   (4, 1)  (6, 9)   (8, 4)   (8, 1)   (1, 9)   (3, 9)   (1, 6)  (3, 10)   (8, 2)  (6, 9)   (3, 2)   (5, 6)   (6, 9)
job_13   (6, 5)   (5, 9)   (6, 1)   (1, 6)   (3, 9)   (4, 2)   (8, 5)   (6, 8)  (4, 3)   (6, 7)   (7, 7)   (0, 3)   (7, 4)   (0, 2)   (8, 2)   (3, 8)  (5, 4)  (0, 10)   (4, 9)   (1, 1)
job_14   (0, 4)   (8, 5)   (8, 8)   (8, 4)   (2, 6)   (0, 2)   (7, 3)   (5, 5)  (2, 4)   (0, 5)   (7, 7)   (7, 4)   (2, 6)   (2, 3)   (8, 8)   (1, 3)  (3, 8)   (0, 2)   (5, 7)   (8, 1)
job_15   (0, 4)   (2, 7)   (7, 3)   (3, 9)   (7, 4)   (0, 9)   (5, 1)   (4, 5)  (0, 2)   (8, 2)   (6, 1)   (6, 1)  (6, 10)   (8, 4)   (5, 2)   (1, 5)  (3, 3)   (5, 8)   (6, 5)   (4, 4)
job_16   (1, 3)   (5, 7)   (7, 6)   (3, 6)   (1, 3)   (8, 9)   (4, 8)   (7, 8)  (7, 5)   (4, 6)   (5, 3)   (4, 2)   (4, 5)   (0, 1)   (8, 1)   (1, 9)  (2, 2)   (1, 4)   (8, 5)   (5, 3)


Solution:
Machine 0: job_3_task_0   job_11_task_0  job_1_task_0   job_14_task_0  job_0_task_1   job_5_task_3   job_12_task_2  job_6_task_5   job_15_task_0  job_2_task_4   job_5_task_7   job_0_task_5   job_3_task_11  job_9_task_8   job_11_task_7  job_14_task_5  job_1_task_5   job_15_task_5  job_1_task_7   job_14_task_9  job_7_task_4   job_15_task_8  job_2_task_14  job_13_task_11 job_1_task_10  job_4_task_13  job_1_task_14  job_13_task_13 job_10_task_16 job_16_task_13 job_4_task_15  job_1_task_17  job_13_task_17 job_7_task_17  job_14_task_17 job_7_task_18  job_8_task_19  
           [0,6]          [6,8]          [8,10]         [10,14]        [14,19]        [19,26]        [26,33]        [33,40]        [40,44]        [44,48]        [69,76]        [76,86]        [87,97]        [97,102]       [102,109]      [109,111]      [111,113]      [113,122]      [122,130]      [132,137]      [137,143]      [143,145]      [154,162]      [162,165]      [165,169]      [169,174]      [192,193]      [201,203]      [206,209]      [215,216]      [217,218]      [230,234]      [234,244]      [244,251]      [251,253]      [253,259]      [264,266]      
Machine 1: job_16_task_0  job_6_task_2   job_2_task_1   job_2_task_2   job_5_task_4   job_13_task_3  job_9_task_4   job_3_task_5   job_6_task_9   job_3_task_6   job_12_task_5  job_5_task_6   job_4_task_6   job_3_task_8   job_3_task_9   job_2_task_6   job_16_task_4  job_10_task_8  job_2_task_7   job_1_task_6   job_2_task_8   job_9_task_10  job_4_task_8   job_12_task_11 job_7_task_3   job_1_task_8   job_5_task_10  job_8_task_6   job_10_task_12 job_5_task_12  job_12_task_13 job_0_task_12  job_1_task_11  job_9_task_12  job_6_task_12  job_11_task_13 job_5_task_16  job_6_task_14  job_15_task_15 job_6_task_15  job_6_task_16  job_4_task_14  job_14_task_15 job_16_task_15 job_2_task_18  job_8_task_14  job_9_task_17  job_0_task_18  job_16_task_17 job_9_task_18  job_13_task_19 job_0_task_19  job_7_task_19  
           [0,3]          [6,15]         [15,19]        [19,27]        [27,37]        [37,43]        [43,51]        [51,58]        [58,62]        [62,63]        [63,64]        [64,69]        [69,74]        [74,79]        [79,86]        [86,96]        [96,99]        [99,107]       [107,115]      [115,116]      [116,117]      [117,120]      [120,122]      [122,131]      [131,133]      [133,141]      [141,144]      [144,153]      [153,157]      [157,159]      [159,165]      [165,169]      [169,176]      [176,178]      [178,187]      [187,193]      [193,194]      [194,195]      [195,200]      [200,207]      [207,215]      [215,217]      [217,220]      [220,229]      [229,236]      [236,239]      [239,242]      [242,252]      [252,256]      [256,257]      [257,258]      [258,259]      [259,267]      
Machine 2: job_2_task_0   job_1_task_1   job_8_task_0   job_6_task_6   job_15_task_1  job_11_task_2  job_0_task_3   job_0_task_4   job_6_task_10  job_9_task_7   job_6_task_11  job_11_task_6  job_14_task_4  job_11_task_8  job_2_task_9   job_14_task_8  job_11_task_10 job_2_task_13  job_7_task_9   job_9_task_13  job_9_task_14  job_1_task_13  job_11_task_14 job_14_task_12 job_14_task_13 job_4_task_16  job_16_task_16 job_6_task_19  
           [0,10]         [10,20]        [20,23]        [40,47]        [47,54]        [54,61]        [61,66]        [66,71]        [71,79]        [79,84]        [84,93]        [93,99]        [101,107]      [109,113]      [117,119]      [128,132]      [138,141]      [148,154]      [171,172]      [178,187]      [187,190]      [191,192]      [193,195]      [197,203]      [203,206]      [218,225]      [229,231]      [244,246]      
Machine 3: job_6_task_0   job_10_task_0  job_0_task_0   job_12_task_1  job_10_task_3  job_10_task_4  job_5_task_5   job_12_task_4  job_13_task_4  job_8_task_1   job_10_task_6  job_11_task_4  job_16_task_3  job_7_task_0   job_15_task_3  job_1_task_4   job_7_task_1   job_4_task_7   job_8_task_4   job_7_task_2   job_5_task_8   job_0_task_8   job_4_task_9   job_0_task_9   job_12_task_12 job_9_task_11  job_11_task_11 job_3_task_15  job_12_task_14 job_1_task_12  job_5_task_17  job_15_task_16 job_8_task_10  job_12_task_17 job_13_task_15 job_11_task_16 job_1_task_15  job_0_task_15  job_7_task_16  job_0_task_17  job_14_task_16 job_8_task_16  job_4_task_18  job_10_task_18 
           [0,1]          [1,7]          [7,13]         [13,22]        [22,32]        [32,39]        [39,43]        [43,47]        [47,56]        [56,65]        [65,73]        [73,83]        [83,89]        [89,92]        [92,101]       [101,106]      [106,114]      [114,119]      [119,125]      [125,126]      [126,127]      [127,133]      [133,137]      [137,141]      [141,150]      [150,159]      [159,161]      [161,171]      [171,181]      [181,191]      [194,199]      [200,203]      [203,206]      [207,209]      [209,217]      [217,225]      [225,229]      [229,232]      [232,237]      [237,241]      [241,249]      [249,256]      [256,258]      [258,260]      
Machine 4: job_9_task_0   job_12_task_0  job_3_task_1   job_4_task_1   job_9_task_2   job_1_task_2   job_2_task_3   job_3_task_4   job_6_task_7   job_9_task_5   job_2_task_5   job_13_task_5  job_12_task_7  job_10_task_9  job_16_task_6  job_13_task_8  job_10_task_11 job_15_task_7  job_0_task_10  job_7_task_5   job_7_task_6   job_1_task_9   job_5_task_13  job_2_task_16  job_11_task_12 job_5_task_15  job_16_task_9  job_7_task_13  job_16_task_11 job_16_task_12 job_8_task_12  job_15_task_19 job_1_task_18  job_13_task_18 job_8_task_17  job_9_task_19  job_10_task_19 
           [0,3]          [3,7]          [7,8]          [8,11]         [14,17]        [20,22]        [27,33]        [33,42]        [47,57]        [57,65]        [65,72]        [72,74]        [88,89]        [107,113]      [115,123]      [123,126]      [126,135]      [135,140]      [141,147]      [147,148]      [148,153]      [153,158]      [159,169]      [169,172]      [172,177]      [177,179]      [190,196]      [202,208]      [208,210]      [210,215]      [216,224]      [224,228]      [234,237]      [244,253]      [256,258]      [258,260]      [260,266]      
Machine 5: job_6_task_1   job_9_task_1   job_10_task_2  job_13_task_1  job_16_task_1  job_4_task_2   job_6_task_8   job_9_task_6   job_0_task_6   job_0_task_7   job_9_task_9   job_10_task_10 job_14_task_7  job_8_task_5   job_15_task_6  job_11_task_9  job_4_task_10  job_2_task_11  job_3_task_14  job_10_task_13 job_10_task_14 job_7_task_8   job_2_task_17  job_15_task_14 job_3_task_17  job_6_task_13  job_9_task_15  job_16_task_10 job_15_task_17 job_12_task_18 job_5_task_19  job_13_task_16 job_8_task_13  job_6_task_18  job_8_task_15  job_1_task_19  job_14_task_18 job_8_task_18  job_16_task_19 
           [1,6]          [6,14]         [14,20]        [20,29]        [29,36]        [36,38]        [57,58]        [65,75]        [86,92]        [92,99]        [102,112]      [113,123]      [123,128]      [128,134]      [134,135]      [135,138]      [138,143]      [143,144]      [144,148]      [157,163]      [163,170]      [170,171]      [172,181]      [181,183]      [184,191]      [191,192]      [192,200]      [200,203]      [203,211]      [211,217]      [217,227]      [227,231]      [231,234]      [234,244]      [244,246]      [246,254]      [254,261]      [261,264]      [264,267]      
Machine 6: job_13_task_0  job_10_task_1  job_6_task_3   job_6_task_4   job_13_task_2  job_3_task_7   job_10_task_7  job_11_task_5  job_8_task_2   job_3_task_12  job_12_task_8  job_13_task_7  job_13_task_9  job_2_task_12  job_0_task_11  job_4_task_12  job_15_task_10 job_15_task_11 job_15_task_12 job_7_task_11  job_8_task_8   job_12_task_16 job_7_task_14  job_11_task_15 job_15_task_18 job_12_task_19 job_1_task_16  job_0_task_16  job_2_task_19  job_11_task_18 
           [0,5]          [7,14]         [15,16]        [16,17]        [29,30]        [63,70]        [73,80]        [83,90]        [90,97]        [97,106]       [106,115]      [115,123]      [126,133]      [144,148]      [148,154]      [154,164]      [164,165]      [165,166]      [166,176]      [185,187]      [193,197]      [198,207]      [208,211]      [211,214]      [214,219]      [219,228]      [229,230]      [232,233]      [236,238]      [238,243]      
Machine 7: job_5_task_1   job_12_task_3  job_4_task_3   job_16_task_2  job_4_task_4   job_4_task_5   job_15_task_2  job_3_task_10  job_8_task_3   job_15_task_4  job_14_task_6  job_3_task_13  job_2_task_10  job_5_task_9   job_16_task_7  job_4_task_11  job_13_task_10 job_7_task_7   job_2_task_15  job_14_task_10 job_3_task_16  job_7_task_10  job_16_task_8  job_8_task_7   job_14_task_11 job_13_task_12 job_8_task_9   job_10_task_15 job_5_task_18  job_8_task_11  job_7_task_15  job_6_task_17  job_10_task_17 job_3_task_18  job_3_task_19  job_4_task_19  
           [1,7]          [33,43]        [43,48]        [48,54]        [54,62]        [62,67]        [67,70]        [86,87]        [97,98]        [101,105]      [111,114]      [114,122]      [122,131]      [131,135]      [135,143]      [143,153]      [153,160]      [160,161]      [162,169]      [170,177]      [177,184]      [184,185]      [185,190]      [190,193]      [193,197]      [197,201]      [201,202]      [202,206]      [206,213]      [213,216]      [216,220]      [220,226]      [226,231]      [231,239]      [239,242]      [258,267]      
Machine 8: job_5_task_0   job_4_task_0   job_5_task_2   job_3_task_2   job_3_task_3   job_9_task_3   job_0_task_2   job_11_task_1  job_10_task_5  job_11_task_3  job_14_task_1  job_14_task_2  job_12_task_6  job_1_task_3   job_14_task_3  job_13_task_6  job_16_task_5  job_12_task_9  job_12_task_10 job_5_task_11  job_15_task_9  job_5_task_14  job_15_task_13 job_0_task_13  job_0_task_14  job_12_task_15 job_7_task_12  job_13_task_14 job_14_task_14 job_16_task_14 job_9_task_16  job_4_task_17  job_11_task_17 job_11_task_19 job_16_task_18 job_14_task_19 
           [0,1]          [1,4]          [7,15]         [15,23]        [23,28]        [28,38]        [38,48]        [48,51]        [51,61]        [61,71]        [71,76]        [76,84]        [84,88]        [88,97]        [97,101]       [101,106]      [106,115]      [115,119]      [119,120]      [144,154]      [154,156]      [169,176]      [176,180]      [180,187]      [187,196]      [196,198]      [198,202]      [203,205]      [206,214]      [216,217]      [217,226]      [226,231]      [231,238]      [243,247]      [256,261]      [261,262]      
Optimal Schedule Length: 267.0
Total (Unoptimized Schedule Length): 1779
Statistics
  - conflicts: 0
  - branches : 0
  - wall time: 0.263353968s