
Problem
          task_0    task_1    task_2   task_3    task_4    task_5    task_6    task_7    task_8    task_9  task_10  task_11   task_12  task_13   task_14  task_15   task_16
job_0     (0, 5)    (9, 2)   (10, 8)  (12, 7)   (10, 4)    (6, 9)   (14, 7)    (3, 9)   (2, 10)   (18, 7)  (15, 8)  (10, 3)    (4, 1)  (12, 5)   (12, 6)  (10, 1)    (7, 5)
job_1     (1, 6)   (14, 2)    (3, 9)   (3, 2)   (16, 1)   (16, 1)    (8, 6)    (4, 5)   (15, 9)   (15, 5)  (5, 10)   (7, 9)   (8, 10)   (1, 3)   (10, 9)   (3, 9)   (13, 2)
job_2     (3, 7)    (8, 7)    (1, 8)   (1, 8)   (10, 4)   (14, 7)    (6, 8)   (12, 4)   (14, 1)   (11, 2)   (3, 1)   (7, 9)   (1, 10)   (0, 6)    (6, 3)  (15, 3)  (13, 10)
job_3   (11, 10)   (12, 2)    (6, 7)   (9, 3)    (6, 6)   (19, 2)   (14, 9)   (16, 5)    (5, 5)   (19, 1)  (14, 8)   (3, 8)   (14, 6)   (4, 8)  (13, 10)   (6, 4)   (19, 3)
job_4    (2, 10)   (17, 1)   (10, 8)  (14, 5)    (1, 5)    (5, 8)  (17, 10)   (12, 1)   (12, 3)    (3, 3)  (14, 8)  (16, 6)   (16, 3)  (16, 5)  (10, 10)  (9, 10)   (19, 6)
job_5    (0, 10)   (10, 8)  (14, 10)  (18, 4)   (14, 3)   (19, 7)    (2, 9)   (12, 1)    (5, 2)   (12, 8)   (1, 5)   (4, 1)    (4, 3)   (1, 3)   (14, 1)  (16, 7)   (12, 6)
job_6     (6, 3)   (12, 2)    (8, 5)   (4, 3)    (5, 7)    (3, 4)    (1, 2)    (6, 7)  (19, 10)    (6, 6)  (14, 7)  (14, 9)    (9, 3)  (13, 3)   (11, 3)  (12, 7)   (19, 9)
job_7     (5, 6)    (6, 2)   (15, 6)   (0, 6)    (6, 8)    (6, 1)    (4, 2)   (15, 1)   (11, 9)   (18, 5)  (14, 1)   (0, 6)    (4, 8)  (0, 10)   (19, 8)   (0, 1)   (13, 9)
job_8   (11, 10)   (14, 2)   (16, 1)   (7, 4)   (14, 5)    (7, 3)    (6, 2)   (10, 8)   (19, 8)   (11, 8)   (1, 1)  (14, 7)   (14, 2)   (2, 3)    (5, 7)   (6, 3)    (7, 5)
job_9   (14, 10)    (9, 6)   (3, 10)   (6, 7)   (13, 7)    (0, 6)   (17, 1)  (15, 10)   (6, 10)  (18, 10)  (16, 4)   (7, 7)    (9, 7)  (14, 7)   (19, 7)   (7, 5)    (9, 4)
job_10   (6, 10)  (10, 10)    (9, 2)   (2, 2)   (18, 8)    (9, 1)  (18, 10)    (1, 9)   (11, 6)   (4, 10)   (6, 3)  (19, 3)  (17, 10)   (6, 2)   (6, 10)   (8, 2)    (8, 4)
job_11    (3, 2)   (13, 3)    (8, 7)  (16, 9)   (17, 2)  (14, 10)   (12, 2)   (10, 8)    (7, 4)    (5, 7)   (6, 5)  (11, 4)   (17, 2)  (10, 7)    (0, 2)   (9, 6)   (16, 9)
job_12    (9, 8)   (12, 6)    (4, 6)   (4, 8)  (14, 10)   (13, 3)    (2, 1)   (17, 2)   (17, 5)    (9, 9)   (5, 8)   (6, 9)    (5, 7)  (14, 2)  (10, 10)  (13, 7)  (10, 10)
job_13   (15, 5)   (12, 9)   (13, 4)   (2, 4)   (15, 4)    (5, 6)    (8, 6)   (18, 2)    (9, 9)  (11, 10)  (14, 3)   (4, 8)    (8, 8)  (12, 6)   (19, 9)  (11, 7)   (19, 4)
job_14   (12, 6)   (15, 8)   (10, 3)  (10, 7)    (9, 7)   (10, 6)   (13, 1)    (0, 8)    (7, 7)    (1, 8)   (6, 9)  (11, 2)   (15, 3)  (19, 5)   (19, 2)   (3, 9)    (5, 6)
job_15    (1, 7)   (15, 4)    (8, 2)  (15, 4)    (9, 2)   (15, 2)   (18, 5)   (18, 2)   (13, 7)    (6, 3)   (9, 9)  (12, 9)   (17, 2)   (6, 6)   (18, 5)   (5, 9)   (16, 2)


Solution:
Machine 0: job_5_task_0   job_0_task_0   job_7_task_3   job_9_task_5   job_14_task_7  job_7_task_11  job_7_task_13  job_7_task_15  job_2_task_13  job_11_task_14 
           [0,10]         [10,15]        [37,43]        [46,52]        [67,75]        [85,91]        [99,109]       [117,118]      [128,134]      [144,146]      
Machine 1: job_1_task_0   job_15_task_0  job_2_task_2   job_4_task_4   job_2_task_3   job_6_task_6   job_10_task_7  job_14_task_9  job_8_task_10  job_1_task_13  job_2_task_12  job_5_task_10  job_5_task_13  
           [0,6]          [6,13]         [19,27]        [32,37]        [37,45]        [49,51]        [66,75]        [88,96]        [101,102]      [105,108]      [118,128]      [132,137]      [141,144]      
Machine 2: job_4_task_0   job_13_task_3  job_10_task_3  job_12_task_6  job_0_task_8   job_5_task_6   job_8_task_13  
           [0,10]         [19,23]        [31,33]        [56,57]        [101,111]      [111,120]      [137,140]      
Machine 3: job_11_task_0  job_2_task_0   job_9_task_2   job_1_task_2   job_1_task_3   job_6_task_5   job_4_task_9   job_0_task_7   job_2_task_10  job_3_task_11  job_1_task_15  job_14_task_15 
           [0,2]          [2,9]          [16,26]        [26,35]        [35,37]        [45,49]        [67,70]        [92,101]       [104,105]      [105,113]      [122,131]      [139,148]      
Machine 4: job_12_task_2  job_12_task_3  job_6_task_3   job_1_task_7   job_7_task_6   job_13_task_11 job_10_task_9  job_7_task_12  job_3_task_13  job_0_task_12  job_5_task_11  job_5_task_12  
           [21,27]        [27,35]        [35,38]        [45,50]        [54,56]        [69,77]        [81,91]        [91,99]        [119,127]      [132,133]      [137,138]      [138,141]      
Machine 5: job_7_task_0   job_13_task_5  job_6_task_4   job_4_task_5   job_3_task_8   job_1_task_10  job_12_task_10 job_11_task_9  job_12_task_12 job_5_task_8   job_15_task_15 job_8_task_14  job_14_task_16 
           [0,6]          [27,33]        [38,45]        [45,53]        [67,72]        [75,85]        [85,93]        [93,100]       [102,109]      [122,124]      [131,140]      [140,147]      [148,154]      
Machine 6: job_10_task_0  job_6_task_0   job_7_task_1   job_3_task_2   job_9_task_3   job_3_task_4   job_7_task_4   job_7_task_5   job_6_task_7   job_0_task_5   job_8_task_6   job_9_task_8   job_2_task_6   job_15_task_9  job_12_task_11 job_6_task_9   job_10_task_10 job_14_task_10 job_15_task_13 job_11_task_10 job_10_task_13 job_2_task_14  job_3_task_15  job_10_task_14 job_8_task_15  
           [0,10]         [10,13]        [13,15]        [25,32]        [32,39]        [39,45]        [45,53]        [53,54]        [54,61]        [61,70]        [70,72]        [72,82]        [82,90]        [90,93]        [93,102]       [102,108]      [108,111]      [111,120]      [120,126]      [126,131]      [131,133]      [134,137]      [137,141]      [141,151]      [151,154]      
Machine 7: job_8_task_3   job_8_task_5   job_14_task_8  job_11_task_8  job_1_task_11  job_9_task_11  job_2_task_11  job_0_task_16  job_9_task_15  job_8_task_16  
           [13,17]        [25,28]        [75,82]        [82,86]        [86,95]        [102,109]      [109,118]      [145,150]      [151,156]      [156,161]      
Machine 8: job_11_task_2  job_2_task_1   job_15_task_2  job_6_task_2   job_13_task_6  job_1_task_6   job_13_task_12 job_1_task_12  job_10_task_15 job_10_task_16 
           [5,12]         [12,19]        [19,21]        [23,28]        [33,39]        [39,45]        [77,85]        [95,105]       [154,156]      [156,160]      
Machine 9: job_12_task_0  job_9_task_1   job_0_task_1   job_10_task_2  job_3_task_3   job_15_task_4  job_13_task_8  job_10_task_5  job_14_task_4  job_12_task_9  job_15_task_10 job_9_task_12  job_4_task_15  job_6_task_12  job_11_task_15 job_9_task_16  
           [1,9]          [10,16]        [16,18]        [29,31]        [32,35]        [35,37]        [41,50]        [50,51]        [51,58]        [70,79]        [93,102]       [109,116]      [116,126]      [135,138]      [146,152]      [156,160]      
Machine 10: job_4_task_2   job_10_task_1  job_14_task_2  job_14_task_3  job_0_task_2   job_5_task_1   job_0_task_4   job_14_task_5  job_2_task_4   job_11_task_7  job_8_task_7   job_4_task_14  job_1_task_14  job_12_task_14 job_0_task_11  job_11_task_13 job_0_task_15  job_12_task_16 
           [11,19]        [19,29]        [29,32]        [32,39]        [39,47]        [47,55]        [55,59]        [59,65]        [65,69]        [69,77]        [77,85]        [98,108]       [108,117]      [117,127]      [127,130]      [137,144]      [144,145]      [150,160]      
Machine 11: job_8_task_0   job_3_task_0   job_13_task_9  job_7_task_8   job_10_task_8  job_8_task_9   job_2_task_9   job_13_task_15 job_14_task_11 job_11_task_11 job_6_task_14  
           [0,10]         [10,20]        [51,61]        [61,70]        [75,81]        [93,101]       [102,104]      [104,111]      [120,122]      [131,135]      [141,144]      
Machine 12: job_14_task_0  job_13_task_1  job_12_task_1  job_6_task_1   job_3_task_1   job_11_task_6  job_0_task_3   job_4_task_7   job_4_task_8   job_13_task_13 job_2_task_7   job_15_task_11 job_5_task_7   job_5_task_9   job_0_task_13  job_0_task_14  job_6_task_15  job_5_task_16  
           [0,6]          [6,15]         [15,21]        [21,23]        [23,25]        [43,45]        [47,54]        [63,64]        [64,67]        [85,91]        [91,95]        [103,112]      [121,122]      [124,132]      [133,138]      [138,144]      [144,151]      [152,158]      
Machine 13: job_11_task_1  job_13_task_2  job_9_task_4   job_12_task_5  job_15_task_8  job_14_task_6  job_7_task_16  job_3_task_14  job_6_task_13  job_1_task_16  job_12_task_15 job_2_task_16  
           [2,5]          [15,19]        [39,46]        [53,56]        [57,64]        [66,67]        [118,127]      [127,137]      [138,141]      [141,143]      [143,150]      [150,160]      
Machine 14: job_9_task_0   job_8_task_1   job_1_task_1   job_8_task_4   job_4_task_3   job_11_task_5  job_12_task_4  job_3_task_6   job_5_task_2   job_13_task_10 job_2_task_5   job_4_task_10  job_7_task_10  job_0_task_6   job_5_task_4   job_2_task_8   job_3_task_10  job_8_task_11  job_12_task_13 job_3_task_12  job_6_task_10  job_6_task_11  job_8_task_12  job_9_task_13  job_5_task_14  
           [0,10]         [10,12]        [12,14]        [17,22]        [22,27]        [27,37]        [37,47]        [47,56]        [56,66]        [66,69]        [69,76]        [76,84]        [84,85]        [85,92]        [92,95]        [95,96]        [96,104]       [104,111]      [111,113]      [113,119]      [119,126]      [126,135]      [135,137]      [137,144]      [144,145]      
Machine 15: job_13_task_0  job_14_task_1  job_15_task_1  job_13_task_4  job_15_task_3  job_7_task_2   job_15_task_5  job_1_task_8   job_7_task_7   job_9_task_7   job_1_task_9   job_0_task_10  job_14_task_12 job_2_task_15  
           [0,5]          [6,14]         [14,18]        [23,27]        [27,31]        [31,37]        [37,39]        [50,59]        [59,60]        [60,70]        [70,75]        [118,126]      [126,129]      [141,144]      
Machine 16: job_8_task_2   job_11_task_3  job_1_task_4   job_1_task_5   job_3_task_7   job_4_task_11  job_4_task_12  job_4_task_13  job_9_task_10  job_15_task_16 job_5_task_15  job_11_task_16 
           [12,13]        [13,22]        [37,38]        [38,39]        [62,67]        [84,90]        [90,93]        [93,98]        [98,102]       [140,142]      [145,152]      [152,161]      
Machine 17: job_4_task_1   job_11_task_4  job_9_task_6   job_4_task_6   job_12_task_7  job_12_task_8  job_15_task_12 job_10_task_12 job_11_task_12 
           [10,11]        [22,24]        [52,53]        [53,63]        [63,65]        [65,70]        [112,114]      [120,130]      [135,137]      
Machine 18: job_13_task_7  job_10_task_4  job_15_task_6  job_15_task_7  job_10_task_6  job_5_task_3   job_7_task_9   job_9_task_9   job_0_task_9   job_15_task_14 
           [39,41]        [41,49]        [49,54]        [54,56]        [56,66]        [66,70]        [70,75]        [83,93]        [111,118]      [126,131]      
Machine 19: job_3_task_5   job_6_task_8   job_3_task_9   job_8_task_8   job_13_task_14 job_5_task_5   job_7_task_14  job_10_task_11 job_13_task_16 job_4_task_16  job_14_task_13 job_14_task_14 job_3_task_16  job_9_task_14  job_6_task_16  
           [45,47]        [61,71]        [72,73]        [85,93]        [93,102]       [102,109]      [109,117]      [117,120]      [120,124]      [126,132]      [132,137]      [137,139]      [141,144]      [144,151]      [151,160]      
Optimal Schedule Length: 161.0
Total (Unoptimized Schedule Length): 1539
Statistics
  - conflicts: 0
  - branches : 0
  - wall time: 0.295341163s