
Problem
         task_0   task_1   task_2   task_3   task_4   task_5   task_6   task_7   task_8   task_9  task_10
job_0    (2, 3)   (0, 5)   (0, 5)  (2, 10)   (1, 6)   (2, 5)   (2, 6)  (1, 10)  (0, 10)   (0, 5)   (1, 1)
job_1    (1, 1)   (0, 7)   (0, 1)   (2, 9)   (2, 7)   (1, 2)  (2, 10)  (2, 10)   (0, 8)   (2, 7)   (2, 8)
job_2    (0, 5)   (2, 8)   (1, 3)   (2, 3)   (0, 4)   (2, 5)   (0, 8)   (2, 1)   (2, 9)   (1, 9)   (0, 3)
job_3   (0, 10)   (0, 9)   (0, 3)   (0, 8)   (2, 9)   (0, 2)   (2, 1)  (0, 10)   (2, 5)   (1, 5)   (1, 3)
job_4    (1, 9)   (0, 3)  (0, 10)   (0, 3)   (2, 4)   (1, 1)   (2, 7)   (0, 8)  (2, 10)   (1, 2)  (0, 10)
job_5    (2, 5)   (2, 9)   (0, 5)   (2, 9)   (2, 2)   (0, 6)   (0, 5)   (1, 8)   (1, 1)   (2, 1)   (0, 8)
job_6    (1, 3)   (0, 2)   (2, 4)   (2, 9)   (1, 9)   (1, 8)   (0, 9)   (0, 6)   (1, 3)   (2, 6)   (2, 6)
job_7    (1, 2)   (1, 7)   (1, 3)   (0, 1)   (1, 8)  (0, 10)   (0, 5)   (2, 8)   (1, 4)   (0, 1)   (1, 1)
job_8    (1, 1)   (0, 4)   (0, 1)   (2, 1)   (2, 3)  (0, 10)   (1, 3)   (0, 2)   (0, 5)   (2, 5)   (0, 6)
job_9    (2, 9)   (0, 9)   (1, 2)   (2, 2)   (1, 1)   (2, 2)   (1, 6)  (1, 10)  (2, 10)   (2, 5)   (1, 2)
job_10   (1, 7)   (2, 9)   (2, 3)   (0, 8)  (0, 10)   (1, 4)   (0, 5)   (2, 3)   (0, 5)   (1, 9)   (1, 2)
job_11   (0, 2)   (2, 9)   (0, 2)   (1, 1)   (1, 7)   (1, 5)  (0, 10)   (2, 7)   (2, 3)   (1, 2)   (0, 9)
job_12   (1, 8)   (0, 8)   (2, 3)   (1, 6)   (1, 6)   (2, 3)   (1, 5)   (0, 2)   (1, 1)   (0, 3)   (2, 8)
job_13   (0, 3)   (1, 3)   (1, 8)   (0, 3)   (1, 4)   (2, 8)   (2, 6)   (0, 6)   (0, 4)  (1, 10)   (0, 4)
job_14   (0, 8)   (0, 2)   (1, 9)   (0, 1)   (0, 9)   (1, 3)   (1, 4)   (2, 5)   (2, 2)   (0, 3)   (1, 9)
job_15   (2, 7)   (2, 7)   (0, 6)   (0, 3)   (0, 2)   (1, 8)   (2, 9)   (0, 1)   (2, 3)   (2, 2)   (0, 4)
job_16   (0, 3)   (2, 7)   (2, 8)   (0, 8)  (1, 10)   (2, 8)   (1, 9)   (0, 8)   (2, 5)   (2, 4)   (1, 4)
job_17   (0, 7)  (0, 10)   (2, 5)   (2, 8)   (0, 6)   (1, 1)   (2, 3)   (2, 5)   (0, 4)   (2, 4)   (1, 4)


Solution:
Machine 0: job_16_task_0  job_1_task_1   job_0_task_1   job_3_task_0   job_1_task_2   job_6_task_1   job_0_task_2   job_13_task_0  job_4_task_1   job_2_task_0   job_11_task_0  job_17_task_0  job_16_task_3  job_14_task_0  job_3_task_1   job_4_task_2   job_17_task_1  job_9_task_1   job_14_task_1  job_11_task_2  job_3_task_2   job_13_task_3  job_10_task_3  job_4_task_3   job_5_task_2   job_12_task_1  job_3_task_3   job_7_task_3   job_8_task_1   job_2_task_4   job_15_task_2  job_10_task_4  job_8_task_2   job_14_task_3  job_14_task_4  job_15_task_3  job_11_task_6  job_7_task_5   job_4_task_7   job_8_task_5   job_2_task_6   job_6_task_6   job_15_task_4  job_5_task_5   job_17_task_4  job_3_task_5   job_10_task_6  job_13_task_7  job_5_task_6   job_1_task_8   job_3_task_7   job_7_task_6   job_6_task_7   job_16_task_7  job_8_task_7   job_13_task_8  job_0_task_8   job_8_task_8   job_10_task_8  job_12_task_7  job_14_task_9  job_17_task_8  job_12_task_9  job_15_task_7  job_4_task_10  job_11_task_10 job_0_task_9   job_5_task_10  job_8_task_10  job_7_task_9   job_13_task_10 job_15_task_10 job_2_task_10  
           [0,3]          [3,10]         [10,15]        [15,25]        [25,26]        [26,28]        [28,33]        [33,36]        [36,39]        [39,44]        [44,46]        [46,53]        [53,61]        [61,69]        [69,78]        [78,88]        [88,98]        [98,107]       [107,109]      [109,111]      [111,114]      [114,117]      [117,125]      [125,128]      [128,133]      [133,141]      [141,149]      [149,150]      [150,154]      [154,158]      [158,164]      [164,174]      [174,175]      [175,176]      [176,185]      [185,188]      [188,198]      [198,208]      [208,216]      [216,226]      [226,234]      [234,243]      [243,245]      [245,251]      [251,257]      [257,259]      [259,264]      [264,270]      [270,275]      [275,283]      [283,293]      [293,298]      [298,304]      [304,312]      [312,314]      [314,318]      [318,328]      [328,333]      [333,338]      [338,340]      [340,343]      [343,347]      [347,350]      [350,351]      [351,361]      [361,370]      [370,375]      [375,383]      [383,389]      [389,390]      [390,394]      [394,398]      [398,401]      
Machine 1: job_1_task_0   job_4_task_0   job_6_task_0   job_10_task_0  job_12_task_0  job_7_task_0   job_7_task_1   job_13_task_1  job_13_task_2  job_7_task_2   job_8_task_0   job_16_task_4  job_6_task_4   job_6_task_5   job_0_task_4   job_2_task_2   job_9_task_2   job_14_task_2  job_1_task_5   job_11_task_3  job_11_task_4  job_13_task_4  job_11_task_5  job_4_task_5   job_7_task_4   job_9_task_4   job_16_task_6  job_10_task_5  job_12_task_3  job_12_task_4  job_9_task_6   job_9_task_7   job_14_task_5  job_14_task_6  job_0_task_7   job_8_task_6   job_12_task_6  job_15_task_5  job_4_task_9   job_17_task_5  job_2_task_9   job_5_task_7   job_5_task_8   job_6_task_8   job_7_task_8   job_13_task_9  job_11_task_9  job_3_task_9   job_12_task_8  job_10_task_9  job_14_task_10 job_16_task_10 job_17_task_10 job_3_task_10  job_10_task_10 job_0_task_10  job_9_task_10  job_7_task_10  
           [0,1]          [1,10]         [10,13]        [13,20]        [20,28]        [28,30]        [30,37]        [37,40]        [40,48]        [48,51]        [51,52]        [61,71]        [71,80]        [80,88]        [88,94]        [99,102]       [107,109]      [109,118]      [118,120]      [120,121]      [121,128]      [128,132]      [132,137]      [140,141]      [150,158]      [161,162]      [169,178]      [178,182]      [182,188]      [188,194]      [194,200]      [200,210]      [210,213]      [213,217]      [221,231]      [231,234]      [243,248]      [248,256]      [256,258]      [258,259]      [270,279]      [279,287]      [287,288]      [304,307]      [313,317]      [318,328]      [328,330]      [335,340]      [340,341]      [341,350]      [350,359]      [359,363]      [363,367]      [367,370]      [370,372]      [375,376]      [379,381]      [390,391]      
Machine 2: job_0_task_0   job_16_task_1  job_16_task_2  job_5_task_0   job_9_task_0   job_1_task_3   job_6_task_2   job_10_task_1  job_6_task_3   job_11_task_1  job_0_task_3   job_5_task_1   job_2_task_1   job_15_task_0  job_1_task_4   job_10_task_2  job_15_task_1  job_1_task_6   job_2_task_3   job_4_task_4   job_17_task_2  job_5_task_3   job_0_task_5   job_9_task_3   job_16_task_5  job_13_task_5  job_12_task_2  job_4_task_6   job_8_task_3   job_9_task_5   job_2_task_5   job_17_task_3  job_3_task_4   job_8_task_4   job_0_task_6   job_1_task_7   job_5_task_4   job_13_task_6  job_2_task_7   job_12_task_5  job_4_task_8   job_11_task_7  job_3_task_6   job_2_task_8   job_17_task_6  job_10_task_7  job_14_task_7  job_15_task_6  job_17_task_7  job_9_task_8   job_7_task_7   job_1_task_9   job_14_task_8  job_11_task_8  job_16_task_8  job_3_task_8   job_6_task_9   job_8_task_9   job_5_task_9   job_16_task_9  job_15_task_8  job_17_task_9  job_12_task_10 job_1_task_10  job_9_task_9   job_15_task_9  job_6_task_10  
           [0,3]          [3,10]         [10,18]        [18,23]        [23,32]        [32,41]        [41,45]        [45,54]        [54,63]        [63,72]        [72,82]        [82,91]        [91,99]        [99,106]       [106,113]      [113,116]      [116,123]      [123,133]      [133,136]      [136,140]      [140,145]      [145,154]      [154,159]      [159,161]      [161,169]      [169,177]      [177,180]      [180,187]      [187,188]      [188,190]      [190,195]      [195,203]      [203,212]      [212,215]      [215,221]      [221,231]      [231,233]      [233,239]      [239,240]      [240,243]      [243,253]      [253,260]      [260,261]      [261,270]      [270,273]      [273,276]      [276,281]      [281,290]      [290,295]      [295,305]      [305,313]      [313,320]      [320,322]      [322,325]      [325,330]      [330,335]      [335,341]      [341,346]      [346,347]      [347,351]      [351,354]      [354,358]      [358,366]      [366,374]      [374,379]      [379,381]      [381,387]      
Optimal Schedule Length: 401.0
Total (Unoptimized Schedule Length): 1071
Statistics
  - conflicts: 0
  - branches : 0
  - wall time: 0.10707556200000001s