
Problem
         task_0  task_1   task_2   task_3   task_4   task_5   task_6   task_7   task_8   task_9  task_10 task_11 task_12 task_13
job_0    (0, 5)  (0, 5)   (0, 4)   (2, 7)   (1, 4)   (2, 5)  (0, 10)   (2, 2)   (1, 9)   (1, 4)   (2, 4)  (0, 2)  (1, 7)  (1, 1)
job_1    (1, 7)  (1, 1)   (1, 3)   (1, 6)   (2, 2)   (2, 2)   (1, 2)   (2, 6)   (1, 8)   (1, 8)   (2, 1)  (1, 2)  (1, 8)  (2, 7)
job_2    (0, 9)  (1, 2)   (0, 7)   (1, 1)   (1, 2)   (2, 9)   (0, 8)   (2, 9)   (0, 3)   (2, 5)   (1, 3)  (0, 9)  (0, 3)  (1, 7)
job_3   (0, 10)  (1, 7)   (0, 7)   (1, 6)   (0, 2)   (2, 4)   (1, 4)  (1, 10)   (2, 2)   (0, 1)   (2, 9)  (0, 6)  (1, 1)  (0, 9)
job_4    (0, 7)  (2, 3)   (1, 1)   (2, 3)   (1, 3)   (1, 8)   (0, 4)   (1, 7)   (0, 6)  (1, 10)   (1, 6)  (1, 1)  (0, 8)  (1, 1)
job_5    (1, 5)  (1, 2)  (1, 10)  (2, 10)   (1, 2)   (2, 7)   (0, 3)   (0, 9)   (2, 9)   (2, 1)   (2, 4)  (0, 1)  (2, 7)  (2, 1)
job_6    (0, 9)  (0, 3)   (2, 6)   (1, 3)   (1, 9)  (2, 10)   (0, 8)  (2, 10)   (1, 7)   (1, 9)   (1, 8)  (2, 6)  (2, 7)  (0, 4)
job_7    (0, 6)  (1, 8)   (0, 2)   (2, 4)   (1, 2)   (2, 9)   (2, 3)   (1, 6)  (0, 10)   (0, 3)   (1, 5)  (0, 5)  (2, 4)  (0, 5)
job_8    (0, 9)  (0, 9)   (0, 8)  (2, 10)   (0, 8)   (0, 6)   (0, 8)   (1, 7)   (2, 9)   (1, 2)   (2, 4)  (0, 4)  (0, 5)  (1, 7)
job_9    (0, 8)  (2, 9)   (0, 8)   (0, 1)   (1, 8)   (1, 7)   (0, 4)  (0, 10)  (2, 10)   (1, 8)   (2, 6)  (1, 4)  (0, 5)  (1, 4)
job_10   (0, 5)  (2, 5)   (1, 9)   (2, 5)   (1, 8)   (0, 8)   (1, 9)   (2, 6)   (1, 5)   (2, 1)   (1, 3)  (1, 4)  (0, 4)  (1, 1)
job_11   (1, 5)  (1, 1)  (1, 10)   (2, 8)   (0, 6)   (2, 6)   (2, 2)   (2, 5)   (2, 6)   (2, 3)   (2, 1)  (0, 7)  (1, 5)  (1, 5)
job_12   (2, 5)  (1, 2)   (1, 4)   (0, 9)   (1, 9)   (2, 7)   (0, 3)   (0, 5)   (2, 3)   (0, 5)  (0, 10)  (0, 2)  (0, 8)  (2, 7)
job_13   (2, 2)  (1, 4)   (0, 7)   (1, 1)   (1, 3)   (0, 4)   (1, 5)   (2, 8)  (1, 10)   (1, 4)  (0, 10)  (0, 7)  (1, 3)  (1, 7)
job_14   (0, 4)  (1, 4)  (1, 10)   (2, 7)   (0, 2)   (0, 9)   (0, 3)  (0, 10)   (1, 5)   (1, 5)   (2, 8)  (1, 2)  (0, 3)  (0, 8)
job_15   (0, 5)  (2, 4)   (1, 4)   (0, 4)   (2, 7)   (2, 5)  (0, 10)   (2, 9)   (2, 2)   (2, 9)   (1, 1)  (2, 1)  (1, 2)  (0, 8)
job_16   (2, 7)  (1, 6)   (0, 4)   (2, 5)   (1, 6)   (1, 9)   (2, 9)   (2, 5)   (0, 8)   (0, 8)   (2, 8)  (0, 4)  (0, 5)  (2, 4)
job_17   (2, 3)  (0, 9)   (1, 8)  (0, 10)  (1, 10)   (2, 2)   (0, 6)   (2, 1)   (1, 5)   (1, 7)   (2, 6)  (0, 6)  (0, 3)  (2, 6)
job_18   (2, 5)  (0, 1)   (1, 9)   (0, 8)   (0, 7)   (2, 5)   (2, 4)   (2, 6)   (1, 3)  (0, 10)   (0, 6)  (1, 7)  (2, 3)  (2, 3)


Solution:
Machine 0: job_6_task_0   job_8_task_0   job_9_task_0   job_6_task_1   job_8_task_1   job_14_task_0  job_17_task_1  job_8_task_2   job_3_task_0   job_2_task_0   job_16_task_2  job_9_task_2   job_10_task_0  job_18_task_1  job_7_task_0   job_15_task_0  job_0_task_0   job_13_task_2  job_4_task_0   job_12_task_3  job_9_task_3   job_2_task_2   job_0_task_1   job_18_task_3  job_17_task_3  job_3_task_2   job_8_task_4   job_0_task_2   job_6_task_6   job_7_task_2   job_13_task_5  job_15_task_3  job_14_task_4  job_18_task_4  job_14_task_5  job_8_task_5   job_9_task_6   job_3_task_4   job_2_task_6   job_9_task_7   job_11_task_4  job_8_task_6   job_14_task_6  job_12_task_6  job_4_task_6   job_15_task_6  job_10_task_5  job_14_task_7  job_12_task_7  job_17_task_6  job_0_task_6   job_16_task_8  job_5_task_6   job_12_task_9  job_4_task_8   job_5_task_7   job_7_task_8   job_2_task_8   job_16_task_9  job_18_task_9  job_13_task_10 job_12_task_10 job_3_task_9   job_7_task_9   job_18_task_10 job_2_task_11  job_12_task_11 job_13_task_11 job_11_task_11 job_8_task_11  job_3_task_11  job_17_task_11 job_12_task_12 job_7_task_11  job_16_task_11 job_8_task_12  job_14_task_12 job_0_task_11  job_2_task_12  job_5_task_11  job_17_task_12 job_16_task_12 job_9_task_12  job_4_task_12  job_3_task_13  job_14_task_13 job_15_task_13 job_10_task_12 job_7_task_13  job_6_task_13  
           [0,9]          [9,18]         [18,26]        [26,29]        [29,38]        [38,42]        [42,51]        [51,59]        [59,69]        [69,78]        [78,82]        [82,90]        [90,95]        [95,96]        [96,102]       [102,107]      [107,112]      [112,119]      [119,126]      [126,135]      [135,136]      [136,143]      [143,148]      [148,156]      [156,166]      [166,173]      [173,181]      [181,185]      [185,193]      [193,195]      [195,199]      [199,203]      [203,205]      [205,212]      [212,221]      [221,227]      [227,231]      [231,233]      [233,241]      [241,251]      [251,257]      [257,265]      [265,268]      [268,271]      [271,275]      [275,285]      [285,293]      [293,303]      [303,308]      [308,314]      [314,324]      [324,332]      [332,335]      [335,340]      [340,346]      [346,355]      [355,365]      [365,368]      [368,376]      [376,386]      [386,396]      [396,406]      [406,407]      [407,410]      [410,416]      [416,425]      [425,427]      [427,434]      [434,441]      [441,445]      [445,451]      [451,457]      [457,465]      [465,470]      [470,474]      [474,479]      [479,482]      [482,484]      [484,487]      [487,488]      [488,491]      [491,496]      [496,501]      [501,509]      [509,518]      [518,526]      [526,534]      [534,538]      [538,543]      [543,547]      
Machine 1: job_5_task_0   job_11_task_0  job_16_task_1  job_12_task_1  job_12_task_2  job_13_task_1  job_5_task_1   job_11_task_1  job_11_task_2  job_5_task_2   job_6_task_3   job_6_task_4   job_14_task_1  job_14_task_2  job_17_task_2  job_2_task_1   job_3_task_1   job_16_task_4  job_18_task_2  job_7_task_1   job_1_task_0   job_10_task_2  job_13_task_3  job_15_task_2  job_9_task_4   job_13_task_4  job_16_task_5  job_2_task_3   job_12_task_4  job_4_task_2   job_2_task_4   job_9_task_5   job_1_task_1   job_1_task_2   job_4_task_4   job_3_task_3   job_1_task_3   job_17_task_4  job_13_task_6  job_7_task_4   job_4_task_5   job_10_task_4  job_0_task_4   job_5_task_4   job_6_task_8   job_13_task_8  job_3_task_6   job_1_task_6   job_3_task_7   job_8_task_7   job_7_task_7   job_4_task_7   job_1_task_8   job_6_task_9   job_10_task_6  job_18_task_8  job_17_task_8  job_13_task_9  job_14_task_8  job_17_task_9  job_9_task_9   job_0_task_8   job_14_task_9  job_1_task_9   job_4_task_9   job_6_task_10  job_8_task_9   job_2_task_10  job_0_task_9   job_10_task_8  job_4_task_10  job_14_task_11 job_15_task_10 job_4_task_11  job_7_task_10  job_18_task_11 job_9_task_11  job_1_task_11  job_1_task_12  job_10_task_10 job_13_task_12 job_15_task_12 job_11_task_12 job_3_task_12  job_10_task_11 job_13_task_13 job_11_task_13 job_8_task_13  job_0_task_12  job_2_task_13  job_0_task_13  job_9_task_13  job_4_task_13  job_10_task_13 
           [0,5]          [5,10]         [10,16]        [16,18]        [18,22]        [22,26]        [26,28]        [28,29]        [29,39]        [39,49]        [49,52]        [52,61]        [61,65]        [65,75]        [75,83]        [83,85]        [85,92]        [92,98]        [98,107]       [107,115]      [115,122]      [122,131]      [131,132]      [132,136]      [136,144]      [144,147]      [147,156]      [156,157]      [157,166]      [166,167]      [167,169]      [169,176]      [176,177]      [177,180]      [180,183]      [183,189]      [189,195]      [195,205]      [205,210]      [210,212]      [212,220]      [220,228]      [228,232]      [232,234]      [234,241]      [241,251]      [251,255]      [255,257]      [257,267]      [267,274]      [274,280]      [280,287]      [287,295]      [295,304]      [304,313]      [313,316]      [316,321]      [321,325]      [325,330]      [330,337]      [337,345]      [345,354]      [354,359]      [359,367]      [367,377]      [377,385]      [385,387]      [387,390]      [390,394]      [394,399]      [399,405]      [405,407]      [407,408]      [408,409]      [410,415]      [416,423]      [424,428]      [428,430]      [430,438]      [438,441]      [441,444]      [444,446]      [446,451]      [451,452]      [452,456]      [456,463]      [463,468]      [479,486]      [486,493]      [493,500]      [500,501]      [501,505]      [509,510]      [538,539]      
Machine 2: job_16_task_0  job_17_task_0  job_12_task_0  job_18_task_0  job_13_task_0  job_9_task_1   job_6_task_2   job_11_task_3  job_5_task_3   job_8_task_3   job_6_task_5   job_14_task_3  job_16_task_3  job_10_task_1  job_15_task_1  job_4_task_1   job_10_task_3  job_16_task_6  job_16_task_7  job_4_task_3   job_2_task_5   job_12_task_5  job_0_task_3   job_7_task_3   job_6_task_7   job_15_task_4  job_7_task_5   job_13_task_7  job_15_task_5  job_18_task_5  job_1_task_4   job_3_task_5   job_1_task_5   job_0_task_5   job_17_task_5  job_18_task_6  job_5_task_5   job_7_task_6   job_11_task_5  job_1_task_7   job_2_task_7   job_18_task_7  job_9_task_8   job_12_task_8  job_11_task_6  job_17_task_7  job_11_task_7  job_15_task_7  job_8_task_8   job_0_task_7   job_3_task_8   job_11_task_8  job_10_task_7  job_15_task_8  job_5_task_8   job_11_task_9  job_2_task_9   job_17_task_10 job_14_task_10 job_16_task_10 job_15_task_9  job_8_task_10  job_3_task_10  job_9_task_10  job_11_task_10 job_1_task_10  job_6_task_11  job_5_task_9   job_0_task_10  job_10_task_9  job_5_task_10  job_15_task_11 job_6_task_12  job_1_task_13  job_18_task_12 job_18_task_13 job_12_task_13 job_7_task_12  job_5_task_12  job_17_task_13 job_16_task_13 job_5_task_13  
           [0,7]          [7,10]         [10,15]        [15,20]        [20,22]        [26,35]        [35,41]        [41,49]        [49,59]        [59,69]        [69,79]        [79,86]        [86,91]        [95,100]       [107,111]      [126,129]      [131,136]      [156,165]      [165,170]      [170,173]      [173,182]      [182,189]      [189,196]      [196,200]      [200,210]      [210,217]      [217,226]      [226,234]      [234,239]      [239,244]      [244,246]      [246,250]      [250,252]      [252,257]      [257,259]      [259,263]      [263,270]      [270,273]      [273,279]      [279,285]      [285,294]      [294,300]      [300,310]      [310,313]      [313,315]      [315,316]      [316,321]      [321,330]      [330,339]      [339,341]      [341,343]      [343,349]      [349,355]      [355,357]      [357,366]      [366,369]      [369,374]      [374,380]      [380,388]      [388,396]      [396,405]      [405,409]      [409,418]      [418,424]      [424,425]      [425,426]      [426,432]      [432,433]      [433,437]      [437,438]      [438,442]      [442,443]      [443,450]      [450,457]      [457,460]      [460,463]      [465,472]      [472,476]      [488,495]      [495,501]      [501,505]      [505,506]      
Optimal Schedule Length: 547.0
Total (Unoptimized Schedule Length): 1480
Statistics
  - conflicts: 1
  - branches : 267
  - wall time: 0.23857201700000003s