
Problem
         task_0   task_1   task_2   task_3   task_4  task_5   task_6   task_7   task_8   task_9  task_10  task_11 task_12  task_13
job_0    (2, 8)   (2, 5)   (4, 8)   (4, 6)  (7, 10)  (2, 7)   (1, 6)  (5, 10)   (7, 9)   (1, 1)   (8, 2)   (7, 1)  (7, 9)   (1, 6)
job_1    (3, 7)  (5, 10)   (6, 4)  (6, 10)   (1, 5)  (0, 9)   (3, 1)   (0, 2)   (0, 5)  (8, 10)   (1, 5)   (1, 2)  (5, 6)  (1, 10)
job_2    (2, 9)   (7, 5)   (3, 5)   (0, 2)  (6, 10)  (5, 1)   (1, 9)   (0, 2)   (5, 5)   (4, 4)   (7, 2)   (3, 3)  (0, 6)   (6, 7)
job_3    (1, 3)  (8, 10)  (6, 10)   (3, 9)   (5, 9)  (5, 2)   (6, 2)  (7, 10)   (0, 1)   (3, 3)   (7, 1)   (0, 8)  (4, 7)   (0, 8)
job_4   (7, 10)   (4, 2)   (6, 3)   (7, 7)   (3, 4)  (2, 2)   (7, 5)   (2, 8)   (8, 2)   (3, 3)   (5, 7)   (7, 3)  (3, 8)   (1, 3)
job_5   (1, 10)   (1, 9)   (7, 8)   (3, 2)   (8, 2)  (0, 4)   (2, 4)   (0, 9)   (0, 5)   (7, 6)   (7, 1)   (0, 8)  (2, 7)   (6, 6)
job_6    (4, 5)   (4, 9)   (7, 4)  (4, 10)   (4, 2)  (8, 6)   (4, 8)   (0, 8)   (4, 4)   (2, 1)   (2, 1)   (3, 4)  (3, 9)   (2, 8)
job_7    (7, 2)  (8, 10)   (7, 1)   (5, 8)   (3, 9)  (4, 4)  (8, 10)   (3, 5)   (1, 8)   (3, 7)   (7, 2)   (0, 8)  (3, 4)  (6, 10)
job_8    (7, 2)   (6, 3)   (1, 5)  (7, 10)   (3, 1)  (6, 6)   (7, 7)   (6, 1)   (7, 6)   (7, 8)   (0, 8)   (3, 2)  (5, 3)   (0, 9)
job_9    (6, 6)   (8, 6)   (6, 5)   (4, 4)   (5, 4)  (4, 8)   (4, 1)   (6, 5)  (8, 10)   (3, 8)   (8, 1)   (4, 6)  (5, 1)   (8, 2)
job_10   (7, 5)   (1, 6)   (4, 2)   (3, 3)   (1, 3)  (7, 4)   (1, 5)   (6, 1)   (4, 4)   (4, 6)   (0, 7)   (8, 8)  (2, 9)   (5, 1)
job_11   (1, 7)   (0, 2)   (3, 1)   (5, 2)   (1, 1)  (4, 6)   (8, 8)   (0, 5)   (8, 3)   (0, 8)   (5, 8)   (6, 1)  (0, 3)   (1, 1)
job_12   (6, 6)   (1, 6)   (5, 1)   (4, 5)   (4, 9)  (8, 2)   (4, 9)   (5, 7)   (0, 1)   (6, 2)   (0, 4)   (6, 1)  (5, 8)   (7, 9)
job_13   (7, 8)   (5, 5)   (6, 9)   (1, 5)   (4, 5)  (4, 4)   (1, 1)   (2, 9)  (0, 10)  (8, 10)   (2, 4)   (0, 5)  (0, 4)   (4, 3)
job_14  (5, 10)   (6, 9)   (3, 6)   (8, 1)   (8, 7)  (8, 6)   (5, 6)   (5, 6)   (3, 4)   (6, 4)   (6, 9)  (0, 10)  (5, 4)   (4, 5)
job_15   (3, 9)   (5, 7)  (8, 10)   (1, 8)   (6, 2)  (2, 5)   (3, 7)   (3, 5)   (0, 6)   (8, 6)   (8, 4)   (6, 1)  (5, 1)   (4, 5)
job_16   (8, 6)   (7, 3)   (2, 8)  (6, 10)   (5, 8)  (0, 7)   (7, 4)   (7, 1)   (8, 6)   (6, 1)  (7, 10)   (5, 2)  (8, 3)   (1, 3)


Solution:
Machine 0: job_11_task_1  job_11_task_7  job_2_task_3   job_11_task_9  job_1_task_5   job_11_task_12 job_1_task_7   job_1_task_8   job_5_task_5   job_6_task_7   job_5_task_7   job_5_task_8   job_13_task_8  job_2_task_7   job_5_task_11  job_16_task_5  job_14_task_11 job_13_task_11 job_13_task_12 job_8_task_10  job_10_task_10 job_12_task_8  job_15_task_8  job_12_task_10 job_3_task_8   job_2_task_12  job_3_task_11  job_7_task_11  job_8_task_13  job_3_task_13  
           [7,9]          [27,32]        [33,35]        [35,43]        [43,52]        [52,55]        [55,57]        [57,62]        [62,66]        [66,74]        [74,83]        [83,88]        [88,98]        [98,100]       [100,108]      [108,115]      [115,125]      [125,130]      [130,134]      [134,142]      [142,149]      [149,150]      [150,156]      [156,160]      [160,161]      [161,167]      [167,175]      [175,183]      [183,192]      [192,200]      
Machine 1: job_11_task_0  job_3_task_0   job_11_task_4  job_5_task_0   job_8_task_2   job_12_task_1  job_1_task_4   job_5_task_1   job_10_task_1  job_13_task_3  job_11_task_13 job_10_task_4  job_2_task_6   job_13_task_6  job_0_task_6   job_10_task_6  job_15_task_3  job_0_task_9   job_1_task_10  job_1_task_11  job_7_task_8   job_1_task_13  job_0_task_13  job_16_task_13 job_4_task_13  
           [0,7]          [7,10]         [12,13]        [13,23]        [23,28]        [28,34]        [36,41]        [41,50]        [50,56]        [56,61]        [61,62]        [64,67]        [67,76]        [76,77]        [77,83]        [83,88]        [101,109]      [133,134]      [140,145]      [145,147]      [158,166]      [166,176]      [176,182]      [193,196]      [196,199]      
Machine 2: job_0_task_0   job_0_task_1   job_2_task_0   job_16_task_2  job_5_task_6   job_0_task_5   job_13_task_7  job_4_task_5   job_4_task_7   job_5_task_12  job_13_task_10 job_15_task_5  job_6_task_9   job_6_task_10  job_10_task_12 job_6_task_13  
           [0,8]          [8,13]         [14,23]        [23,31]        [66,70]        [70,77]        [77,86]        [86,88]        [99,107]       [108,115]      [115,119]      [120,125]      [130,131]      [131,132]      [180,189]      [189,197]      
Machine 3: job_1_task_0   job_11_task_2  job_15_task_0  job_14_task_2  job_2_task_2   job_8_task_4   job_1_task_6   job_5_task_3   job_10_task_3  job_4_task_4   job_14_task_8  job_3_task_3   job_4_task_9   job_7_task_4   job_9_task_9   job_15_task_6  job_15_task_7  job_2_task_11  job_7_task_7   job_6_task_11  job_3_task_9   job_7_task_9   job_8_task_11  job_6_task_12  job_7_task_12  job_4_task_12  
           [0,7]          [9,10]         [10,19]        [22,28]        [28,33]        [47,48]        [52,53]        [58,60]        [61,64]        [80,84]        [84,88]        [91,100]       [117,120]      [120,129]      [130,138]      [138,145]      [145,150]      [150,153]      [153,158]      [158,162]      [162,165]      [166,173]      [173,175]      [175,184]      [184,188]      [188,196]      
Machine 4: job_6_task_0   job_11_task_5  job_6_task_1   job_0_task_2   job_4_task_1   job_6_task_3   job_6_task_4   job_0_task_3   job_10_task_2  job_6_task_6   job_13_task_4  job_13_task_5  job_12_task_3  job_12_task_4  job_9_task_3   job_12_task_6  job_9_task_5   job_9_task_6   job_10_task_8  job_10_task_9  job_6_task_8   job_7_task_5   job_13_task_13 job_2_task_9   job_9_task_11  job_14_task_13 job_3_task_12  job_15_task_13 
           [0,5]          [13,19]        [19,28]        [28,36]        [36,38]        [38,48]        [48,50]        [50,56]        [56,58]        [58,66]        [66,71]        [71,75]        [75,80]        [80,89]        [89,93]        [93,102]       [102,110]      [110,111]      [111,115]      [115,121]      [126,130]      [130,134]      [134,137]      [137,141]      [141,147]      [148,153]      [175,182]      [182,187]      
Machine 5: job_14_task_0  job_11_task_3  job_1_task_1   job_13_task_1  job_15_task_1  job_12_task_2  job_11_task_10 job_14_task_6  job_2_task_5   job_14_task_7  job_0_task_7   job_9_task_4   job_16_task_4  job_12_task_7  job_7_task_3   job_3_task_4   job_3_task_5   job_2_task_8   job_4_task_10  job_14_task_12 job_1_task_12  job_15_task_12 job_8_task_12  job_12_task_12 job_16_task_11 job_9_task_12  job_10_task_13 
           [0,10]         [10,12]        [12,22]        [22,27]        [27,34]        [34,35]        [43,51]        [51,57]        [62,63]        [72,78]        [83,93]        [93,97]        [97,105]       [105,112]      [112,120]      [120,129]      [129,131]      [132,137]      [137,144]      [144,148]      [148,154]      [176,177]      [177,180]      [180,188]      [188,190]      [190,191]      [191,192]      
Machine 6: job_12_task_0  job_14_task_1  job_8_task_1   job_1_task_2   job_1_task_3   job_13_task_2  job_9_task_0   job_11_task_11 job_2_task_4   job_4_task_2   job_16_task_3  job_9_task_2   job_3_task_2   job_10_task_7  job_8_task_5   job_14_task_9  job_14_task_10 job_9_task_7   job_8_task_7   job_15_task_4  job_5_task_13  job_3_task_6   job_12_task_9  job_15_task_11 job_12_task_11 job_2_task_13  job_16_task_9  job_7_task_13  
           [0,6]          [10,19]        [19,22]        [22,26]        [26,36]        [36,45]        [45,51]        [51,52]        [52,62]        [62,65]        [66,76]        [76,81]        [81,91]        [91,92]        [92,98]        [98,102]       [102,111]      [111,116]      [117,118]      [118,120]      [120,126]      [131,133]      [150,152]      [167,168]      [168,169]      [169,176]      [176,177]      [188,198]      
Machine 7: job_13_task_0  job_8_task_0   job_4_task_0   job_16_task_1  job_2_task_1   job_10_task_0  job_6_task_2   job_8_task_3   job_7_task_0   job_5_task_2   job_0_task_4   job_4_task_3   job_10_task_5  job_4_task_6   job_5_task_9   job_5_task_10  job_7_task_2   job_0_task_8   job_8_task_6   job_8_task_8   job_8_task_9   job_16_task_6  job_3_task_7   job_16_task_7  job_2_task_10  job_0_task_11  job_0_task_12  job_4_task_11  job_3_task_10  job_7_task_10  job_16_task_10 job_12_task_13 
           [0,8]          [8,10]         [10,20]        [20,23]        [23,28]        [28,33]        [33,37]        [37,47]        [47,49]        [50,58]        [58,68]        [69,76]        [76,80]        [88,93]        [93,99]        [99,100]       [100,101]      [101,110]      [110,117]      [118,124]      [124,132]      [132,136]      [136,146]      [146,147]      [147,149]      [149,150]      [150,159]      [159,162]      [165,166]      [173,175]      [177,187]      [188,197]      
Machine 8: job_16_task_0  job_11_task_6  job_11_task_8  job_14_task_3  job_14_task_4  job_14_task_5  job_6_task_5   job_5_task_4   job_9_task_1   job_3_task_1   job_7_task_1   job_12_task_5  job_15_task_2  job_13_task_9  job_4_task_8   job_9_task_8   job_1_task_9   job_9_task_10  job_0_task_10  job_7_task_6   job_15_task_9  job_15_task_10 job_16_task_8  job_10_task_11 job_16_task_12 job_9_task_13  
           [1,7]          [19,27]        [32,35]        [35,36]        [36,43]        [43,49]        [50,56]        [60,62]        [62,68]        [68,78]        [78,88]        [89,91]        [91,101]       [101,111]      [111,113]      [120,130]      [130,140]      [140,141]      [141,143]      [143,153]      [156,162]      [162,166]      [166,172]      [172,180]      [190,193]      [193,195]      
Optimal Schedule Length: 200.0
Total (Unoptimized Schedule Length): 1287
Statistics
  - conflicts: 0
  - branches : 0
  - wall time: 0.153231102s