
Problem
         task_0   task_1   task_2  task_3   task_4  task_5   task_6   task_7   task_8   task_9
job_0    (1, 7)  (0, 10)   (2, 8)  (1, 8)   (1, 6)  (0, 6)   (0, 7)   (2, 2)   (1, 9)   (0, 1)
job_1    (2, 4)   (1, 8)   (2, 9)  (2, 7)  (0, 10)  (2, 2)   (1, 5)   (1, 4)   (0, 4)  (1, 10)
job_2    (0, 2)   (0, 6)  (2, 10)  (2, 5)   (1, 1)  (0, 8)   (1, 6)   (0, 6)   (0, 9)   (2, 9)
job_3   (0, 10)   (2, 7)   (0, 7)  (2, 8)   (1, 1)  (1, 5)   (0, 6)   (1, 5)  (2, 10)   (2, 7)
job_4   (0, 10)   (0, 1)   (0, 9)  (0, 7)   (0, 3)  (1, 2)   (2, 3)   (0, 6)   (2, 8)   (1, 4)
job_5    (0, 6)   (1, 2)   (0, 4)  (2, 3)   (2, 1)  (2, 5)   (0, 1)   (0, 7)   (2, 8)   (0, 6)
job_6    (0, 2)   (0, 4)   (0, 5)  (1, 5)   (2, 4)  (0, 3)   (0, 9)   (2, 3)   (2, 3)   (1, 4)
job_7    (1, 3)   (2, 4)   (2, 2)  (1, 8)  (1, 10)  (0, 5)   (0, 1)   (2, 8)   (0, 1)   (0, 2)
job_8    (0, 6)   (1, 2)   (2, 5)  (2, 1)   (1, 8)  (0, 2)   (2, 6)   (2, 2)   (0, 3)  (1, 10)
job_9    (2, 7)   (0, 1)   (0, 3)  (1, 6)   (1, 1)  (0, 6)   (0, 1)   (0, 6)   (0, 1)   (1, 6)
job_10   (2, 1)   (0, 5)   (2, 5)  (1, 5)   (1, 3)  (2, 9)   (2, 7)  (1, 10)   (0, 2)   (2, 7)
job_11   (0, 7)  (0, 10)   (0, 8)  (2, 3)   (2, 5)  (0, 5)   (0, 4)  (1, 10)   (2, 9)   (2, 8)
job_12   (0, 4)   (2, 6)   (2, 3)  (2, 3)  (0, 10)  (2, 3)  (0, 10)   (2, 5)   (1, 2)   (2, 7)
job_13   (1, 7)   (0, 6)   (0, 7)  (2, 1)  (0, 10)  (1, 8)   (2, 7)   (2, 8)   (1, 1)   (2, 7)
job_14   (2, 1)   (2, 6)   (1, 3)  (2, 1)   (0, 5)  (2, 4)  (1, 10)   (2, 1)   (0, 2)   (2, 6)
job_15   (0, 9)   (1, 7)   (0, 2)  (2, 6)   (0, 6)  (1, 3)   (0, 7)  (1, 10)   (2, 1)   (1, 2)
job_16   (0, 5)   (0, 9)   (0, 9)  (2, 5)   (0, 1)  (2, 2)   (2, 3)  (2, 10)   (2, 2)  (2, 10)
job_17   (1, 6)   (2, 6)   (0, 6)  (0, 4)   (1, 5)  (1, 9)   (1, 8)   (2, 3)   (1, 7)   (1, 4)
job_18   (2, 6)   (2, 5)   (0, 3)  (0, 1)   (0, 9)  (0, 8)   (1, 9)   (0, 1)   (1, 4)   (2, 3)
job_19   (1, 8)   (1, 6)   (0, 1)  (0, 8)   (1, 2)  (0, 9)   (2, 6)   (0, 4)   (0, 2)  (2, 10)


Solution:
Machine 0: job_11_task_0  job_3_task_0   job_2_task_0   job_11_task_1  job_2_task_1   job_0_task_1   job_16_task_0  job_13_task_1  job_12_task_0  job_10_task_1  job_15_task_0  job_4_task_0   job_11_task_2  job_16_task_1  job_13_task_2  job_3_task_2   job_17_task_2  job_8_task_0   job_4_task_1   job_5_task_0   job_19_task_2  job_6_task_0   job_16_task_2  job_4_task_2   job_19_task_3  job_13_task_4  job_17_task_3  job_6_task_1   job_18_task_2  job_2_task_5   job_15_task_2  job_12_task_4  job_11_task_5  job_6_task_2   job_18_task_3  job_5_task_2   job_1_task_4   job_18_task_4  job_4_task_3   job_9_task_1   job_16_task_4  job_11_task_6  job_19_task_5  job_9_task_2   job_15_task_4  job_14_task_4  job_3_task_6   job_4_task_4   job_0_task_5   job_18_task_5  job_2_task_7   job_12_task_6  job_8_task_5   job_5_task_6   job_6_task_5   job_5_task_7   job_9_task_5   job_15_task_6  job_0_task_6   job_6_task_6   job_4_task_7   job_18_task_7  job_2_task_8   job_7_task_5   job_19_task_7  job_7_task_6   job_9_task_6   job_1_task_8   job_19_task_8  job_8_task_8   job_9_task_7   job_10_task_8  job_14_task_8  job_9_task_8   job_5_task_9   job_7_task_8   job_7_task_9   job_0_task_9   
           [0,7]          [7,17]         [17,19]        [19,29]        [29,35]        [35,45]        [45,50]        [50,56]        [56,60]        [60,65]        [65,74]        [74,84]        [84,92]        [92,101]       [101,108]      [108,115]      [115,121]      [121,127]      [127,128]      [128,134]      [134,135]      [135,137]      [137,146]      [146,155]      [155,163]      [163,173]      [173,177]      [177,181]      [181,184]      [184,192]      [192,194]      [194,204]      [204,209]      [209,214]      [214,215]      [215,219]      [219,229]      [229,238]      [238,245]      [245,246]      [246,247]      [247,251]      [251,260]      [260,263]      [263,269]      [269,274]      [274,280]      [280,283]      [283,289]      [289,297]      [297,303]      [303,313]      [313,315]      [315,316]      [316,319]      [319,326]      [326,332]      [332,339]      [339,346]      [346,355]      [355,361]      [361,362]      [362,371]      [371,376]      [376,380]      [380,381]      [381,382]      [382,386]      [386,388]      [388,391]      [391,397]      [397,399]      [399,401]      [401,402]      [402,408]      [408,409]      [409,411]      [411,412]      
Machine 1: job_0_task_0   job_13_task_0  job_1_task_1   job_17_task_0  job_19_task_0  job_19_task_1  job_7_task_0   job_0_task_3   job_2_task_4   job_0_task_4   job_10_task_3  job_15_task_1  job_10_task_4  job_14_task_2  job_7_task_3   job_7_task_4   job_8_task_1   job_5_task_1   job_3_task_4   job_3_task_5   job_10_task_7  job_8_task_4   job_19_task_4  job_13_task_5  job_17_task_4  job_17_task_5  job_2_task_6   job_17_task_6  job_13_task_8  job_17_task_8  job_6_task_3   job_17_task_9  job_1_task_6   job_1_task_7   job_11_task_7  job_9_task_3   job_15_task_5  job_9_task_4   job_3_task_7   job_4_task_5   job_14_task_6  job_18_task_6  job_12_task_8  job_15_task_7  job_0_task_8   job_6_task_9   job_18_task_8  job_4_task_9   job_15_task_9  job_1_task_9   job_8_task_9   job_9_task_9   
           [0,7]          [7,14]         [14,22]        [22,28]        [28,36]        [36,42]        [42,45]        [57,65]        [65,66]        [66,72]        [73,78]        [78,85]        [85,88]        [96,99]        [114,122]      [122,132]      [132,134]      [134,136]      [136,137]      [137,142]      [142,152]      [152,160]      [163,165]      [173,181]      [181,186]      [186,195]      [195,201]      [201,209]      [209,210]      [212,219]      [219,224]      [224,228]      [234,239]      [239,243]      [251,261]      [263,269]      [269,272]      [272,273]      [280,285]      [285,287]      [287,297]      [297,306]      [328,330]      [339,349]      [352,361]      [361,365]      [365,369]      [369,373]      [373,375]      [386,396]      [396,406]      [406,412]      
Machine 2: job_1_task_0   job_10_task_0  job_18_task_0  job_18_task_1  job_14_task_0  job_3_task_1   job_1_task_2   job_17_task_1  job_2_task_2   job_0_task_2   job_2_task_3   job_12_task_1  job_10_task_2  job_12_task_2  job_1_task_3   job_7_task_1   job_12_task_3  job_14_task_1  job_11_task_3  job_11_task_4  job_9_task_0   job_13_task_3  job_7_task_2   job_10_task_5  job_3_task_3   job_14_task_3  job_10_task_6  job_8_task_2   job_8_task_3   job_16_task_3  job_13_task_6  job_13_task_7  job_15_task_3  job_12_task_5  job_17_task_7  job_13_task_9  job_5_task_3   job_5_task_4   job_5_task_5   job_6_task_4   job_1_task_5   job_16_task_5  job_16_task_6  job_16_task_7  job_19_task_6  job_11_task_8  job_14_task_5  job_16_task_8  job_16_task_9  job_4_task_6   job_3_task_8   job_14_task_7  job_11_task_9  job_8_task_6   job_8_task_7   job_12_task_7  job_5_task_8   job_3_task_9   job_12_task_9  job_0_task_7   job_15_task_8  job_6_task_7   job_6_task_8   job_4_task_8   job_18_task_9  job_2_task_9   job_7_task_7   job_19_task_9  job_10_task_9  job_14_task_9  
           [0,4]          [4,5]          [5,11]         [11,16]        [16,17]        [17,24]        [24,33]        [33,39]        [39,49]        [49,57]        [57,62]        [62,68]        [68,73]        [73,76]        [76,83]        [83,87]        [87,90]        [90,96]        [96,99]        [99,104]       [104,111]      [111,112]      [112,114]      [114,123]      [123,131]      [131,132]      [132,139]      [139,144]      [144,145]      [146,151]      [181,188]      [188,196]      [196,202]      [204,207]      [209,212]      [212,219]      [219,222]      [222,223]      [223,228]      [228,232]      [232,234]      [247,249]      [249,252]      [252,262]      [262,268]      [268,277]      [277,281]      [281,283]      [283,293]      [293,296]      [296,306]      [306,307]      [307,315]      [315,321]      [321,323]      [323,328]      [328,336]      [336,343]      [343,350]      [350,352]      [352,353]      [355,358]      [358,361]      [361,369]      [369,372]      [372,381]      [381,389]      [389,399]      [399,406]      [406,412]      
Optimal Schedule Length: 412.0
Total (Unoptimized Schedule Length): 1069
Statistics
  - conflicts: 0
  - branches : 42
  - wall time: 0.172315991s