
Problem
         task_0   task_1   task_2   task_3   task_4   task_5   task_6    task_7   task_8    task_9   task_10  task_11  task_12  task_13  task_14 task_15  task_16
job_0    (7, 5)  (0, 10)   (2, 6)   (9, 5)   (9, 1)   (0, 2)   (9, 6)  (10, 10)   (1, 6)    (6, 3)    (8, 1)   (9, 7)   (3, 4)   (1, 7)  (1, 10)  (0, 6)  (0, 10)
job_1    (1, 1)   (4, 3)   (6, 1)   (2, 5)   (2, 3)   (8, 2)   (1, 5)    (1, 8)   (3, 6)    (8, 7)    (9, 4)   (3, 6)   (3, 3)  (10, 6)   (1, 1)  (4, 7)   (7, 7)
job_2    (3, 7)   (1, 9)   (7, 7)   (4, 4)   (3, 6)   (8, 5)   (6, 8)    (3, 5)  (0, 10)   (8, 10)   (10, 3)  (10, 1)   (3, 1)  (8, 10)  (6, 10)  (3, 3)   (4, 4)
job_3    (0, 6)   (4, 7)   (5, 4)   (0, 7)   (7, 2)   (8, 4)   (6, 5)    (5, 5)  (10, 6)    (5, 6)   (10, 9)  (10, 7)   (8, 3)   (1, 2)   (0, 4)  (2, 8)  (10, 9)
job_4    (8, 5)   (1, 3)   (7, 4)   (8, 1)   (5, 5)   (1, 9)   (7, 2)    (8, 4)   (9, 1)  (10, 10)    (5, 9)  (10, 5)  (10, 5)   (5, 3)   (6, 3)  (1, 1)   (8, 3)
job_5   (10, 1)   (7, 9)   (0, 7)   (9, 9)   (1, 7)   (6, 2)   (8, 5)    (0, 1)   (6, 3)    (6, 2)   (7, 10)   (6, 9)   (0, 9)  (10, 9)   (0, 7)  (8, 3)   (8, 5)
job_6    (4, 2)   (8, 1)   (2, 2)   (3, 2)   (9, 3)   (6, 5)   (3, 2)   (10, 2)   (4, 1)    (3, 8)   (10, 5)   (0, 5)  (8, 10)   (2, 2)   (4, 8)  (3, 1)   (4, 1)
job_7    (2, 2)   (3, 4)   (9, 2)   (4, 5)   (8, 9)  (6, 10)   (0, 4)    (0, 3)  (10, 5)    (9, 7)    (1, 5)   (5, 1)   (2, 5)   (5, 4)   (7, 5)  (3, 6)   (3, 5)
job_8    (6, 1)   (9, 7)  (10, 5)  (5, 10)   (3, 5)   (2, 7)   (8, 7)   (0, 10)   (9, 1)    (4, 1)    (4, 7)   (1, 7)   (6, 2)   (6, 8)   (8, 6)  (4, 1)   (4, 8)
job_9   (8, 10)   (3, 6)   (3, 5)   (8, 3)   (7, 4)   (8, 3)   (8, 2)    (3, 9)   (5, 2)    (1, 3)    (9, 5)   (3, 9)   (9, 2)   (8, 4)   (4, 8)  (6, 8)   (6, 2)
job_10   (2, 8)   (1, 6)   (3, 8)   (9, 8)   (5, 8)   (3, 4)   (8, 8)    (2, 6)   (3, 9)    (6, 3)    (5, 4)   (2, 7)   (7, 6)   (5, 2)   (8, 9)  (0, 4)   (4, 6)
job_11   (0, 3)   (8, 6)   (8, 4)   (4, 4)   (4, 8)  (3, 10)   (8, 5)    (4, 3)   (0, 9)    (2, 9)    (0, 3)   (2, 5)   (1, 8)   (0, 1)   (5, 9)  (0, 1)  (0, 10)
job_12   (4, 2)   (9, 9)   (7, 7)   (1, 5)   (7, 8)   (5, 7)   (5, 4)    (8, 2)  (10, 4)   (10, 7)   (10, 8)   (7, 2)   (1, 6)   (9, 6)   (9, 7)  (8, 9)   (5, 7)
job_13   (1, 3)   (9, 8)  (4, 10)   (2, 9)  (3, 10)   (8, 6)   (4, 7)    (3, 7)  (1, 10)    (5, 5)    (5, 7)  (10, 4)   (2, 7)  (1, 10)  (9, 10)  (0, 3)   (1, 2)
job_14  (10, 9)  (10, 6)   (3, 3)   (9, 8)   (4, 3)   (1, 6)  (9, 10)    (7, 2)   (4, 7)   (0, 10)  (10, 10)   (9, 5)   (5, 6)  (10, 6)   (5, 5)  (6, 3)   (9, 8)
job_15   (3, 6)   (4, 3)   (5, 5)   (8, 3)   (3, 4)   (3, 1)  (10, 5)    (8, 3)   (2, 5)    (8, 4)    (6, 9)   (0, 9)  (9, 10)   (5, 9)  (0, 10)  (6, 7)   (6, 1)
job_16  (10, 2)   (6, 5)   (9, 4)   (1, 2)   (6, 3)  (5, 10)   (7, 1)    (8, 9)   (2, 1)   (10, 5)    (6, 9)   (8, 1)   (8, 8)  (10, 5)   (9, 1)  (8, 1)  (5, 10)


Solution:
Machine 0: job_3_task_0   job_11_task_0  job_3_task_3   job_0_task_1   job_0_task_5   job_7_task_6   job_5_task_2   job_7_task_7   job_2_task_8   job_5_task_7   job_11_task_8  job_8_task_7   job_11_task_10 job_5_task_12  job_6_task_11  job_11_task_13 job_14_task_9  job_5_task_14  job_15_task_11 job_11_task_15 job_11_task_16 job_0_task_15  job_3_task_14  job_15_task_14 job_10_task_15 job_13_task_15 job_0_task_16  
           [0,6]          [6,9]          [17,24]        [24,34]        [46,48]        [49,53]        [53,60]        [60,63]        [70,80]        [84,85]        [85,94]        [97,107]       [108,111]      [111,120]      [121,126]      [126,127]      [127,137]      [137,144]      [144,153]      [153,154]      [154,164]      [164,170]      [170,174]      [174,184]      [184,188]      [188,191]      [191,201]      
Machine 1: job_13_task_0  job_1_task_0   job_10_task_1  job_2_task_1   job_16_task_3  job_4_task_1   job_12_task_3  job_1_task_6   job_4_task_5   job_0_task_8   job_5_task_4   job_1_task_7   job_7_task_10  job_9_task_9   job_14_task_5  job_13_task_8  job_11_task_12 job_8_task_11  job_12_task_12 job_0_task_13  job_0_task_14  job_13_task_13 job_3_task_13  job_1_task_14  job_13_task_16 job_4_task_15  
           [0,3]          [3,4]          [10,16]        [16,25]        [28,30]        [30,33]        [44,49]        [50,55]        [55,64]        [64,70]        [70,77]        [77,85]        [88,93]        [97,100]       [102,108]      [108,118]      [118,126]      [126,133]      [133,139]      [139,146]      [146,156]      [156,166]      [168,170]      [181,182]      [191,193]      [197,198]      
Machine 2: job_7_task_0   job_10_task_0  job_6_task_2   job_13_task_3  job_0_task_2   job_1_task_3   job_1_task_4   job_16_task_8  job_8_task_5   job_7_task_12  job_11_task_9  job_11_task_11 job_15_task_8  job_10_task_7  job_13_task_12 job_6_task_13  job_10_task_11 job_3_task_15  
           [0,2]          [2,10]         [21,23]        [23,32]        [34,40]        [40,45]        [45,48]        [68,69]        [75,82]        [94,99]        [99,108]       [111,116]      [119,124]      [127,133]      [134,141]      [152,154]      [158,165]      [174,182]      
Machine 3: job_15_task_0  job_2_task_0   job_14_task_2  job_7_task_1   job_9_task_1   job_6_task_3   job_9_task_2   job_2_task_4   job_13_task_4  job_6_task_6   job_11_task_5  job_2_task_7   job_8_task_4   job_10_task_2  job_9_task_7   job_13_task_7  job_15_task_4  job_15_task_5  job_6_task_9   job_10_task_5  job_1_task_8   job_9_task_11  job_0_task_12  job_10_task_8  job_1_task_11  job_2_task_12  job_1_task_12  job_7_task_15  job_7_task_16  job_6_task_15  job_2_task_15  
           [0,6]          [6,13]         [15,18]        [18,22]        [22,28]        [28,30]        [30,35]        [37,43]        [43,53]        [53,55]        [55,65]        [65,70]        [70,75]        [75,83]        [86,95]        [95,102]       [102,106]      [106,107]      [107,115]      [115,119]      [119,125]      [125,134]      [134,138]      [138,147]      [147,153]      [153,154]      [154,157]      [157,163]      [163,168]      [168,169]      [178,181]      
Machine 4: job_12_task_0  job_6_task_0   job_3_task_1   job_13_task_2  job_7_task_3   job_1_task_1   job_2_task_3   job_15_task_1  job_11_task_3  job_11_task_4  job_13_task_6  job_6_task_8   job_11_task_7  job_14_task_4  job_8_task_9   job_8_task_10  job_14_task_8  job_9_task_14  job_6_task_14  job_6_task_16  job_8_task_15  job_8_task_16  job_1_task_15  job_10_task_16 job_2_task_16  
           [0,2]          [2,4]          [6,13]         [13,23]        [24,29]        [29,32]        [33,37]        [37,40]        [40,44]        [44,52]        [59,66]        [66,67]        [73,76]        [99,102]       [108,109]      [109,116]      [120,127]      [142,150]      [154,162]      [169,170]      [174,175]      [175,183]      [183,190]      [190,196]      [196,200]      
Machine 5: job_3_task_2   job_16_task_5  job_15_task_2  job_4_task_4   job_8_task_3   job_12_task_5  job_12_task_6  job_3_task_7   job_7_task_11  job_9_task_8   job_7_task_13  job_10_task_4  job_13_task_9  job_13_task_10 job_11_task_14 job_3_task_9   job_4_task_10  job_10_task_10 job_14_task_12 job_15_task_13 job_10_task_13 job_14_task_14 job_16_task_16 job_4_task_13  job_12_task_16 
           [13,17]        [33,43]        [43,48]        [48,53]        [53,63]        [63,70]        [70,74]        [74,79]        [93,94]        [95,97]        [99,103]       [107,115]      [118,123]      [123,130]      [130,139]      [139,145]      [145,154]      [154,158]      [158,164]      [164,173]      [173,175]      [175,180]      [180,190]      [191,194]      [194,201]      
Machine 6: job_8_task_0   job_16_task_1  job_16_task_4  job_6_task_5   job_1_task_2   job_7_task_5   job_2_task_6   job_3_task_6   job_0_task_9   job_5_task_5   job_5_task_8   job_5_task_9   job_16_task_10 job_5_task_11  job_15_task_10 job_8_task_12  job_10_task_9  job_9_task_15  job_9_task_16  job_8_task_13  job_2_task_14  job_14_task_15 job_15_task_15 job_15_task_16 job_4_task_14  
           [0,1]          [17,22]        [30,33]        [33,38]        [38,39]        [39,49]        [49,57]        [57,62]        [70,73]        [77,79]        [85,88]        [88,90]        [90,99]        [100,109]      [131,140]      [140,142]      [147,150]      [150,158]      [158,160]      [160,168]      [168,178]      [180,183]      [184,191]      [191,192]      [194,197]      
Machine 7: job_0_task_0   job_3_task_4   job_2_task_2   job_4_task_2   job_12_task_2  job_5_task_1   job_16_task_6  job_12_task_4  job_4_task_6   job_9_task_4   job_5_task_10  job_12_task_11 job_7_task_14  job_14_task_7  job_10_task_12 job_1_task_16  
           [0,5]          [24,26]        [26,33]        [33,37]        [37,44]        [44,53]        [53,54]        [54,62]        [64,66]        [66,70]        [90,100]       [100,102]      [103,108]      [118,120]      [165,171]      [190,197]      
Machine 8: job_9_task_0   job_11_task_1  job_11_task_2  job_6_task_1   job_4_task_0   job_3_task_5   job_7_task_4   job_4_task_3   job_9_task_3   job_2_task_5   job_1_task_5   job_15_task_3  job_13_task_5  job_16_task_7  job_11_task_6  job_0_task_10  job_12_task_7  job_9_task_5   job_5_task_6   job_9_task_6   job_4_task_7   job_8_task_6   job_2_task_9   job_16_task_11 job_16_task_12 job_15_task_7  job_10_task_6  job_15_task_9  job_1_task_9   job_9_task_13  job_6_task_12  job_5_task_15  job_2_task_13  job_3_task_12  job_8_task_14  job_16_task_15 job_10_task_14 job_12_task_15 job_5_task_16  job_4_task_16  
           [0,10]         [10,16]        [16,20]        [20,21]        [21,26]        [26,30]        [30,39]        [39,40]        [40,43]        [43,48]        [48,50]        [50,53]        [53,59]        [59,68]        [68,73]        [73,74]        [74,76]        [76,79]        [79,84]        [84,86]        [86,90]        [90,97]        [97,107]       [107,108]      [108,116]      [116,119]      [119,127]      [127,131]      [131,138]      [138,142]      [142,152]      [152,155]      [155,165]      [165,168]      [168,174]      [174,175]      [175,184]      [184,193]      [193,198]      [198,201]      
Machine 9: job_13_task_1  job_12_task_1  job_7_task_2   job_16_task_2  job_6_task_4   job_8_task_1   job_0_task_3   job_0_task_4   job_0_task_6   job_5_task_3   job_0_task_11  job_7_task_9   job_4_task_8   job_14_task_3  job_10_task_3  job_8_task_8   job_14_task_6  job_9_task_10  job_9_task_12  job_1_task_10  job_12_task_13 job_14_task_11 job_15_task_12 job_12_task_14 job_16_task_14 job_13_task_14 job_14_task_16 
           [3,11]         [11,20]        [22,24]        [24,28]        [30,33]        [33,40]        [40,45]        [45,46]        [48,54]        [60,69]        [74,81]        [81,88]        [90,91]        [91,99]        [99,107]       [107,108]      [108,118]      [118,123]      [134,136]      [138,142]      [142,148]      [148,153]      [153,163]      [163,170]      [170,171]      [171,181]      [183,191]      
Machine 10: job_14_task_0  job_14_task_1  job_16_task_0  job_5_task_0   job_8_task_2   job_0_task_7   job_6_task_7   job_7_task_8   job_16_task_9  job_12_task_8  job_12_task_9  job_12_task_10 job_4_task_9   job_3_task_8   job_15_task_6  job_6_task_10  job_5_task_13  job_13_task_11 job_2_task_10  job_14_task_10 job_2_task_11  job_3_task_10  job_3_task_11  job_16_task_13 job_14_task_13 job_1_task_13  job_4_task_11  job_4_task_12  job_3_task_16  
           [0,9]          [9,15]         [15,17]        [17,18]        [40,45]        [54,64]        [64,66]        [66,71]        [71,76]        [76,80]        [80,87]        [87,95]        [95,105]       [105,111]      [111,116]      [116,121]      [121,130]      [130,134]      [134,137]      [137,147]      [147,148]      [148,157]      [157,164]      [164,169]      [169,175]      [175,181]      [181,186]      [186,191]      [191,200]      
Optimal Schedule Length: 201.0
Total (Unoptimized Schedule Length): 1562
Statistics
  - conflicts: 0
  - branches : 34
  - wall time: 0.325980137s