
Problem
        task_0   task_1   task_2   task_3   task_4   task_5   task_6   task_7   task_8
job_0   (0, 9)   (0, 5)   (2, 4)   (1, 6)   (3, 3)   (2, 8)   (2, 1)   (2, 5)   (2, 2)
job_1   (1, 7)   (1, 5)   (1, 1)   (1, 7)   (1, 2)   (1, 5)  (3, 10)   (1, 4)   (1, 4)
job_2   (3, 1)   (3, 7)   (2, 3)   (3, 9)   (1, 4)   (0, 5)   (2, 7)   (0, 1)   (3, 3)
job_3   (3, 9)  (1, 10)   (3, 3)   (2, 2)   (1, 9)   (2, 3)   (3, 1)   (2, 4)   (3, 3)
job_4   (1, 5)   (1, 2)   (0, 3)   (0, 7)   (3, 3)  (1, 10)   (2, 4)   (1, 3)   (2, 1)
job_5   (0, 5)   (1, 7)   (3, 7)   (2, 7)   (3, 6)   (2, 8)   (3, 7)   (1, 5)   (3, 7)
job_6   (2, 7)   (3, 6)  (1, 10)   (3, 8)  (0, 10)   (3, 6)   (2, 2)   (1, 2)   (1, 4)
job_7   (2, 6)   (1, 7)   (3, 6)   (2, 5)  (3, 10)   (2, 7)   (2, 3)   (2, 6)   (0, 1)
job_8   (1, 3)   (0, 4)   (2, 3)   (0, 1)   (2, 6)   (0, 7)   (1, 7)   (0, 8)   (0, 7)
job_9   (3, 8)   (1, 4)   (0, 1)   (1, 5)   (3, 9)   (3, 2)   (0, 5)   (3, 3)   (3, 2)
job_10  (0, 4)   (2, 6)   (2, 2)   (3, 2)  (2, 10)   (1, 9)   (2, 3)   (0, 9)   (0, 7)
job_11  (1, 9)   (0, 6)  (1, 10)   (0, 9)  (0, 10)   (0, 4)   (0, 4)   (0, 6)   (2, 2)
job_12  (3, 8)   (0, 7)   (1, 6)   (0, 9)   (1, 8)   (2, 7)   (1, 6)   (0, 3)   (1, 2)
job_13  (3, 6)   (0, 4)   (0, 5)   (1, 6)   (1, 6)   (2, 6)   (1, 9)   (2, 9)  (3, 10)
job_14  (2, 1)   (1, 2)   (3, 8)   (3, 5)   (2, 5)   (1, 4)  (1, 10)   (0, 5)   (3, 6)
job_15  (2, 3)   (0, 2)   (3, 1)   (2, 8)   (2, 3)   (3, 2)   (3, 6)   (1, 5)   (2, 5)
job_16  (0, 6)   (3, 3)   (1, 8)   (3, 5)   (2, 7)   (1, 9)   (3, 9)   (3, 9)  (0, 10)
job_17  (0, 8)   (1, 4)   (2, 8)  (3, 10)   (1, 7)   (0, 7)   (3, 2)  (3, 10)   (3, 5)
job_18  (0, 5)   (1, 7)   (1, 4)   (0, 3)   (1, 4)   (3, 5)   (2, 2)   (0, 5)   (3, 8)
job_19  (3, 7)   (0, 5)   (1, 9)   (2, 2)   (0, 4)   (1, 1)   (0, 1)   (3, 8)   (1, 2)


Solution:
Machine 0: job_16_task_0  job_17_task_0  job_5_task_0   job_13_task_1  job_10_task_0  job_13_task_2  job_11_task_1  job_12_task_1  job_8_task_1   job_18_task_0  job_0_task_0   job_8_task_3   job_11_task_3  job_0_task_1   job_15_task_1  job_12_task_3  job_19_task_1  job_8_task_5   job_11_task_4  job_11_task_5  job_6_task_4   job_4_task_2   job_4_task_3   job_18_task_3  job_11_task_6  job_9_task_2   job_11_task_7  job_17_task_5  job_7_task_8   job_10_task_7  job_16_task_8  job_19_task_4  job_10_task_8  job_9_task_6   job_18_task_7  job_8_task_7   job_14_task_7  job_2_task_5   job_8_task_8   job_2_task_7   job_19_task_6  job_12_task_7  
           [0,6]          [6,14]         [14,19]        [19,23]        [23,27]        [27,32]        [32,38]        [38,45]        [45,49]        [49,54]        [54,63]        [63,64]        [64,73]        [73,78]        [78,80]        [80,89]        [89,94]        [94,101]       [101,111]      [111,115]      [115,125]      [125,128]      [128,135]      [135,138]      [138,142]      [142,143]      [143,149]      [149,156]      [159,160]      [162,171]      [171,181]      [181,185]      [185,192]      [203,208]      [211,216]      [216,224]      [224,229]      [229,234]      [234,241]      [241,242]      [248,249]      [259,262]      
Machine 1: job_11_task_0  job_16_task_2  job_17_task_1  job_5_task_1   job_8_task_0   job_14_task_1  job_13_task_3  job_1_task_0   job_7_task_1   job_11_task_2  job_6_task_2   job_12_task_2  job_13_task_4  job_4_task_0   job_1_task_1   job_18_task_1  job_16_task_5  job_3_task_1   job_1_task_2   job_4_task_1   job_1_task_3   job_18_task_2  job_9_task_1   job_17_task_4  job_10_task_5  job_13_task_6  job_19_task_2  job_9_task_3   job_12_task_4  job_1_task_4   job_14_task_5  job_0_task_3   job_18_task_4  job_1_task_5   job_8_task_6   job_14_task_6  job_2_task_4   job_3_task_4   job_4_task_5   job_19_task_5  job_5_task_7   job_12_task_6  job_15_task_7  job_1_task_7   job_6_task_7   job_4_task_7   job_1_task_8   job_6_task_8   job_12_task_8  job_19_task_8  
           [0,9]          [9,17]         [17,21]        [21,28]        [28,31]        [31,33]        [33,39]        [39,46]        [46,53]        [53,63]        [63,73]        [73,79]        [79,85]        [85,90]        [90,95]        [95,102]       [102,111]      [111,121]      [121,122]      [122,124]      [124,131]      [131,135]      [135,139]      [139,146]      [146,155]      [155,164]      [164,173]      [173,178]      [178,186]      [186,188]      [188,192]      [192,198]      [198,202]      [202,207]      [207,214]      [214,224]      [224,228]      [228,237]      [237,247]      [247,248]      [248,253]      [253,259]      [259,264]      [264,268]      [268,270]      [270,273]      [273,277]      [277,281]      [281,283]      [283,285]      
Machine 2: job_6_task_0   job_7_task_0   job_14_task_0  job_15_task_0  job_17_task_2  job_10_task_1  job_16_task_4  job_10_task_2  job_5_task_3   job_8_task_2   job_8_task_4   job_10_task_4  job_2_task_2   job_0_task_2   job_13_task_5  job_7_task_3   job_14_task_4  job_5_task_5   job_15_task_3  job_15_task_4  job_7_task_5   job_3_task_3   job_7_task_6   job_7_task_7   job_10_task_6  job_11_task_8  job_13_task_7  job_19_task_3  job_12_task_5  job_6_task_6   job_0_task_5   job_18_task_6  job_0_task_6   job_0_task_7   job_0_task_8   job_2_task_6   job_3_task_5   job_3_task_7   job_4_task_6   job_15_task_8  job_4_task_8   
           [0,7]          [7,13]         [13,14]        [14,17]        [21,29]        [29,35]        [35,42]        [42,44]        [44,51]        [51,54]        [64,70]        [70,80]        [80,83]        [83,87]        [87,93]        [93,98]        [98,103]       [104,112]      [113,121]      [121,124]      [141,148]      [148,150]      [150,153]      [153,159]      [159,162]      [162,164]      [164,173]      [173,175]      [186,193]      [198,200]      [201,209]      [209,211]      [211,212]      [212,217]      [217,219]      [234,241]      [241,244]      [246,250]      [250,254]      [264,269]      [273,274]      
Machine 3: job_13_task_0  job_16_task_1  job_12_task_0  job_16_task_3  job_6_task_1   job_5_task_2   job_3_task_0   job_14_task_2  job_17_task_3  job_2_task_0   job_10_task_3  job_2_task_1   job_19_task_0  job_9_task_0   job_7_task_2   job_14_task_3  job_5_task_4   job_6_task_3   job_15_task_2  job_2_task_3   job_16_task_6  job_7_task_4   job_3_task_2   job_4_task_4   job_5_task_6   job_16_task_7  job_15_task_5  job_17_task_6  job_15_task_6  job_17_task_7  job_9_task_4   job_6_task_5   job_0_task_4   job_9_task_5   job_18_task_5  job_1_task_6   job_13_task_8  job_18_task_8  job_14_task_8  job_9_task_7   job_3_task_6   job_17_task_8  job_19_task_7  job_5_task_8   job_3_task_8   job_2_task_8   job_9_task_8   
           [0,6]          [6,9]          [9,17]         [17,22]        [22,28]        [28,35]        [35,44]        [44,52]        [52,62]        [62,63]        [63,65]        [65,72]        [72,79]        [79,87]        [87,93]        [93,98]        [98,104]       [104,112]      [112,113]      [113,122]      [122,131]      [131,141]      [141,144]      [144,147]      [147,154]      [154,163]      [163,165]      [165,167]      [167,173]      [173,183]      [183,192]      [192,198]      [198,201]      [201,203]      [203,208]      [208,218]      [218,228]      [228,236]      [236,242]      [242,245]      [245,246]      [246,251]      [251,259]      [259,266]      [266,269]      [269,272]      [272,274]      
Optimal Schedule Length: 285.0
Total (Unoptimized Schedule Length): 979
Statistics
  - conflicts: 0
  - branches : 165
  - wall time: 0.09228212400000001s