
Problem
         task_0   task_1   task_2   task_3   task_4   task_5   task_6   task_7   task_8   task_9  task_10  task_11  task_12  task_13  task_14
job_0    (9, 2)   (5, 5)   (0, 3)   (3, 1)  (6, 10)   (2, 3)   (7, 6)   (5, 1)   (4, 3)   (5, 8)   (7, 2)   (5, 5)   (4, 4)   (6, 4)   (1, 7)
job_1   (1, 10)   (7, 5)   (4, 3)   (3, 6)   (9, 8)   (2, 5)   (8, 3)   (2, 3)   (0, 3)   (3, 4)   (3, 6)   (4, 4)   (0, 3)  (2, 10)   (4, 4)
job_2    (7, 5)   (4, 9)   (5, 5)   (1, 1)   (5, 1)   (4, 3)   (8, 8)   (4, 4)   (7, 2)   (3, 4)   (7, 6)   (1, 3)   (3, 7)  (9, 10)   (0, 4)
job_3    (2, 2)   (5, 7)   (3, 3)   (5, 4)   (1, 6)   (0, 4)   (1, 6)   (1, 8)  (1, 10)   (6, 5)   (8, 5)  (3, 10)   (6, 8)   (3, 7)   (5, 3)
job_4    (2, 5)   (6, 5)   (7, 9)   (3, 2)   (7, 1)   (6, 6)   (0, 6)   (7, 1)   (9, 6)   (8, 2)   (6, 2)   (0, 1)   (6, 2)   (5, 1)   (2, 6)
job_5   (7, 10)   (8, 7)   (0, 9)   (6, 5)   (7, 3)   (9, 2)   (3, 2)   (7, 5)   (7, 3)   (5, 6)   (5, 7)   (1, 4)   (7, 2)   (4, 7)   (7, 8)
job_6    (2, 3)   (8, 7)   (6, 7)   (8, 7)   (4, 2)   (5, 3)   (1, 7)   (7, 2)   (4, 4)   (4, 5)   (9, 9)   (3, 5)   (5, 4)   (9, 8)  (7, 10)
job_7    (5, 7)  (3, 10)   (0, 6)   (9, 5)   (5, 9)   (4, 3)   (7, 4)   (8, 5)   (2, 6)   (3, 2)  (5, 10)   (9, 1)   (9, 3)   (8, 6)   (7, 6)
job_8    (1, 3)   (8, 5)   (6, 3)   (2, 1)   (7, 6)   (4, 8)   (1, 4)   (4, 4)   (7, 8)   (0, 2)   (1, 3)   (6, 3)  (2, 10)  (0, 10)   (0, 2)
job_9    (7, 6)   (0, 8)   (5, 8)   (9, 2)   (6, 2)   (5, 6)   (5, 4)  (7, 10)   (7, 1)   (7, 4)   (4, 5)   (7, 1)   (0, 9)   (3, 2)   (6, 1)
job_10  (5, 10)   (5, 7)   (8, 2)  (4, 10)   (8, 1)   (5, 1)   (3, 7)   (7, 4)   (3, 8)   (7, 5)   (3, 8)   (6, 8)   (2, 5)   (5, 2)   (4, 7)
job_11   (9, 8)   (3, 1)   (8, 4)   (1, 2)   (2, 1)  (0, 10)  (9, 10)   (7, 7)   (5, 4)   (5, 7)   (5, 1)   (8, 6)  (0, 10)   (3, 9)   (8, 8)
job_12   (9, 6)   (0, 2)   (5, 4)   (7, 5)   (9, 1)   (1, 6)   (5, 3)   (7, 7)   (5, 1)   (4, 2)   (8, 2)   (9, 3)  (5, 10)   (6, 6)   (2, 7)
job_13   (5, 3)   (4, 8)   (5, 1)   (8, 9)  (4, 10)   (8, 2)   (9, 9)   (4, 8)   (2, 3)   (0, 1)   (8, 5)   (9, 8)   (0, 9)   (8, 3)   (9, 5)
job_14   (2, 7)   (0, 3)   (9, 1)   (8, 2)   (1, 1)   (6, 9)   (1, 6)   (7, 7)  (5, 10)   (0, 4)   (2, 3)   (8, 5)   (2, 5)  (7, 10)   (0, 8)
job_15   (9, 1)   (9, 6)   (3, 1)   (7, 9)   (0, 6)   (2, 6)   (7, 5)  (2, 10)   (8, 2)   (2, 1)   (5, 5)   (6, 8)   (8, 8)   (1, 6)   (2, 1)
job_16   (4, 6)  (1, 10)   (9, 1)   (9, 5)   (7, 8)   (2, 2)  (6, 10)   (0, 8)   (9, 3)   (2, 1)   (5, 1)   (5, 3)   (4, 8)   (7, 3)   (9, 2)
job_17   (4, 2)   (5, 1)  (1, 10)   (9, 9)   (3, 1)   (1, 1)  (6, 10)   (1, 2)   (2, 9)   (8, 9)  (7, 10)   (3, 9)   (3, 4)   (6, 1)   (2, 6)
job_18   (0, 9)   (2, 3)   (2, 5)   (7, 5)   (9, 5)   (0, 2)   (8, 6)   (3, 5)   (1, 6)   (5, 8)   (7, 8)  (5, 10)   (0, 1)  (0, 10)   (7, 6)
job_19   (6, 2)   (8, 4)   (3, 5)   (2, 3)   (3, 6)  (4, 10)   (1, 2)   (9, 4)   (0, 1)  (2, 10)   (6, 1)   (3, 7)   (0, 9)   (4, 9)   (2, 2)


Solution:
Machine 0: job_18_task_0  job_14_task_1  job_9_task_1   job_11_task_5  job_7_task_2   job_3_task_5   job_5_task_2   job_18_task_5  job_12_task_1  job_15_task_4  job_0_task_2   job_14_task_9  job_16_task_7  job_1_task_8   job_13_task_9  job_1_task_12  job_19_task_8  job_8_task_9   job_11_task_12 job_13_task_12 job_19_task_12 job_4_task_6   job_8_task_13  job_18_task_12 job_18_task_13 job_2_task_14  job_14_task_14 job_9_task_12  job_4_task_11  job_8_task_14  
           [0,9]          [12,15]        [21,29]        [29,39]        [39,45]        [45,49]        [49,58]        [58,60]        [60,62]        [62,68]        [68,71]        [71,75]        [75,83]        [85,88]        [110,111]      [114,117]      [117,118]      [126,128]      [128,138]      [141,150]      [151,160]      [160,166]      [166,176]      [176,177]      [177,187]      [187,191]      [191,199]      [199,208]      [208,209]      [209,211]      
Machine 1: job_1_task_0   job_8_task_0   job_16_task_1  job_11_task_3  job_14_task_4  job_17_task_2  job_3_task_4   job_14_task_6  job_3_task_6   job_17_task_5  job_3_task_7   job_2_task_3   job_3_task_8   job_6_task_6   job_17_task_7  job_18_task_8  job_12_task_5  job_8_task_6   job_19_task_6  job_8_task_10  job_5_task_11  job_2_task_11  job_15_task_13 job_0_task_14  
           [0,10]         [10,13]        [13,23]        [23,25]        [25,26]        [28,38]        [38,44]        [44,50]        [50,56]        [56,57]        [57,65]        [65,66]        [66,76]        [76,83]        [83,85]        [85,91]        [91,97]        [97,101]       [101,103]      [128,131]      [159,163]      [163,166]      [176,182]      [203,210]      
Machine 2: job_3_task_0   job_6_task_0   job_14_task_0  job_18_task_1  job_18_task_2  job_19_task_3  job_4_task_0   job_11_task_4  job_8_task_3   job_16_task_5  job_15_task_5  job_1_task_5   job_14_task_10 job_1_task_7   job_17_task_8  job_0_task_5   job_15_task_7  job_13_task_8  job_7_task_8   job_14_task_12 job_19_task_9  job_15_task_9  job_16_task_9  job_1_task_13  job_8_task_12  job_10_task_12 job_19_task_14 job_15_task_14 job_12_task_14 job_17_task_14 job_4_task_14  
           [0,2]          [2,5]          [5,12]         [12,15]        [15,20]        [20,23]        [23,28]        [28,29]        [38,39]        [54,56]        [68,74]        [74,79]        [79,82]        [82,85]        [85,94]        [94,97]        [97,107]       [107,110]      [110,116]      [116,121]      [121,131]      [131,132]      [132,133]      [133,143]      [143,153]      [153,158]      [169,171]      [182,183]      [185,192]      [192,198]      [212,218]      
Machine 3: job_19_task_2  job_11_task_1  job_15_task_2  job_3_task_2   job_19_task_4  job_7_task_1   job_1_task_3   job_17_task_4  job_10_task_6  job_18_task_7  job_0_task_3   job_4_task_3   job_10_task_8  job_1_task_9   job_5_task_6   job_1_task_10  job_6_task_11  job_7_task_9   job_3_task_11  job_2_task_9   job_10_task_10 job_19_task_11 job_11_task_13 job_3_task_13  job_2_task_12  job_17_task_11 job_17_task_12 job_9_task_13  
           [6,11]         [11,12]        [15,16]        [17,20]        [23,29]        [29,39]        [39,45]        [47,48]        [59,66]        [66,71]        [71,72]        [77,79]        [81,89]        [89,93]        [93,95]        [95,101]       [111,116]      [116,118]      [120,130]      [131,135]      [136,144]      [144,151]      [151,160]      [160,167]      [167,174]      [174,183]      [183,187]      [208,210]      
Machine 4: job_17_task_0  job_16_task_0  job_2_task_1   job_13_task_1  job_1_task_2   job_19_task_5  job_10_task_3  job_13_task_4  job_6_task_4   job_8_task_5   job_13_task_7  job_7_task_5   job_2_task_5   job_6_task_8   job_6_task_9   job_8_task_7   job_2_task_7   job_1_task_11  job_0_task_8   job_12_task_9  job_1_task_14  job_19_task_13 job_9_task_10  job_16_task_12 job_0_task_12  job_5_task_13  job_10_task_14 
           [0,2]          [2,8]          [15,24]        [24,32]        [32,35]        [35,45]        [45,55]        [55,65]        [65,67]        [67,75]        [79,87]        [87,90]        [90,93]        [93,97]        [97,102]       [102,106]      [106,110]      [110,114]      [122,125]      [125,127]      [143,147]      [160,169]      [178,183]      [187,195]      [195,199]      [199,206]      [206,213]      
Machine 5: job_10_task_0  job_3_task_1   job_13_task_0  job_7_task_0   job_17_task_1  job_3_task_3   job_10_task_1  job_13_task_2  job_0_task_1   job_2_task_2   job_9_task_2   job_10_task_5  job_14_task_8  job_6_task_5   job_12_task_2  job_7_task_4   job_2_task_4   job_11_task_8  job_18_task_9  job_9_task_5   job_12_task_6  job_11_task_9  job_9_task_6   job_11_task_10 job_0_task_7   job_12_task_8  job_7_task_10  job_5_task_9   job_0_task_9   job_15_task_10 job_5_task_10  job_18_task_11 job_12_task_12 job_6_task_12  job_16_task_10 job_16_task_11 job_0_task_11  job_10_task_13 job_3_task_14  job_4_task_13  
           [0,10]         [10,17]        [17,20]        [20,27]        [27,28]        [28,32]        [32,39]        [39,40]        [40,45]        [45,50]        [50,58]        [58,59]        [61,71]        [71,74]        [74,78]        [78,87]        [87,88]        [88,92]        [92,100]       [100,106]      [106,109]      [109,116]      [116,120]      [120,121]      [121,122]      [122,123]      [123,133]      [133,139]      [139,147]      [147,152]      [152,159]      [159,169]      [169,179]      [179,183]      [183,184]      [184,187]      [187,192]      [192,194]      [194,197]      [211,212]      
Machine 6: job_19_task_0  job_6_task_2   job_14_task_5  job_8_task_2   job_4_task_1   job_16_task_6  job_17_task_6  job_5_task_3   job_0_task_4   job_9_task_4   job_3_task_9   job_3_task_12  job_19_task_10 job_8_task_11  job_10_task_11 job_4_task_5   job_15_task_11 job_12_task_13 job_17_task_13 job_4_task_10  job_0_task_13  job_4_task_12  job_9_task_14  
           [0,2]          [13,20]        [26,35]        [35,38]        [38,43]        [56,66]        [66,76]        [76,81]        [81,91]        [91,93]        [93,98]        [130,138]      [138,139]      [139,142]      [144,152]      [152,158]      [158,166]      [179,185]      [187,188]      [192,194]      [199,203]      [209,211]      [211,212]      
Machine 7: job_5_task_0   job_2_task_0   job_9_task_0   job_18_task_3  job_1_task_1   job_15_task_3  job_8_task_4   job_16_task_4  job_14_task_7  job_11_task_7  job_4_task_2   job_10_task_7  job_12_task_3  job_5_task_4   job_6_task_7   job_15_task_6  job_7_task_6   job_5_task_7   job_0_task_6   job_12_task_7  job_8_task_8   job_5_task_8   job_2_task_8   job_10_task_9  job_18_task_10 job_4_task_4   job_9_task_7   job_2_task_10  job_17_task_10 job_9_task_8   job_0_task_10  job_9_task_9   job_4_task_7   job_14_task_13 job_5_task_12  job_9_task_11  job_7_task_14  job_6_task_14  job_16_task_13 job_5_task_14  job_18_task_14 
           [0,10]         [10,15]        [15,21]        [21,26]        [26,31]        [31,40]        [40,46]        [46,54]        [54,61]        [61,68]        [68,77]        [77,81]        [81,86]        [86,89]        [89,91]        [91,96]        [96,100]       [100,105]      [105,111]      [111,118]      [118,126]      [126,129]      [129,131]      [131,136]      [136,144]      [144,145]      [145,155]      [155,161]      [161,171]      [171,172]      [172,174]      [174,178]      [178,179]      [179,189]      [189,191]      [191,192]      [192,198]      [198,208]      [208,211]      [211,219]      [219,225]      
Machine 8: job_19_task_1  job_6_task_1   job_11_task_2  job_14_task_3  job_5_task_1   job_8_task_1   job_6_task_3   job_10_task_2  job_13_task_3  job_10_task_4  job_18_task_6  job_13_task_5  job_1_task_6   job_14_task_11 job_2_task_6   job_7_task_7   job_17_task_9  job_3_task_10  job_15_task_8  job_11_task_11 job_13_task_10 job_12_task_10 job_7_task_13  job_13_task_13 job_11_task_14 job_15_task_12 job_4_task_9   
           [2,6]          [6,13]         [13,17]        [17,19]        [19,26]        [26,31]        [31,38]        [39,41]        [41,50]        [55,56]        [60,66]        [66,68]        [79,82]        [82,87]        [93,101]       [101,106]      [106,115]      [115,120]      [120,122]      [122,128]      [128,133]      [133,135]      [148,154]      [154,157]      [160,168]      [168,176]      [190,192]      
Machine 9: job_11_task_0  job_15_task_0  job_15_task_1  job_14_task_2  job_12_task_0  job_0_task_0   job_16_task_2  job_16_task_3  job_18_task_4  job_17_task_3  job_11_task_6  job_7_task_3   job_1_task_4   job_13_task_6  job_9_task_3   job_16_task_8  job_12_task_4  job_5_task_5   job_6_task_10  job_19_task_7  job_13_task_11 job_12_task_11 job_7_task_11  job_7_task_12  job_13_task_14 job_2_task_13  job_4_task_8   job_6_task_13  job_16_task_14 
           [0,8]          [8,9]          [9,15]         [15,16]        [16,22]        [22,24]        [24,25]        [25,30]        [30,35]        [38,47]        [47,57]        [57,62]        [62,70]        [70,79]        [79,81]        [83,86]        [86,87]        [89,91]        [102,111]      [111,115]      [133,141]      [141,144]      [144,145]      [145,148]      [157,162]      [174,184]      [184,190]      [190,198]      [211,213]      
Optimal Schedule Length: 225.0
Total (Unoptimized Schedule Length): 1540
Statistics
  - conflicts: 0
  - branches : 0
  - wall time: 0.13098320100000002s