
Problem
         task_0  task_1   task_2   task_3   task_4   task_5   task_6   task_7   task_8   task_9  task_10  task_11 task_12  task_13  task_14 task_15  task_16  task_17
job_0    (0, 6)  (3, 5)   (1, 4)   (1, 1)  (2, 10)   (3, 2)   (0, 9)   (2, 2)   (0, 2)   (0, 2)   (0, 2)   (3, 5)  (3, 6)   (0, 8)   (1, 7)  (2, 1)   (2, 7)   (3, 7)
job_1    (0, 5)  (0, 7)   (3, 6)   (3, 2)   (3, 2)   (3, 6)   (1, 9)   (2, 6)  (1, 10)   (3, 9)   (0, 1)  (1, 10)  (2, 7)   (1, 6)  (2, 10)  (3, 6)   (2, 3)   (1, 1)
job_2    (1, 6)  (0, 3)  (0, 10)   (0, 6)   (3, 9)   (0, 1)   (2, 9)   (0, 1)   (0, 8)   (1, 6)   (3, 3)   (3, 8)  (1, 9)  (3, 10)   (2, 8)  (3, 1)   (1, 7)   (1, 3)
job_3    (0, 6)  (0, 5)  (3, 10)   (2, 5)   (3, 2)   (0, 5)   (1, 7)   (0, 9)   (2, 7)   (3, 7)   (1, 3)   (0, 3)  (2, 1)   (3, 8)   (2, 5)  (2, 1)   (3, 5)   (1, 4)
job_4    (3, 5)  (0, 7)   (1, 9)   (0, 5)   (1, 5)  (2, 10)   (3, 6)   (1, 8)  (2, 10)   (2, 1)   (3, 1)   (3, 8)  (3, 4)   (3, 5)   (3, 4)  (3, 2)   (2, 3)   (2, 5)
job_5    (0, 3)  (1, 6)   (2, 4)   (3, 5)  (1, 10)   (1, 5)   (1, 2)   (2, 6)   (3, 3)   (1, 9)   (1, 3)   (2, 9)  (1, 5)   (2, 8)  (3, 10)  (1, 6)   (0, 4)   (0, 9)
job_6   (1, 10)  (1, 6)  (2, 10)   (3, 7)   (2, 4)   (3, 5)   (3, 3)   (2, 6)   (1, 5)   (3, 4)  (1, 10)   (3, 5)  (1, 4)   (0, 8)   (2, 1)  (2, 5)   (3, 5)   (0, 5)
job_7   (1, 10)  (3, 5)   (2, 7)  (2, 10)   (1, 5)   (3, 9)   (0, 5)   (0, 8)   (3, 4)   (2, 4)   (0, 4)  (3, 10)  (2, 6)   (2, 6)   (0, 7)  (0, 8)  (2, 10)  (1, 10)
job_8    (0, 1)  (0, 2)   (2, 7)  (1, 10)   (1, 9)   (0, 9)  (1, 10)   (1, 7)   (0, 8)   (1, 8)   (3, 3)   (2, 5)  (3, 7)   (3, 3)   (2, 1)  (1, 2)   (0, 6)  (0, 10)
job_9    (2, 2)  (2, 5)   (0, 6)   (2, 7)   (1, 6)   (1, 7)   (3, 2)   (1, 7)   (3, 7)   (0, 4)   (0, 1)   (3, 6)  (0, 1)   (0, 5)   (1, 1)  (0, 1)  (0, 10)   (1, 3)
job_10   (0, 8)  (3, 7)   (2, 3)   (3, 7)   (0, 5)   (2, 2)   (0, 7)   (1, 5)  (2, 10)  (3, 10)   (2, 5)   (3, 6)  (2, 7)   (2, 3)   (3, 8)  (0, 4)   (1, 9)   (2, 5)
job_11   (2, 4)  (2, 9)   (2, 4)   (2, 2)   (1, 9)   (1, 6)   (2, 2)  (1, 10)   (2, 8)   (1, 2)   (0, 7)   (0, 2)  (3, 3)   (1, 5)   (0, 5)  (1, 8)   (0, 3)   (1, 4)
job_12   (3, 6)  (3, 4)   (1, 3)   (2, 2)   (2, 2)   (3, 5)   (1, 6)   (1, 1)   (0, 5)   (2, 6)   (0, 8)   (3, 3)  (2, 5)   (3, 7)   (1, 1)  (1, 8)   (0, 1)   (1, 7)


Solution:
Machine 0: job_10_task_0  job_8_task_0   job_8_task_1   job_5_task_0   job_1_task_0   job_2_task_1   job_1_task_1   job_2_task_2   job_3_task_0   job_4_task_1   job_2_task_3   job_3_task_1   job_10_task_4  job_0_task_0   job_7_task_6   job_10_task_6  job_8_task_5   job_4_task_3   job_7_task_7   job_2_task_5   job_9_task_2   job_3_task_5   job_2_task_7   job_2_task_8   job_0_task_6   job_7_task_10  job_3_task_7   job_8_task_8   job_0_task_8   job_0_task_9   job_1_task_10  job_0_task_10  job_7_task_14  job_7_task_15  job_12_task_8  job_12_task_10 job_0_task_13  job_9_task_9   job_9_task_10  job_11_task_10 job_11_task_11 job_9_task_12  job_9_task_13  job_3_task_11  job_6_task_13  job_10_task_15 job_9_task_15  job_9_task_16  job_11_task_14 job_5_task_16  job_5_task_17  job_12_task_16 job_11_task_16 job_8_task_16  job_8_task_17  job_6_task_17  
           [0,8]          [8,9]          [9,11]         [11,14]        [14,19]        [19,22]        [22,29]        [29,39]        [39,45]        [45,52]        [52,58]        [58,63]        [63,68]        [68,74]        [74,79]        [79,86]        [86,95]        [95,100]       [100,108]      [108,109]      [109,115]      [115,120]      [120,121]      [121,129]      [139,148]      [165,169]      [172,181]      [181,189]      [189,191]      [191,193]      [193,194]      [194,196]      [200,207]      [207,215]      [215,220]      [230,238]      [238,246]      [246,250]      [250,251]      [267,274]      [274,276]      [276,277]      [277,282]      [282,285]      [285,293]      [293,297]      [297,298]      [298,308]      [311,316]      [317,321]      [321,330]      [330,331]      [334,337]      [337,343]      [343,353]      [353,358]      
Machine 1: job_7_task_0   job_2_task_0   job_5_task_1   job_6_task_0   job_8_task_3   job_7_task_4   job_6_task_1   job_5_task_4   job_8_task_4   job_4_task_2   job_5_task_5   job_1_task_6   job_0_task_2   job_5_task_6   job_11_task_4  job_4_task_4   job_10_task_7  job_0_task_3   job_12_task_2  job_8_task_6   job_11_task_5  job_5_task_9   job_1_task_8   job_9_task_4   job_3_task_6   job_8_task_7   job_12_task_6  job_11_task_7  job_2_task_9   job_9_task_5   job_5_task_10  job_12_task_7  job_6_task_8   job_4_task_7   job_9_task_7   job_8_task_9   job_6_task_10  job_1_task_11  job_5_task_12  job_11_task_9  job_2_task_12  job_3_task_10  job_6_task_12  job_1_task_13  job_0_task_14  job_9_task_14  job_10_task_16 job_11_task_13 job_5_task_15  job_12_task_14 job_12_task_15 job_11_task_15 job_8_task_15  job_7_task_17  job_2_task_16  job_12_task_17 job_11_task_17 job_3_task_17  job_9_task_17  job_2_task_17  job_1_task_17  
           [0,10]         [10,16]        [16,22]        [22,32]        [32,42]        [42,47]        [47,53]        [53,63]        [63,72]        [72,81]        [81,86]        [86,95]        [95,99]        [99,101]       [101,110]      [110,115]      [115,120]      [120,121]      [121,124]      [124,134]      [134,140]      [140,149]      [149,159]      [159,165]      [165,172]      [172,179]      [179,185]      [185,195]      [195,201]      [201,208]      [208,211]      [211,212]      [212,217]      [217,225]      [225,232]      [232,240]      [240,250]      [250,260]      [260,265]      [265,267]      [267,276]      [276,279]      [279,283]      [283,289]      [289,296]      [296,297]      [297,306]      [306,311]      [311,317]      [317,318]      [318,326]      [326,334]      [334,336]      [336,346]      [346,353]      [353,360]      [360,364]      [364,368]      [368,371]      [371,374]      [374,375]      
Machine 2: job_11_task_0  job_11_task_1  job_8_task_2   job_7_task_2   job_7_task_3   job_5_task_2   job_10_task_2  job_9_task_0   job_11_task_2  job_9_task_1   job_6_task_2   job_11_task_3  job_10_task_5  job_3_task_3   job_1_task_7   job_5_task_7   job_6_task_4   job_2_task_6   job_9_task_3   job_0_task_4   job_12_task_3  job_4_task_5   job_10_task_8  job_12_task_4  job_7_task_9   job_11_task_6  job_6_task_7   job_0_task_7   job_10_task_10 job_3_task_8   job_7_task_12  job_7_task_13  job_11_task_8  job_10_task_12 job_5_task_11  job_12_task_9  job_4_task_8   job_4_task_9   job_10_task_13 job_8_task_11  job_12_task_12 job_7_task_16  job_1_task_12  job_5_task_13  job_3_task_12  job_1_task_14  job_2_task_14  job_6_task_14  job_0_task_15  job_6_task_15  job_0_task_16  job_10_task_17 job_3_task_14  job_8_task_14  job_3_task_15  job_4_task_16  job_4_task_17  job_1_task_16  
           [0,4]          [4,13]         [13,20]        [20,27]        [27,37]        [37,41]        [41,44]        [44,46]        [46,50]        [50,55]        [55,65]        [65,67]        [68,70]        [85,90]        [95,101]       [101,107]      [107,111]      [111,120]      [120,127]      [127,137]      [137,139]      [139,149]      [149,159]      [159,161]      [161,165]      [165,167]      [167,173]      [173,175]      [175,180]      [181,188]      [188,194]      [194,200]      [200,208]      [208,215]      [215,224]      [224,230]      [230,240]      [240,241]      [241,244]      [244,249]      [249,254]      [254,264]      [264,271]      [271,279]      [285,286]      [289,299]      [299,307]      [307,308]      [308,309]      [309,314]      [314,321]      [321,326]      [326,331]      [331,332]      [332,333]      [339,342]      [342,347]      [350,353]      
Machine 3: job_4_task_0   job_12_task_0  job_7_task_1   job_10_task_1  job_12_task_1  job_1_task_2   job_1_task_3   job_1_task_4   job_1_task_5   job_5_task_3   job_10_task_3  job_7_task_5   job_2_task_4   job_3_task_2   job_0_task_1   job_6_task_3   job_3_task_4   job_5_task_8   job_7_task_8   job_6_task_5   job_6_task_6   job_0_task_5   job_4_task_6   job_10_task_9  job_12_task_5  job_7_task_11  job_1_task_9   job_10_task_11 job_0_task_11  job_2_task_10  job_2_task_11  job_9_task_6   job_6_task_9   job_3_task_9   job_0_task_12  job_9_task_8   job_8_task_10  job_4_task_10  job_12_task_11 job_4_task_11  job_6_task_11  job_8_task_12  job_9_task_11  job_10_task_14 job_2_task_13  job_5_task_14  job_11_task_12 job_12_task_13 job_4_task_12  job_3_task_13  job_8_task_13  job_4_task_13  job_4_task_14  job_2_task_15  job_4_task_15  job_6_task_16  job_1_task_15  job_3_task_16  job_0_task_17  
           [0,5]          [5,11]         [11,16]        [16,23]        [23,27]        [29,35]        [35,37]        [37,39]        [39,45]        [45,50]        [50,57]        [57,66]        [66,75]        [75,85]        [85,90]        [90,97]        [97,99]        [107,110]      [110,114]      [114,119]      [119,122]      [137,139]      [149,155]      [159,169]      [169,174]      [174,184]      [184,193]      [193,199]      [199,204]      [204,207]      [207,215]      [215,217]      [217,221]      [221,228]      [228,234]      [234,241]      [241,244]      [244,245]      [245,248]      [248,256]      [256,261]      [261,268]      [268,274]      [274,282]      [282,292]      [292,302]      [302,305]      [305,312]      [312,316]      [316,324]      [324,327]      [327,332]      [332,336]      [336,337]      [337,339]      [339,344]      [344,350]      [350,355]      [355,362]      
Optimal Schedule Length: 375.0
Total (Unoptimized Schedule Length): 1302
Statistics
  - conflicts: 0
  - branches : 48
  - wall time: 0.132296929s