
Problem
          task_0   task_1    task_2    task_3   task_4    task_5    task_6    task_7   task_8    task_9  task_10   task_11  task_12   task_13   task_14   task_15
job_0     (0, 6)  (10, 8)   (11, 1)    (6, 6)   (9, 4)   (10, 8)   (11, 8)    (7, 7)  (14, 8)    (2, 1)   (7, 3)    (3, 3)   (5, 7)    (8, 8)   (14, 9)    (3, 6)
job_1    (15, 6)   (7, 7)    (6, 8)    (8, 1)  (16, 2)   (16, 3)    (4, 7)   (14, 1)  (1, 10)    (9, 3)   (3, 4)    (7, 5)   (6, 2)    (9, 4)   (1, 10)   (16, 5)
job_2   (15, 10)  (14, 4)    (2, 4)    (5, 4)   (4, 7)   (11, 2)  (16, 10)   (11, 9)  (16, 3)    (0, 2)  (10, 3)   (10, 2)   (8, 8)    (7, 8)   (16, 1)    (7, 9)
job_3    (16, 1)   (6, 8)    (4, 5)    (3, 4)  (0, 10)   (11, 4)    (4, 8)  (14, 10)  (16, 7)    (1, 1)  (15, 6)   (13, 1)   (5, 2)    (3, 4)   (15, 4)    (8, 4)
job_4     (6, 2)  (14, 1)   (12, 4)    (3, 8)   (6, 2)    (5, 4)   (11, 5)   (10, 6)   (7, 8)    (5, 2)  (10, 4)    (3, 8)   (1, 4)   (9, 10)    (8, 9)    (9, 7)
job_5     (8, 1)   (0, 2)    (6, 3)    (5, 6)  (12, 4)   (12, 2)    (7, 9)    (2, 6)  (6, 10)    (4, 6)  (16, 6)    (2, 3)  (11, 5)    (1, 3)    (7, 4)   (10, 1)
job_6    (15, 4)  (14, 5)  (15, 10)   (14, 6)   (4, 1)   (11, 6)    (6, 2)   (13, 4)   (8, 9)  (10, 10)  (13, 9)   (16, 3)   (0, 7)   (16, 7)  (10, 10)    (6, 2)
job_7     (7, 9)   (6, 3)    (2, 3)   (10, 3)  (13, 4)   (14, 1)    (3, 8)   (10, 2)   (1, 6)    (7, 6)   (5, 5)   (0, 10)  (16, 5)   (15, 8)    (2, 1)    (5, 5)
job_8    (1, 10)  (14, 9)   (12, 7)   (15, 6)  (12, 7)  (16, 10)   (11, 7)   (12, 5)   (6, 9)    (2, 2)   (3, 4)   (11, 2)   (4, 3)    (5, 4)   (9, 10)    (9, 1)
job_9     (8, 1)   (7, 1)   (14, 6)   (4, 10)  (12, 4)    (2, 5)   (12, 9)   (11, 1)   (3, 5)    (3, 3)   (0, 3)    (8, 5)  (14, 1)    (3, 2)   (11, 9)   (16, 3)
job_10  (15, 10)   (6, 1)   (11, 5)    (7, 8)  (1, 10)   (12, 3)   (12, 3)    (0, 2)   (3, 1)    (9, 6)   (8, 1)    (5, 2)  (11, 6)    (5, 2)   (11, 1)   (5, 10)
job_11   (10, 9)  (11, 7)    (6, 5)   (8, 10)   (8, 8)    (9, 8)    (1, 8)   (16, 3)   (8, 1)   (11, 9)   (3, 3)   (16, 9)   (5, 8)   (11, 2)   (16, 4)   (12, 1)
job_12    (2, 7)   (5, 8)    (9, 3)   (13, 8)  (15, 1)   (13, 3)    (4, 4)   (11, 7)  (11, 3)  (15, 10)  (13, 9)  (15, 10)  (13, 3)  (16, 10)   (11, 6)  (16, 10)
job_13    (3, 3)  (15, 9)   (11, 7)   (13, 7)   (8, 1)    (6, 2)    (5, 9)    (3, 1)   (1, 5)   (10, 1)  (14, 5)    (2, 8)  (12, 3)   (11, 9)   (12, 6)    (5, 9)
job_14   (1, 10)  (16, 7)    (5, 8)  (11, 10)  (14, 2)   (13, 7)   (11, 9)    (0, 2)   (0, 1)   (13, 9)  (10, 6)    (7, 2)  (15, 8)   (14, 1)    (5, 9)   (15, 4)
job_15    (7, 6)  (14, 1)   (16, 9)    (4, 2)  (13, 5)    (9, 2)    (1, 7)    (3, 4)   (3, 4)   (13, 5)   (2, 6)    (4, 4)   (9, 1)   (14, 8)    (6, 3)    (2, 5)
job_16    (2, 8)  (14, 1)    (4, 6)    (1, 1)  (12, 4)    (7, 8)   (15, 8)    (4, 8)  (12, 2)   (6, 10)   (0, 6)    (9, 1)   (4, 6)   (15, 7)   (14, 7)   (16, 5)


Solution:
Machine 0: job_0_task_0   job_5_task_1   job_3_task_4   job_14_task_7  job_14_task_8  job_7_task_11  job_9_task_10  job_10_task_7  job_16_task_10 job_2_task_9   job_6_task_12  
           [0,6]          [6,8]          [18,28]        [62,64]        [64,65]        [65,75]        [75,78]        [98,100]       [102,108]      [112,114]      [120,127]      
Machine 1: job_14_task_0  job_8_task_0   job_16_task_3  job_7_task_8   job_11_task_6  job_1_task_8   job_13_task_8  job_15_task_6  job_10_task_4  job_3_task_9   job_1_task_14  job_4_task_12  job_5_task_13  
           [0,10]         [10,20]        [37,38]        [40,46]        [47,55]        [60,70]        [70,75]        [75,82]        [82,92]        [92,93]        [93,103]       [109,113]      [138,141]      
Machine 2: job_12_task_0  job_7_task_2   job_16_task_0  job_9_task_5   job_5_task_7   job_2_task_2   job_13_task_11 job_15_task_10 job_5_task_11  job_7_task_14  job_0_task_9   job_8_task_9   job_15_task_15 
           [0,7]          [15,18]        [18,26]        [30,35]        [47,53]        [64,68]        [81,89]        [95,101]       [101,104]      [109,110]      [110,111]      [114,116]      [136,141]      
Machine 3: job_13_task_0  job_3_task_3   job_7_task_6   job_4_task_3   job_9_task_8   job_13_task_7  job_9_task_9   job_1_task_10  job_11_task_10 job_15_task_7  job_15_task_8  job_10_task_8  job_4_task_11  job_0_task_11  job_8_task_10  job_9_task_13  job_3_task_13  job_0_task_15  
           [0,3]          [14,18]        [30,38]        [42,50]        [63,68]        [68,69]        [69,72]        [73,77]        [77,80]        [82,86]        [86,90]        [100,101]      [101,109]      [114,117]      [117,121]      [121,123]      [129,133]      [144,150]      
Machine 4: job_3_task_2   job_9_task_3   job_15_task_3  job_16_task_2  job_12_task_6  job_3_task_6   job_1_task_6   job_5_task_9   job_6_task_4   job_2_task_4   job_16_task_7  job_15_task_11 job_16_task_12 job_8_task_12  
           [9,14]         [14,24]        [28,30]        [31,37]        [37,41]        [41,49]        [49,56]        [63,69]        [70,71]        [75,82]        [82,90]        [101,105]      [109,115]      [124,127]      
Machine 5: job_12_task_1  job_5_task_3   job_14_task_2  job_7_task_10  job_13_task_6  job_4_task_5   job_2_task_3   job_4_task_9   job_11_task_12 job_14_task_14 job_10_task_11 job_7_task_15  job_0_task_12  job_10_task_13 job_3_task_12  job_8_task_13  job_10_task_15 job_13_task_15 
           [7,15]         [15,21]        [24,32]        [53,58]        [58,67]        [67,71]        [71,75]        [91,93]        [93,101]       [102,111]      [111,113]      [113,118]      [118,125]      [125,127]      [127,129]      [129,133]      [133,143]      [143,152]      
Machine 6: job_3_task_1   job_5_task_2   job_7_task_1   job_11_task_2  job_10_task_1  job_0_task_3   job_4_task_0   job_1_task_2   job_13_task_5  job_4_task_4   job_5_task_8   job_6_task_6   job_1_task_12  job_16_task_9  job_8_task_8   job_15_task_14 job_6_task_15  
           [1,9]          [9,12]         [12,15]        [16,21]        [22,23]        [24,30]        [30,32]        [35,43]        [45,47]        [50,52]        [53,63]        [83,85]        [85,87]        [92,102]       [105,114]      [133,136]      [147,149]      
Machine 7: job_9_task_1   job_7_task_0   job_15_task_0  job_1_task_1   job_5_task_6   job_7_task_9   job_10_task_3  job_16_task_5  job_1_task_11  job_4_task_8   job_14_task_11 job_0_task_7   job_0_task_10  job_2_task_13  job_2_task_15  job_5_task_14  
           [2,3]          [3,12]         [12,18]        [28,35]        [38,47]        [47,53]        [54,62]        [62,70]        [77,82]        [83,91]        [91,93]        [93,100]       [111,114]      [127,135]      [138,147]      [147,151]      
Machine 8: job_5_task_0   job_9_task_0   job_11_task_3  job_11_task_4  job_1_task_3   job_13_task_4  job_11_task_8  job_9_task_11  job_6_task_8   job_10_task_10 job_2_task_12  job_0_task_13  job_4_task_14  job_3_task_15  
           [0,1]          [1,2]          [21,31]        [31,39]        [43,44]        [44,45]        [62,63]        [78,83]        [89,98]        [107,108]      [119,127]      [127,135]      [135,144]      [144,148]      
Machine 9: job_12_task_2  job_0_task_4   job_11_task_5  job_15_task_5  job_1_task_9   job_1_task_13  job_10_task_9  job_16_task_11 job_15_task_12 job_4_task_13  job_8_task_14  job_8_task_15  job_4_task_15  
           [16,19]        [30,34]        [39,47]        [57,59]        [70,73]        [87,91]        [101,107]      [108,109]      [118,119]      [119,129]      [133,143]      [143,144]      [144,151]      
Machine 10: job_11_task_0  job_0_task_1   job_7_task_3   job_7_task_7   job_0_task_5   job_13_task_9  job_4_task_7   job_14_task_10 job_4_task_10  job_6_task_9   job_2_task_10  job_2_task_11  job_6_task_14  job_5_task_15  
           [0,9]          [9,17]         [18,21]        [38,40]        [41,49]        [75,76]        [77,83]        [83,89]        [93,97]        [98,108]       [114,117]      [117,119]      [137,147]      [151,152]      
Machine 11: job_11_task_1  job_13_task_2  job_0_task_2   job_10_task_2  job_3_task_5   job_14_task_3  job_12_task_7  job_12_task_8  job_14_task_6  job_9_task_7   job_11_task_9  job_4_task_6   job_6_task_5   job_2_task_5   job_0_task_6   job_8_task_6   job_2_task_7   job_12_task_14 job_10_task_12 job_8_task_11  job_13_task_13 job_10_task_14 job_5_task_12  job_11_task_13 job_9_task_14  
           [9,16]         [16,23]        [23,24]        [24,29]        [29,33]        [33,43]        [43,50]        [50,53]        [53,62]        [62,63]        [63,72]        [72,77]        [77,83]        [83,85]        [85,93]        [93,100]       [100,109]      [109,115]      [115,121]      [121,123]      [123,132]      [132,133]      [133,138]      [138,140]      [140,149]      
Machine 12: job_5_task_4   job_9_task_4   job_8_task_2   job_5_task_5   job_4_task_2   job_8_task_4   job_16_task_4  job_9_task_6   job_16_task_8  job_10_task_5  job_10_task_6  job_8_task_7   job_13_task_12 job_13_task_14 job_11_task_15 
           [21,25]        [25,29]        [29,36]        [36,38]        [38,42]        [42,49]        [49,53]        [53,62]        [90,92]        [92,95]        [95,98]        [100,105]      [107,110]      [132,138]      [147,148]      
Machine 13: job_7_task_4   job_12_task_3  job_12_task_5  job_13_task_3  job_14_task_5  job_15_task_4  job_14_task_9  job_12_task_10 job_6_task_7   job_15_task_9  job_12_task_12 job_6_task_10  job_3_task_11  
           [21,25]        [25,33]        [34,37]        [37,44]        [45,52]        [52,57]        [65,74]        [74,83]        [85,89]        [90,95]        [95,98]        [108,117]      [117,118]      
Machine 14: job_9_task_2   job_15_task_1  job_8_task_1   job_7_task_5   job_16_task_1  job_6_task_1   job_4_task_1   job_14_task_4  job_3_task_7   job_1_task_7   job_2_task_1   job_6_task_3   job_13_task_10 job_14_task_13 job_0_task_8   job_9_task_12  job_15_task_13 job_16_task_14 job_0_task_14  
           [3,9]          [18,19]        [20,29]        [29,30]        [30,31]        [32,37]        [37,38]        [43,45]        [49,59]        [59,60]        [60,64]        [64,70]        [76,81]        [101,102]      [102,110]      [117,118]      [119,127]      [127,134]      [135,144]      
Machine 15: job_13_task_1  job_10_task_0  job_1_task_0   job_6_task_0   job_12_task_4  job_8_task_3   job_2_task_0   job_6_task_2   job_12_task_9  job_16_task_6  job_12_task_11 job_14_task_12 job_7_task_13  job_3_task_10  job_16_task_13 job_14_task_15 job_3_task_14  
           [3,12]         [12,22]        [22,28]        [28,32]        [33,34]        [36,42]        [42,52]        [52,62]        [62,72]        [72,80]        [83,93]        [93,101]       [101,109]      [109,115]      [115,122]      [122,126]      [133,137]      
Machine 16: job_3_task_0   job_14_task_1  job_15_task_2  job_1_task_4   job_1_task_5   job_8_task_5   job_11_task_7  job_3_task_8   job_5_task_10  job_7_task_12  job_11_task_11 job_2_task_6   job_12_task_13 job_2_task_8   job_1_task_15  job_6_task_11  job_12_task_15 job_6_task_13  job_2_task_14  job_16_task_15 job_11_task_14 job_9_task_15  
           [0,1]          [10,17]        [19,28]        [44,46]        [46,49]        [49,59]        [59,62]        [62,69]        [69,75]        [75,80]        [80,89]        [89,99]        [99,109]       [109,112]      [112,117]      [117,120]      [120,130]      [130,137]      [137,138]      [138,143]      [143,147]      [149,152]      
Optimal Schedule Length: 152.0
Total (Unoptimized Schedule Length): 1437
Statistics
  - conflicts: 0
  - branches : 0
  - wall time: 0.721174496s