
Problem
         task_0  task_1   task_2   task_3   task_4   task_5   task_6   task_7   task_8   task_9  task_10  task_11  task_12  task_13  task_14
job_0    (0, 1)  (2, 4)   (1, 8)   (2, 5)   (2, 5)   (2, 6)  (2, 10)   (0, 1)   (0, 9)   (1, 3)   (0, 4)  (1, 10)   (2, 4)   (0, 3)   (0, 9)
job_1   (2, 10)  (0, 3)   (2, 5)   (1, 4)  (0, 10)   (0, 8)   (1, 7)   (1, 8)   (1, 2)   (0, 6)  (0, 10)   (2, 2)  (1, 10)  (2, 10)   (1, 8)
job_2    (2, 9)  (2, 4)   (1, 2)   (0, 8)   (2, 1)   (2, 8)   (1, 6)   (1, 1)   (2, 4)  (0, 10)   (0, 7)  (2, 10)   (1, 1)   (0, 5)   (2, 6)
job_3    (1, 4)  (0, 7)   (1, 1)   (2, 5)   (0, 1)   (1, 3)   (1, 2)   (1, 4)   (0, 9)   (0, 5)   (2, 7)   (1, 9)   (2, 7)   (0, 7)   (1, 4)
job_4    (0, 1)  (1, 8)   (0, 8)   (0, 5)   (2, 1)   (2, 6)   (2, 8)   (1, 5)   (0, 4)   (0, 4)   (0, 1)  (1, 10)   (0, 5)  (2, 10)   (0, 4)
job_5    (2, 4)  (1, 6)   (1, 3)   (0, 5)   (2, 4)   (1, 7)  (0, 10)   (2, 8)   (0, 2)  (1, 10)   (0, 6)   (2, 6)   (0, 4)   (1, 9)   (2, 8)
job_6    (2, 6)  (0, 4)   (1, 1)   (0, 6)  (0, 10)   (1, 5)   (2, 9)   (1, 3)   (0, 6)  (1, 10)   (2, 9)   (2, 8)   (0, 4)   (1, 2)   (1, 3)
job_7    (0, 5)  (1, 6)  (2, 10)   (0, 5)   (1, 3)   (2, 9)   (0, 2)   (0, 8)  (0, 10)   (1, 2)   (2, 3)  (2, 10)   (1, 8)  (0, 10)   (0, 6)
job_8    (1, 8)  (2, 3)   (1, 6)   (2, 9)   (0, 4)   (1, 6)   (0, 4)   (2, 4)   (0, 9)   (1, 5)   (0, 9)   (2, 3)   (1, 1)   (1, 7)   (0, 1)
job_9    (0, 6)  (0, 6)  (0, 10)  (2, 10)   (1, 5)   (1, 9)   (1, 9)  (0, 10)   (0, 2)  (2, 10)   (0, 2)   (2, 3)   (0, 1)   (0, 6)   (0, 2)
job_10   (2, 1)  (1, 8)   (2, 3)   (1, 3)   (2, 7)   (0, 7)   (1, 2)   (0, 6)   (0, 3)   (0, 8)   (1, 6)   (1, 7)   (2, 1)   (1, 2)   (0, 9)
job_11   (2, 3)  (2, 1)   (2, 7)   (1, 2)  (0, 10)   (1, 7)   (2, 9)   (2, 2)  (1, 10)   (2, 2)   (1, 7)   (0, 3)   (2, 5)   (2, 4)   (0, 2)
job_12   (1, 6)  (2, 8)   (0, 6)   (1, 1)   (2, 9)  (0, 10)   (1, 3)   (1, 7)   (1, 7)  (1, 10)   (2, 2)   (2, 8)   (2, 9)   (1, 4)   (2, 3)
job_13   (1, 7)  (1, 5)   (0, 2)   (2, 9)   (0, 2)   (0, 6)   (2, 9)   (1, 8)   (1, 3)  (2, 10)   (2, 3)   (0, 9)   (1, 6)   (0, 9)   (2, 7)
job_14   (0, 4)  (0, 5)   (1, 8)   (0, 6)   (1, 3)   (1, 8)   (2, 1)   (1, 3)   (1, 7)   (2, 5)   (1, 8)   (1, 5)   (0, 3)  (2, 10)  (2, 10)
job_15  (1, 10)  (0, 7)  (2, 10)   (2, 1)   (0, 5)  (1, 10)   (2, 4)   (2, 5)   (2, 1)   (0, 7)   (2, 4)   (2, 8)  (2, 10)   (2, 2)   (0, 9)


Solution:
Machine 0: job_7_task_0   job_9_task_0   job_1_task_1   job_14_task_0  job_9_task_1   job_15_task_1  job_0_task_0   job_14_task_1  job_13_task_2  job_4_task_0   job_6_task_1   job_1_task_4   job_5_task_3   job_12_task_2  job_9_task_2   job_7_task_3   job_6_task_3   job_13_task_4  job_3_task_1   job_1_task_5   job_4_task_2   job_13_task_5  job_14_task_3  job_6_task_4   job_2_task_3   job_15_task_4  job_4_task_3   job_5_task_6   job_12_task_5  job_11_task_4  job_7_task_6   job_3_task_4   job_7_task_7   job_8_task_4   job_10_task_5  job_7_task_8   job_3_task_8   job_1_task_9   job_5_task_8   job_0_task_7   job_8_task_6   job_0_task_8   job_6_task_8   job_10_task_7  job_1_task_10  job_15_task_9  job_3_task_9   job_2_task_9   job_4_task_8   job_10_task_8  job_9_task_7   job_8_task_8   job_4_task_9   job_5_task_10  job_10_task_9  job_13_task_11 job_4_task_10  job_0_task_10  job_2_task_10  job_9_task_8   job_14_task_12 job_5_task_12  job_8_task_10  job_4_task_12  job_7_task_13  job_13_task_13 job_9_task_10  job_11_task_11 job_3_task_13  job_0_task_13  job_2_task_13  job_6_task_12  job_0_task_14  job_7_task_14  job_9_task_12  job_10_task_14 job_15_task_14 job_9_task_13  job_4_task_14  job_9_task_14  job_8_task_14  job_11_task_14 
           [0,5]          [5,11]         [11,14]        [14,18]        [18,24]        [24,31]        [31,32]        [32,37]        [37,39]        [39,40]        [40,44]        [44,54]        [54,59]        [59,65]        [65,75]        [75,80]        [80,86]        [86,88]        [88,95]        [95,103]       [103,111]      [111,117]      [117,123]      [123,133]      [133,141]      [141,146]      [146,151]      [151,161]      [161,171]      [171,181]      [181,183]      [183,184]      [184,192]      [192,196]      [196,203]      [203,213]      [213,222]      [222,228]      [228,230]      [230,231]      [231,235]      [235,244]      [244,250]      [250,256]      [256,266]      [266,273]      [273,278]      [278,288]      [288,292]      [292,295]      [295,305]      [305,314]      [314,318]      [318,324]      [324,332]      [332,341]      [341,342]      [342,346]      [346,353]      [353,355]      [355,358]      [358,362]      [362,371]      [371,376]      [376,386]      [386,395]      [395,397]      [397,400]      [400,407]      [407,410]      [410,415]      [415,419]      [419,428]      [428,434]      [434,435]      [435,444]      [444,453]      [453,459]      [459,463]      [463,465]      [465,466]      [467,469]      
Machine 1: job_13_task_0  job_12_task_0  job_15_task_0  job_7_task_1   job_13_task_1  job_5_task_1   job_1_task_3   job_5_task_2   job_8_task_0   job_4_task_1   job_0_task_2   job_14_task_2  job_6_task_2   job_3_task_0   job_12_task_3  job_10_task_1  job_7_task_4   job_5_task_5   job_2_task_2   job_8_task_2   job_3_task_2   job_11_task_3  job_1_task_6   job_1_task_7   job_14_task_4  job_14_task_5  job_10_task_3  job_9_task_4   job_15_task_5  job_6_task_5   job_13_task_7  job_9_task_5   job_12_task_6  job_11_task_5  job_3_task_5   job_3_task_6   job_3_task_7   job_2_task_6   job_12_task_7  job_8_task_5   job_1_task_8   job_14_task_7  job_14_task_8  job_13_task_8  job_6_task_7   job_9_task_6   job_2_task_7   job_10_task_6  job_4_task_7   job_12_task_8  job_5_task_9   job_7_task_9   job_14_task_10 job_12_task_9  job_6_task_9   job_0_task_9   job_11_task_8  job_14_task_11 job_1_task_12  job_3_task_11  job_8_task_9   job_4_task_11  job_0_task_11  job_10_task_10 job_7_task_12  job_13_task_12 job_11_task_10 job_10_task_11 job_5_task_13  job_2_task_12  job_1_task_14  job_12_task_13 job_3_task_14  job_6_task_13  job_6_task_14  job_10_task_13 job_8_task_12  job_8_task_13  
           [0,7]          [7,13]         [13,23]        [23,29]        [29,34]        [34,40]        [40,44]        [44,47]        [47,55]        [55,63]        [63,71]        [71,79]        [79,80]        [80,84]        [84,85]        [85,93]        [93,96]        [96,103]       [103,105]      [105,111]      [111,112]      [112,114]      [114,121]      [121,129]      [129,132]      [132,140]      [140,143]      [143,148]      [148,158]      [158,163]      [163,171]      [171,180]      [180,183]      [183,190]      [190,193]      [193,195]      [195,199]      [199,205]      [205,212]      [212,218]      [218,220]      [220,223]      [223,230]      [230,233]      [233,236]      [236,245]      [245,246]      [246,248]      [248,253]      [253,260]      [260,270]      [270,272]      [272,280]      [280,290]      [290,300]      [300,303]      [303,313]      [313,318]      [318,328]      [328,337]      [337,342]      [342,352]      [352,362]      [362,368]      [368,376]      [376,382]      [382,389]      [389,396]      [396,405]      [405,406]      [406,414]      [414,418]      [418,422]      [422,424]      [424,427]      [427,429]      [429,430]      [430,437]      
Machine 2: job_1_task_0   job_5_task_0   job_1_task_2   job_12_task_1  job_6_task_0   job_7_task_2   job_2_task_0   job_0_task_1   job_13_task_3  job_15_task_2  job_11_task_0  job_5_task_4   job_10_task_0  job_2_task_1   job_12_task_4  job_11_task_1  job_8_task_1   job_11_task_2  job_0_task_3   job_9_task_3   job_7_task_5   job_15_task_3  job_10_task_2  job_0_task_4   job_13_task_6  job_3_task_3   job_8_task_3   job_2_task_4   job_0_task_5   job_4_task_4   job_10_task_4  job_2_task_5   job_4_task_5   job_6_task_6   job_5_task_7   job_0_task_6   job_14_task_6  job_4_task_6   job_15_task_6  job_15_task_7  job_11_task_6  job_13_task_9  job_2_task_8   job_15_task_8  job_14_task_9  job_8_task_7   job_11_task_7  job_7_task_10  job_13_task_10 job_3_task_10  job_7_task_11  job_15_task_10 job_1_task_11  job_15_task_11 job_12_task_10 job_6_task_10  job_12_task_11 job_5_task_11  job_11_task_9  job_15_task_12 job_3_task_12  job_2_task_11  job_9_task_9   job_14_task_13 job_1_task_13  job_6_task_11  job_0_task_12  job_12_task_12 job_4_task_13  job_10_task_12 job_8_task_11  job_9_task_11  job_15_task_13 job_11_task_12 job_14_task_14 job_5_task_14  job_13_task_14 job_11_task_13 job_2_task_14  job_12_task_14 
           [0,10]         [10,14]        [14,19]        [19,27]        [27,33]        [33,43]        [43,52]        [52,56]        [56,65]        [65,75]        [75,78]        [78,82]        [82,83]        [83,87]        [87,96]        [96,97]        [97,100]       [100,107]      [107,112]      [112,122]      [122,131]      [131,132]      [132,135]      [135,140]      [140,149]      [149,154]      [154,163]      [163,164]      [164,170]      [170,171]      [171,178]      [178,186]      [186,192]      [192,201]      [201,209]      [209,219]      [219,220]      [220,228]      [228,232]      [232,237]      [237,246]      [246,256]      [256,260]      [260,261]      [261,266]      [266,270]      [270,272]      [272,275]      [275,278]      [278,285]      [285,295]      [295,299]      [299,301]      [301,309]      [309,311]      [311,320]      [320,328]      [328,334]      [334,336]      [336,346]      [346,353]      [353,363]      [363,373]      [373,383]      [383,393]      [393,401]      [401,405]      [405,414]      [414,424]      [424,425]      [425,428]      [428,431]      [431,433]      [433,438]      [438,448]      [448,456]      [456,463]      [463,467]      [467,473]      [473,476]      
Optimal Schedule Length: 476.0
Total (Unoptimized Schedule Length): 1381
Statistics
  - conflicts: 1
  - branches : 241
  - wall time: 0.20679048800000002s