
Problem
          task_0   task_1  task_2   task_3   task_4   task_5    task_6   task_7   task_8   task_9  task_10  task_11  task_12  task_13
job_0     (4, 7)  (10, 9)  (8, 5)  (11, 2)   (1, 9)  (1, 10)    (0, 5)   (9, 8)  (11, 9)   (9, 5)   (3, 3)   (1, 6)   (4, 4)  (5, 10)
job_1     (7, 4)   (5, 3)  (8, 2)   (0, 7)   (8, 4)   (6, 2)    (4, 7)   (6, 7)   (8, 9)  (2, 10)   (1, 2)   (3, 6)  (10, 5)  (11, 3)
job_2   (11, 10)   (9, 3)  (1, 2)  (8, 10)   (2, 1)   (6, 3)    (3, 8)  (4, 10)   (5, 7)   (2, 9)   (3, 8)   (9, 3)  (11, 2)   (6, 5)
job_3     (2, 1)  (11, 3)  (8, 4)   (5, 4)   (1, 6)   (1, 5)    (6, 2)  (10, 2)   (8, 7)   (1, 6)   (6, 9)   (0, 2)   (1, 6)  (3, 10)
job_4     (1, 7)   (7, 7)  (9, 6)   (9, 4)   (3, 5)   (3, 4)    (6, 4)   (0, 1)   (8, 7)   (2, 3)   (7, 6)  (9, 10)  (11, 1)   (0, 9)
job_5     (4, 3)   (3, 8)  (6, 5)   (3, 7)   (6, 8)  (11, 2)    (4, 7)  (11, 5)   (8, 6)   (0, 4)   (3, 1)  (10, 7)  (11, 1)  (10, 3)
job_6     (3, 2)   (7, 3)  (0, 5)   (3, 9)   (6, 4)   (3, 5)  (10, 10)  (11, 3)   (2, 9)  (11, 6)   (1, 9)   (7, 4)   (9, 1)  (11, 3)
job_7     (7, 3)  (10, 4)  (2, 6)   (7, 7)   (2, 7)   (3, 1)    (3, 4)   (1, 7)   (2, 2)   (8, 1)  (11, 2)   (1, 7)   (2, 8)   (1, 7)
job_8     (4, 8)   (9, 4)  (6, 2)   (1, 7)  (11, 7)   (8, 3)    (2, 9)  (11, 3)   (4, 1)   (8, 1)   (9, 5)   (7, 3)   (3, 4)   (3, 5)
job_9     (7, 2)   (1, 4)  (4, 8)   (1, 4)  (10, 9)   (6, 7)    (9, 7)   (3, 9)   (4, 7)   (0, 5)   (2, 5)   (7, 6)   (6, 7)   (9, 5)
job_10   (11, 6)   (8, 4)  (5, 2)   (6, 1)   (1, 1)   (2, 7)    (5, 1)   (9, 8)   (2, 8)   (3, 4)   (3, 3)  (9, 10)   (8, 4)   (0, 6)
job_11    (3, 9)   (0, 6)  (8, 3)   (4, 9)   (9, 5)   (3, 9)    (0, 1)   (5, 8)   (2, 8)   (1, 1)   (6, 1)   (2, 4)  (7, 10)   (1, 1)
job_12    (1, 8)   (6, 6)  (8, 5)   (0, 5)   (9, 3)   (3, 3)   (10, 7)   (1, 3)   (9, 8)   (6, 9)   (0, 8)   (2, 7)  (8, 10)   (8, 1)
job_13   (11, 5)   (7, 1)  (1, 8)   (0, 4)   (4, 6)   (7, 4)   (2, 10)   (2, 8)   (0, 1)   (4, 8)  (3, 10)   (7, 2)   (1, 1)   (6, 2)
job_14    (4, 9)   (1, 9)  (8, 7)  (10, 1)   (6, 5)   (7, 4)    (1, 2)  (3, 10)   (4, 5)  (8, 10)  (4, 10)  (11, 5)   (5, 6)   (8, 3)
job_15    (3, 3)   (6, 3)  (4, 4)   (6, 7)   (6, 7)   (6, 1)    (6, 9)   (1, 6)  (7, 10)   (3, 9)  (10, 5)   (5, 1)   (9, 5)   (6, 8)
job_16    (3, 1)   (8, 5)  (3, 2)   (0, 1)   (7, 4)   (6, 2)    (2, 1)   (1, 3)   (3, 3)   (0, 8)   (0, 3)   (9, 7)  (10, 2)   (2, 9)
job_17   (9, 10)   (7, 5)  (7, 4)   (3, 4)   (1, 2)  (11, 9)    (8, 8)   (8, 9)  (11, 2)   (7, 2)   (4, 3)  (11, 8)   (0, 3)   (4, 8)
job_18    (9, 3)  (2, 10)  (8, 6)   (5, 6)   (8, 6)   (2, 8)    (3, 5)   (9, 9)   (8, 8)   (5, 7)   (5, 7)   (2, 9)   (7, 9)   (1, 1)
job_19    (0, 3)   (7, 5)  (3, 9)  (11, 4)   (0, 6)  (11, 8)    (0, 7)   (7, 8)   (7, 9)   (9, 6)   (7, 2)   (4, 7)   (2, 6)   (4, 4)


Solution:
Machine 0: job_19_task_0  job_6_task_2   job_11_task_1  job_12_task_3  job_19_task_4  job_19_task_6  job_4_task_7   job_13_task_3  job_1_task_3   job_0_task_6   job_13_task_8  job_11_task_6  job_16_task_3  job_12_task_10 job_9_task_9   job_16_task_9  job_16_task_10 job_3_task_11  job_17_task_12 job_5_task_9   job_10_task_13 job_4_task_13  
           [0,3]          [5,10]         [11,17]        [29,34]        [34,40]        [48,55]        [55,56]        [56,60]        [60,67]        [67,72]        [89,90]        [96,97]        [98,99]        [115,123]      [128,133]      [133,141]      [141,144]      [144,146]      [146,149]      [149,153]      [156,162]      [162,171]      
Machine 1: job_12_task_0  job_9_task_1   job_4_task_0   job_14_task_1  job_9_task_3   job_0_task_4   job_10_task_4  job_2_task_2   job_13_task_2  job_0_task_5   job_7_task_7   job_17_task_4  job_12_task_7  job_15_task_7  job_3_task_4   job_14_task_6  job_7_task_11  job_3_task_5   job_8_task_3   job_16_task_7  job_7_task_13  job_11_task_9  job_3_task_9   job_6_task_10  job_0_task_11  job_1_task_10  job_3_task_12  job_13_task_12 job_18_task_13 job_11_task_13 
           [0,8]          [8,12]         [12,19]        [19,28]        [28,32]        [32,41]        [41,42]        [42,44]        [44,52]        [52,62]        [62,69]        [69,71]        [71,74]        [74,80]        [80,86]        [86,88]        [88,95]        [95,100]       [100,107]      [107,110]      [110,117]      [117,118]      [118,124]      [124,133]      [139,145]      [145,147]      [147,153]      [156,157]      [169,170]      [179,180]      
Machine 2: job_3_task_0   job_18_task_1  job_7_task_2   job_7_task_4   job_10_task_5  job_18_task_5  job_2_task_4   job_10_task_8  job_4_task_9   job_7_task_8   job_13_task_6  job_13_task_7  job_6_task_8   job_7_task_12  job_16_task_6  job_11_task_8  job_2_task_9   job_8_task_6   job_1_task_9   job_9_task_10  job_18_task_11 job_12_task_11 job_11_task_11 job_19_task_12 job_16_task_13 
           [0,1]          [3,13]         [20,26]        [33,40]        [42,49]        [49,57]        [57,58]        [58,66]        [66,69]        [69,71]        [71,81]        [81,89]        [89,98]        [98,106]       [106,107]      [107,115]      [115,124]      [124,133]      [133,143]      [143,148]      [148,157]      [157,164]      [164,168]      [168,174]      [174,183]      
Machine 3: job_6_task_0   job_11_task_0  job_19_task_2  job_15_task_0  job_16_task_0  job_6_task_3   job_5_task_1   job_4_task_4   job_4_task_5   job_17_task_3  job_12_task_5  job_7_task_5   job_7_task_6   job_6_task_5   job_18_task_6  job_5_task_3   job_2_task_6   job_11_task_5  job_16_task_2  job_14_task_7  job_9_task_7   job_16_task_8  job_15_task_9  job_10_task_9  job_10_task_10 job_0_task_10  job_13_task_10 job_2_task_10  job_5_task_10  job_1_task_11  job_3_task_13  job_8_task_12  job_8_task_13  
           [0,2]          [2,11]         [11,20]        [20,23]        [23,24]        [24,33]        [33,41]        [41,46]        [46,50]        [50,54]        [54,57]        [57,58]        [58,62]        [62,67]        [67,72]        [72,79]        [79,87]        [87,96]        [96,98]        [98,108]       [108,117]      [117,120]      [120,129]      [129,133]      [133,136]      [136,139]      [139,149]      [149,157]      [157,158]      [158,164]      [164,174]      [174,178]      [178,183]      
Machine 4: job_0_task_0   job_14_task_0  job_9_task_2   job_15_task_2  job_5_task_0   job_8_task_0   job_13_task_4  job_11_task_3  job_1_task_6   job_2_task_7   job_5_task_6   job_17_task_10 job_14_task_8  job_13_task_9  job_9_task_8   job_19_task_11 job_8_task_8   job_0_task_12  job_14_task_10 job_17_task_13 job_19_task_13 
           [0,7]          [7,16]         [16,24]        [26,30]        [30,33]        [33,41]        [60,66]        [68,77]        [80,87]        [87,97]        [97,104]       [105,108]      [108,113]      [113,121]      [121,128]      [128,135]      [136,137]      [145,149]      [149,159]      [159,167]      [174,178]      
Machine 5: job_18_task_3  job_10_task_2  job_1_task_1   job_10_task_6  job_3_task_3   job_11_task_7  job_2_task_8   job_18_task_9  job_15_task_11 job_18_task_10 job_0_task_13  job_14_task_12 
           [19,25]        [33,35]        [41,44]        [49,50]        [72,76]        [97,105]       [105,112]      [129,136]      [136,137]      [137,144]      [149,159]      [164,170]      
Machine 6: job_12_task_1  job_15_task_1  job_15_task_3  job_10_task_3  job_15_task_4  job_6_task_4   job_15_task_5  job_4_task_6   job_15_task_6  job_5_task_2   job_14_task_4  job_2_task_5   job_8_task_2   job_1_task_5   job_5_task_4   job_9_task_5   job_1_task_7   job_3_task_6   job_16_task_5  job_12_task_9  job_11_task_10 job_3_task_10  job_15_task_13 job_9_task_12  job_13_task_13 job_2_task_13  
           [8,14]         [23,26]        [30,37]        [37,38]        [38,45]        [45,49]        [49,50]        [50,54]        [54,63]        [63,68]        [68,73]        [73,76]        [76,78]        [78,80]        [80,88]        [88,95]        [95,102]       [102,104]      [104,106]      [106,115]      [118,119]      [124,133]      [142,150]      [154,161]      [161,163]      [166,171]      
Machine 7: job_9_task_0   job_6_task_1   job_19_task_1  job_7_task_0   job_17_task_1  job_13_task_1  job_4_task_1   job_7_task_3   job_17_task_2  job_1_task_0   job_19_task_7  job_13_task_5  job_19_task_8  job_14_task_5  job_4_task_10  job_15_task_8  job_16_task_4  job_17_task_9  job_19_task_10 job_6_task_11  job_9_task_11  job_13_task_11 job_8_task_11  job_18_task_12 job_11_task_12 
           [0,2]          [2,5]          [5,10]         [10,13]        [13,18]        [18,19]        [19,26]        [26,33]        [33,37]        [37,41]        [55,63]        [66,70]        [70,79]        [79,83]        [83,89]        [89,99]        [99,103]       [103,105]      [125,127]      [133,137]      [148,154]      [154,156]      [157,160]      [160,169]      [169,179]      
Machine 8: job_18_task_2  job_0_task_2   job_12_task_2  job_10_task_1  job_14_task_2  job_18_task_4  job_2_task_3   job_1_task_2   job_4_task_8   job_11_task_2  job_3_task_2   job_7_task_9   job_1_task_4   job_16_task_1  job_17_task_6  job_17_task_7  job_1_task_8   job_3_task_8   job_8_task_5   job_18_task_8  job_14_task_9  job_8_task_9   job_5_task_8   job_10_task_12 job_12_task_12 job_14_task_13 job_12_task_13 
           [13,19]        [19,24]        [24,29]        [29,33]        [33,40]        [40,46]        [46,56]        [56,58]        [58,65]        [65,68]        [68,72]        [72,73]        [73,77]        [77,82]        [84,92]        [92,101]       [102,111]      [111,118]      [118,121]      [121,129]      [129,139]      [139,140]      [140,146]      [152,156]      [164,174]      [174,177]      [177,178]      
Machine 9: job_18_task_0  job_17_task_0  job_2_task_1   job_4_task_2   job_4_task_3   job_12_task_4  job_8_task_1   job_10_task_7  job_11_task_4  job_0_task_7   job_12_task_8  job_9_task_6   job_0_task_9   job_18_task_7  job_19_task_9  job_4_task_11  job_15_task_12 job_10_task_11 job_8_task_10  job_2_task_11  job_6_task_12  job_16_task_11 job_9_task_13  
           [0,3]          [3,13]         [13,16]        [26,32]        [32,36]        [36,39]        [41,45]        [50,58]        [77,82]        [82,90]        [90,98]        [98,105]       [105,110]      [110,119]      [119,125]      [125,135]      [137,142]      [142,152]      [152,157]      [157,160]      [160,161]      [161,168]      [168,173]      
Machine 10: job_0_task_1   job_7_task_1   job_9_task_4   job_14_task_3  job_12_task_6  job_6_task_6   job_3_task_7   job_15_task_10 job_5_task_11  job_1_task_12  job_16_task_12 job_5_task_13  
           [7,16]         [16,20]        [32,41]        [41,42]        [57,64]        [67,77]        [104,106]      [129,134]      [158,165]      [165,170]      [170,172]      [172,175]      
Machine 11: job_2_task_0   job_13_task_0  job_3_task_1   job_10_task_0  job_0_task_3   job_19_task_3  job_19_task_5  job_7_task_10  job_17_task_5  job_6_task_7   job_5_task_5   job_0_task_8   job_17_task_8  job_5_task_7   job_8_task_4   job_6_task_9   job_17_task_11 job_8_task_7   job_4_task_12  job_14_task_11 job_2_task_12  job_5_task_12  job_6_task_13  job_1_task_13  
           [0,10]         [10,15]        [15,18]        [18,24]        [24,26]        [26,30]        [40,48]        [73,75]        [75,84]        [84,87]        [88,90]        [90,99]        [101,103]      [104,109]      [109,116]      [116,122]      [122,130]      [133,136]      [136,137]      [159,164]      [164,166]      [166,167]      [167,170]      [170,173]      
Optimal Schedule Length: 183.0
Total (Unoptimized Schedule Length): 1501
Statistics
  - conflicts: 0
  - branches : 0
  - wall time: 0.24575822600000002s