
Problem
        task_0   task_1   task_2   task_3  task_4   task_5  task_6   task_7   task_8  task_9  task_10 task_11  task_12 task_13  task_14
job_0   (2, 2)   (2, 9)   (0, 4)   (4, 3)  (2, 6)   (1, 1)  (1, 7)   (2, 1)   (3, 3)  (0, 2)   (0, 6)  (4, 1)   (2, 8)  (4, 9)   (3, 7)
job_1   (4, 6)   (4, 4)   (2, 9)   (1, 4)  (3, 3)   (1, 5)  (4, 6)   (2, 1)   (3, 1)  (1, 4)   (0, 8)  (1, 2)   (3, 9)  (0, 5)   (3, 7)
job_2   (3, 3)   (2, 2)   (1, 2)   (4, 6)  (3, 9)   (1, 7)  (4, 3)   (0, 2)   (0, 3)  (0, 7)   (1, 7)  (1, 7)   (2, 8)  (1, 3)   (1, 5)
job_3   (1, 3)   (4, 7)   (4, 7)   (3, 5)  (1, 6)   (2, 2)  (3, 3)   (1, 5)   (3, 4)  (1, 3)   (4, 5)  (0, 6)   (2, 6)  (1, 1)   (1, 7)
job_4   (1, 6)   (4, 2)   (4, 3)   (2, 8)  (2, 8)   (0, 1)  (2, 3)   (0, 7)   (3, 8)  (3, 5)   (0, 7)  (4, 6)   (3, 4)  (2, 7)   (0, 8)
job_5   (1, 4)  (2, 10)   (2, 6)  (2, 10)  (2, 2)   (2, 6)  (4, 5)   (1, 7)   (3, 5)  (4, 7)   (3, 5)  (4, 3)   (0, 6)  (4, 6)  (4, 10)
job_6   (3, 5)   (0, 6)  (4, 10)   (2, 6)  (0, 8)   (2, 2)  (3, 3)  (1, 10)  (4, 10)  (1, 7)   (4, 5)  (1, 7)   (4, 6)  (4, 2)   (0, 4)
job_7   (4, 5)   (3, 5)   (3, 5)   (2, 2)  (0, 7)  (0, 10)  (4, 3)   (1, 2)   (2, 7)  (3, 5)   (1, 6)  (2, 2)   (2, 2)  (0, 4)   (3, 3)
job_8   (1, 1)   (0, 3)   (1, 1)   (1, 7)  (3, 1)   (2, 1)  (2, 9)   (4, 3)   (4, 3)  (1, 1)   (1, 1)  (4, 7)   (3, 9)  (1, 1)   (1, 2)
job_9   (3, 3)   (0, 1)   (2, 8)   (1, 9)  (0, 3)   (3, 2)  (2, 4)   (3, 3)   (1, 4)  (3, 4)   (2, 8)  (2, 9)   (0, 8)  (3, 1)   (4, 2)
job_10  (1, 5)   (3, 3)   (4, 7)   (3, 5)  (1, 7)   (3, 2)  (3, 6)   (3, 7)  (0, 10)  (2, 4)  (2, 10)  (0, 4)  (4, 10)  (0, 1)  (4, 10)
job_11  (1, 8)   (1, 1)  (2, 10)   (3, 8)  (1, 7)   (4, 7)  (3, 9)   (2, 4)  (2, 10)  (4, 2)   (4, 7)  (4, 1)   (4, 6)  (0, 6)   (1, 6)
job_12  (2, 6)   (0, 1)   (4, 7)   (3, 7)  (2, 2)   (2, 6)  (0, 1)   (1, 2)   (4, 9)  (3, 6)  (2, 10)  (0, 7)   (1, 2)  (4, 3)  (2, 10)


Solution:
Machine 0: job_6_task_1   job_12_task_1  job_9_task_1   job_8_task_1   job_6_task_4   job_0_task_2   job_10_task_8  job_2_task_7   job_4_task_5   job_2_task_8   job_2_task_9   job_9_task_4   job_12_task_6  job_4_task_7   job_7_task_4   job_7_task_5   job_5_task_12  job_4_task_10  job_0_task_9   job_0_task_10  job_1_task_10  job_10_task_11 job_3_task_11  job_12_task_11 job_10_task_13 job_1_task_13  job_9_task_12  job_11_task_13 job_6_task_14  job_4_task_14  job_7_task_13  
           [5,11]         [11,12]        [12,13]        [30,33]        [58,66]        [69,73]        [73,83]        [83,85]        [85,86]        [86,89]        [89,96]        [96,99]        [101,102]      [125,132]      [132,139]      [139,149]      [149,155]      [155,162]      [164,166]      [166,172]      [172,180]      [180,184]      [184,190]      [190,197]      [197,198]      [198,203]      [211,219]      [219,225]      [225,229]      [229,237]      [237,241]      
Machine 1: job_5_task_0   job_11_task_0  job_10_task_0  job_4_task_0   job_11_task_1  job_3_task_0   job_2_task_2   job_8_task_0   job_8_task_2   job_8_task_3   job_10_task_4  job_11_task_4  job_2_task_5   job_3_task_4   job_9_task_3   job_12_task_7  job_5_task_7   job_2_task_10  job_8_task_9   job_8_task_10  job_1_task_3   job_6_task_7   job_0_task_5   job_1_task_5   job_0_task_6   job_3_task_7   job_9_task_8   job_6_task_9   job_7_task_7   job_1_task_9   job_3_task_9   job_2_task_11  job_6_task_11  job_1_task_11  job_7_task_10  job_8_task_13  job_8_task_14  job_12_task_12 job_2_task_13  job_2_task_14  job_11_task_14 job_3_task_13  job_3_task_14  
           [0,4]          [4,12]         [12,17]        [17,23]        [23,24]        [24,27]        [27,29]        [29,30]        [33,34]        [34,41]        [41,48]        [48,55]        [59,66]        [77,83]        [85,94]        [102,104]      [104,111]      [111,118]      [119,120]      [120,121]      [121,125]      [125,135]      [135,136]      [136,141]      [141,148]      [148,153]      [153,157]      [157,164]      [164,166]      [166,170]      [170,173]      [173,180]      [180,187]      [187,189]      [189,195]      [195,196]      [196,198]      [198,200]      [219,222]      [222,227]      [227,233]      [233,234]      [234,241]      
Machine 2: job_12_task_0  job_5_task_1   job_5_task_2   job_2_task_1   job_11_task_2  job_5_task_3   job_4_task_3   job_6_task_3   job_0_task_0   job_0_task_1   job_4_task_4   job_9_task_2   job_5_task_4   job_5_task_5   job_12_task_4  job_12_task_5  job_8_task_5   job_8_task_6   job_1_task_2   job_6_task_5   job_4_task_6   job_7_task_3   job_0_task_4   job_3_task_5   job_9_task_6   job_11_task_7  job_10_task_9  job_11_task_8  job_0_task_7   job_1_task_7   job_10_task_10 job_7_task_8   job_12_task_10 job_9_task_10  job_0_task_12  job_9_task_11  job_2_task_12  job_4_task_13  job_3_task_12  job_7_task_11  job_7_task_12  job_12_task_14 
           [0,6]          [6,16]         [16,22]        [22,24]        [24,34]        [34,44]        [44,52]        [52,58]        [58,60]        [60,69]        [69,77]        [77,85]        [85,87]        [87,93]        [93,95]        [95,101]       [101,102]      [102,111]      [111,120]      [120,122]      [122,125]      [125,127]      [127,133]      [133,135]      [135,139]      [139,143]      [143,147]      [147,157]      [157,158]      [158,159]      [159,169]      [169,176]      [176,186]      [186,194]      [194,202]      [202,211]      [211,219]      [219,226]      [226,232]      [232,234]      [234,236]      [236,246]      
Machine 3: job_6_task_0   job_2_task_0   job_9_task_0   job_7_task_1   job_7_task_2   job_10_task_1  job_12_task_3  job_10_task_3  job_11_task_3  job_10_task_5  job_2_task_4   job_10_task_6  job_10_task_7  job_3_task_3   job_11_task_6  job_8_task_4   job_9_task_5   job_5_task_8   job_12_task_9  job_6_task_6   job_1_task_4   job_5_task_10  job_4_task_8   job_3_task_6   job_9_task_7   job_4_task_9   job_8_task_12  job_0_task_8   job_1_task_8   job_3_task_8   job_9_task_9   job_4_task_12  job_7_task_9   job_1_task_12  job_1_task_14  job_0_task_14  job_9_task_13  job_7_task_14  
           [0,5]          [5,8]          [8,11]         [11,16]        [16,21]        [21,24]        [28,35]        [35,40]        [40,48]        [48,50]        [50,59]        [59,65]        [65,72]        [72,77]        [77,86]        [86,87]        [99,101]       [111,116]      [116,122]      [122,125]      [125,128]      [128,133]      [133,141]      [141,144]      [144,147]      [147,152]      [152,161]      [161,164]      [164,165]      [165,169]      [169,173]      [173,177]      [177,182]      [189,198]      [203,210]      [213,220]      [220,221]      [241,244]      
Machine 4: job_1_task_0   job_7_task_0   job_6_task_2   job_12_task_2  job_10_task_2  job_4_task_1   job_4_task_2   job_2_task_3   job_3_task_1   job_1_task_1   job_3_task_2   job_11_task_5  job_2_task_6   job_0_task_3   job_5_task_6   job_12_task_8  job_8_task_7   job_8_task_8   job_5_task_9   job_8_task_11  job_5_task_11  job_6_task_8   job_1_task_6   job_7_task_6   job_5_task_13  job_11_task_9  job_4_task_11  job_6_task_10  job_0_task_11  job_3_task_10  job_11_task_10 job_10_task_12 job_11_task_11 job_6_task_12  job_0_task_13  job_11_task_12 job_12_task_13 job_6_task_13  job_10_task_14 job_5_task_14  job_9_task_14  
           [0,6]          [6,11]         [11,21]        [21,28]        [28,35]        [35,37]        [37,40]        [40,46]        [46,53]        [53,57]        [57,64]        [64,71]        [71,74]        [74,77]        [93,98]        [104,113]      [113,116]      [116,119]      [119,126]      [126,133]      [133,136]      [136,146]      [146,152]      [152,155]      [155,161]      [161,163]      [163,169]      [169,174]      [174,175]      [175,180]      [180,187]      [187,197]      [197,198]      [198,204]      [204,213]      [213,219]      [219,222]      [222,224]      [224,234]      [234,244]      [244,246]      
Optimal Schedule Length: 246.0
Total (Unoptimized Schedule Length): 1002
Statistics
  - conflicts: 0
  - branches : 0
  - wall time: 0.13940538200000002s