
Problem
         task_0   task_1   task_2   task_3   task_4   task_5   task_6   task_7   task_8   task_9 task_10  task_11  task_12  task_13  task_14  task_15 task_16  task_17
job_0    (0, 6)   (0, 9)   (0, 5)   (4, 5)   (4, 7)   (2, 5)   (0, 7)   (2, 3)   (0, 3)   (2, 9)  (0, 3)   (3, 2)   (0, 8)   (3, 2)   (3, 2)   (4, 6)  (2, 2)   (1, 4)
job_1    (4, 7)  (2, 10)   (0, 3)   (0, 6)  (3, 10)   (3, 1)  (4, 10)   (3, 3)   (3, 1)   (2, 6)  (2, 2)  (1, 10)   (1, 3)   (1, 3)   (0, 1)   (1, 7)  (2, 4)   (4, 9)
job_2    (3, 3)   (2, 8)   (0, 5)  (3, 10)   (3, 6)   (1, 8)   (2, 8)   (0, 7)   (3, 1)   (0, 9)  (1, 7)   (0, 3)   (0, 3)  (0, 10)   (3, 5)   (1, 1)  (3, 9)   (2, 4)
job_3    (0, 2)   (4, 6)   (3, 2)   (4, 4)   (4, 9)   (3, 5)   (4, 6)   (1, 8)   (4, 1)   (1, 4)  (0, 2)   (1, 1)   (1, 4)   (0, 8)   (1, 7)   (0, 5)  (3, 6)  (2, 10)
job_4    (3, 1)   (3, 8)   (1, 1)  (4, 10)   (1, 6)   (3, 8)   (1, 7)   (0, 3)   (0, 2)   (1, 6)  (0, 8)  (3, 10)   (3, 3)   (2, 5)   (0, 5)   (4, 8)  (3, 9)   (3, 8)
job_5    (0, 9)   (3, 8)   (0, 4)   (2, 3)   (2, 8)   (3, 9)   (4, 4)   (0, 5)   (3, 8)  (0, 10)  (4, 1)   (4, 4)   (4, 1)   (0, 8)   (1, 1)   (3, 1)  (2, 7)   (2, 5)
job_6   (0, 10)   (3, 2)  (1, 10)   (0, 7)   (4, 3)   (3, 9)   (4, 8)  (1, 10)  (2, 10)   (2, 1)  (1, 9)   (1, 4)   (2, 1)   (3, 6)   (4, 8)   (0, 1)  (2, 2)  (1, 10)
job_7    (3, 8)   (1, 3)  (0, 10)   (2, 1)   (1, 7)   (1, 2)  (1, 10)  (1, 10)   (4, 4)   (2, 5)  (2, 7)   (0, 9)   (4, 3)   (3, 9)   (3, 8)   (2, 1)  (3, 3)   (0, 9)
job_8    (4, 7)   (0, 4)   (1, 8)   (3, 9)   (1, 5)  (2, 10)   (4, 1)   (2, 8)   (4, 6)   (2, 7)  (4, 8)  (0, 10)   (4, 2)   (1, 1)   (3, 4)   (1, 4)  (0, 2)   (0, 8)
job_9    (3, 4)   (1, 2)   (1, 6)   (3, 6)   (2, 1)   (0, 3)   (1, 8)  (4, 10)   (0, 5)   (0, 4)  (2, 9)   (2, 7)   (4, 6)  (4, 10)   (0, 7)   (1, 4)  (3, 5)   (2, 7)
job_10   (4, 9)   (1, 9)   (4, 9)   (4, 8)   (1, 2)  (4, 10)   (3, 4)   (1, 7)   (4, 1)   (1, 7)  (0, 9)   (2, 8)   (2, 2)   (3, 1)   (4, 5)   (4, 6)  (2, 2)   (2, 7)
job_11   (4, 1)   (2, 1)   (4, 6)   (0, 9)   (1, 4)   (2, 7)   (1, 6)   (1, 9)   (3, 7)   (0, 9)  (2, 9)   (4, 6)   (0, 2)   (1, 8)  (3, 10)   (0, 2)  (1, 4)   (0, 9)
job_12   (4, 9)   (1, 1)   (1, 7)   (4, 2)   (0, 6)   (2, 4)   (2, 7)   (4, 2)   (2, 7)   (3, 9)  (0, 2)   (4, 6)   (1, 9)   (0, 7)   (3, 3)   (2, 8)  (2, 1)   (2, 3)
job_13   (4, 9)   (3, 1)   (2, 8)   (1, 3)  (1, 10)   (4, 5)   (1, 5)   (2, 7)   (3, 9)   (0, 6)  (0, 6)   (0, 6)   (0, 1)   (0, 3)  (1, 10)   (0, 6)  (2, 3)   (3, 1)
job_14   (1, 5)   (3, 8)   (1, 7)   (0, 6)   (0, 7)  (4, 10)   (1, 1)   (2, 1)   (3, 3)   (4, 9)  (3, 5)  (0, 10)   (2, 4)   (0, 6)   (0, 6)  (0, 10)  (0, 1)  (1, 10)
job_15   (3, 3)   (2, 4)   (4, 4)   (3, 5)   (2, 9)   (3, 3)  (3, 10)   (1, 7)   (1, 9)   (2, 4)  (1, 9)   (3, 4)  (2, 10)   (0, 8)   (0, 6)   (2, 2)  (4, 7)   (0, 4)


Solution:
Machine 0: job_0_task_0   job_6_task_0   job_0_task_1   job_0_task_2   job_5_task_0   job_8_task_1   job_7_task_2   job_3_task_0   job_14_task_3  job_11_task_3  job_9_task_5   job_14_task_4  job_6_task_3   job_0_task_6   job_2_task_2   job_1_task_2   job_1_task_3   job_5_task_2   job_4_task_7   job_4_task_8   job_12_task_4  job_4_task_10  job_9_task_8   job_9_task_9   job_14_task_11 job_2_task_7   job_14_task_13 job_14_task_14 job_14_task_15 job_2_task_9   job_11_task_9  job_5_task_7   job_0_task_8   job_2_task_11  job_14_task_16 job_9_task_14  job_5_task_9   job_13_task_9  job_13_task_10 job_13_task_11 job_12_task_10 job_7_task_11  job_3_task_10  job_10_task_10 job_11_task_12 job_5_task_13  job_3_task_13  job_8_task_11  job_4_task_14  job_2_task_12  job_2_task_13  job_11_task_15 job_0_task_10  job_6_task_15  job_11_task_17 job_0_task_12  job_15_task_13 job_13_task_12 job_12_task_13 job_13_task_13 job_15_task_14 job_1_task_14  job_3_task_15  job_8_task_16  job_8_task_17  job_15_task_17 job_13_task_15 job_7_task_17  
           [0,6]          [6,16]         [16,25]        [25,30]        [30,39]        [39,43]        [43,53]        [53,55]        [55,61]        [61,70]        [70,73]        [73,80]        [80,87]        [87,94]        [94,99]        [99,102]       [102,108]      [108,112]      [112,115]      [115,117]      [117,123]      [123,131]      [131,136]      [136,140]      [140,150]      [150,157]      [157,163]      [163,169]      [169,179]      [179,188]      [188,197]      [197,202]      [202,205]      [205,208]      [208,209]      [209,216]      [216,226]      [226,232]      [232,238]      [238,244]      [244,246]      [246,255]      [255,257]      [257,266]      [266,268]      [268,276]      [276,284]      [284,294]      [294,299]      [299,302]      [302,312]      [312,314]      [314,317]      [317,318]      [318,327]      [327,335]      [335,343]      [343,344]      [344,351]      [351,354]      [354,360]      [360,361]      [361,366]      [366,368]      [368,376]      [376,380]      [380,386]      [386,395]      
Machine 1: job_14_task_0  job_7_task_1   job_10_task_1  job_4_task_2   job_9_task_1   job_9_task_2   job_14_task_2  job_6_task_2   job_8_task_2   job_4_task_4   job_11_task_4  job_12_task_1  job_12_task_2  job_9_task_6   job_4_task_6   job_13_task_3  job_13_task_4  job_14_task_6  job_4_task_9   job_8_task_4   job_2_task_5   job_7_task_4   job_7_task_5   job_7_task_6   job_11_task_6  job_11_task_7  job_7_task_7   job_13_task_6  job_10_task_4  job_15_task_7  job_2_task_10  job_6_task_7   job_3_task_7   job_3_task_9   job_15_task_8  job_10_task_7  job_10_task_9  job_3_task_11  job_3_task_12  job_6_task_10  job_1_task_11  job_11_task_13 job_6_task_11  job_1_task_12  job_15_task_10 job_8_task_13  job_5_task_14  job_1_task_13  job_11_task_16 job_12_task_12 job_2_task_15  job_3_task_14  job_8_task_15  job_9_task_15  job_0_task_17  job_13_task_14 job_1_task_15  job_6_task_17  job_14_task_17 
           [1,6]          [9,12]         [14,23]        [25,26]        [29,31]        [31,37]        [37,44]        [44,54]        [54,62]        [65,71]        [71,75]        [78,79]        [80,87]        [87,95]        [95,102]       [102,105]      [105,115]      [115,116]      [117,123]      [125,130]      [130,138]      [138,145]      [145,147]      [147,157]      [157,163]      [163,172]      [172,182]      [182,187]      [187,189]      [189,196]      [196,203]      [203,213]      [213,221]      [228,232]      [232,241]      [241,248]      [249,256]      [257,258]      [258,262]      [262,271]      [271,281]      [281,289]      [289,293]      [294,297]      [297,306]      [306,307]      [307,308]      [308,311]      [314,318]      [318,327]      [327,328]      [328,335]      [335,339]      [348,352]      [352,356]      [356,366]      [366,373]      [374,384]      [384,394]      
Machine 2: job_11_task_1  job_15_task_1  job_2_task_1   job_15_task_4  job_9_task_4   job_7_task_3   job_0_task_5   job_13_task_2  job_11_task_5  job_1_task_1   job_5_task_3   job_14_task_7  job_5_task_4   job_12_task_5  job_12_task_6  job_2_task_6   job_14_task_12 job_9_task_10  job_8_task_5   job_9_task_11  job_8_task_7   job_0_task_7   job_11_task_10 job_13_task_7  job_12_task_8  job_7_task_9   job_6_task_8   job_7_task_10  job_6_task_9   job_8_task_9   job_1_task_9   job_1_task_10  job_15_task_9  job_0_task_9   job_10_task_11 job_10_task_12 job_4_task_13  job_7_task_15  job_6_task_12  job_15_task_12 job_5_task_16  job_10_task_16 job_10_task_17 job_5_task_17  job_2_task_17  job_0_task_16  job_12_task_15 job_15_task_15 job_9_task_17  job_6_task_16  job_1_task_16  job_3_task_17  job_13_task_16 job_12_task_16 job_12_task_17 
           [2,3]          [13,17]        [17,25]        [44,53]        [53,54]        [54,55]        [59,64]        [64,72]        [75,82]        [82,92]        [112,115]      [116,117]      [117,125]      [125,129]      [129,136]      [140,148]      [150,154]      [154,163]      [163,173]      [173,180]      [180,188]      [188,191]      [197,206]      [206,213]      [215,222]      [222,227]      [227,237]      [237,244]      [244,245]      [245,252]      [252,258]      [258,260]      [260,264]      [264,273]      [274,282]      [283,285]      [285,290]      [290,291]      [293,294]      [310,320]      [320,327]      [327,329]      [329,336]      [336,341]      [341,345]      [350,352]      [355,363]      [363,365]      [365,372]      [372,374]      [374,378]      [378,388]      [388,391]      [391,392]      [392,395]      
Machine 3: job_7_task_0   job_4_task_0   job_15_task_0  job_2_task_0   job_4_task_1   job_9_task_0   job_14_task_1  job_6_task_1   job_15_task_3  job_9_task_3   job_13_task_1  job_5_task_1   job_8_task_3   job_15_task_5  job_3_task_2   job_4_task_5   job_15_task_6  job_2_task_3   job_14_task_8  job_2_task_4   job_3_task_5   job_14_task_10 job_5_task_5   job_6_task_5   job_2_task_8   job_1_task_4   job_1_task_5   job_11_task_8  job_5_task_8   job_13_task_8  job_12_task_9  job_10_task_6  job_1_task_7   job_1_task_8   job_4_task_11  job_4_task_12  job_7_task_13  job_7_task_14  job_11_task_14 job_6_task_13  job_10_task_13 job_15_task_11 job_5_task_15  job_4_task_16  job_0_task_11  job_2_task_14  job_8_task_14  job_2_task_16  job_0_task_13  job_0_task_14  job_7_task_16  job_12_task_14 job_9_task_16  job_4_task_17  job_3_task_16  job_13_task_17 
           [1,9]          [9,10]         [10,13]        [14,17]        [17,25]        [25,29]        [29,37]        [37,39]        [39,44]        [44,50]        [59,60]        [60,68]        [68,77]        [78,81]        [81,83]        [83,91]        [97,107]       [107,117]      [117,120]      [120,126]      [126,131]      [134,139]      [139,148]      [148,157]      [157,158]      [158,168]      [168,169]      [172,179]      [208,216]      [216,225]      [225,234]      [234,238]      [238,241]      [241,242]      [242,252]      [252,255]      [271,280]      [280,288]      [289,299]      [299,305]      [305,306]      [306,310]      [310,311]      [311,320]      [320,322]      [322,327]      [327,331]      [331,340]      [340,342]      [342,344]      [344,347]      [352,355]      [355,360]      [360,368]      [368,374]      [394,395]      
Machine 4: job_11_task_0  job_10_task_0  job_11_task_2  job_8_task_0   job_15_task_2  job_13_task_0  job_4_task_3   job_0_task_3   job_0_task_4   job_12_task_0  job_3_task_1   job_1_task_0   job_10_task_2  job_3_task_3   job_12_task_3  job_3_task_4   job_14_task_5  job_9_task_7   job_14_task_9  job_6_task_4   job_10_task_3  job_13_task_5  job_6_task_6   job_3_task_6   job_8_task_6   job_9_task_12  job_5_task_6   job_12_task_7  job_8_task_8   job_9_task_13  job_7_task_8   job_10_task_5  job_3_task_8   job_5_task_10  job_1_task_6   job_11_task_11 job_10_task_8  job_12_task_11 job_8_task_10  job_5_task_11  job_5_task_12  job_7_task_12  job_8_task_12  job_4_task_15  job_6_task_14  job_10_task_14 job_10_task_15 job_0_task_15  job_15_task_16 job_1_task_17  
           [1,2]          [2,11]         [11,17]        [17,24]        [24,28]        [28,37]        [37,47]        [47,52]        [52,59]        [59,68]        [68,74]        [74,81]        [81,90]        [90,94]        [94,96]        [96,105]       [105,115]      [115,125]      [125,134]      [134,137]      [137,145]      [145,150]      [157,165]      [165,171]      [173,174]      [180,186]      [186,190]      [191,193]      [193,199]      [199,209]      [209,213]      [213,223]      [223,224]      [227,228]      [228,238]      [238,244]      [248,249]      [249,255]      [255,263]      [263,267]      [267,268]      [268,271]      [294,296]      [299,307]      [307,315]      [315,320]      [320,326]      [344,350]      [365,372]      [378,387]      
Optimal Schedule Length: 395.0
Total (Unoptimized Schedule Length): 1637
Statistics
  - conflicts: 0
  - branches : 73
  - wall time: 1.373029781s