
Problem
         task_0   task_1  task_2   task_3   task_4   task_5   task_6   task_7   task_8   task_9  task_10  task_11 task_12  task_13  task_14  task_15  task_16  task_17  task_18
job_0    (0, 5)   (2, 7)  (1, 7)   (2, 7)   (2, 4)   (0, 5)   (2, 3)   (1, 4)   (0, 5)   (2, 3)   (1, 3)   (0, 9)  (2, 3)   (0, 5)   (2, 2)   (1, 6)   (3, 3)  (3, 10)   (1, 7)
job_1   (0, 10)   (0, 8)  (0, 3)   (2, 3)   (3, 8)   (0, 8)   (2, 6)   (1, 8)   (1, 3)   (0, 9)   (3, 7)   (0, 6)  (0, 9)   (0, 9)   (0, 3)   (1, 8)   (1, 8)   (1, 8)   (3, 2)
job_2    (0, 6)   (0, 6)  (2, 5)  (1, 10)   (0, 8)   (0, 7)   (0, 2)   (1, 3)   (1, 1)   (0, 2)   (3, 5)   (1, 2)  (3, 6)   (1, 1)   (1, 6)   (2, 3)   (3, 8)   (2, 9)   (0, 8)
job_3    (1, 1)   (1, 8)  (1, 8)  (2, 10)   (2, 3)  (1, 10)  (0, 10)   (1, 5)   (3, 9)   (3, 7)   (3, 9)   (3, 4)  (0, 5)   (3, 2)   (0, 3)  (0, 10)   (3, 8)   (3, 3)  (3, 10)
job_4    (0, 3)   (2, 6)  (1, 5)   (1, 3)   (0, 8)   (2, 2)   (1, 6)   (0, 5)   (3, 4)   (3, 6)  (2, 10)   (1, 9)  (2, 3)   (0, 6)   (2, 7)   (1, 6)  (2, 10)   (1, 8)   (0, 6)
job_5    (0, 9)   (2, 7)  (1, 9)   (0, 4)   (3, 2)   (1, 9)   (1, 5)   (2, 8)   (0, 1)   (3, 8)   (2, 4)   (2, 1)  (1, 1)   (2, 3)   (3, 7)   (0, 8)   (2, 8)  (0, 10)   (1, 5)
job_6    (0, 5)   (3, 3)  (1, 2)   (1, 5)   (0, 1)   (3, 5)   (3, 7)   (3, 2)   (1, 6)   (2, 8)   (3, 4)  (0, 10)  (0, 7)   (1, 9)   (2, 5)   (0, 7)   (2, 7)   (1, 8)   (2, 6)
job_7    (1, 4)   (1, 3)  (1, 6)   (0, 6)   (0, 8)   (0, 5)   (3, 7)   (1, 4)   (0, 9)  (1, 10)   (2, 1)   (1, 6)  (3, 6)   (2, 6)  (2, 10)   (3, 6)   (1, 2)   (0, 2)  (2, 10)
job_8    (0, 3)   (1, 3)  (2, 9)   (2, 4)   (0, 8)   (1, 3)   (1, 5)   (2, 1)   (3, 5)  (2, 10)   (0, 7)   (2, 6)  (0, 2)   (3, 9)   (1, 3)   (0, 1)   (2, 8)   (2, 9)   (2, 1)
job_9    (0, 2)   (0, 2)  (0, 8)   (2, 6)   (0, 8)   (1, 9)   (3, 9)   (3, 6)   (1, 1)   (2, 3)  (0, 10)   (1, 8)  (2, 5)   (1, 7)   (2, 4)   (2, 5)   (1, 9)   (1, 5)   (3, 7)
job_10   (3, 4)  (0, 10)  (0, 6)   (2, 1)   (1, 3)   (1, 7)   (3, 5)   (1, 3)   (3, 6)  (3, 10)   (3, 8)  (0, 10)  (3, 5)  (0, 10)  (0, 10)  (1, 10)   (1, 5)   (0, 1)   (3, 9)
job_11   (2, 4)   (1, 7)  (2, 9)   (2, 6)   (2, 7)   (3, 3)   (1, 7)   (1, 8)   (1, 6)  (3, 10)   (1, 9)   (0, 7)  (3, 6)   (2, 4)  (3, 10)   (2, 9)   (0, 4)   (3, 7)   (3, 9)
job_12   (3, 5)   (2, 3)  (1, 1)   (2, 8)  (1, 10)   (3, 7)   (1, 3)   (0, 4)   (2, 2)   (0, 4)   (1, 2)   (2, 2)  (2, 3)   (3, 3)   (0, 4)   (0, 1)  (0, 10)   (2, 2)   (0, 1)
job_13   (0, 8)   (2, 5)  (1, 5)   (3, 3)   (0, 2)   (3, 5)   (2, 2)   (0, 3)   (2, 6)   (0, 3)   (1, 3)  (2, 10)  (3, 8)   (2, 1)   (3, 4)   (0, 8)  (3, 10)  (3, 10)   (2, 6)
job_14   (3, 6)   (2, 1)  (1, 5)   (0, 3)   (2, 7)   (1, 3)  (3, 10)  (1, 10)   (1, 6)   (3, 1)   (3, 3)   (1, 7)  (2, 2)  (1, 10)   (3, 2)   (2, 5)   (0, 7)   (0, 2)   (0, 3)
job_15   (2, 7)   (1, 4)  (1, 3)  (0, 10)   (0, 7)   (1, 4)   (1, 1)   (0, 4)  (2, 10)   (0, 6)   (2, 1)   (2, 4)  (1, 7)   (3, 8)   (1, 2)   (1, 7)   (1, 2)   (0, 1)   (2, 1)
job_16   (2, 1)   (3, 3)  (2, 9)   (3, 2)   (3, 5)   (1, 3)   (0, 1)   (0, 2)   (0, 9)   (3, 9)   (2, 3)   (1, 2)  (2, 2)   (2, 5)   (2, 7)   (0, 9)   (3, 3)   (0, 7)   (3, 2)
job_17   (2, 7)   (2, 4)  (1, 5)   (0, 6)   (2, 1)  (1, 10)   (3, 8)   (2, 1)   (3, 9)   (1, 8)   (0, 2)  (1, 10)  (2, 7)   (0, 4)   (3, 9)   (3, 7)   (2, 9)   (2, 1)   (1, 8)
job_18  (2, 10)   (1, 8)  (1, 3)   (0, 5)   (3, 1)  (1, 10)   (3, 9)   (0, 8)  (1, 10)   (2, 4)   (3, 9)   (3, 6)  (3, 1)  (2, 10)   (2, 4)   (3, 1)   (3, 3)   (0, 6)   (1, 5)
job_19   (2, 2)   (2, 1)  (0, 7)   (1, 9)   (3, 7)   (2, 4)   (1, 4)   (1, 1)   (2, 2)   (1, 3)   (0, 6)   (3, 8)  (3, 8)   (1, 7)   (1, 6)   (1, 9)   (1, 2)   (2, 1)   (2, 7)


Solution:
Machine 0: job_1_task_0   job_10_task_1  job_1_task_1   job_9_task_0   job_4_task_0   job_9_task_1   job_9_task_2   job_10_task_2  job_5_task_0   job_1_task_2   job_6_task_0   job_13_task_0  job_17_task_3  job_0_task_0   job_2_task_0   job_7_task_3   job_8_task_0   job_4_task_4   job_6_task_4   job_1_task_5   job_9_task_4   job_18_task_3  job_2_task_1   job_7_task_4   job_19_task_2  job_3_task_6   job_5_task_3   job_7_task_5   job_13_task_4  job_14_task_3  job_4_task_7   job_8_task_4   job_13_task_7  job_0_task_5   job_18_task_7  job_2_task_4   job_13_task_9  job_15_task_3  job_15_task_4  job_2_task_5   job_1_task_9   job_7_task_8   job_2_task_6   job_5_task_8   job_10_task_11 job_17_task_10 job_6_task_11  job_16_task_6  job_16_task_7  job_9_task_10  job_16_task_8  job_0_task_8   job_11_task_11 job_1_task_11  job_6_task_12  job_1_task_12  job_19_task_10 job_8_task_10  job_10_task_13 job_15_task_7  job_2_task_9   job_4_task_13  job_0_task_11  job_3_task_12  job_15_task_9  job_17_task_13 job_12_task_7  job_1_task_13  job_10_task_14 job_3_task_14  job_13_task_15 job_8_task_12  job_0_task_13  job_12_task_9  job_5_task_15  job_3_task_15  job_1_task_14  job_6_task_15  job_16_task_15 job_11_task_16 job_8_task_15  job_12_task_14 job_12_task_15 job_12_task_16 job_5_task_17  job_10_task_17 job_7_task_17  job_14_task_16 job_18_task_17 job_16_task_17 job_2_task_18  job_4_task_18  job_14_task_17 job_14_task_18 job_12_task_18 job_15_task_17 
           [0,10]         [10,20]        [20,28]        [28,30]        [30,33]        [33,35]        [35,43]        [43,49]        [49,58]        [58,61]        [61,66]        [66,74]        [74,80]        [80,85]        [85,91]        [91,97]        [97,100]       [100,108]      [108,109]      [109,117]      [117,125]      [125,130]      [130,136]      [136,144]      [144,151]      [151,161]      [161,165]      [165,170]      [170,172]      [172,175]      [175,180]      [180,188]      [188,191]      [191,196]      [196,204]      [204,212]      [212,215]      [215,225]      [225,232]      [232,239]      [239,248]      [248,257]      [257,259]      [259,260]      [260,270]      [270,272]      [272,282]      [282,283]      [283,285]      [285,295]      [295,304]      [304,309]      [309,316]      [316,322]      [322,329]      [329,338]      [338,344]      [344,351]      [351,361]      [361,365]      [365,367]      [367,373]      [373,382]      [382,387]      [387,393]      [393,397]      [397,401]      [401,410]      [410,420]      [420,423]      [423,431]      [431,433]      [433,438]      [438,442]      [442,450]      [450,460]      [460,463]      [463,470]      [470,479]      [479,483]      [484,485]      [486,490]      [490,491]      [491,501]      [501,511]      [515,516]      [517,519]      [526,533]      [533,539]      [539,546]      [546,554]      [554,560]      [560,562]      [562,565]      [577,578]      [579,580]      
Machine 1: job_3_task_0   job_3_task_1   job_11_task_1  job_3_task_2   job_7_task_0   job_7_task_1   job_7_task_2   job_18_task_1  job_4_task_2   job_17_task_2  job_4_task_3   job_18_task_2  job_11_task_6  job_10_task_4  job_6_task_2   job_10_task_5  job_6_task_3   job_3_task_5   job_13_task_2  job_8_task_1   job_5_task_2   job_17_task_5  job_11_task_7  job_9_task_5   job_10_task_7  job_14_task_2  job_4_task_6   job_0_task_2   job_18_task_5  job_19_task_3  job_15_task_1  job_11_task_8  job_2_task_3   job_1_task_7   job_15_task_2  job_5_task_5   job_6_task_8   job_3_task_7   job_1_task_8   job_7_task_7   job_14_task_5  job_8_task_5   job_5_task_6   job_12_task_2  job_8_task_6   job_17_task_9  job_11_task_10 job_9_task_8   job_16_task_5  job_19_task_6  job_19_task_7  job_13_task_10 job_0_task_7   job_18_task_8  job_7_task_9   job_15_task_5  job_14_task_7  job_12_task_4  job_19_task_9  job_4_task_11  job_17_task_11 job_15_task_6  job_2_task_7   job_2_task_8   job_9_task_11  job_0_task_10  job_7_task_11  job_14_task_8  job_2_task_11  job_5_task_12  job_6_task_13  job_12_task_6  job_14_task_11 job_16_task_11 job_9_task_13  job_2_task_13  job_2_task_14  job_19_task_13 job_4_task_15  job_14_task_13 job_12_task_10 job_15_task_12 job_19_task_14 job_0_task_15  job_1_task_15  job_10_task_15 job_8_task_14  job_9_task_16  job_19_task_15 job_1_task_16  job_10_task_16 job_7_task_16  job_4_task_17  job_6_task_17  job_15_task_14 job_9_task_17  job_15_task_15 job_19_task_16 job_1_task_17  job_17_task_18 job_0_task_18  job_18_task_18 job_15_task_16 job_5_task_18  
           [0,1]          [1,9]          [9,16]         [16,24]        [24,28]        [28,31]        [31,37]        [37,45]        [45,50]        [50,55]        [55,58]        [58,61]        [61,68]        [68,71]        [71,73]        [73,80]        [80,85]        [85,95]        [95,100]       [100,103]      [103,112]      [112,122]      [122,130]      [130,139]      [139,142]      [142,147]      [147,153]      [153,160]      [160,170]      [170,179]      [179,183]      [183,189]      [189,199]      [199,207]      [207,210]      [210,219]      [219,225]      [225,230]      [230,233]      [233,237]      [237,240]      [240,243]      [243,248]      [248,249]      [249,254]      [254,262]      [262,271]      [271,272]      [272,275]      [275,279]      [279,280]      [280,283]      [283,287]      [287,297]      [297,307]      [307,311]      [311,321]      [321,331]      [331,334]      [334,343]      [343,353]      [353,354]      [354,357]      [357,358]      [358,366]      [366,369]      [369,375]      [375,381]      [381,383]      [383,384]      [384,393]      [393,396]      [396,403]      [403,405]      [405,412]      [412,413]      [413,419]      [419,426]      [426,432]      [432,442]      [442,444]      [444,451]      [451,457]      [457,463]      [463,471]      [471,481]      [481,484]      [484,493]      [493,502]      [502,510]      [510,515]      [515,517]      [517,525]      [525,533]      [533,535]      [535,540]      [540,547]      [547,549]      [549,557]      [557,565]      [565,572]      [572,577]      [577,579]      [579,584]      
Machine 2: job_11_task_0  job_17_task_0  job_18_task_0  job_11_task_2  job_11_task_3  job_4_task_1   job_17_task_1  job_11_task_4  job_3_task_3   job_1_task_3   job_10_task_3  job_9_task_3   job_5_task_1   job_3_task_4   job_17_task_4  job_19_task_0  job_13_task_1  job_0_task_1   job_19_task_1  job_15_task_0  job_8_task_2   job_14_task_1  job_4_task_5   job_16_task_0  job_8_task_3   job_16_task_2  job_1_task_6   job_2_task_2   job_17_task_7  job_12_task_1  job_0_task_3   job_0_task_4   job_14_task_4  job_13_task_6  job_13_task_8  job_0_task_6   job_19_task_5  job_6_task_9   job_4_task_10  job_5_task_7   job_12_task_3  job_8_task_7   job_9_task_9   job_8_task_9   job_19_task_8  job_13_task_11 job_18_task_9  job_5_task_10  job_5_task_11  job_7_task_10  job_0_task_9   job_16_task_10 job_11_task_13 job_13_task_13 job_4_task_12  job_8_task_11  job_17_task_12 job_15_task_8  job_9_task_12  job_4_task_14  job_5_task_13  job_0_task_12  job_7_task_13  job_15_task_10 job_6_task_14  job_12_task_8  job_16_task_12 job_16_task_13 job_15_task_11 job_14_task_12 job_9_task_14  job_7_task_14  job_11_task_15 job_18_task_13 job_0_task_14  job_2_task_15  job_16_task_14 job_12_task_11 job_9_task_15  job_12_task_12 job_4_task_16  job_5_task_16  job_6_task_16  job_18_task_14 job_8_task_16  job_17_task_16 job_14_task_15 job_2_task_17  job_8_task_17  job_7_task_18  job_17_task_17 job_19_task_17 job_19_task_18 job_13_task_18 job_6_task_18  job_12_task_17 job_8_task_18  job_15_task_18 
           [0,4]          [4,11]         [11,21]        [21,30]        [30,36]        [36,42]        [42,46]        [46,53]        [53,63]        [63,66]        [66,67]        [67,73]        [73,80]        [80,83]        [83,84]        [84,86]        [86,91]        [91,98]        [98,99]        [99,106]       [106,115]      [115,116]      [116,118]      [118,119]      [119,123]      [123,132]      [132,138]      [138,143]      [143,144]      [144,147]      [160,167]      [167,171]      [175,182]      [182,184]      [191,197]      [197,200]      [204,208]      [225,233]      [233,243]      [248,256]      [256,264]      [264,265]      [272,275]      [276,286]      [286,288]      [288,298]      [298,302]      [302,306]      [306,307]      [307,308]      [309,312]      [321,324]      [327,331]      [335,336]      [343,346]      [351,357]      [357,364]      [365,375]      [375,380]      [380,387]      [387,390]      [390,393]      [393,399]      [399,400]      [400,405]      [405,407]      [407,409]      [409,414]      [414,418]      [418,420]      [420,424]      [424,434]      [434,443]      [443,453]      [453,455]      [455,458]      [458,465]      [465,467]      [467,472]      [472,475]      [475,485]      [485,493]      [493,500]      [500,504]      [504,512]      [512,521]      [521,526]      [526,535]      [535,544]      [544,554]      [554,555]      [555,556]      [556,563]      [563,569]      [569,575]      [575,577]      [577,578]      [580,581]      
Machine 3: job_10_task_0  job_14_task_0  job_12_task_0  job_11_task_5  job_6_task_1   job_1_task_4   job_10_task_6  job_13_task_3  job_6_task_5   job_16_task_1  job_17_task_6  job_18_task_4  job_6_task_6   job_6_task_7   job_16_task_3  job_10_task_8  job_9_task_6   job_10_task_9  job_5_task_4   job_13_task_5  job_7_task_6   job_18_task_6  job_4_task_8   job_19_task_4  job_11_task_9  job_17_task_8  job_4_task_9   job_9_task_7   job_3_task_8   job_16_task_4  job_10_task_10 job_14_task_6  job_6_task_10  job_8_task_8   job_3_task_9   job_1_task_10  job_5_task_9   job_3_task_10  job_10_task_12 job_16_task_9  job_11_task_12 job_13_task_12 job_12_task_5  job_3_task_11  job_19_task_11 job_18_task_10 job_19_task_12 job_2_task_10  job_7_task_12  job_14_task_9  job_14_task_10 job_2_task_12  job_11_task_14 job_13_task_14 job_5_task_14  job_3_task_13  job_18_task_11 job_17_task_14 job_18_task_12 job_13_task_16 job_8_task_13  job_17_task_15 job_14_task_14 job_2_task_16  job_3_task_16  job_15_task_13 job_12_task_13 job_0_task_16  job_7_task_15  job_0_task_17  job_11_task_17 job_13_task_17 job_18_task_15 job_18_task_16 job_3_task_17  job_16_task_16 job_3_task_18  job_10_task_18 job_11_task_18 job_9_task_18  job_1_task_18  job_16_task_18 
           [0,4]          [4,10]         [10,15]        [53,56]        [66,69]        [69,77]        [80,85]        [100,103]      [109,114]      [119,122]      [122,130]      [130,131]      [131,138]      [138,140]      [140,142]      [142,148]      [148,157]      [157,167]      [167,169]      [172,177]      [177,184]      [184,193]      [193,197]      [197,204]      [204,214]      [214,223]      [223,229]      [229,235]      [235,244]      [244,249]      [249,257]      [257,267]      [267,271]      [271,276]      [276,283]      [283,290]      [290,298]      [298,307]      [307,312]      [312,321]      [321,327]      [327,335]      [335,342]      [342,346]      [346,354]      [354,363]      [363,371]      [371,376]      [376,382]      [382,383]      [383,386]      [386,392]      [392,402]      [402,406]      [406,413]      [413,415]      [415,421]      [421,430]      [430,431]      [431,441]      [441,450]      [450,457]      [457,459]      [459,467]      [467,475]      [475,483]      [483,486]      [486,489]      [489,495]      [495,505]      [505,512]      [512,522]      [522,523]      [523,526]      [526,529]      [529,532]      [532,542]      [542,551]      [551,560]      [560,567]      [567,569]      [569,571]      
Optimal Schedule Length: 584.0
Total (Unoptimized Schedule Length): 2119
Statistics
  - conflicts: 0
  - branches : 21
  - wall time: 1.06564772s