
Problem
         task_0   task_1  task_2   task_3   task_4  task_5  task_6   task_7   task_8   task_9  task_10  task_11  task_12  task_13 task_14 task_15
job_0    (0, 7)   (2, 9)  (0, 3)  (0, 10)   (1, 3)  (1, 4)  (2, 2)   (0, 9)   (1, 3)   (1, 9)   (0, 8)  (2, 10)   (1, 3)   (2, 8)  (0, 6)  (1, 6)
job_1    (0, 5)   (2, 9)  (1, 9)   (1, 9)   (1, 1)  (0, 4)  (0, 7)   (1, 5)   (1, 2)   (2, 8)   (0, 6)   (2, 8)   (0, 4)   (1, 2)  (0, 7)  (2, 5)
job_2    (2, 7)   (0, 4)  (1, 9)   (2, 5)   (1, 8)  (0, 5)  (0, 7)   (2, 9)   (1, 8)   (0, 9)   (0, 9)   (0, 8)   (1, 9)   (0, 3)  (1, 8)  (0, 9)
job_3    (2, 9)   (2, 9)  (1, 8)   (2, 6)   (0, 6)  (0, 7)  (1, 7)   (0, 6)   (2, 7)   (2, 3)   (0, 7)   (2, 5)   (1, 1)   (2, 6)  (2, 5)  (1, 4)
job_4    (1, 1)   (2, 9)  (0, 3)  (1, 10)   (2, 5)  (0, 9)  (1, 7)   (1, 7)   (0, 8)   (0, 3)   (1, 3)   (0, 6)   (1, 6)  (0, 10)  (1, 2)  (2, 1)
job_5    (0, 4)   (1, 5)  (1, 6)   (2, 4)   (1, 3)  (0, 3)  (0, 2)  (1, 10)   (0, 8)   (0, 7)   (1, 9)   (0, 8)   (0, 2)   (1, 7)  (1, 4)  (0, 9)
job_6    (1, 4)   (1, 7)  (2, 9)   (0, 8)  (1, 10)  (0, 3)  (1, 3)   (0, 3)  (2, 10)  (0, 10)   (0, 1)   (1, 9)   (2, 8)   (1, 8)  (2, 6)  (2, 5)
job_7    (2, 8)   (2, 2)  (1, 9)   (0, 8)   (1, 9)  (0, 7)  (1, 6)   (1, 9)   (0, 9)   (2, 7)   (0, 9)   (0, 1)  (0, 10)   (2, 3)  (1, 4)  (2, 1)
job_8    (0, 1)  (0, 10)  (0, 1)   (2, 1)   (0, 5)  (1, 4)  (2, 1)   (1, 4)   (2, 1)  (1, 10)  (0, 10)   (1, 8)   (1, 4)  (0, 10)  (1, 4)  (1, 2)
job_9    (0, 3)   (2, 7)  (0, 3)   (0, 3)   (1, 5)  (1, 2)  (1, 1)   (2, 7)   (2, 3)   (2, 3)   (0, 8)   (1, 4)   (2, 1)  (2, 10)  (0, 2)  (2, 8)
job_10   (0, 4)   (1, 4)  (0, 9)   (0, 6)   (2, 6)  (0, 5)  (1, 9)   (2, 4)   (0, 3)   (2, 7)  (2, 10)   (0, 8)   (1, 8)   (2, 1)  (0, 5)  (2, 5)
job_11   (2, 7)   (1, 3)  (2, 2)   (2, 4)   (2, 9)  (0, 3)  (2, 1)   (1, 8)   (2, 9)   (2, 3)   (0, 9)   (1, 7)   (1, 5)   (0, 9)  (2, 7)  (1, 3)
job_12  (0, 10)   (1, 9)  (1, 2)   (2, 6)   (0, 5)  (0, 5)  (0, 6)   (1, 3)   (1, 4)   (0, 9)  (1, 10)   (0, 2)   (0, 4)   (2, 9)  (1, 1)  (0, 3)


Solution:
Machine 0: job_0_task_0   job_2_task_1   job_10_task_0  job_5_task_0   job_1_task_0   job_12_task_0  job_10_task_2  job_2_task_5   job_6_task_3   job_0_task_2   job_7_task_3   job_0_task_3   job_4_task_2   job_2_task_6   job_10_task_3  job_8_task_0   job_8_task_1   job_9_task_0   job_6_task_5   job_8_task_2   job_7_task_5   job_5_task_5   job_5_task_6   job_10_task_5  job_11_task_5  job_3_task_4   job_4_task_5   job_8_task_4   job_0_task_7   job_12_task_4  job_9_task_2   job_6_task_7   job_1_task_5   job_3_task_5   job_9_task_3   job_12_task_5  job_2_task_9   job_1_task_6   job_5_task_8   job_12_task_6  job_10_task_8  job_6_task_9   job_5_task_9   job_2_task_10  job_3_task_7   job_7_task_8   job_0_task_10  job_11_task_10 job_4_task_8   job_12_task_9  job_8_task_10  job_6_task_10  job_2_task_11  job_9_task_10  job_1_task_10  job_4_task_9   job_5_task_11  job_3_task_10  job_7_task_10  job_10_task_11 job_4_task_11  job_5_task_12  job_2_task_13  job_7_task_11  job_12_task_11 job_11_task_13 job_1_task_12  job_7_task_12  job_12_task_12 job_8_task_13  job_4_task_13  job_0_task_14  job_1_task_14  job_9_task_14  job_10_task_14 job_2_task_15  job_5_task_15  job_12_task_15 
           [0,7]          [7,11]         [11,15]        [15,19]        [19,24]        [24,34]        [34,43]        [43,48]        [48,56]        [56,59]        [59,67]        [67,77]        [77,80]        [80,87]        [87,93]        [93,94]        [94,104]       [104,107]      [107,110]      [110,111]      [111,118]      [118,121]      [121,123]      [123,128]      [128,131]      [131,137]      [137,146]      [146,151]      [151,160]      [160,165]      [165,168]      [168,171]      [171,175]      [175,182]      [182,185]      [185,190]      [190,199]      [199,206]      [206,214]      [214,220]      [220,223]      [223,233]      [233,240]      [240,249]      [249,255]      [255,264]      [264,272]      [272,281]      [281,289]      [289,298]      [298,308]      [308,309]      [309,317]      [317,325]      [325,331]      [331,334]      [334,342]      [342,349]      [349,358]      [358,366]      [366,372]      [372,374]      [374,377]      [377,378]      [378,380]      [380,389]      [389,393]      [393,403]      [403,407]      [407,417]      [417,427]      [427,433]      [433,440]      [440,442]      [442,447]      [447,456]      [456,465]      [465,468]      
Machine 1: job_6_task_0   job_6_task_1   job_2_task_2   job_4_task_0   job_10_task_1  job_5_task_1   job_2_task_4   job_7_task_2   job_5_task_2   job_12_task_1  job_11_task_1  job_6_task_4   job_3_task_2   job_1_task_2   job_4_task_3   job_7_task_4   job_5_task_4   job_0_task_4   job_12_task_2  job_0_task_5   job_1_task_3   job_5_task_7   job_6_task_6   job_2_task_8   job_11_task_7  job_10_task_6  job_1_task_4   job_7_task_6   job_8_task_5   job_0_task_8   job_4_task_6   job_9_task_4   job_8_task_7   job_7_task_7   job_3_task_6   job_0_task_9   job_9_task_5   job_8_task_9   job_9_task_6   job_1_task_7   job_4_task_7   job_12_task_7  job_1_task_8   job_12_task_8  job_5_task_10  job_11_task_11 job_11_task_12 job_0_task_12  job_12_task_10 job_8_task_11  job_6_task_11  job_2_task_12  job_4_task_10  job_9_task_11  job_8_task_12  job_6_task_13  job_3_task_12  job_10_task_12 job_5_task_13  job_4_task_12  job_2_task_14  job_1_task_13  job_5_task_14  job_3_task_15  job_11_task_15 job_7_task_14  job_12_task_14 job_8_task_14  job_8_task_15  job_4_task_14  job_0_task_15  
           [0,4]          [4,11]         [11,20]        [20,21]        [21,25]        [25,30]        [30,38]        [38,47]        [47,53]        [53,62]        [62,65]        [65,75]        [75,83]        [83,92]        [92,102]       [102,111]      [111,114]      [114,117]      [117,119]      [119,123]      [123,132]      [132,142]      [142,145]      [145,153]      [153,161]      [161,170]      [170,171]      [171,177]      [177,181]      [181,184]      [184,191]      [191,196]      [196,200]      [200,209]      [209,216]      [216,225]      [225,227]      [227,237]      [237,238]      [238,243]      [243,250]      [250,253]      [253,255]      [255,259]      [259,268]      [281,288]      [288,293]      [293,296]      [298,308]      [308,316]      [316,325]      [325,334]      [334,337]      [337,341]      [341,345]      [345,353]      [357,358]      [366,374]      [374,381]      [381,387]      [387,395]      [395,397]      [397,401]      [401,405]      [405,408]      [408,412]      [416,417]      [417,421]      [421,423]      [427,429]      [433,439]      
Machine 2: job_2_task_0   job_7_task_0   job_3_task_0   job_2_task_3   job_7_task_1   job_6_task_2   job_0_task_1   job_11_task_0  job_4_task_1   job_3_task_1   job_1_task_1   job_11_task_2  job_11_task_3  job_5_task_3   job_11_task_4  job_2_task_7   job_10_task_4  job_3_task_3   job_4_task_4   job_12_task_3  job_9_task_1   job_8_task_3   job_0_task_6   job_11_task_6  job_11_task_8  job_10_task_7  job_6_task_8   job_8_task_6   job_11_task_9  job_8_task_8   job_10_task_9  job_10_task_10 job_9_task_7   job_9_task_8   job_9_task_9   job_1_task_9   job_3_task_8   job_7_task_9   job_0_task_11  job_3_task_9   job_0_task_13  job_6_task_12  job_1_task_11  job_9_task_12  job_9_task_13  job_3_task_11  job_6_task_14  job_3_task_13  job_3_task_14  job_10_task_13 job_6_task_15  job_11_task_14 job_7_task_13  job_12_task_13 job_7_task_15  job_4_task_15  job_1_task_15  job_9_task_15  job_10_task_15 
           [0,7]          [7,15]         [15,24]        [24,29]        [29,31]        [31,40]        [40,49]        [49,56]        [56,65]        [65,74]        [74,83]        [83,85]        [85,89]        [89,93]        [93,102]       [102,111]      [111,117]      [117,123]      [123,128]      [128,134]      [134,141]      [141,142]      [142,144]      [144,145]      [161,170]      [170,174]      [174,184]      [184,185]      [185,188]      [200,201]      [223,230]      [230,240]      [240,247]      [247,250]      [250,253]      [255,263]      [263,270]      [270,277]      [277,287]      [287,290]      [296,304]      [325,333]      [333,341]      [341,342]      [342,352]      [352,357]      [357,363]      [363,369]      [369,374]      [374,375]      [375,380]      [389,396]      [403,406]      [407,416]      [416,417]      [429,430]      [440,445]      [445,453]      [453,458]      
Optimal Schedule Length: 468.0
Total (Unoptimized Schedule Length): 1208
Statistics
  - conflicts: 1
  - branches : 209
  - wall time: 0.068541078s