
Problem
         task_0   task_1  task_2   task_3  task_4   task_5   task_6  task_7   task_8   task_9  task_10  task_11  task_12  task_13  task_14 task_15  task_16  task_17
job_0    (1, 9)   (0, 5)  (0, 6)   (0, 9)  (0, 7)   (0, 9)   (1, 8)  (2, 4)  (0, 10)   (1, 3)   (0, 5)  (0, 10)   (2, 8)   (1, 7)   (2, 3)  (1, 4)   (2, 3)  (0, 10)
job_1    (0, 8)   (0, 1)  (1, 8)   (0, 2)  (0, 6)   (1, 5)   (1, 6)  (1, 8)   (0, 1)   (2, 3)  (0, 10)   (2, 9)   (1, 5)   (0, 9)   (1, 5)  (2, 1)  (2, 10)   (0, 3)
job_2    (1, 5)   (0, 3)  (1, 9)   (2, 1)  (2, 6)   (1, 5)   (2, 2)  (2, 9)   (2, 2)   (0, 2)   (2, 8)   (0, 1)   (2, 3)   (0, 9)   (0, 4)  (1, 5)   (2, 5)   (2, 6)
job_3    (2, 5)   (1, 4)  (2, 4)   (1, 8)  (1, 1)   (2, 4)   (2, 1)  (2, 7)   (1, 8)   (0, 7)   (1, 8)   (0, 9)   (1, 2)   (2, 1)   (1, 3)  (2, 5)   (0, 1)   (2, 5)
job_4   (0, 10)   (1, 4)  (1, 8)   (2, 7)  (1, 8)   (0, 5)   (2, 6)  (1, 8)   (2, 9)   (0, 1)   (0, 1)   (1, 2)   (2, 2)   (2, 1)   (0, 5)  (1, 4)   (1, 9)   (0, 8)
job_5    (0, 7)   (2, 6)  (0, 7)   (1, 6)  (0, 2)   (2, 7)   (2, 9)  (1, 1)   (2, 8)   (2, 7)   (0, 9)   (2, 6)   (2, 4)   (2, 2)   (2, 5)  (2, 4)   (1, 9)   (2, 8)
job_6    (2, 6)   (0, 3)  (0, 8)   (1, 9)  (0, 1)   (1, 3)   (2, 4)  (2, 5)   (2, 1)   (0, 8)  (1, 10)   (2, 3)   (1, 6)   (1, 2)   (0, 9)  (2, 5)   (1, 2)   (1, 4)
job_7    (2, 5)   (0, 1)  (2, 6)   (2, 1)  (1, 9)   (0, 8)   (2, 3)  (1, 7)   (0, 2)   (0, 5)   (1, 4)   (0, 6)   (1, 8)   (2, 3)   (1, 2)  (1, 7)   (2, 8)   (1, 8)
job_8    (0, 1)   (0, 9)  (0, 7)   (2, 7)  (2, 3)   (0, 5)  (2, 10)  (2, 6)   (1, 2)   (2, 3)   (0, 5)   (2, 3)   (1, 9)   (2, 2)   (0, 1)  (2, 6)   (1, 9)   (0, 2)
job_9    (1, 3)   (0, 7)  (1, 5)   (2, 8)  (0, 7)   (2, 7)   (0, 2)  (1, 6)   (2, 7)   (0, 1)   (1, 1)   (1, 3)   (2, 1)   (1, 8)   (1, 9)  (2, 4)   (1, 8)   (2, 5)
job_10   (0, 8)   (2, 6)  (1, 9)   (0, 4)  (1, 4)   (2, 2)   (1, 6)  (0, 5)   (2, 1)   (1, 6)   (1, 6)  (2, 10)   (1, 6)   (2, 1)  (2, 10)  (1, 2)   (0, 3)   (1, 5)
job_11   (0, 1)   (0, 5)  (0, 7)  (2, 10)  (1, 8)  (2, 10)   (1, 1)  (0, 7)   (1, 9)   (2, 1)   (2, 7)   (2, 1)   (1, 3)   (1, 7)  (2, 10)  (1, 8)   (2, 1)   (1, 2)
job_12   (1, 2)   (2, 5)  (0, 7)   (1, 1)  (0, 5)   (2, 9)   (0, 9)  (1, 3)   (1, 8)   (0, 7)   (0, 7)   (2, 3)   (2, 9)   (0, 3)   (1, 9)  (2, 9)   (1, 6)  (1, 10)
job_13   (1, 2)   (1, 8)  (2, 1)   (0, 5)  (2, 2)   (0, 2)   (1, 6)  (2, 2)   (2, 3)   (0, 3)   (0, 9)   (1, 9)   (2, 2)   (2, 9)   (1, 1)  (1, 2)  (1, 10)   (1, 4)
job_14   (2, 6)  (2, 10)  (2, 4)   (2, 2)  (1, 4)  (0, 10)   (1, 6)  (2, 6)  (1, 10)  (1, 10)  (0, 10)  (1, 10)  (2, 10)  (2, 10)   (0, 5)  (2, 8)   (2, 5)   (1, 7)


Solution:
Machine 0: job_1_task_0   job_5_task_0   job_11_task_0  job_4_task_0   job_1_task_1   job_0_task_1   job_0_task_2   job_14_task_5  job_12_task_2  job_0_task_3   job_11_task_1  job_12_task_4  job_5_task_2   job_10_task_0  job_11_task_2  job_0_task_4   job_8_task_0   job_9_task_1   job_8_task_1   job_7_task_1   job_0_task_5   job_1_task_3   job_6_task_1   job_12_task_6  job_5_task_4   job_1_task_4   job_2_task_1   job_8_task_2   job_6_task_2   job_10_task_3  job_7_task_5   job_13_task_3  job_9_task_4   job_14_task_10 job_6_task_4   job_8_task_5   job_12_task_9  job_0_task_8   job_13_task_5  job_4_task_5   job_11_task_7  job_1_task_8   job_12_task_10 job_9_task_6   job_10_task_7  job_7_task_8   job_1_task_10  job_7_task_9   job_0_task_10  job_13_task_9  job_6_task_9   job_5_task_10  job_9_task_9   job_12_task_13 job_13_task_10 job_0_task_11  job_2_task_9   job_7_task_11  job_3_task_9   job_8_task_10  job_2_task_11  job_4_task_9   job_4_task_10  job_1_task_13  job_3_task_11  job_14_task_14 job_2_task_13  job_2_task_14  job_4_task_14  job_6_task_14  job_4_task_17  job_8_task_14  job_0_task_17  job_1_task_17  job_8_task_17  job_10_task_16 job_3_task_16  
           [0,8]          [8,15]         [15,16]        [16,26]        [26,27]        [27,32]        [32,38]        [38,48]        [48,55]        [55,64]        [64,69]        [69,74]        [74,81]        [81,89]        [89,96]        [96,103]       [103,104]      [104,111]      [111,120]      [120,121]      [121,130]      [130,132]      [132,135]      [135,144]      [144,146]      [146,152]      [152,155]      [155,162]      [162,170]      [170,174]      [174,182]      [182,187]      [187,194]      [194,204]      [204,205]      [205,210]      [210,217]      [217,227]      [227,229]      [229,234]      [234,241]      [241,242]      [242,249]      [249,251]      [251,256]      [256,258]      [258,268]      [268,273]      [273,278]      [278,281]      [281,289]      [289,298]      [298,299]      [299,302]      [302,311]      [311,321]      [321,323]      [323,329]      [329,336]      [336,341]      [341,342]      [342,343]      [343,344]      [344,353]      [353,362]      [373,378]      [380,389]      [389,393]      [397,402]      [410,419]      [431,439]      [439,440]      [481,491]      [491,494]      [495,497]      [497,500]      [501,502]      
Machine 1: job_9_task_0   job_13_task_0  job_13_task_1  job_0_task_0   job_12_task_0  job_2_task_0   job_4_task_1   job_14_task_4  job_4_task_2   job_1_task_2   job_14_task_6  job_4_task_4   job_12_task_3  job_14_task_8  job_3_task_1   job_5_task_3   job_14_task_9  job_10_task_2  job_11_task_4  job_3_task_3   job_9_task_2   job_11_task_6  job_3_task_4   job_0_task_6   job_7_task_4   job_12_task_7  job_12_task_8  job_2_task_2   job_1_task_5   job_6_task_3   job_1_task_6   job_10_task_4  job_1_task_7   job_5_task_7   job_2_task_5   job_6_task_5   job_10_task_6  job_7_task_7   job_14_task_11 job_13_task_6  job_3_task_8   job_0_task_9   job_4_task_7   job_9_task_7   job_11_task_8  job_10_task_9  job_7_task_10  job_10_task_10 job_8_task_8   job_6_task_10  job_9_task_10  job_9_task_11  job_12_task_14 job_13_task_11 job_1_task_12  job_9_task_13  job_7_task_12  job_3_task_10  job_9_task_14  job_4_task_11  job_10_task_12 job_0_task_13  job_11_task_12 job_11_task_13 job_8_task_12  job_6_task_12  job_7_task_14  job_7_task_15  job_6_task_13  job_4_task_15  job_1_task_14  job_13_task_14 job_3_task_12  job_4_task_16  job_13_task_15 job_2_task_15  job_5_task_16  job_0_task_15  job_12_task_16 job_13_task_16 job_9_task_16  job_11_task_15 job_3_task_14  job_8_task_16  job_10_task_15 job_12_task_17 job_7_task_17  job_14_task_17 job_6_task_16  job_10_task_17 job_6_task_17  job_13_task_17 job_11_task_17 
           [0,3]          [3,5]          [5,13]         [13,22]        [22,24]        [24,29]        [29,33]        [33,37]        [37,45]        [45,53]        [53,59]        [59,67]        [67,68]        [68,78]        [78,82]        [82,88]        [88,98]        [98,107]       [107,115]      [115,123]      [123,128]      [128,129]      [129,130]      [130,138]      [138,147]      [147,150]      [150,158]      [158,167]      [167,172]      [172,181]      [181,187]      [187,191]      [191,199]      [199,200]      [200,205]      [205,208]      [208,214]      [214,221]      [221,231]      [231,237]      [237,245]      [245,248]      [248,256]      [256,262]      [262,271]      [271,277]      [277,281]      [281,287]      [287,289]      [289,299]      [299,300]      [300,303]      [303,312]      [312,321]      [321,326]      [326,334]      [334,342]      [342,350]      [350,359]      [359,361]      [361,367]      [367,374]      [374,377]      [377,384]      [384,393]      [393,399]      [399,401]      [401,408]      [408,410]      [410,414]      [414,419]      [419,420]      [420,422]      [422,431]      [431,433]      [433,438]      [438,447]      [447,451]      [451,457]      [457,467]      [467,475]      [475,483]      [483,486]      [486,495]      [495,497]      [497,507]      [507,515]      [515,522]      [522,524]      [524,529]      [529,533]      [533,537]      [537,539]      
Machine 2: job_14_task_0  job_7_task_0   job_3_task_0   job_14_task_1  job_14_task_2  job_14_task_3  job_12_task_1  job_5_task_1   job_13_task_2  job_4_task_3   job_6_task_0   job_14_task_7  job_12_task_5  job_3_task_2   job_10_task_1  job_11_task_3  job_11_task_5  job_7_task_2   job_7_task_3   job_9_task_3   job_0_task_7   job_3_task_5   job_5_task_5   job_5_task_6   job_8_task_3   job_2_task_3   job_2_task_4   job_8_task_4   job_3_task_6   job_7_task_6   job_3_task_7   job_13_task_4  job_9_task_5   job_10_task_5  job_5_task_8   job_6_task_6   job_8_task_6   job_2_task_6   job_6_task_7   job_5_task_9   job_4_task_6   job_1_task_9   job_13_task_7  job_2_task_7   job_13_task_8  job_10_task_8  job_6_task_8   job_12_task_11 job_8_task_7   job_9_task_8   job_12_task_12 job_2_task_8   job_14_task_12 job_1_task_11  job_4_task_8   job_11_task_9  job_8_task_9   job_9_task_12  job_2_task_10  job_11_task_10 job_5_task_11  job_10_task_11 job_0_task_12  job_14_task_13 job_11_task_11 job_8_task_11  job_2_task_12  job_5_task_12  job_6_task_11  job_4_task_12  job_5_task_13  job_13_task_12 job_7_task_13  job_4_task_13  job_5_task_14  job_13_task_13 job_12_task_15 job_11_task_14 job_10_task_13 job_5_task_15  job_8_task_13  job_0_task_14  job_14_task_15 job_10_task_14 job_9_task_15  job_8_task_15  job_7_task_16  job_3_task_13  job_1_task_15  job_0_task_16  job_1_task_16  job_14_task_16 job_3_task_15  job_6_task_15  job_2_task_16  job_5_task_17  job_2_task_17  job_3_task_17  job_9_task_17  job_11_task_16 
           [0,6]          [7,12]         [12,17]        [17,27]        [27,31]        [31,33]        [33,38]        [38,44]        [44,45]        [45,52]        [52,58]        [59,65]        [74,83]        [83,87]        [89,95]        [96,106]       [115,125]      [125,131]      [131,132]      [132,140]      [140,144]      [144,148]      [148,155]      [155,164]      [164,171]      [171,172]      [172,178]      [178,181]      [181,182]      [182,185]      [185,192]      [192,194]      [194,201]      [201,203]      [203,211]      [211,215]      [215,225]      [225,227]      [227,232]      [232,239]      [239,245]      [245,248]      [248,250]      [250,259]      [259,262]      [262,263]      [263,264]      [264,267]      [267,273]      [273,280]      [280,289]      [289,291]      [291,301]      [301,310]      [310,319]      [319,320]      [320,323]      [323,324]      [324,332]      [332,339]      [339,345]      [345,355]      [355,363]      [363,373]      [373,374]      [374,377]      [377,380]      [380,384]      [384,387]      [387,389]      [389,391]      [391,393]      [393,396]      [396,397]      [397,402]      [402,411]      [411,420]      [420,430]      [430,431]      [431,435]      [435,437]      [437,440]      [440,448]      [448,458]      [458,462]      [462,468]      [468,476]      [476,477]      [477,478]      [478,481]      [481,491]      [491,496]      [496,501]      [501,506]      [506,511]      [511,519]      [519,525]      [525,530]      [530,535]      [535,536]      
Optimal Schedule Length: 539.0
Total (Unoptimized Schedule Length): 1474
Statistics
  - conflicts: 0
  - branches : 56
  - wall time: 3.07571357s