
Problem
         task_0   task_1   task_2   task_3   task_4   task_5  task_6   task_7   task_8   task_9  task_10  task_11 task_12  task_13 task_14  task_15  task_16
job_0    (1, 8)   (2, 3)   (0, 2)   (2, 8)  (2, 10)   (0, 2)  (1, 3)   (2, 9)   (0, 5)   (0, 5)   (2, 4)  (0, 10)  (1, 8)   (2, 8)  (1, 6)   (2, 4)  (2, 10)
job_1   (1, 10)   (1, 2)   (1, 5)   (2, 6)   (0, 9)   (2, 8)  (2, 9)   (2, 8)   (0, 8)   (0, 8)   (1, 2)   (2, 1)  (2, 1)   (2, 1)  (0, 2)  (2, 10)   (1, 2)
job_2    (1, 5)   (2, 5)   (1, 3)   (0, 4)   (2, 4)   (2, 5)  (0, 7)   (1, 1)   (1, 1)   (1, 7)   (0, 5)   (1, 3)  (1, 1)   (0, 8)  (1, 2)   (2, 6)   (1, 6)
job_3    (2, 7)   (2, 2)   (2, 9)   (1, 1)   (1, 8)  (2, 10)  (0, 2)   (0, 9)   (0, 8)  (2, 10)   (0, 4)  (2, 10)  (0, 6)   (1, 5)  (1, 5)   (0, 2)   (0, 6)
job_4    (2, 9)  (2, 10)   (2, 3)  (0, 10)   (1, 7)   (0, 6)  (0, 3)   (2, 9)   (0, 3)   (1, 5)   (1, 5)   (1, 5)  (0, 1)  (1, 10)  (0, 3)   (1, 4)   (2, 3)
job_5    (2, 3)   (2, 2)   (2, 4)   (0, 6)   (1, 5)   (1, 5)  (1, 2)   (0, 8)   (2, 6)   (0, 1)   (0, 8)   (1, 7)  (0, 1)   (1, 9)  (0, 8)   (1, 7)   (0, 4)
job_6    (0, 6)   (0, 5)  (1, 10)   (1, 6)   (1, 5)   (0, 1)  (0, 2)   (1, 6)   (2, 4)  (0, 10)   (1, 2)  (2, 10)  (1, 4)   (0, 1)  (1, 5)   (0, 9)   (0, 4)
job_7    (0, 2)   (1, 1)   (2, 2)   (2, 7)   (0, 2)   (1, 4)  (1, 2)   (2, 7)   (0, 1)   (0, 3)  (1, 10)   (0, 6)  (2, 1)   (2, 7)  (2, 8)   (2, 6)   (1, 1)
job_8    (2, 9)   (2, 9)   (1, 1)   (2, 3)   (1, 6)  (1, 10)  (1, 8)   (0, 9)   (0, 5)   (2, 4)   (1, 1)   (1, 3)  (0, 4)   (1, 6)  (1, 5)  (0, 10)   (1, 5)
job_9    (1, 3)   (0, 1)   (2, 1)   (1, 6)   (1, 2)   (0, 3)  (1, 3)   (1, 8)   (0, 7)   (1, 2)   (2, 9)   (0, 2)  (1, 3)   (2, 3)  (0, 3)   (0, 6)   (1, 6)
job_10   (2, 7)   (1, 1)   (0, 1)   (0, 9)   (2, 4)   (0, 1)  (0, 5)   (2, 6)   (1, 2)   (2, 2)   (0, 8)   (2, 5)  (2, 8)   (0, 2)  (2, 5)   (0, 6)   (1, 9)
job_11   (1, 1)   (0, 4)   (1, 1)   (1, 4)   (1, 2)   (1, 4)  (1, 3)  (0, 10)  (0, 10)   (2, 9)   (1, 9)   (2, 7)  (2, 6)   (0, 5)  (0, 3)   (1, 1)   (0, 4)
job_12  (2, 10)   (1, 8)   (2, 6)   (1, 3)   (0, 8)   (1, 1)  (0, 5)   (1, 3)   (2, 5)   (2, 7)   (0, 7)   (2, 6)  (1, 7)   (1, 3)  (0, 5)   (0, 4)  (0, 10)
job_13   (2, 9)   (0, 8)   (1, 8)   (0, 2)   (1, 4)   (2, 5)  (2, 4)   (2, 9)  (1, 10)   (1, 6)   (1, 7)   (2, 1)  (1, 3)   (2, 4)  (2, 6)  (2, 10)   (1, 8)


Solution:
Machine 0: job_6_task_0   job_6_task_1   job_7_task_0   job_13_task_1  job_11_task_1  job_13_task_3  job_0_task_2   job_11_task_7  job_3_task_6   job_11_task_8  job_6_task_5   job_9_task_1   job_5_task_3   job_0_task_5   job_10_task_2  job_10_task_3  job_12_task_4  job_4_task_3   job_3_task_7   job_1_task_4   job_12_task_6  job_2_task_3   job_0_task_8   job_8_task_7   job_7_task_4   job_10_task_5  job_10_task_6  job_6_task_6   job_4_task_5   job_5_task_7   job_3_task_8   job_2_task_6   job_0_task_9   job_9_task_5   job_5_task_9   job_2_task_10  job_4_task_6   job_7_task_8   job_2_task_13  job_9_task_8   job_6_task_9   job_4_task_8   job_3_task_10  job_8_task_8   job_10_task_10 job_0_task_11  job_12_task_10 job_5_task_10  job_1_task_8   job_5_task_12  job_1_task_9   job_3_task_12  job_8_task_12  job_7_task_9   job_9_task_11  job_6_task_13  job_5_task_14  job_10_task_13 job_7_task_11  job_3_task_15  job_3_task_16  job_4_task_12  job_11_task_13 job_8_task_15  job_11_task_14 job_10_task_15 job_9_task_14  job_9_task_15  job_11_task_16 job_6_task_15  job_1_task_14  job_6_task_16  job_12_task_14 job_12_task_15 job_5_task_16  job_4_task_14  job_12_task_16 
           [0,6]          [6,11]         [11,13]        [16,24]        [24,28]        [34,36]        [40,42]        [80,90]        [90,92]        [92,102]       [102,103]      [103,104]      [104,110]      [111,113]      [113,114]      [114,123]      [125,133]      [133,143]      [143,152]      [152,161]      [161,166]      [166,170]      [170,175]      [175,184]      [184,186]      [186,187]      [187,192]      [192,194]      [194,200]      [200,208]      [208,216]      [216,223]      [223,228]      [228,231]      [231,232]      [232,237]      [237,240]      [240,241]      [241,249]      [249,256]      [256,266]      [266,269]      [269,273]      [274,279]      [279,287]      [287,297]      [297,304]      [304,312]      [312,320]      [320,321]      [321,329]      [329,335]      [335,339]      [339,342]      [342,344]      [344,345]      [345,353]      [353,355]      [355,361]      [361,363]      [363,369]      [369,370]      [370,375]      [375,385]      [385,388]      [388,394]      [394,397]      [397,403]      [403,407]      [407,416]      [416,418]      [418,422]      [422,427]      [427,431]      [431,435]      [435,438]      [438,448]      
Machine 1: job_0_task_0   job_1_task_0   job_11_task_0  job_1_task_1   job_2_task_0   job_13_task_2  job_6_task_2   job_12_task_1  job_11_task_2  job_11_task_3  job_13_task_4  job_3_task_3   job_3_task_4   job_11_task_4  job_11_task_5  job_8_task_2   job_11_task_6  job_6_task_3   job_7_task_1   job_9_task_0   job_6_task_4   job_1_task_2   job_10_task_1  job_5_task_4   job_12_task_3  job_8_task_4   job_0_task_6   job_8_task_5   job_5_task_5   job_4_task_4   job_12_task_5  job_5_task_6   job_8_task_6   job_2_task_2   job_12_task_7  job_9_task_3   job_9_task_4   job_13_task_8  job_7_task_5   job_6_task_7   job_7_task_6   job_13_task_9  job_10_task_8  job_13_task_10 job_2_task_7   job_2_task_8   job_2_task_9   job_9_task_6   job_2_task_11  job_2_task_12  job_9_task_7   job_2_task_14  job_6_task_10  job_4_task_9   job_4_task_10  job_11_task_10 job_4_task_11  job_8_task_10  job_8_task_11  job_0_task_12  job_9_task_9   job_6_task_12  job_5_task_11  job_12_task_12 job_13_task_12 job_1_task_10  job_5_task_13  job_3_task_13  job_7_task_10  job_3_task_14  job_8_task_13  job_8_task_14  job_9_task_12  job_4_task_13  job_0_task_14  job_6_task_14  job_8_task_16  job_11_task_15 job_5_task_15  job_13_task_16 job_12_task_13 job_10_task_16 job_2_task_16  job_9_task_16  job_4_task_15  job_1_task_16  job_7_task_16  
           [0,8]          [8,18]         [18,19]        [19,21]        [21,26]        [26,34]        [34,44]        [44,52]        [52,53]        [53,57]        [57,61]        [61,62]        [62,70]        [70,72]        [72,76]        [76,77]        [77,80]        [82,88]        [88,89]        [89,92]        [95,100]       [100,105]      [111,112]      [112,117]      [117,120]      [120,126]      [126,129]      [129,139]      [139,144]      [144,151]      [151,152]      [152,154]      [154,162]      [162,165]      [166,169]      [172,178]      [178,180]      [181,191]      [191,195]      [195,201]      [201,203]      [203,209]      [209,211]      [211,218]      [223,224]      [224,225]      [225,232]      [232,235]      [237,240]      [240,241]      [241,249]      [249,251]      [266,268]      [269,274]      [274,279]      [280,289]      [289,294]      [294,295]      [295,298]      [298,306]      [306,308]      [308,312]      [312,319]      [319,326]      [326,329]      [329,331]      [331,340]      [340,345]      [345,355]      [355,360]      [360,366]      [366,371]      [371,374]      [374,384]      [384,390]      [390,395]      [395,400]      [400,401]      [401,408]      [408,416]      [416,419]      [419,428]      [429,435]      [435,441]      [441,445]      [445,447]      [447,448]      
Machine 2: job_3_task_0   job_13_task_0  job_8_task_0   job_12_task_0  job_3_task_1   job_0_task_1   job_4_task_0   job_3_task_2   job_0_task_3   job_8_task_1   job_3_task_5   job_5_task_0   job_0_task_4   job_5_task_1   job_5_task_2   job_10_task_0  job_12_task_2  job_8_task_3   job_4_task_1   job_4_task_2   job_1_task_3   job_13_task_5  job_0_task_7   job_13_task_6  job_2_task_1   job_7_task_2   job_7_task_3   job_9_task_2   job_13_task_7  job_10_task_4  job_1_task_5   job_2_task_4   job_12_task_8  job_10_task_7  job_2_task_5   job_1_task_6   job_5_task_8   job_0_task_10  job_7_task_7   job_6_task_8   job_12_task_9  job_4_task_7   job_3_task_9   job_10_task_9  job_11_task_9  job_1_task_7   job_8_task_9   job_10_task_11 job_6_task_11  job_12_task_11 job_3_task_11  job_13_task_11 job_9_task_10  job_10_task_12 job_13_task_13 job_0_task_13  job_11_task_11 job_11_task_12 job_7_task_12  job_7_task_13  job_10_task_14 job_13_task_14 job_9_task_13  job_13_task_15 job_1_task_11  job_1_task_12  job_1_task_13  job_7_task_14  job_0_task_15  job_2_task_15  job_1_task_15  job_0_task_16  job_7_task_15  job_4_task_16  
           [0,7]          [7,16]         [16,25]        [25,35]        [35,37]        [37,40]        [40,49]        [49,58]        [58,66]        [66,75]        [75,85]        [85,88]        [88,98]        [98,100]       [100,104]      [104,111]      [111,117]      [117,120]      [120,130]      [130,133]      [133,139]      [139,144]      [144,153]      [153,157]      [157,162]      [162,164]      [164,171]      [171,172]      [172,181]      [181,185]      [185,193]      [193,197]      [197,202]      [202,208]      [208,213]      [213,222]      [222,228]      [228,232]      [232,239]      [239,243]      [243,250]      [250,259]      [259,269]      [269,271]      [271,280]      [280,288]      [288,292]      [292,297]      [297,307]      [307,313]      [313,323]      [323,324]      [324,333]      [333,341]      [341,345]      [345,353]      [353,360]      [360,366]      [366,367]      [367,374]      [374,379]      [379,385]      [385,388]      [388,398]      [398,399]      [399,400]      [400,401]      [401,409]      [409,413]      [413,419]      [419,429]      [429,439]      [439,445]      [445,448]      
Optimal Schedule Length: 448.0
Total (Unoptimized Schedule Length): 1248
Statistics
  - conflicts: 0
  - branches : 0
  - wall time: 0.716811881s