
Problem
         task_0   task_1   task_2   task_3   task_4   task_5   task_6   task_7   task_8   task_9 task_10  task_11  task_12  task_13  task_14  task_15  task_16  task_17
job_0   (5, 10)   (3, 7)   (6, 5)   (2, 6)   (0, 8)   (3, 5)   (3, 6)   (0, 1)   (2, 9)   (1, 3)  (6, 7)   (5, 1)   (0, 1)   (3, 7)   (6, 1)   (0, 3)   (0, 7)   (2, 6)
job_1   (6, 10)   (1, 1)   (1, 7)   (4, 7)   (2, 8)   (0, 6)   (2, 8)   (3, 9)   (2, 8)   (2, 2)  (5, 4)   (3, 2)   (0, 5)   (3, 5)   (1, 3)   (2, 5)   (0, 1)   (1, 3)
job_2    (5, 5)   (3, 9)   (3, 6)   (1, 3)   (3, 9)   (5, 6)   (5, 8)  (6, 10)   (4, 3)   (0, 2)  (6, 4)  (6, 10)   (1, 8)   (6, 6)   (3, 8)   (1, 2)   (2, 1)  (6, 10)
job_3    (4, 2)   (6, 3)   (1, 9)   (1, 6)   (2, 8)   (4, 6)   (3, 9)   (1, 9)   (2, 7)   (0, 8)  (6, 1)   (1, 3)   (5, 6)  (0, 10)   (6, 6)   (2, 2)   (3, 9)   (4, 1)
job_4    (3, 3)   (3, 9)   (2, 1)   (4, 5)   (6, 8)   (2, 8)  (4, 10)   (0, 7)   (1, 8)   (1, 7)  (1, 3)   (5, 7)   (4, 8)   (6, 6)   (6, 6)   (1, 9)   (6, 6)   (2, 2)
job_5    (1, 5)   (2, 7)   (1, 2)   (2, 5)   (1, 4)   (5, 7)   (1, 2)   (3, 3)   (0, 4)   (5, 6)  (4, 6)   (3, 1)  (0, 10)   (3, 7)   (4, 4)   (0, 5)   (3, 7)   (5, 6)
job_6    (6, 7)   (3, 3)   (3, 2)   (0, 1)   (5, 6)   (6, 8)   (5, 7)   (6, 6)   (5, 7)   (2, 9)  (5, 7)   (1, 5)   (3, 5)   (6, 8)   (4, 5)   (4, 6)  (3, 10)   (4, 3)
job_7   (1, 10)   (3, 4)   (6, 8)   (6, 8)   (2, 7)   (4, 8)   (4, 5)   (4, 4)   (4, 1)   (4, 1)  (0, 9)   (5, 6)  (2, 10)   (0, 7)   (3, 5)   (2, 2)   (4, 8)   (4, 4)
job_8    (6, 3)   (4, 5)   (1, 3)   (2, 5)   (5, 9)   (2, 6)   (3, 8)   (5, 4)   (6, 6)   (4, 4)  (3, 1)  (3, 10)   (4, 6)   (6, 4)   (6, 3)  (2, 10)   (4, 4)   (2, 9)
job_9   (2, 10)   (3, 2)   (6, 3)   (5, 4)   (0, 4)   (3, 1)   (4, 6)   (5, 3)   (3, 4)   (6, 6)  (2, 5)   (6, 2)   (2, 2)   (1, 9)   (4, 8)   (6, 6)  (1, 10)   (6, 4)
job_10   (3, 5)   (1, 7)   (4, 2)  (2, 10)  (6, 10)   (5, 7)   (1, 5)   (4, 6)   (0, 7)   (1, 7)  (0, 8)   (6, 5)   (5, 3)   (5, 5)   (5, 8)   (5, 3)  (1, 10)   (4, 1)
job_11   (0, 8)   (2, 4)   (0, 2)   (6, 7)   (4, 1)  (3, 10)   (5, 9)  (1, 10)   (3, 2)   (5, 1)  (4, 1)   (6, 3)   (5, 9)   (6, 1)   (0, 7)   (0, 5)   (0, 6)   (3, 9)
job_12   (5, 6)   (3, 3)   (5, 6)   (4, 2)   (4, 5)  (1, 10)   (5, 6)   (5, 4)   (3, 7)   (4, 3)  (6, 5)   (4, 5)   (1, 8)   (3, 7)   (2, 7)   (3, 8)   (1, 5)   (4, 7)
job_13   (5, 1)   (5, 8)   (2, 5)   (6, 2)  (5, 10)   (2, 5)   (3, 9)   (0, 3)  (3, 10)   (0, 7)  (0, 8)   (4, 2)   (0, 3)   (4, 2)  (6, 10)   (6, 9)   (1, 6)   (3, 2)
job_14   (2, 9)  (5, 10)  (0, 10)   (2, 2)   (0, 4)   (4, 4)   (3, 7)   (5, 7)   (4, 7)   (6, 4)  (5, 9)   (1, 7)   (0, 2)   (4, 6)   (1, 8)   (3, 8)   (4, 2)   (6, 2)
job_15  (5, 10)   (5, 7)   (6, 4)   (4, 9)   (5, 1)   (0, 9)   (0, 9)   (1, 8)   (2, 9)  (4, 10)  (4, 2)   (6, 1)   (1, 4)   (1, 9)   (4, 9)   (5, 7)   (0, 4)   (4, 9)
job_16   (0, 4)   (1, 3)   (4, 9)   (5, 1)   (3, 2)   (6, 4)   (4, 7)   (4, 7)   (0, 6)   (1, 5)  (3, 9)   (0, 5)   (6, 7)   (2, 1)   (2, 5)  (3, 10)   (0, 9)  (5, 10)
job_17   (4, 6)   (3, 1)   (4, 1)   (3, 2)  (0, 10)   (4, 8)   (6, 2)   (5, 4)   (1, 8)   (0, 2)  (0, 6)  (6, 10)   (1, 8)  (6, 10)   (6, 4)   (1, 4)   (2, 6)   (3, 2)


Solution:
Machine 0: job_16_task_0  job_11_task_0  job_11_task_2  job_6_task_3   job_15_task_5  job_15_task_6  job_17_task_4  job_16_task_8  job_0_task_4   job_9_task_4   job_16_task_11 job_4_task_7   job_1_task_5   job_17_task_9  job_17_task_10 job_14_task_2  job_10_task_8  job_14_task_4  job_2_task_9   job_3_task_9   job_0_task_7   job_10_task_10 job_13_task_7  job_5_task_8   job_7_task_10  job_13_task_9  job_13_task_10 job_1_task_12  job_0_task_12  job_5_task_12  job_0_task_15  job_13_task_12 job_7_task_13  job_14_task_12 job_15_task_16 job_5_task_15  job_11_task_14 job_11_task_15 job_11_task_16 job_3_task_13  job_16_task_16 job_0_task_16  job_1_task_16  
           [0,4]          [4,12]         [24,26]        [26,27]        [48,57]        [57,66]        [66,76]        [78,84]        [88,96]        [96,100]       [101,106]      [106,113]      [113,119]      [119,121]      [121,127]      [127,137]      [137,144]      [144,148]      [148,150]      [150,158]      [158,159]      [159,167]      [167,170]      [170,174]      [174,183]      [183,190]      [190,198]      [198,203]      [203,204]      [204,214]      [214,217]      [217,220]      [220,227]      [227,229]      [229,233]      [233,238]      [238,245]      [245,250]      [250,256]      [256,266]      [266,275]      [275,282]      [282,283]      
Machine 1: job_7_task_0   job_16_task_1  job_3_task_2   job_8_task_2   job_5_task_0   job_10_task_1  job_3_task_3   job_1_task_1   job_2_task_3   job_1_task_2   job_5_task_2   job_12_task_5  job_5_task_4   job_15_task_7  job_16_task_9  job_10_task_6  job_17_task_8  job_4_task_8   job_3_task_7   job_4_task_9   job_4_task_10  job_10_task_9  job_17_task_12 job_5_task_6   job_11_task_7  job_2_task_12  job_12_task_12 job_0_task_9   job_15_task_12 job_15_task_13 job_17_task_15 job_3_task_11  job_6_task_11  job_2_task_15  job_1_task_14  job_14_task_11 job_9_task_13  job_14_task_14 job_4_task_15  job_12_task_16 job_10_task_16 job_9_task_16  job_13_task_16 job_1_task_17  
           [0,10]         [10,13]        [13,22]        [22,25]        [25,30]        [30,37]        [37,43]        [43,44]        [44,47]        [47,54]        [54,56]        [64,74]        [74,78]        [78,86]        [86,91]        [91,96]        [109,117]      [117,125]      [125,134]      [134,141]      [141,144]      [144,151]      [151,159]      [159,161]      [161,171]      [171,179]      [179,187]      [187,190]      [190,194]      [194,203]      [203,207]      [207,210]      [210,215]      [215,217]      [217,220]      [220,227]      [229,238]      [238,246]      [246,255]      [255,260]      [260,270]      [270,280]      [280,286]      [286,289]      
Machine 2: job_14_task_0  job_9_task_0   job_4_task_2   job_11_task_1  job_8_task_3   job_5_task_1   job_10_task_3  job_13_task_2  job_5_task_3   job_4_task_5   job_8_task_5   job_0_task_3   job_3_task_4   job_7_task_4   job_1_task_4   job_15_task_8  job_1_task_6   job_16_task_13 job_16_task_14 job_3_task_8   job_14_task_3  job_13_task_5  job_1_task_8   job_1_task_9   job_8_task_15  job_6_task_9   job_0_task_8   job_8_task_17  job_7_task_12  job_12_task_14 job_9_task_10  job_17_task_16 job_2_task_16  job_9_task_12  job_1_task_15  job_7_task_15  job_4_task_17  job_3_task_15  job_0_task_17  
           [0,9]          [9,19]         [19,20]        [20,24]        [25,30]        [30,37]        [43,53]        [53,58]        [58,63]        [63,71]        [71,77]        [82,88]        [88,96]        [96,103]       [103,111]      [111,120]      [120,128]      [128,129]      [129,134]      [134,141]      [141,143]      [143,148]      [148,156]      [156,158]      [158,168]      [168,177]      [177,186]      [186,195]      [198,208]      [208,215]      [215,220]      [220,226]      [226,227]      [227,229]      [229,234]      [242,244]      [267,269]      [273,275]      [282,288]      
Machine 3: job_4_task_0   job_4_task_1   job_10_task_0  job_6_task_1   job_7_task_1   job_6_task_2   job_2_task_1   job_9_task_1   job_2_task_2   job_12_task_1  job_17_task_1  job_2_task_4   job_16_task_4  job_17_task_3  job_11_task_5  job_0_task_1   job_8_task_6   job_12_task_8  job_16_task_10 job_0_task_5   job_0_task_6   job_3_task_6   job_8_task_10  job_8_task_11  job_1_task_7   job_16_task_15 job_13_task_6  job_14_task_6  job_5_task_7   job_13_task_8  job_11_task_8  job_1_task_11  job_9_task_5   job_2_task_14  job_12_task_13 job_5_task_11  job_9_task_8   job_0_task_13  job_1_task_13  job_5_task_13  job_12_task_15 job_6_task_12  job_7_task_14  job_5_task_16  job_14_task_15 job_11_task_17 job_6_task_16  job_3_task_16  job_17_task_17 job_13_task_17 
           [0,3]          [3,12]         [12,17]        [17,20]        [20,24]        [24,26]        [26,35]        [35,37]        [37,43]        [43,46]        [46,47]        [47,56]        [56,58]        [58,60]        [60,70]        [70,77]        [77,85]        [85,92]        [92,101]       [101,106]      [106,112]      [112,121]      [121,122]      [122,132]      [132,141]      [141,151]      [151,160]      [160,167]      [167,170]      [170,180]      [180,182]      [182,184]      [184,185]      [185,193]      [193,200]      [200,201]      [201,205]      [205,212]      [212,217]      [217,224]      [224,232]      [232,237]      [237,242]      [242,249]      [249,257]      [257,266]      [266,276]      [276,285]      [285,287]      [287,289]      
Machine 4: job_3_task_0   job_17_task_0  job_8_task_1   job_16_task_2  job_4_task_3   job_15_task_3  job_10_task_2  job_17_task_2  job_12_task_3  job_11_task_4  job_12_task_4  job_16_task_6  job_16_task_7  job_1_task_3   job_17_task_5  job_4_task_6   job_12_task_9  job_3_task_5   job_8_task_9   job_7_task_5   job_10_task_7  job_8_task_12  job_7_task_6   job_2_task_8   job_15_task_9  job_14_task_5  job_7_task_7   job_7_task_8   job_7_task_9   job_15_task_10 job_12_task_11 job_8_task_16  job_14_task_8  job_5_task_10  job_9_task_6   job_11_task_10 job_4_task_12  job_15_task_14 job_13_task_11 job_13_task_13 job_5_task_14  job_14_task_13 job_15_task_17 job_9_task_14  job_6_task_14  job_6_task_15  job_7_task_16  job_12_task_17 job_7_task_17  job_14_task_16 job_6_task_17  job_10_task_17 job_3_task_17  
           [0,2]          [2,8]          [13,18]        [18,27]        [27,32]        [32,41]        [41,43]        [47,48]        [54,56]        [58,59]        [59,64]        [64,71]        [71,78]        [78,85]        [85,93]        [93,103]       [103,106]      [106,112]      [112,116]      [116,124]      [124,130]      [132,138]      [138,143]      [143,146]      [146,156]      [156,160]      [160,164]      [164,165]      [165,166]      [166,168]      [168,173]      [173,177]      [177,184]      [184,190]      [190,196]      [196,197]      [197,205]      [205,214]      [214,216]      [220,222]      [224,228]      [229,235]      [235,244]      [244,252]      [252,257]      [257,263]      [263,271]      [271,278]      [278,282]      [282,284]      [284,287]      [287,288]      [288,289]      
Machine 5: job_15_task_0  job_15_task_1  job_13_task_0  job_2_task_0   job_12_task_0  job_16_task_3  job_8_task_4   job_13_task_1  job_15_task_4  job_12_task_2  job_0_task_0   job_6_task_4   job_12_task_6  job_12_task_7  job_10_task_5  job_9_task_3   job_8_task_7   job_2_task_5   job_17_task_7  job_2_task_6   job_14_task_1  job_13_task_4  job_6_task_6   job_5_task_5   job_11_task_6  job_6_task_8   job_14_task_7  job_1_task_10  job_5_task_9   job_4_task_11  job_11_task_9  job_7_task_11  job_9_task_7   job_0_task_11  job_6_task_10  job_14_task_10 job_15_task_15 job_10_task_12 job_11_task_12 job_3_task_12  job_10_task_13 job_10_task_14 job_10_task_15 job_5_task_17  job_16_task_17 
           [0,10]         [10,17]        [17,18]        [18,23]        [23,29]        [29,30]        [30,39]        [39,47]        [47,48]        [48,54]        [54,64]        [64,70]        [74,80]        [80,84]        [84,91]        [91,95]        [95,99]        [99,105]       [105,109]      [109,117]      [117,127]      [127,137]      [137,144]      [144,151]      [151,160]      [160,167]      [167,174]      [174,178]      [178,184]      [184,191]      [191,192]      [192,198]      [198,201]      [201,202]      [202,209]      [209,218]      [218,225]      [225,228]      [228,237]      [237,243]      [243,248]      [248,256]      [256,259]      [259,265]      [275,285]      
Machine 6: job_6_task_0   job_3_task_1   job_8_task_0   job_1_task_0   job_15_task_2  job_7_task_2   job_4_task_4   job_7_task_3   job_11_task_3  job_13_task_3  job_16_task_5  job_10_task_4  job_0_task_2   job_9_task_2   job_6_task_5   job_17_task_6  job_8_task_8   job_16_task_12 job_12_task_10 job_2_task_7   job_17_task_11 job_8_task_13  job_8_task_14  job_6_task_7   job_2_task_10  job_2_task_11  job_17_task_13 job_17_task_14 job_2_task_13  job_14_task_9  job_15_task_11 job_0_task_10  job_10_task_11 job_11_task_11 job_3_task_10  job_9_task_9   job_0_task_14  job_4_task_13  job_4_task_14  job_9_task_11  job_13_task_14 job_11_task_13 job_6_task_13  job_13_task_15 job_9_task_15  job_4_task_16  job_3_task_14  job_2_task_17  job_9_task_17  job_14_task_17 
           [0,7]          [7,10]         [10,13]        [13,23]        [23,27]        [27,35]        [35,43]        [43,51]        [51,58]        [58,60]        [60,64]        [64,74]        [77,82]        [83,86]        [86,94]        [94,96]        [99,105]       [106,113]      [113,118]      [118,128]      [128,138]      [138,142]      [142,145]      [145,151]      [151,155]      [155,165]      [165,175]      [175,179]      [179,185]      [185,189]      [189,190]      [190,197]      [197,202]      [202,205]      [205,206]      [206,212]      [212,213]      [213,219]      [219,225]      [225,227]      [227,237]      [237,238]      [238,246]      [246,255]      [255,261]      [261,267]      [267,273]      [273,283]      [283,287]      [287,289]      
Optimal Schedule Length: 289.0
Total (Unoptimized Schedule Length): 1844
Statistics
  - conflicts: 0
  - branches : 1
  - wall time: 3.2247638980000004s