
Problem
         task_0   task_1   task_2   task_3   task_4   task_5   task_6   task_7   task_8   task_9  task_10  task_11  task_12
job_0    (3, 6)   (1, 9)   (0, 8)   (0, 6)   (5, 7)   (1, 9)   (4, 8)   (3, 8)   (3, 6)   (5, 1)   (6, 6)   (0, 5)   (2, 1)
job_1    (0, 1)   (5, 4)   (3, 1)  (0, 10)   (6, 4)   (1, 6)   (6, 1)   (1, 2)   (6, 7)   (0, 7)   (6, 9)   (4, 1)   (6, 4)
job_2    (2, 9)   (0, 3)   (3, 4)  (0, 10)  (3, 10)   (2, 4)   (1, 2)  (0, 10)  (0, 10)   (4, 5)   (3, 4)   (0, 1)   (0, 4)
job_3    (1, 3)   (2, 5)   (6, 7)   (6, 8)   (5, 5)   (5, 2)   (4, 9)   (2, 8)   (5, 9)   (2, 9)  (6, 10)   (0, 5)   (6, 3)
job_4   (2, 10)   (1, 8)   (4, 5)   (5, 1)   (2, 5)   (6, 7)   (0, 1)   (6, 2)   (5, 3)   (4, 1)   (3, 2)   (1, 6)   (1, 6)
job_5   (2, 10)   (4, 7)   (1, 5)   (0, 3)   (0, 6)   (0, 5)   (5, 5)   (2, 4)   (0, 4)   (5, 9)   (4, 1)   (2, 2)  (4, 10)
job_6    (5, 8)   (3, 1)   (1, 8)   (2, 6)   (1, 4)   (5, 6)  (0, 10)   (3, 3)  (1, 10)   (0, 6)   (4, 7)   (1, 9)   (3, 9)
job_7    (1, 2)   (0, 9)   (1, 3)   (6, 1)   (0, 8)   (1, 7)  (5, 10)   (5, 3)   (5, 9)  (0, 10)   (2, 4)   (3, 1)  (0, 10)
job_8   (1, 10)  (0, 10)   (3, 1)   (3, 9)   (1, 1)   (4, 1)   (0, 7)   (1, 2)   (5, 4)  (4, 10)   (4, 5)   (4, 7)   (3, 8)
job_9    (4, 3)  (1, 10)   (2, 7)   (3, 8)   (2, 2)   (2, 4)   (0, 8)   (0, 3)   (4, 8)   (5, 8)  (2, 10)  (0, 10)  (0, 10)
job_10   (0, 9)   (5, 8)   (0, 8)   (1, 1)   (2, 8)   (4, 7)   (6, 4)   (5, 4)   (0, 1)   (0, 3)   (1, 7)   (1, 9)   (1, 8)
job_11   (4, 6)   (4, 5)   (5, 8)   (6, 6)   (0, 1)   (3, 5)   (0, 7)   (0, 4)   (5, 2)   (1, 6)   (3, 7)   (1, 4)   (3, 4)
job_12   (4, 3)   (3, 3)  (2, 10)   (5, 4)  (5, 10)   (4, 2)  (2, 10)   (0, 1)   (2, 9)   (5, 9)   (6, 5)   (1, 8)  (6, 10)
job_13  (4, 10)   (0, 8)   (4, 8)   (5, 5)   (5, 2)   (2, 6)   (6, 3)   (6, 4)   (0, 4)   (5, 1)   (2, 2)   (2, 4)   (0, 2)
job_14  (0, 10)   (1, 3)   (2, 9)   (6, 2)   (0, 5)   (5, 1)   (0, 5)  (3, 10)   (5, 5)   (3, 5)  (4, 10)   (2, 7)   (3, 1)
job_15   (1, 3)   (2, 2)  (3, 10)   (2, 2)   (0, 7)   (6, 9)   (0, 9)   (6, 7)   (2, 1)   (5, 3)   (3, 5)   (2, 9)   (4, 9)
job_16   (4, 8)   (1, 2)   (1, 6)   (0, 9)   (3, 2)   (5, 1)   (3, 4)   (1, 4)   (5, 9)   (1, 6)   (6, 7)  (6, 10)   (2, 3)
job_17   (5, 2)   (2, 2)   (1, 8)   (0, 3)   (1, 8)  (1, 10)   (5, 2)   (0, 9)   (1, 9)   (0, 1)   (5, 2)   (4, 6)   (0, 5)


Solution:
Machine 0: job_10_task_0  job_14_task_0  job_2_task_1   job_10_task_2  job_7_task_1   job_8_task_1   job_0_task_2   job_7_task_4   job_2_task_3   job_15_task_4  job_1_task_0   job_0_task_3   job_9_task_6   job_17_task_3  job_16_task_3  job_6_task_6   job_1_task_3   job_9_task_7   job_5_task_3   job_14_task_4  job_13_task_1  job_5_task_4   job_14_task_6  job_8_task_6   job_15_task_6  job_12_task_7  job_11_task_4  job_5_task_5   job_11_task_6  job_2_task_7   job_17_task_7  job_6_task_9   job_10_task_8  job_10_task_9  job_11_task_7  job_5_task_8   job_7_task_9   job_2_task_8   job_4_task_6   job_1_task_9   job_9_task_11  job_17_task_9  job_13_task_8  job_7_task_12  job_9_task_12  job_3_task_11  job_0_task_11  job_2_task_11  job_17_task_12 job_2_task_12  job_13_task_12 
           [0,9]          [9,19]         [19,22]        [22,30]        [30,39]        [39,49]        [49,57]        [57,65]        [65,75]        [75,82]        [82,83]        [83,89]        [89,97]        [97,100]       [100,109]      [109,119]      [119,129]      [129,132]      [132,135]      [135,140]      [140,148]      [148,154]      [154,159]      [159,166]      [166,175]      [175,176]      [176,177]      [177,182]      [182,189]      [189,199]      [199,208]      [208,214]      [214,215]      [215,218]      [218,222]      [222,226]      [226,236]      [236,246]      [246,247]      [247,254]      [254,264]      [264,265]      [265,269]      [269,279]      [279,289]      [289,294]      [294,299]      [299,300]      [300,305]      [305,309]      [309,311]      
Machine 1: job_3_task_0   job_9_task_1   job_6_task_2   job_7_task_0   job_15_task_0  job_8_task_0   job_0_task_1   job_7_task_2   job_16_task_1  job_6_task_4   job_14_task_1  job_17_task_2  job_16_task_2  job_5_task_2   job_7_task_5   job_10_task_3  job_4_task_1   job_8_task_4   job_17_task_4  job_0_task_5   job_17_task_5  job_6_task_8   job_16_task_7  job_1_task_5   job_2_task_6   job_1_task_7   job_16_task_9  job_8_task_7   job_12_task_11 job_17_task_8  job_10_task_10 job_11_task_9  job_6_task_11  job_10_task_11 job_11_task_11 job_10_task_12 job_4_task_11  job_4_task_12  
           [0,3]          [3,13]         [13,21]        [21,23]        [23,26]        [26,36]        [36,45]        [45,48]        [48,50]        [50,54]        [54,57]        [57,65]        [65,71]        [71,76]        [76,83]        [83,84]        [84,92]        [92,93]        [100,108]      [108,117]      [117,127]      [127,137]      [137,141]      [141,147]      [147,149]      [153,155]      [158,164]      [166,168]      [201,209]      [209,218]      [218,225]      [225,231]      [231,240]      [240,249]      [249,253]      [253,261]      [261,267]      [267,273]      
Machine 2: job_2_task_0   job_3_task_1   job_9_task_2   job_12_task_2  job_15_task_1  job_5_task_0   job_6_task_3   job_17_task_1  job_9_task_4   job_15_task_3  job_9_task_5   job_14_task_2  job_4_task_0   job_12_task_6  job_10_task_4  job_3_task_7   job_2_task_5   job_3_task_9   job_4_task_4   job_9_task_10  job_13_task_5  job_12_task_8  job_15_task_8  job_5_task_7   job_16_task_12 job_14_task_11 job_15_task_11 job_7_task_10  job_5_task_11  job_13_task_10 job_13_task_11 job_0_task_12  
           [0,9]          [9,14]         [14,21]        [21,31]        [31,33]        [33,43]        [43,49]        [49,51]        [51,53]        [53,55]        [55,59]        [59,68]        [68,78]        [78,88]        [88,96]        [96,104]       [104,108]      [116,125]      [125,130]      [149,159]      [165,171]      [176,185]      [185,186]      [187,191]      [195,198]      [198,205]      [205,214]      [236,240]      [240,242]      [270,272]      [272,276]      [299,300]      
Machine 3: job_0_task_0   job_12_task_1  job_6_task_1   job_9_task_3   job_2_task_2   job_15_task_2  job_8_task_2   job_8_task_3   job_2_task_4   job_1_task_2   job_16_task_4  job_16_task_6  job_6_task_7   job_0_task_7   job_0_task_8   job_14_task_7  job_11_task_5  job_14_task_9  job_15_task_10 job_8_task_12  job_14_task_12 job_11_task_10 job_7_task_11  job_6_task_12  job_4_task_10  job_11_task_12 job_2_task_10  
           [0,6]          [6,9]          [9,10]         [21,29]        [29,33]        [33,43]        [49,50]        [50,59]        [75,85]        [87,88]        [109,111]      [117,121]      [121,124]      [125,133]      [133,139]      [159,169]      [177,182]      [182,187]      [199,204]      [204,212]      [212,213]      [231,238]      [240,241]      [241,250]      [253,255]      [255,259]      [259,263]      
Machine 4: job_9_task_0   job_12_task_0  job_16_task_0  job_11_task_0  job_11_task_1  job_13_task_0  job_5_task_1   job_12_task_5  job_3_task_6   job_4_task_2   job_8_task_5   job_10_task_5  job_0_task_6   job_9_task_8   job_13_task_2  job_8_task_9   job_8_task_10  job_14_task_10 job_8_task_11  job_6_task_10  job_15_task_12 job_5_task_10  job_5_task_12  job_4_task_9   job_2_task_9   job_1_task_11  job_17_task_11 
           [0,3]          [3,6]          [6,14]         [14,20]        [20,25]        [25,35]        [43,50]        [50,52]        [54,63]        [92,97]        [97,98]        [98,105]       [117,125]      [132,140]      [148,156]      [172,182]      [182,187]      [187,197]      [197,204]      [214,221]      [221,230]      [235,236]      [242,252]      [252,253]      [253,258]      [263,264]      [267,273]      
Machine 5: job_6_task_0   job_17_task_0  job_10_task_1  job_11_task_2  job_12_task_3  job_12_task_4  job_3_task_4   job_3_task_5   job_6_task_5   job_1_task_1   job_7_task_6   job_0_task_4   job_7_task_7   job_3_task_8   job_16_task_5  job_4_task_3   job_7_task_8   job_17_task_6  job_10_task_7  job_0_task_9   job_14_task_5  job_9_task_9   job_16_task_8  job_13_task_3  job_13_task_4  job_8_task_8   job_14_task_8  job_5_task_6   job_12_task_9  job_15_task_9  job_11_task_8  job_5_task_9   job_4_task_8   job_17_task_10 job_13_task_9  
           [0,8]          [8,10]         [10,18]        [25,33]        [33,37]        [37,47]        [47,52]        [52,54]        [54,60]        [83,87]        [87,97]        [97,104]       [104,107]      [107,116]      [116,117]      [117,118]      [118,127]      [127,129]      [129,133]      [139,140]      [140,141]      [141,149]      [149,158]      [158,163]      [163,165]      [168,172]      [172,177]      [182,187]      [187,196]      [196,199]      [222,224]      [226,235]      [249,252]      [265,267]      [269,270]      
Machine 6: job_3_task_2   job_3_task_3   job_11_task_3  job_7_task_3   job_14_task_3  job_15_task_5  job_10_task_6  job_3_task_10  job_1_task_4   job_4_task_5   job_0_task_10  job_1_task_6   job_1_task_8   job_16_task_10 job_13_task_6  job_13_task_7  job_15_task_7  job_16_task_11 job_12_task_10 job_12_task_12 job_4_task_7   job_1_task_10  job_1_task_12  job_3_task_12  
           [14,21]        [21,29]        [33,39]        [48,49]        [68,70]        [82,91]        [105,109]      [125,135]      [135,139]      [139,146]      [146,152]      [152,153]      [155,162]      [164,171]      [171,174]      [174,178]      [178,185]      [185,195]      [196,201]      [209,219]      [247,249]      [254,263]      [264,268]      [294,297]      
Optimal Schedule Length: 311.0
Total (Unoptimized Schedule Length): 1326
Statistics
  - conflicts: 2
  - branches : 237
  - wall time: 0.09568907400000001s