
Problem
        task_0   task_1   task_2   task_3   task_4   task_5   task_6  task_7  task_8   task_9  task_10  task_11  task_12  task_13 task_14  task_15
job_0   (1, 2)   (1, 5)   (0, 9)   (6, 3)   (6, 8)   (3, 9)   (4, 8)  (1, 3)  (5, 5)   (1, 4)   (6, 4)  (1, 10)   (4, 7)   (3, 3)  (0, 4)   (5, 3)
job_1   (0, 5)   (2, 9)   (3, 4)   (0, 5)   (2, 1)   (6, 3)   (2, 5)  (2, 5)  (3, 6)   (0, 5)   (4, 7)   (1, 9)   (0, 4)   (6, 7)  (6, 9)   (3, 2)
job_2   (4, 4)  (1, 10)   (0, 1)   (1, 2)   (6, 3)   (5, 5)   (6, 2)  (0, 3)  (4, 5)  (2, 10)   (0, 1)   (4, 6)   (3, 8)   (0, 9)  (2, 9)  (0, 10)
job_3   (4, 3)   (2, 9)   (3, 7)   (6, 8)   (0, 9)   (5, 2)   (1, 6)  (6, 5)  (6, 3)   (1, 2)  (4, 10)   (3, 4)   (1, 7)   (2, 1)  (2, 9)   (1, 9)
job_4   (1, 8)   (2, 4)  (5, 10)  (4, 10)   (1, 7)   (4, 4)   (2, 1)  (0, 9)  (5, 7)   (0, 5)   (4, 5)   (6, 4)   (1, 1)   (1, 2)  (4, 9)   (4, 5)
job_5   (4, 7)   (6, 3)   (5, 3)   (4, 1)   (5, 1)   (4, 4)   (5, 7)  (1, 5)  (2, 1)   (6, 8)   (5, 2)   (1, 6)   (0, 7)  (1, 10)  (0, 3)   (5, 6)
job_6   (4, 9)   (5, 5)   (6, 4)   (2, 6)   (1, 4)   (2, 4)   (4, 5)  (4, 5)  (1, 9)   (4, 1)   (5, 3)   (3, 2)  (1, 10)   (3, 3)  (2, 8)  (6, 10)
job_7   (0, 2)   (0, 7)  (1, 10)   (6, 7)   (4, 8)   (0, 6)  (6, 10)  (4, 5)  (2, 4)   (1, 9)   (6, 5)   (1, 8)   (1, 2)   (3, 9)  (2, 7)   (5, 6)
job_8   (5, 1)   (6, 1)   (3, 8)   (6, 8)   (3, 2)   (0, 2)   (4, 1)  (4, 2)  (2, 1)   (5, 6)   (4, 9)   (2, 7)   (5, 2)   (0, 6)  (2, 1)  (2, 10)
job_9   (2, 3)   (0, 8)   (6, 2)   (1, 9)   (5, 3)   (5, 9)  (5, 10)  (6, 7)  (5, 5)   (1, 8)   (4, 5)   (1, 8)   (4, 3)  (2, 10)  (0, 2)   (5, 8)
job_10  (1, 4)  (4, 10)   (2, 1)   (0, 3)   (6, 1)   (0, 4)   (5, 6)  (6, 7)  (0, 3)  (3, 10)   (6, 8)   (5, 1)   (3, 3)   (2, 1)  (3, 4)   (0, 5)
job_11  (3, 8)   (1, 4)   (2, 8)   (6, 4)   (5, 6)   (5, 4)   (0, 2)  (0, 7)  (6, 4)   (5, 5)   (4, 3)  (5, 10)   (0, 8)   (6, 3)  (4, 4)   (0, 2)
job_12  (2, 1)   (0, 1)   (0, 7)   (4, 9)   (2, 4)  (3, 10)  (0, 10)  (0, 4)  (0, 8)   (5, 5)   (1, 1)   (4, 4)   (2, 7)   (1, 4)  (5, 4)   (2, 7)
job_13  (3, 7)  (4, 10)   (5, 5)   (5, 6)   (5, 4)   (0, 7)   (3, 4)  (1, 1)  (3, 5)   (4, 1)   (1, 6)   (4, 4)   (4, 9)   (4, 1)  (1, 8)   (6, 8)
job_14  (5, 7)   (3, 9)   (1, 1)   (1, 7)   (5, 3)   (3, 3)   (1, 9)  (3, 8)  (2, 6)   (4, 4)   (4, 3)   (4, 7)   (5, 1)   (0, 3)  (4, 1)   (1, 8)
job_15  (1, 5)   (0, 1)  (5, 10)   (1, 9)  (3, 10)   (3, 6)   (3, 3)  (2, 5)  (5, 4)   (6, 6)   (1, 9)   (4, 2)   (0, 7)   (1, 7)  (5, 8)   (6, 4)
job_16  (5, 6)  (6, 10)   (3, 2)   (3, 1)   (6, 2)   (2, 8)   (5, 7)  (5, 3)  (5, 8)  (5, 10)   (1, 5)   (3, 9)   (1, 6)   (5, 7)  (6, 9)   (0, 7)
job_17  (1, 2)  (3, 10)   (1, 7)  (0, 10)  (2, 10)   (1, 8)   (2, 5)  (6, 9)  (2, 6)   (2, 3)   (2, 3)   (3, 3)   (4, 3)   (3, 9)  (6, 7)   (6, 2)
job_18  (4, 9)   (1, 8)   (2, 1)  (2, 10)   (4, 9)   (4, 8)   (6, 4)  (0, 5)  (6, 6)   (6, 9)   (0, 6)   (1, 6)   (3, 2)  (1, 10)  (6, 5)   (1, 3)


Solution:
Machine 0: job_7_task_0   job_7_task_1   job_9_task_1   job_15_task_1  job_1_task_0   job_12_task_1  job_12_task_2  job_7_task_5   job_0_task_2   job_17_task_3  job_2_task_2   job_1_task_3   job_3_task_4   job_12_task_6  job_12_task_7  job_2_task_7   job_10_task_3  job_18_task_7  job_10_task_5  job_13_task_5  job_8_task_5   job_2_task_10  job_1_task_9   job_4_task_7   job_12_task_8  job_11_task_6  job_11_task_7  job_18_task_10 job_10_task_8  job_2_task_13  job_4_task_9   job_2_task_15  job_8_task_13  job_14_task_13 job_5_task_12  job_15_task_12 job_11_task_12 job_10_task_15 job_1_task_12  job_9_task_14  job_11_task_15 job_16_task_15 job_0_task_14  job_5_task_14  
           [0,2]          [2,9]          [9,17]         [17,18]        [18,23]        [23,24]        [24,31]        [43,49]        [49,58]        [58,68]        [68,69]        [69,74]        [74,83]        [83,93]        [93,97]        [97,100]       [100,103]      [103,108]      [108,112]      [112,119]      [119,121]      [121,122]      [122,127]      [127,136]      [136,144]      [144,146]      [146,153]      [153,159]      [159,162]      [162,171]      [171,176]      [180,190]      [190,196]      [196,199]      [199,206]      [206,213]      [213,221]      [221,226]      [226,230]      [230,232]      [232,234]      [256,263]      [263,267]      [278,281]      
Machine 1: job_17_task_0  job_15_task_0  job_4_task_0   job_7_task_2   job_18_task_1  job_0_task_0   job_9_task_3   job_0_task_1   job_17_task_2  job_2_task_1   job_15_task_3  job_11_task_1  job_2_task_3   job_10_task_0  job_14_task_2  job_6_task_4   job_14_task_3  job_4_task_4   job_17_task_5  job_3_task_6   job_14_task_6  job_5_task_7   job_6_task_8   job_7_task_9   job_9_task_9   job_13_task_7  job_0_task_7   job_16_task_10 job_3_task_9   job_15_task_10 job_13_task_10 job_0_task_9   job_5_task_11  job_7_task_11  job_9_task_11  job_1_task_11  job_6_task_12  job_16_task_12 job_12_task_10 job_0_task_11  job_18_task_11 job_3_task_12  job_7_task_12  job_15_task_13 job_5_task_13  job_18_task_13 job_4_task_12  job_4_task_13  job_13_task_14 job_12_task_13 job_3_task_15  job_14_task_15 job_18_task_15 
           [0,2]          [2,7]          [7,15]         [15,25]        [25,33]        [33,35]        [35,44]        [44,49]        [49,56]        [56,66]        [66,75]        [75,79]        [79,81]        [81,85]        [85,86]        [86,90]        [90,97]        [97,104]       [104,112]      [112,118]      [118,127]      [127,132]      [132,141]      [141,150]      [150,158]      [158,159]      [159,162]      [162,167]      [167,169]      [169,178]      [178,184]      [184,188]      [188,194]      [194,202]      [202,210]      [210,219]      [219,229]      [229,235]      [235,236]      [236,246]      [246,252]      [252,259]      [259,261]      [261,268]      [268,278]      [278,288]      [288,289]      [289,291]      [291,299]      [299,303]      [303,312]      [312,320]      [320,323]      
Machine 2: job_9_task_0   job_12_task_0  job_3_task_1   job_4_task_1   job_1_task_1   job_18_task_2  job_18_task_3  job_16_task_5  job_6_task_3   job_12_task_4  job_17_task_4  job_1_task_4   job_11_task_2  job_1_task_6   job_6_task_5   job_10_task_2  job_1_task_7   job_15_task_7  job_2_task_9   job_7_task_8   job_17_task_6  job_4_task_6   job_5_task_8   job_8_task_8   job_14_task_8  job_17_task_8  job_17_task_9  job_17_task_10 job_2_task_14  job_8_task_11  job_10_task_13 job_8_task_14  job_8_task_15  job_9_task_13  job_6_task_14  job_12_task_12 job_3_task_13  job_3_task_14  job_7_task_14  job_12_task_15 
           [0,3]          [3,4]          [12,21]        [21,25]        [25,34]        [34,35]        [35,45]        [45,53]        [53,59]        [59,63]        [68,78]        [78,79]        [79,87]        [87,92]        [92,96]        [96,97]        [97,102]       [102,107]      [107,117]      [117,121]      [121,126]      [126,127]      [132,133]      [136,137]      [137,143]      [143,149]      [149,152]      [152,155]      [171,180]      [180,187]      [188,189]      [196,197]      [197,207]      [218,228]      [232,240]      [240,247]      [259,260]      [260,269]      [270,277]      [307,314]      
Machine 3: job_13_task_0  job_17_task_1  job_16_task_2  job_16_task_3  job_11_task_0  job_3_task_2   job_14_task_1  job_1_task_2   job_8_task_2   job_12_task_5  job_0_task_5   job_15_task_4  job_15_task_5  job_15_task_6  job_8_task_4   job_1_task_8   job_14_task_5  job_13_task_6  job_14_task_7  job_2_task_12  job_17_task_11 job_13_task_8  job_10_task_9  job_16_task_11 job_6_task_11  job_10_task_12 job_3_task_11  job_10_task_14 job_17_task_13 job_6_task_13  job_1_task_15  job_18_task_12 job_0_task_13  job_7_task_13  
           [0,7]          [7,17]         [17,19]        [19,20]        [20,28]        [28,35]        [35,44]        [44,48]        [48,56]        [63,73]        [73,82]        [82,92]        [92,98]        [98,101]       [101,103]      [103,109]      [114,117]      [119,123]      [127,135]      [142,150]      [155,158]      [159,164]      [164,174]      [174,183]      [183,185]      [185,188]      [189,193]      [193,197]      [215,224]      [229,232]      [247,249]      [252,254]      [254,257]      [261,270]      
Machine 4: job_6_task_0   job_3_task_0   job_2_task_0   job_18_task_0  job_13_task_1  job_7_task_4   job_12_task_3  job_5_task_0   job_18_task_4  job_4_task_3   job_18_task_5  job_10_task_1  job_5_task_3   job_6_task_6   job_2_task_8   job_5_task_5   job_7_task_7   job_4_task_5   job_6_task_7   job_0_task_6   job_8_task_6   job_8_task_7   job_2_task_11  job_1_task_10  job_6_task_9   job_14_task_9  job_14_task_10 job_14_task_11 job_9_task_10  job_13_task_9  job_8_task_10  job_3_task_10  job_11_task_10 job_13_task_11 job_15_task_11 job_4_task_10  job_13_task_12 job_17_task_12 job_9_task_12  job_13_task_13 job_14_task_14 job_11_task_14 job_12_task_11 job_0_task_12  job_4_task_14  job_4_task_15  
           [0,9]          [9,12]         [12,16]        [16,25]        [25,35]        [35,43]        [43,52]        [52,59]        [59,68]        [68,78]        [78,86]        [86,96]        [96,97]        [97,102]       [102,107]      [107,111]      [111,116]      [116,120]      [120,125]      [125,133]      [133,134]      [134,136]      [136,142]      [142,149]      [149,150]      [150,154]      [154,157]      [157,164]      [164,169]      [169,170]      [170,179]      [179,189]      [189,192]      [192,196]      [196,198]      [198,203]      [203,212]      [212,215]      [215,218]      [218,219]      [219,220]      [224,228]      [236,240]      [246,253]      [291,300]      [300,305]      
Machine 5: job_16_task_0  job_14_task_0  job_6_task_1   job_15_task_2  job_4_task_2   job_13_task_2  job_8_task_0   job_9_task_4   job_9_task_5   job_16_task_6  job_9_task_6   job_16_task_7  job_5_task_2   job_13_task_3  job_2_task_5   job_16_task_8  job_5_task_4   job_3_task_5   job_13_task_4  job_11_task_4  job_14_task_4  job_5_task_6   job_16_task_9  job_11_task_5  job_9_task_8   job_10_task_6  job_15_task_8  job_8_task_9   job_4_task_8   job_0_task_8   job_6_task_10  job_11_task_9  job_5_task_10  job_12_task_9  job_10_task_11 job_14_task_12 job_8_task_12  job_11_task_11 job_9_task_15  job_16_task_13 job_0_task_15  job_15_task_14 job_7_task_15  job_5_task_15  job_12_task_14 
           [0,6]          [6,13]         [13,18]        [18,28]        [28,38]        [38,43]        [43,44]        [44,47]        [47,56]        [56,63]        [63,73]        [73,76]        [76,79]        [79,85]        [85,90]        [90,98]        [98,99]        [99,101]       [101,105]      [105,111]      [111,114]      [114,121]      [121,131]      [131,135]      [135,140]      [140,146]      [146,150]      [150,156]      [156,163]      [163,168]      [168,171]      [171,176]      [176,178]      [178,183]      [183,184]      [184,185]      [187,189]      [192,202]      [232,240]      [240,247]      [267,270]      [270,278]      [278,284]      [284,290]      [303,307]      
Machine 6: job_16_task_1  job_9_task_2   job_16_task_4  job_7_task_3   job_6_task_2   job_3_task_3   job_8_task_1   job_7_task_6   job_0_task_3   job_0_task_4   job_5_task_1   job_8_task_3   job_2_task_4   job_1_task_5   job_11_task_3  job_18_task_6  job_2_task_6   job_9_task_7   job_10_task_4  job_18_task_8  job_18_task_9  job_3_task_7   job_3_task_8   job_17_task_7  job_5_task_9   job_10_task_7  job_15_task_9  job_11_task_8  job_7_task_10  job_10_task_10 job_0_task_10  job_4_task_11  job_11_task_13 job_17_task_14 job_1_task_13  job_1_task_14  job_16_task_14 job_6_task_15  job_17_task_15 job_15_task_15 job_18_task_14 job_13_task_15 
           [6,16]         [17,19]        [20,22]        [25,32]        [32,36]        [36,44]        [44,45]        [49,59]        [59,62]        [62,70]        [70,73]        [73,81]        [81,84]        [84,87]        [87,91]        [91,95]        [95,97]        [97,104]       [104,105]      [108,114]      [114,123]      [123,128]      [128,131]      [131,140]      [140,148]      [148,155]      [155,161]      [161,165]      [165,170]      [174,182]      [188,192]      [203,207]      [221,224]      [224,231]      [231,238]      [238,247]      [247,256]      [256,266]      [266,268]      [278,282]      [288,293]      [299,307]      
Optimal Schedule Length: 323.0
Total (Unoptimized Schedule Length): 1679
Statistics
  - conflicts: 0
  - branches : 0
  - wall time: 0.143978862s