
Problem
         task_0   task_1   task_2  task_3   task_4   task_5   task_6   task_7   task_8   task_9  task_10  task_11  task_12  task_13  task_14  task_15  task_16  task_17
job_0    (0, 4)   (1, 2)   (4, 6)  (3, 6)   (0, 6)   (2, 9)   (1, 2)   (1, 2)   (4, 4)  (1, 10)   (0, 7)   (3, 2)   (0, 8)   (3, 9)  (2, 10)   (2, 3)   (1, 5)  (2, 10)
job_1    (4, 6)   (1, 1)   (2, 8)  (4, 1)   (0, 5)   (4, 2)   (2, 9)   (4, 1)   (2, 6)   (0, 7)   (4, 8)   (2, 4)   (3, 6)   (4, 6)   (4, 6)   (3, 7)   (0, 9)   (2, 2)
job_2    (0, 2)  (3, 10)   (1, 9)  (3, 2)   (3, 3)   (3, 5)   (3, 7)   (4, 8)   (3, 9)   (2, 6)   (0, 5)   (4, 6)   (3, 7)   (3, 4)   (0, 5)   (1, 1)   (4, 7)   (1, 9)
job_3   (1, 10)   (2, 1)   (4, 4)  (0, 8)   (2, 3)   (3, 1)   (2, 9)   (1, 1)   (4, 2)   (0, 7)   (1, 9)   (2, 3)   (0, 9)   (2, 5)   (0, 5)   (0, 6)   (4, 2)   (3, 3)
job_4    (4, 8)   (2, 1)   (1, 4)  (3, 1)   (1, 5)   (0, 4)   (1, 8)  (3, 10)   (3, 4)   (3, 4)   (0, 5)   (3, 1)   (2, 1)   (0, 5)   (4, 3)   (2, 5)   (4, 6)   (0, 3)
job_5    (3, 5)  (0, 10)   (1, 9)  (3, 5)   (2, 3)   (4, 9)   (2, 2)   (3, 2)   (4, 3)   (2, 2)   (0, 3)   (1, 7)   (2, 5)   (0, 4)   (4, 8)   (1, 8)   (3, 2)   (4, 7)
job_6    (1, 4)   (0, 5)  (3, 10)  (0, 9)   (2, 7)   (0, 3)  (0, 10)   (1, 8)   (3, 7)   (3, 7)   (3, 9)   (2, 4)   (0, 3)   (3, 1)   (3, 6)  (3, 10)   (0, 8)   (1, 4)
job_7   (2, 10)   (0, 5)   (3, 6)  (4, 8)   (4, 4)   (1, 2)   (1, 6)   (2, 1)   (2, 2)   (3, 3)   (2, 9)   (4, 3)   (2, 4)   (1, 9)   (1, 6)   (4, 1)   (1, 2)   (0, 3)
job_8    (0, 6)   (0, 3)   (3, 8)  (3, 8)   (2, 1)   (2, 2)   (0, 8)   (1, 1)  (3, 10)   (3, 2)   (1, 4)   (0, 6)  (2, 10)  (4, 10)   (4, 9)   (3, 2)   (1, 4)   (0, 8)
job_9    (3, 5)  (0, 10)   (0, 3)  (4, 1)   (3, 4)   (3, 1)   (1, 5)   (3, 7)   (0, 3)   (4, 6)   (3, 2)  (2, 10)   (1, 1)   (4, 9)   (4, 7)   (1, 9)   (2, 5)   (2, 3)
job_10   (2, 4)   (3, 7)   (4, 9)  (0, 8)   (1, 6)   (0, 7)   (1, 9)   (1, 8)   (3, 8)   (0, 1)   (2, 8)   (3, 7)  (3, 10)   (3, 5)   (2, 8)   (1, 4)  (0, 10)   (1, 2)
job_11   (4, 2)   (1, 6)   (1, 2)  (1, 3)   (4, 7)   (2, 4)   (1, 9)   (4, 2)   (0, 1)   (2, 8)   (0, 2)   (2, 9)   (0, 6)   (3, 1)   (3, 4)   (1, 7)   (0, 5)  (1, 10)
job_12   (4, 6)   (4, 8)   (3, 2)  (2, 1)   (1, 3)  (1, 10)   (2, 7)   (4, 5)   (4, 9)  (1, 10)   (3, 2)   (1, 4)  (4, 10)   (1, 5)   (2, 4)   (2, 1)   (1, 1)   (4, 7)
job_13   (3, 9)   (1, 8)   (0, 5)  (3, 3)  (4, 10)   (4, 2)   (4, 3)   (4, 9)   (1, 3)   (4, 8)   (1, 1)   (0, 1)   (1, 4)   (0, 6)   (3, 7)   (2, 5)  (1, 10)   (2, 2)
job_14  (3, 10)   (4, 8)  (3, 10)  (4, 7)   (4, 9)   (3, 4)   (4, 1)   (4, 8)   (2, 4)   (1, 6)   (2, 4)   (3, 5)  (2, 10)   (4, 1)  (3, 10)   (2, 7)   (3, 4)   (0, 4)
job_15  (0, 10)  (1, 10)   (4, 7)  (3, 5)   (4, 6)   (0, 3)   (2, 9)  (0, 10)   (2, 4)   (3, 4)   (2, 9)  (4, 10)   (0, 3)   (0, 7)   (2, 6)   (2, 8)   (4, 7)   (3, 5)
job_16   (2, 2)   (4, 7)   (4, 1)  (4, 7)   (4, 8)   (2, 8)   (1, 8)   (2, 9)   (0, 6)   (0, 1)  (2, 10)   (4, 1)   (0, 4)   (1, 4)   (0, 9)   (4, 1)   (3, 4)   (2, 5)


Solution:
Machine 0: job_15_task_0  job_6_task_1   job_2_task_0   job_0_task_0   job_8_task_0   job_8_task_1   job_10_task_3  job_6_task_3   job_15_task_5  job_10_task_5  job_0_task_4   job_15_task_7  job_5_task_1   job_9_task_1   job_6_task_5   job_10_task_9  job_6_task_6   job_1_task_4   job_9_task_2   job_3_task_3   job_11_task_8  job_7_task_1   job_8_task_6   job_16_task_8  job_11_task_10 job_16_task_9  job_4_task_5   job_13_task_2  job_0_task_10  job_9_task_8   job_11_task_12 job_1_task_9   job_8_task_11  job_3_task_9   job_0_task_12  job_2_task_10  job_3_task_12  job_5_task_10  job_15_task_12 job_15_task_13 job_13_task_11 job_16_task_12 job_4_task_10  job_6_task_12  job_11_task_16 job_13_task_13 job_5_task_13  job_16_task_14 job_4_task_13  job_3_task_14  job_2_task_14  job_3_task_15  job_10_task_16 job_6_task_16  job_1_task_16  job_14_task_17 job_8_task_17  job_4_task_17  job_7_task_17  
           [0,10]         [10,15]        [15,17]        [17,21]        [21,27]        [27,30]        [30,38]        [38,47]        [48,51]        [52,59]        [59,65]        [65,75]        [75,85]        [85,95]        [95,98]        [98,99]        [99,109]       [109,114]      [114,117]      [117,125]      [126,127]      [127,132]      [132,140]      [140,146]      [146,148]      [148,149]      [149,153]      [153,158]      [164,171]      [171,174]      [174,180]      [180,187]      [187,193]      [196,203]      [203,211]      [211,216]      [216,225]      [225,228]      [232,235]      [235,242]      [242,243]      [243,247]      [249,254]      [254,257]      [261,266]      [266,272]      [272,276]      [276,285]      [286,291]      [291,296]      [296,301]      [301,307]      [308,318]      [322,330]      [330,339]      [339,343]      [343,351]      [351,354]      [354,357]      
Machine 1: job_6_task_0   job_3_task_0   job_15_task_1  job_0_task_1   job_1_task_1   job_2_task_2   job_10_task_4  job_10_task_6  job_11_task_1  job_11_task_2  job_11_task_3  job_0_task_6   job_10_task_7  job_5_task_2   job_16_task_6  job_0_task_7   job_4_task_2   job_11_task_6  job_12_task_4  job_12_task_5  job_13_task_1  job_8_task_7   job_4_task_4   job_9_task_6   job_0_task_9   job_6_task_7   job_3_task_7   job_4_task_6   job_8_task_10  job_7_task_5   job_14_task_9  job_7_task_6   job_13_task_8  job_3_task_10  job_12_task_9  job_5_task_11  job_9_task_12  job_13_task_10 job_13_task_12 job_16_task_13 job_11_task_15 job_12_task_11 job_11_task_17 job_7_task_13  job_12_task_13 job_0_task_16  job_5_task_15  job_10_task_15 job_9_task_15  job_2_task_15  job_7_task_14  job_13_task_16 job_8_task_16  job_2_task_17  job_12_task_16 job_6_task_17  job_7_task_16  job_10_task_17 
           [0,4]          [4,14]         [14,24]        [24,26]        [26,27]        [37,46]        [46,52]        [59,68]        [68,74]        [74,76]        [76,79]        [79,81]        [81,89]        [89,98]        [98,106]       [106,108]      [108,112]      [112,121]      [122,125]      [125,135]      [135,143]      [143,144]      [144,149]      [149,154]      [154,164]      [164,172]      [172,173]      [173,181]      [181,185]      [185,187]      [187,193]      [193,199]      [199,202]      [203,212]      [212,222]      [228,235]      [235,236]      [240,241]      [243,247]      [247,251]      [254,261]      [261,265]      [266,276]      [276,285]      [286,291]      [291,296]      [296,304]      [304,308]      [308,317]      [317,318]      [318,324]      [324,334]      [334,338]      [338,347]      [347,348]      [348,352]      [352,354]      [354,356]      
Machine 2: job_10_task_0  job_16_task_0  job_7_task_0   job_3_task_1   job_1_task_2   job_6_task_4   job_15_task_6  job_0_task_5   job_15_task_8  job_8_task_4   job_8_task_5   job_16_task_5  job_15_task_10 job_10_task_10 job_4_task_1   job_11_task_5  job_16_task_7  job_12_task_3  job_5_task_4   job_3_task_4   job_1_task_6   job_11_task_9  job_12_task_6  job_3_task_6   job_5_task_6   job_11_task_11 job_1_task_8   job_14_task_8  job_16_task_10 job_2_task_9   job_8_task_12  job_7_task_7   job_14_task_10 job_3_task_11  job_7_task_8   job_5_task_9   job_9_task_11  job_1_task_11  job_7_task_10  job_6_task_11  job_14_task_12 job_5_task_12  job_15_task_14 job_7_task_12  job_0_task_14  job_0_task_15  job_4_task_12  job_3_task_13  job_10_task_14 job_15_task_15 job_14_task_15 job_13_task_15 job_4_task_15  job_12_task_14 job_0_task_17  job_12_task_15 job_9_task_16  job_9_task_17  job_16_task_17 job_1_task_17  job_13_task_17 
           [0,4]          [4,6]          [6,16]         [16,17]        [27,35]        [47,54]        [54,63]        [65,74]        [75,79]        [79,80]        [80,82]        [82,90]        [90,99]        [99,107]       [107,108]      [108,112]      [112,121]      [121,122]      [122,125]      [125,128]      [128,137]      [137,145]      [145,152]      [152,161]      [161,163]      [163,172]      [172,178]      [178,182]      [182,192]      [192,198]      [198,208]      [208,209]      [209,213]      [213,216]      [216,218]      [218,220]      [220,230]      [230,234]      [234,243]      [243,247]      [247,257]      [257,262]      [262,268]      [268,272]      [272,282]      [282,285]      [285,286]      [286,291]      [291,299]      [299,307]      [307,314]      [314,319]      [319,324]      [324,328]      [328,338]      [338,339]      [339,344]      [344,347]      [347,352]      [352,354]      [354,356]      
Machine 3: job_14_task_0  job_10_task_1  job_6_task_2   job_2_task_1   job_15_task_3  job_0_task_3   job_5_task_0   job_14_task_2  job_8_task_2   job_8_task_3   job_9_task_0   job_15_task_9  job_2_task_3   job_10_task_8  job_2_task_4   job_12_task_2  job_2_task_5   job_5_task_3   job_13_task_0  job_2_task_6   job_9_task_4   job_7_task_2   job_4_task_3   job_9_task_5   job_14_task_5  job_3_task_5   job_8_task_8   job_8_task_9   job_13_task_3  job_9_task_7   job_2_task_8   job_6_task_8   job_6_task_9   job_5_task_7   job_0_task_11  job_6_task_10  job_10_task_11 job_9_task_10  job_4_task_7   job_7_task_9   job_4_task_8   job_14_task_11 job_10_task_12 job_4_task_9   job_11_task_13 job_11_task_14 job_12_task_10 job_1_task_12  job_0_task_13  job_2_task_12  job_6_task_13  job_10_task_13 job_4_task_11  job_6_task_14  job_2_task_13  job_14_task_14 job_13_task_14 job_6_task_15  job_1_task_15  job_8_task_15  job_5_task_16  job_14_task_16 job_15_task_17 job_16_task_16 job_3_task_17  
           [0,10]         [10,17]        [17,27]        [27,37]        [37,42]        [42,48]        [48,53]        [53,63]        [63,71]        [71,79]        [79,84]        [84,88]        [88,90]        [90,98]        [98,101]       [101,103]      [103,108]      [108,113]      [113,122]      [122,129]      [129,133]      [133,139]      [139,140]      [140,141]      [141,145]      [145,146]      [146,156]      [156,158]      [158,161]      [161,168]      [168,177]      [177,184]      [184,191]      [191,193]      [193,195]      [195,204]      [204,211]      [211,213]      [213,223]      [223,226]      [226,230]      [230,235]      [235,245]      [245,249]      [249,250]      [250,254]      [254,256]      [256,262]      [262,271]      [271,278]      [278,279]      [279,284]      [284,285]      [285,291]      [291,295]      [295,305]      [305,312]      [312,322]      [322,329]      [329,331]      [331,333]      [333,337]      [337,342]      [342,346]      [349,352]      
Machine 4: job_12_task_0  job_1_task_0   job_14_task_1  job_10_task_2  job_15_task_2  job_0_task_2   job_15_task_4  job_16_task_1  job_12_task_1  job_11_task_0  job_16_task_2  job_16_task_3  job_16_task_4  job_14_task_3  job_4_task_0   job_11_task_4  job_3_task_2   job_1_task_3   job_14_task_4  job_0_task_8   job_9_task_3   job_1_task_5   job_11_task_7  job_5_task_5   job_2_task_7   job_7_task_3   job_14_task_6  job_14_task_7  job_1_task_7   job_13_task_4  job_13_task_5  job_13_task_6  job_12_task_7  job_7_task_4   job_13_task_7  job_3_task_8   job_12_task_8  job_9_task_9   job_5_task_8   job_1_task_10  job_15_task_11 job_13_task_9  job_16_task_11 job_2_task_11  job_9_task_13  job_7_task_11  job_14_task_13 job_8_task_13  job_1_task_13  job_12_task_12 job_5_task_14  job_1_task_14  job_9_task_14  job_8_task_14  job_4_task_14  job_15_task_16 job_2_task_16  job_4_task_16  job_16_task_15 job_5_task_17  job_3_task_16  job_7_task_15  job_12_task_17 
           [0,6]          [6,12]         [12,20]        [20,29]        [29,36]        [36,42]        [42,48]        [48,55]        [55,63]        [63,65]        [65,66]        [66,73]        [73,81]        [81,88]        [88,96]        [96,103]       [103,107]      [107,108]      [108,117]      [117,121]      [121,122]      [122,124]      [124,126]      [126,135]      [135,143]      [143,151]      [151,152]      [152,160]      [160,161]      [161,171]      [171,173]      [173,176]      [176,181]      [181,185]      [185,194]      [194,196]      [196,205]      [205,211]      [211,214]      [214,222]      [222,232]      [232,240]      [240,241]      [241,247]      [247,256]      [256,259]      [259,260]      [260,270]      [270,276]      [276,286]      [286,294]      [294,300]      [300,307]      [307,316]      [316,319]      [319,326]      [326,333]      [333,339]      [339,340]      [340,347]      [347,349]      [349,350]      [350,357]      
Optimal Schedule Length: 357.0
Total (Unoptimized Schedule Length): 1686
Statistics
  - conflicts: 0
  - branches : 0
  - wall time: 2.89311803s