
Problem
         task_0   task_1   task_2  task_3   task_4   task_5   task_6   task_7   task_8  task_9  task_10   task_11  task_12  task_13  task_14  task_15
job_0    (7, 5)  (7, 10)   (0, 7)  (0, 6)   (9, 3)   (1, 9)   (2, 2)   (4, 4)   (5, 5)  (3, 6)   (8, 9)  (10, 10)  (1, 10)   (5, 8)   (4, 4)   (5, 9)
job_1    (8, 3)   (8, 3)   (2, 5)  (4, 4)   (5, 6)   (0, 2)   (5, 5)   (2, 7)   (0, 4)  (3, 5)   (0, 6)    (5, 1)   (3, 9)   (8, 2)   (8, 4)   (2, 1)
job_2    (1, 7)   (0, 5)  (10, 7)  (0, 3)   (1, 6)   (4, 8)   (8, 5)   (6, 2)   (1, 6)  (0, 5)   (1, 1)    (6, 2)   (7, 9)   (9, 5)   (6, 3)   (5, 7)
job_3    (4, 7)   (4, 6)  (10, 4)  (5, 3)   (1, 5)  (10, 3)   (3, 5)   (0, 9)  (10, 3)  (4, 4)   (9, 8)    (8, 6)   (0, 9)   (3, 1)   (4, 5)   (0, 4)
job_4   (1, 10)   (9, 7)   (8, 7)  (3, 4)   (7, 8)   (7, 3)   (7, 6)   (3, 9)   (5, 8)  (6, 3)   (4, 5)    (8, 7)   (8, 6)   (2, 4)   (2, 6)   (3, 4)
job_5   (10, 5)   (5, 6)   (5, 3)  (5, 9)   (3, 5)   (8, 6)   (1, 6)   (4, 4)   (2, 2)  (4, 5)   (0, 8)    (4, 4)   (1, 9)   (4, 8)   (9, 5)  (10, 5)
job_6    (6, 2)   (3, 7)   (8, 2)  (6, 5)   (3, 8)   (0, 2)   (6, 3)   (7, 5)   (9, 6)  (8, 2)  (1, 10)    (4, 2)  (0, 10)   (5, 9)   (6, 9)   (1, 7)
job_7    (6, 2)   (6, 4)   (6, 4)  (4, 9)   (3, 9)   (4, 6)  (10, 8)   (5, 5)   (3, 5)  (4, 6)   (3, 9)    (5, 2)   (4, 9)  (10, 1)   (0, 6)   (7, 2)
job_8    (6, 6)   (0, 6)   (3, 5)  (4, 1)  (6, 10)  (10, 4)   (0, 3)   (0, 4)  (10, 1)  (2, 6)   (0, 3)    (7, 9)   (1, 3)  (6, 10)   (8, 5)   (4, 9)
job_9    (3, 3)  (10, 4)   (7, 1)  (3, 1)   (3, 4)   (9, 5)  (10, 1)   (4, 6)   (6, 7)  (8, 3)   (0, 9)    (3, 3)   (2, 9)  (10, 3)   (0, 3)   (5, 4)
job_10   (1, 8)   (1, 6)   (7, 7)  (0, 8)   (6, 9)   (1, 2)   (3, 4)   (0, 9)  (5, 10)  (7, 7)   (1, 4)    (7, 3)   (0, 4)   (8, 6)   (0, 8)   (9, 6)
job_11   (8, 5)  (8, 10)   (0, 4)  (9, 3)   (9, 6)   (1, 2)   (5, 3)   (9, 9)   (7, 5)  (3, 2)  (1, 10)    (9, 8)   (4, 8)   (1, 6)   (1, 4)   (3, 7)
job_12   (5, 1)   (3, 3)   (4, 2)  (3, 6)   (9, 8)  (10, 4)   (5, 6)   (3, 3)   (0, 8)  (5, 2)  (10, 8)    (7, 1)   (7, 5)  (10, 1)  (10, 9)   (3, 6)
job_13   (6, 3)   (3, 5)   (3, 2)  (8, 9)   (5, 1)   (8, 7)   (8, 7)  (1, 10)   (6, 3)  (0, 3)   (4, 7)    (1, 1)   (8, 5)   (9, 5)   (9, 7)   (2, 3)
job_14   (7, 7)   (0, 7)   (9, 6)  (6, 4)   (0, 5)   (5, 3)   (6, 1)   (9, 3)   (2, 8)  (5, 3)   (9, 4)   (3, 10)   (6, 2)   (7, 6)   (0, 4)  (5, 10)
job_15   (7, 3)   (8, 9)   (9, 3)  (9, 1)   (6, 1)   (0, 6)  (4, 10)  (4, 10)   (1, 5)  (8, 1)   (2, 6)   (0, 10)   (8, 2)  (4, 10)   (2, 4)   (6, 2)
job_16   (0, 6)  (1, 10)   (7, 5)  (7, 3)   (4, 2)   (3, 3)   (4, 6)  (3, 10)   (5, 4)  (1, 8)   (6, 1)   (10, 1)   (9, 5)   (0, 1)   (5, 4)   (0, 9)
job_17   (2, 5)   (0, 8)   (4, 2)  (7, 9)   (3, 7)   (0, 8)   (2, 5)   (8, 5)   (3, 1)  (1, 9)   (5, 1)    (4, 5)   (2, 7)   (1, 1)   (3, 7)  (10, 3)
job_18   (6, 6)   (6, 2)   (9, 9)  (9, 8)  (5, 10)   (2, 7)  (10, 8)   (7, 4)   (0, 6)  (3, 5)   (6, 4)    (8, 9)   (5, 2)   (9, 5)  (4, 10)  (8, 10)


Solution:
Machine 0: job_16_task_0  job_17_task_1  job_8_task_1   job_0_task_2   job_0_task_3   job_10_task_3  job_11_task_2  job_14_task_1  job_2_task_1   job_15_task_5  job_6_task_5   job_2_task_3   job_14_task_4  job_10_task_7  job_8_task_6   job_17_task_5  job_18_task_8  job_8_task_7   job_3_task_7   job_1_task_5   job_12_task_8  job_8_task_10  job_5_task_10  job_6_task_12  job_1_task_8   job_2_task_9   job_13_task_9  job_9_task_10  job_15_task_11 job_10_task_12 job_1_task_10  job_3_task_12  job_16_task_13 job_14_task_14 job_10_task_14 job_16_task_15 job_7_task_14  job_9_task_14  job_3_task_15  
           [0,6]          [6,14]         [14,20]        [20,27]        [27,33]        [33,41]        [41,45]        [45,52]        [52,57]        [57,63]        [63,65]        [65,68]        [68,73]        [73,82]        [82,85]        [85,93]        [93,99]        [99,103]       [103,112]      [112,114]      [114,122]      [122,125]      [125,133]      [133,143]      [143,147]      [147,152]      [152,155]      [155,164]      [164,174]      [174,178]      [178,184]      [184,193]      [193,194]      [194,198]      [198,206]      [206,215]      [215,221]      [221,224]      [224,228]      
Machine 1: job_10_task_0  job_4_task_0   job_10_task_1  job_2_task_0   job_16_task_1  job_0_task_5   job_3_task_4   job_10_task_5  job_11_task_5  job_5_task_6   job_2_task_4   job_13_task_7  job_6_task_10  job_2_task_8   job_11_task_10 job_15_task_8  job_10_task_10 job_0_task_12  job_17_task_9  job_16_task_9  job_8_task_12  job_2_task_10  job_5_task_12  job_13_task_11 job_11_task_13 job_11_task_14 job_6_task_15  job_17_task_13 
           [0,8]          [8,18]         [18,24]        [24,31]        [31,41]        [41,50]        [50,55]        [55,57]        [57,59]        [59,65]        [68,74]        [79,89]        [89,99]        [100,106]      [106,116]      [116,121]      [121,125]      [125,135]      [135,144]      [144,152]      [152,155]      [155,156]      [156,165]      [165,166]      [166,172]      [172,176]      [176,183]      [183,184]      
Machine 2: job_17_task_0  job_1_task_2   job_18_task_5  job_0_task_6   job_14_task_8  job_5_task_8   job_17_task_6  job_8_task_9   job_1_task_7   job_15_task_10 job_4_task_13  job_4_task_14  job_9_task_12  job_17_task_12 job_13_task_15 job_15_task_14 job_1_task_15  
           [0,5]          [30,35]        [36,43]        [50,52]        [90,98]        [98,100]       [100,105]      [105,111]      [119,126]      [126,132]      [149,153]      [153,159]      [167,176]      [176,183]      [195,198]      [198,202]      [206,207]      
Machine 3: job_9_task_0   job_12_task_1  job_12_task_3  job_6_task_1   job_5_task_4   job_13_task_1  job_8_task_2   job_4_task_3   job_6_task_4   job_13_task_2  job_7_task_4   job_10_task_6  job_17_task_4  job_9_task_3   job_9_task_4   job_0_task_9   job_3_task_6   job_16_task_5  job_4_task_7   job_11_task_9  job_18_task_9  job_12_task_7  job_16_task_7  job_7_task_8   job_17_task_8  job_14_task_11 job_7_task_10  job_1_task_9   job_12_task_15 job_4_task_15  job_9_task_11  job_11_task_15 job_17_task_14 job_1_task_12  job_3_task_13  
           [0,3]          [3,6]          [9,15]         [16,23]        [23,28]        [29,34]        [34,39]        [39,43]        [43,51]        [51,53]        [53,62]        [62,66]        [66,73]        [73,74]        [74,78]        [78,84]        [84,89]        [89,92]        [92,101]       [101,103]      [103,108]      [108,111]      [111,121]      [121,126]      [126,127]      [127,137]      [137,146]      [147,152]      [153,159]      [159,163]      [164,167]      [176,183]      [184,191]      [191,200]      [200,201]      
Machine 4: job_3_task_0   job_12_task_2  job_3_task_1   job_17_task_2  job_7_task_3   job_1_task_3   job_8_task_3   job_0_task_7   job_7_task_5   job_15_task_6  job_16_task_4  job_2_task_5   job_5_task_7   job_15_task_7  job_16_task_6  job_9_task_7   job_5_task_9   job_6_task_11  job_3_task_9   job_4_task_10  job_7_task_9   job_5_task_11  job_11_task_12 job_18_task_14 job_13_task_10 job_17_task_11 job_5_task_13  job_7_task_12  job_15_task_13 job_0_task_14  job_8_task_15  job_3_task_14  
           [0,7]          [7,9]          [9,15]         [15,17]        [26,35]        [35,39]        [39,40]        [52,56]        [62,68]        [68,78]        [78,80]        [80,88]        [88,92]        [92,102]       [102,108]      [108,114]      [114,119]      [119,121]      [121,125]      [125,130]      [130,136]      [136,140]      [140,148]      [148,158]      [158,165]      [165,170]      [170,178]      [178,187]      [187,197]      [197,201]      [201,210]      [210,215]      
Machine 5: job_12_task_0  job_5_task_1   job_5_task_2   job_5_task_3   job_3_task_3   job_18_task_4  job_1_task_4   job_0_task_8   job_11_task_6  job_13_task_4  job_12_task_6  job_14_task_5  job_7_task_7   job_10_task_8  job_14_task_9  job_4_task_8   job_1_task_6   job_16_task_8  job_12_task_9  job_18_task_12 job_0_task_13  job_6_task_13  job_17_task_10 job_7_task_11  job_1_task_11  job_2_task_15  job_16_task_14 job_14_task_15 job_0_task_15  job_9_task_15  
           [0,1]          [5,11]         [11,14]        [14,23]        [23,26]        [26,36]        [39,45]        [56,61]        [61,64]        [64,65]        [65,71]        [73,76]        [77,82]        [82,92]        [98,101]       [101,109]      [114,119]      [121,125]      [125,127]      [127,129]      [135,143]      [143,152]      [152,153]      [153,155]      [184,185]      [186,193]      [194,198]      [198,208]      [208,217]      [224,228]      
Machine 6: job_18_task_0  job_18_task_1  job_8_task_0   job_6_task_0   job_7_task_0   job_7_task_1   job_7_task_2   job_13_task_0  job_6_task_3   job_15_task_4  job_10_task_4  job_8_task_4   job_14_task_3  job_6_task_6   job_14_task_6  job_13_task_8  job_2_task_7   job_18_task_10 job_4_task_9   job_9_task_8   job_14_task_12 job_16_task_10 job_6_task_14  job_2_task_11  job_8_task_13  job_2_task_14  job_15_task_15 
           [0,6]          [6,8]          [8,14]         [14,16]        [16,18]        [18,22]        [22,26]        [26,29]        [32,37]        [39,40]        [41,50]        [50,60]        [62,66]        [66,69]        [76,77]        [89,92]        [98,100]       [108,112]      [112,115]      [115,122]      [137,139]      [152,153]      [153,162]      [162,164]      [164,174]      [183,186]      [202,204]      
Machine 7: job_0_task_0   job_0_task_1   job_15_task_0  job_14_task_0  job_10_task_2  job_17_task_3  job_16_task_2  job_4_task_4   job_4_task_5   job_9_task_2   job_4_task_6   job_16_task_3  job_18_task_7  job_6_task_7   job_11_task_8  job_10_task_9  job_10_task_11 job_8_task_11  job_12_task_11 job_12_task_12 job_14_task_13 job_2_task_12  job_7_task_15  
           [0,5]          [5,15]         [15,18]        [18,25]        [25,32]        [32,41]        [41,46]        [46,54]        [54,57]        [57,58]        [58,64]        [64,67]        [67,71]        [71,76]        [76,81]        [92,99]        [125,128]      [128,137]      [137,138]      [138,143]      [143,149]      [164,173]      [221,223]      
Machine 8: job_11_task_0  job_11_task_1  job_1_task_0   job_15_task_1  job_1_task_1   job_6_task_2   job_4_task_2   job_5_task_5   job_13_task_3  job_13_task_5  job_13_task_6  job_6_task_9   job_0_task_10  job_2_task_6   job_17_task_7  job_18_task_11 job_15_task_9  job_9_task_9   job_4_task_11  job_3_task_11  job_4_task_12  job_18_task_15 job_13_task_12 job_8_task_14  job_10_task_13 job_15_task_12 job_1_task_13  job_1_task_14  
           [0,5]          [5,15]         [15,18]        [18,27]        [27,30]        [30,32]        [32,39]        [39,45]        [53,62]        [65,72]        [72,79]        [82,84]        [84,93]        [93,98]        [105,110]      [112,121]      [121,122]      [122,125]      [130,137]      [137,143]      [143,149]      [158,168]      [168,173]      [174,179]      [179,185]      [185,187]      [200,202]      [202,206]      
Machine 9: job_18_task_2  job_18_task_3  job_4_task_1   job_15_task_2  job_0_task_4   job_15_task_3  job_12_task_4  job_11_task_3  job_11_task_4  job_14_task_2  job_11_task_7  job_6_task_8   job_9_task_5   job_14_task_7  job_14_task_10 job_11_task_11 job_3_task_10  job_18_task_13 job_16_task_12 job_13_task_13 job_2_task_13  job_5_task_14  job_13_task_14 job_10_task_15 
           [8,17]         [17,25]        [25,32]        [32,35]        [35,38]        [38,39]        [39,47]        [47,50]        [50,56]        [56,62]        [64,73]        [76,82]        [82,87]        [87,90]        [101,105]      [116,124]      [125,133]      [133,138]      [154,159]      [173,178]      [178,183]      [183,188]      [188,195]      [206,212]      
Machine 10: job_5_task_0   job_9_task_1   job_3_task_2   job_18_task_6  job_12_task_5  job_3_task_5   job_2_task_2   job_8_task_5   job_7_task_6   job_9_task_6   job_0_task_11  job_8_task_8   job_3_task_8   job_12_task_10 job_12_task_13 job_12_task_14 job_16_task_11 job_9_task_13  job_7_task_13  job_5_task_15  job_17_task_15 
           [0,5]          [5,9]          [15,19]        [43,51]        [51,55]        [55,58]        [58,65]        [65,69]        [69,77]        [87,88]        [93,103]       [103,104]      [112,115]      [127,135]      [143,144]      [144,153]      [153,154]      [176,179]      [187,188]      [188,193]      [193,196]      
Optimal Schedule Length: 228.0
Total (Unoptimized Schedule Length): 1627
Statistics
  - conflicts: 0
  - branches : 0
  - wall time: 0.1566959s