
Problem
         task_0   task_1   task_2    task_3   task_4   task_5    task_6   task_7   task_8   task_9  task_10  task_11   task_12  task_13  task_14  task_15  task_16   task_17  task_18
job_0   (11, 5)  (11, 7)   (9, 6)    (9, 8)   (4, 2)   (5, 2)    (8, 3)  (10, 4)  (9, 10)  (11, 7)   (9, 7)   (2, 8)    (4, 2)   (7, 5)  (11, 7)   (0, 5)   (1, 3)  (11, 10)  (10, 6)
job_1   (6, 10)   (4, 6)  (11, 4)    (3, 8)  (11, 1)   (7, 4)    (0, 3)   (9, 1)   (1, 4)   (0, 9)   (5, 7)   (7, 8)    (3, 7)  (11, 9)  (9, 10)   (3, 1)   (8, 9)    (0, 6)   (3, 6)
job_2    (4, 5)  (10, 7)  (5, 10)   (11, 3)   (9, 2)   (1, 4)    (6, 1)   (9, 1)   (6, 6)   (9, 4)   (9, 8)  (4, 10)    (2, 6)   (0, 1)   (6, 2)   (4, 7)   (4, 9)    (0, 3)   (9, 3)
job_3    (1, 8)  (11, 5)   (5, 1)   (6, 10)   (2, 8)   (1, 1)    (1, 6)   (6, 9)   (3, 1)   (3, 5)  (10, 1)   (3, 1)    (9, 7)   (4, 9)  (11, 1)   (7, 5)   (2, 5)    (6, 8)   (8, 3)
job_4    (5, 1)   (8, 6)   (9, 1)   (7, 10)   (9, 5)   (3, 2)    (2, 3)   (9, 1)   (4, 6)   (6, 8)   (9, 5)   (9, 8)    (3, 4)  (10, 6)   (2, 8)   (3, 3)   (6, 7)    (2, 4)   (5, 5)
job_5    (5, 3)  (10, 9)   (7, 2)    (9, 2)  (10, 5)   (1, 6)    (1, 2)  (6, 10)   (3, 4)   (5, 8)   (6, 2)  (11, 5)  (11, 10)   (0, 7)   (3, 3)   (0, 6)   (1, 6)    (1, 2)   (2, 3)
job_6   (0, 10)   (5, 7)   (0, 3)    (9, 9)   (7, 3)   (8, 8)  (11, 10)   (4, 5)   (2, 8)   (8, 8)  (11, 1)   (2, 6)    (0, 2)   (8, 3)  (10, 7)   (8, 9)   (2, 9)    (0, 9)   (7, 8)
job_7    (5, 1)   (1, 6)   (4, 1)    (2, 8)  (8, 10)   (6, 9)    (8, 5)   (4, 4)   (1, 9)   (3, 3)   (7, 4)   (1, 9)   (0, 10)   (2, 6)  (11, 3)  (11, 8)  (11, 8)    (4, 6)   (6, 6)
job_8    (3, 4)  (10, 8)   (1, 3)    (9, 5)   (7, 1)   (2, 2)    (9, 4)   (2, 3)   (3, 2)   (4, 7)   (0, 3)  (10, 3)   (10, 1)   (1, 9)   (3, 8)   (3, 5)   (5, 5)    (0, 6)   (7, 1)
job_9   (10, 9)   (6, 4)   (8, 5)   (8, 10)  (1, 10)   (3, 7)   (10, 7)   (7, 4)   (2, 5)   (0, 8)   (9, 5)  (11, 8)   (8, 10)   (9, 4)   (9, 2)   (4, 5)  (11, 2)    (8, 1)   (7, 5)
job_10   (4, 6)   (0, 1)  (11, 7)   (2, 10)   (0, 5)   (5, 3)    (5, 5)   (5, 7)   (4, 8)  (11, 6)  (11, 8)   (8, 8)    (6, 9)  (3, 10)   (0, 3)  (10, 3)  (2, 10)   (1, 10)  (11, 4)
job_11   (6, 2)   (0, 4)   (5, 2)    (7, 2)   (0, 8)   (0, 7)   (10, 8)   (9, 4)   (0, 3)   (8, 6)   (7, 4)   (5, 7)    (8, 4)  (9, 10)   (7, 4)  (10, 4)   (7, 2)    (3, 5)   (7, 2)
job_12   (4, 6)   (1, 6)   (5, 4)  (10, 10)  (10, 4)  (11, 1)   (4, 10)   (8, 8)   (2, 8)   (0, 2)  (11, 4)  (10, 4)    (4, 6)  (4, 10)   (9, 7)   (2, 3)  (10, 1)   (7, 10)   (8, 1)


Solution:
Machine 0: job_6_task_0   job_10_task_1  job_11_task_1  job_6_task_2   job_11_task_4  job_10_task_4  job_11_task_5  job_1_task_6   job_11_task_8  job_12_task_9  job_1_task_9   job_9_task_9   job_6_task_12  job_7_task_12  job_8_task_10  job_5_task_13  job_2_task_13  job_10_task_14 job_6_task_17  job_0_task_15  job_5_task_15  job_8_task_17  job_1_task_17  job_2_task_17  
           [2,12]         [12,13]        [13,17]        [19,22]        [23,31]        [32,37]        [37,44]        [50,53]        [62,65]        [66,68]        [68,77]        [82,90]        [92,94]        [98,108]       [108,111]      [111,118]      [118,119]      [122,125]      [125,134]      [134,139]      [139,145]      [145,151]      [151,157]      [157,160]      
Machine 1: job_7_task_1   job_3_task_0   job_12_task_1  job_9_task_4   job_3_task_5   job_2_task_5   job_5_task_5   job_5_task_6   job_3_task_6   job_1_task_8   job_8_task_2   job_7_task_8   job_7_task_11  job_8_task_13  job_0_task_16  job_10_task_17 job_5_task_16  job_5_task_17  
           [1,7]          [7,15]         [15,21]        [30,40]        [44,45]        [45,49]        [50,56]        [56,58]        [58,64]        [64,68]        [68,71]        [73,82]        [89,98]        [115,124]      [139,142]      [142,152]      [152,158]      [158,160]      
Machine 2: job_7_task_3   job_10_task_3  job_3_task_4   job_4_task_6   job_12_task_8  job_6_task_8   job_9_task_8   job_8_task_5   job_6_task_11  job_8_task_7   job_0_task_11  job_2_task_12  job_7_task_13  job_6_task_16  job_4_task_14  job_10_task_16 job_3_task_16  job_12_task_15 job_4_task_17  job_5_task_18  
           [14,22]        [22,32]        [36,44]        [50,53]        [58,66]        [69,77]        [77,82]        [82,84]        [86,92]        [92,95]        [95,103]       [103,109]      [109,115]      [115,124]      [124,132]      [132,142]      [142,147]      [148,151]      [151,155]      [160,163]      
Machine 3: job_8_task_0   job_1_task_3   job_9_task_5   job_4_task_5   job_5_task_8   job_3_task_8   job_7_task_9   job_3_task_9   job_3_task_11  job_8_task_8   job_1_task_12  job_4_task_12  job_10_task_13 job_5_task_14  job_8_task_14  job_8_task_15  job_4_task_15  job_1_task_15  job_11_task_17 job_1_task_18  
           [0,4]          [33,41]        [41,48]        [48,50]        [72,76]        [81,82]        [82,85]        [85,90]        [91,92]        [95,97]        [101,108]      [108,112]      [112,122]      [122,125]      [125,133]      [133,138]      [138,141]      [141,142]      [143,148]      [157,163]      
Machine 4: job_10_task_0  job_12_task_0  job_7_task_2   job_2_task_0   job_1_task_1   job_0_task_4   job_12_task_6  job_10_task_8  job_6_task_7   job_7_task_7   job_4_task_8   job_2_task_11  job_12_task_12 job_8_task_9   job_0_task_12  job_12_task_13 job_3_task_13  job_2_task_15  job_9_task_15  job_2_task_16  job_7_task_17  
           [0,6]          [6,12]         [12,13]        [13,18]        [23,29]        [29,31]        [40,50]        [56,64]        [64,69]        [69,73]        [73,79]        [79,89]        [89,95]        [97,104]       [104,106]      [106,116]      [116,125]      [125,132]      [132,137]      [137,146]      [147,153]      
Machine 5: job_7_task_0   job_5_task_0   job_4_task_0   job_6_task_1   job_11_task_2  job_12_task_2  job_3_task_2   job_2_task_2   job_0_task_5   job_10_task_5  job_10_task_6  job_10_task_7  job_5_task_9   job_1_task_10  job_11_task_11 job_8_task_16  job_4_task_18  
           [0,1]          [1,4]          [4,5]          [12,19]        [19,21]        [21,25]        [25,26]        [26,36]        [36,38]        [38,41]        [44,49]        [49,56]        [76,84]        [86,93]        [93,100]       [138,143]      [158,163]      
Machine 6: job_11_task_0  job_9_task_1   job_1_task_0   job_3_task_3   job_7_task_5   job_2_task_6   job_2_task_8   job_5_task_7   job_3_task_7   job_5_task_10  job_4_task_9   job_10_task_12 job_2_task_14  job_4_task_16  job_3_task_17  job_7_task_18  
           [0,2]          [9,13]         [13,23]        [26,36]        [38,47]        [49,50]        [56,62]        [62,72]        [72,81]        [84,86]        [86,94]        [94,103]       [119,121]      [141,148]      [148,156]      [157,163]      
Machine 7: job_11_task_3  job_5_task_2   job_4_task_3   job_6_task_4   job_1_task_5   job_9_task_7   job_11_task_10 job_8_task_4   job_7_task_10  job_1_task_11  job_0_task_13  job_11_task_14 job_3_task_15  job_11_task_16 job_6_task_18  job_9_task_18  job_11_task_18 job_12_task_17 job_8_task_18  
           [21,23]        [25,27]        [27,37]        [38,41]        [46,50]        [73,77]        [77,81]        [81,82]        [85,89]        [93,101]       [106,111]      [125,129]      [129,134]      [134,136]      [136,144]      [144,149]      [149,151]      [152,162]      [162,163]      
Machine 8: job_4_task_1   job_9_task_2   job_9_task_3   job_7_task_4   job_0_task_6   job_6_task_5   job_12_task_7  job_7_task_6   job_11_task_9  job_6_task_9   job_10_task_11 job_6_task_13  job_11_task_12 job_6_task_15  job_9_task_12  job_9_task_17  job_1_task_16  job_3_task_18  job_12_task_18 
           [5,11]         [13,18]        [18,28]        [28,38]        [38,41]        [41,49]        [50,58]        [58,63]        [65,71]        [77,85]        [85,93]        [94,97]        [100,104]      [104,113]      [113,123]      [139,140]      [142,151]      [156,159]      [162,163]      
Machine 9: job_4_task_2   job_0_task_2   job_0_task_3   job_5_task_3   job_6_task_3   job_4_task_4   job_2_task_4   job_0_task_8   job_2_task_7   job_4_task_7   job_1_task_7   job_11_task_7  job_2_task_9   job_2_task_10  job_8_task_3   job_0_task_10  job_8_task_6   job_9_task_10  job_4_task_10  job_4_task_11  job_3_task_12  job_11_task_13 job_9_task_13  job_9_task_14  job_1_task_14  job_12_task_14 job_2_task_18  
           [11,12]        [12,18]        [18,26]        [27,29]        [29,38]        [38,43]        [43,45]        [45,55]        [55,56]        [56,57]        [57,58]        [58,62]        [62,66]        [66,74]        [74,79]        [79,86]        [86,90]        [90,95]        [95,100]       [100,108]      [108,115]      [115,125]      [125,129]      [129,131]      [131,141]      [141,148]      [160,163]      
Machine 10: job_9_task_0   job_5_task_1   job_2_task_1   job_12_task_3  job_12_task_4  job_0_task_7   job_5_task_4   job_11_task_6  job_8_task_1   job_9_task_6   job_12_task_11 job_3_task_10  job_6_task_14  job_8_task_11  job_8_task_12  job_4_task_13  job_10_task_15 job_11_task_15 job_12_task_16 job_0_task_18  
           [0,9]          [9,18]         [18,25]        [25,35]        [35,39]        [41,45]        [45,50]        [50,58]        [58,66]        [66,73]        [84,88]        [90,91]        [97,104]       [111,114]      [114,115]      [115,121]      [125,128]      [129,133]      [151,152]      [157,163]      
Machine 11: job_0_task_0   job_0_task_1   job_10_task_2  job_3_task_1   job_1_task_2   job_2_task_3   job_12_task_5  job_1_task_4   job_6_task_6   job_0_task_9   job_10_task_9  job_10_task_10 job_12_task_10 job_6_task_10  job_5_task_11  job_5_task_12  job_9_task_11  job_1_task_13  job_0_task_14  job_7_task_14  job_3_task_14  job_7_task_15  job_9_task_16  job_7_task_16  job_0_task_17  job_10_task_18 
           [0,5]          [5,12]         [13,20]        [20,25]        [29,33]        [36,39]        [39,40]        [45,46]        [49,59]        [59,66]        [66,72]        [72,80]        [80,84]        [85,86]        [86,91]        [91,101]       [101,109]      [109,118]      [118,125]      [125,128]      [128,129]      [129,137]      [137,139]      [139,147]      [147,157]      [159,163]      
Optimal Schedule Length: 163.0
Total (Unoptimized Schedule Length): 1342
Statistics
  - conflicts: 0
  - branches : 68
  - wall time: 36.451705713s