
Problem
         task_0   task_1   task_2   task_3   task_4    task_5    task_6   task_7   task_8   task_9  task_10  task_11  task_12  task_13  task_14   task_15  task_16  task_17  task_18
job_0    (8, 3)   (3, 8)   (4, 6)   (3, 9)   (7, 6)    (6, 9)    (2, 3)   (5, 6)   (6, 6)   (5, 2)   (9, 4)  (10, 3)   (1, 6)   (6, 1)   (5, 1)    (5, 6)   (5, 3)   (4, 6)   (6, 6)
job_1   (10, 3)   (4, 8)   (5, 1)   (0, 8)   (0, 9)    (7, 3)    (6, 4)   (8, 3)   (2, 6)  (10, 8)   (9, 2)   (1, 8)   (4, 1)  (10, 7)   (0, 6)    (1, 1)  (7, 10)   (2, 4)   (7, 6)
job_2   (6, 10)  (4, 10)   (3, 5)   (3, 4)   (2, 4)    (7, 5)   (5, 10)   (2, 5)   (0, 7)   (4, 4)  (6, 10)   (7, 3)  (10, 8)   (8, 5)   (9, 1)    (2, 2)  (10, 8)   (7, 3)   (8, 7)
job_3    (3, 5)   (6, 3)   (9, 1)   (0, 1)   (0, 1)    (7, 1)    (1, 4)   (7, 6)   (8, 1)   (2, 3)   (9, 4)   (1, 5)   (8, 8)   (3, 8)  (7, 10)    (6, 8)  (10, 5)   (8, 5)   (9, 7)
job_4    (5, 7)   (4, 9)   (2, 5)   (5, 4)   (0, 7)    (3, 2)    (7, 6)   (1, 2)   (3, 6)   (2, 6)   (2, 1)   (8, 5)   (7, 3)   (2, 5)   (3, 8)    (3, 1)   (9, 3)   (6, 7)   (6, 6)
job_5    (9, 6)   (9, 3)   (8, 6)   (5, 4)   (7, 2)    (1, 1)    (9, 9)  (9, 10)   (4, 4)   (3, 1)   (7, 7)   (4, 7)   (3, 1)   (0, 7)   (6, 7)    (1, 2)   (9, 9)   (5, 3)   (4, 6)
job_6   (10, 8)   (2, 1)   (3, 4)   (3, 5)   (0, 6)    (7, 3)    (2, 4)   (7, 6)   (3, 4)  (9, 10)   (4, 4)  (6, 10)   (2, 3)   (8, 2)   (5, 2)   (6, 10)   (9, 7)   (3, 3)   (6, 1)
job_7    (8, 5)  (10, 7)   (7, 2)   (7, 7)   (9, 8)    (8, 7)    (2, 6)   (5, 9)   (2, 4)   (0, 2)   (1, 6)   (8, 2)   (2, 3)   (5, 7)   (9, 5)    (3, 8)   (3, 7)   (5, 2)   (4, 8)
job_8    (2, 5)   (5, 1)   (8, 9)   (5, 4)   (1, 3)    (0, 6)    (9, 6)   (0, 3)  (10, 9)   (1, 8)   (5, 4)   (1, 7)   (2, 4)   (4, 3)   (8, 7)    (1, 6)   (2, 3)   (5, 1)  (4, 10)
job_9   (10, 5)   (3, 2)  (10, 4)   (0, 1)  (10, 1)    (4, 2)   (10, 5)   (0, 8)   (0, 9)   (6, 2)   (7, 6)   (6, 1)   (3, 3)   (9, 3)  (9, 10)    (2, 8)   (9, 4)   (9, 7)   (1, 9)
job_10   (5, 7)   (3, 6)   (8, 6)   (9, 6)   (2, 3)   (10, 5)    (3, 7)   (1, 7)   (6, 5)  (4, 10)  (7, 10)   (3, 2)   (1, 3)   (2, 6)   (0, 3)    (4, 5)   (3, 1)   (1, 8)   (8, 4)
job_11  (5, 10)   (0, 2)   (2, 1)   (9, 9)   (9, 7)    (1, 6)   (2, 10)   (4, 8)  (7, 10)   (4, 9)   (0, 1)   (0, 1)   (7, 8)  (1, 10)  (10, 8)    (4, 7)   (2, 3)   (7, 2)  (8, 10)
job_12  (10, 5)   (3, 9)   (9, 5)   (9, 7)   (2, 1)  (10, 10)    (9, 5)   (2, 1)  (10, 8)   (0, 4)   (9, 7)  (10, 9)   (7, 6)   (7, 9)   (5, 3)    (8, 4)   (0, 3)   (3, 7)   (3, 4)
job_13   (7, 8)   (8, 5)  (4, 10)   (2, 5)   (3, 7)    (2, 4)    (0, 6)   (5, 8)   (5, 8)   (2, 4)  (10, 2)   (2, 9)   (1, 6)   (4, 2)  (10, 6)    (3, 9)  (10, 9)   (4, 2)   (4, 1)
job_14   (9, 3)   (3, 5)   (7, 2)  (10, 2)   (1, 2)   (10, 7)   (3, 10)  (4, 10)   (5, 6)   (4, 5)  (10, 3)   (6, 1)   (1, 4)   (5, 9)  (0, 10)    (3, 6)  (1, 10)  (4, 10)   (3, 3)
job_15   (7, 6)   (4, 8)   (4, 4)   (4, 9)   (0, 7)   (10, 4)    (1, 2)   (4, 2)   (4, 2)   (9, 3)   (4, 3)   (4, 5)   (5, 5)   (4, 1)   (9, 9)    (3, 5)  (2, 10)   (6, 1)   (6, 4)
job_16   (7, 6)   (4, 9)   (4, 6)   (1, 8)  (2, 10)    (4, 3)  (10, 10)  (10, 6)   (4, 8)   (0, 8)   (2, 1)   (9, 1)   (0, 9)   (4, 8)   (6, 7)    (3, 1)   (1, 9)   (6, 9)  (3, 10)
job_17   (1, 8)   (9, 7)   (7, 3)  (10, 5)   (1, 9)    (0, 7)   (4, 10)   (2, 8)   (9, 7)   (5, 1)   (0, 8)   (0, 2)   (0, 4)  (5, 10)   (6, 8)    (2, 7)   (3, 5)  (7, 10)   (9, 3)
job_18   (4, 5)   (1, 6)   (8, 6)   (5, 8)   (4, 9)    (1, 1)    (6, 4)   (9, 3)   (0, 2)   (5, 6)   (6, 5)   (4, 6)   (8, 7)  (7, 10)   (9, 5)  (10, 10)   (2, 5)   (9, 1)   (3, 4)
job_19   (4, 4)   (2, 2)   (4, 1)  (1, 10)   (8, 9)    (4, 3)  (10, 10)   (2, 8)   (5, 7)   (8, 4)   (0, 7)   (3, 5)   (4, 1)   (7, 6)   (2, 3)    (4, 9)   (1, 1)   (3, 7)   (8, 9)


Solution:
Machine 0: job_11_task_1  job_17_task_5  job_9_task_3   job_6_task_4   job_1_task_3   job_1_task_4   job_3_task_3   job_8_task_5   job_3_task_4   job_13_task_6  job_4_task_4   job_8_task_7   job_2_task_8   job_17_task_10 job_9_task_7   job_9_task_8   job_15_task_4  job_16_task_9  job_18_task_8  job_12_task_9  job_16_task_12 job_11_task_10 job_7_task_9   job_11_task_11 job_17_task_11 job_19_task_10 job_17_task_12 job_14_task_14 job_10_task_14 job_1_task_14  job_5_task_13  job_12_task_16 
           [10,12]        [41,48]        [52,53]        [53,59]        [59,67]        [67,76]        [76,77]        [77,83]        [83,84]        [84,90]        [90,97]        [97,100]       [102,109]      [110,118]      [118,126]      [126,135]      [135,142]      [142,150]      [150,152]      [152,156]      [156,165]      [165,166]      [166,168]      [168,169]      [169,171]      [171,178]      [178,182]      [182,192]      [200,203]      [220,226]      [226,233]      [233,236]      
Machine 1: job_17_task_0  job_18_task_1  job_16_task_3  job_17_task_4  job_19_task_3  job_14_task_4  job_11_task_5  job_8_task_4   job_5_task_5   job_3_task_6   job_10_task_7  job_18_task_5  job_4_task_7   job_8_task_9   job_3_task_11  job_1_task_11  job_8_task_11  job_15_task_6  job_14_task_12 job_13_task_12 job_0_task_12  job_7_task_10  job_11_task_13 job_10_task_12 job_14_task_16 job_16_task_16 job_9_task_18  job_1_task_15  job_8_task_15  job_10_task_17 job_5_task_15  job_19_task_16 
           [0,8]          [8,14]         [24,32]        [32,41]        [41,51]        [51,53]        [53,59]        [59,62]        [62,63]        [85,89]        [99,106]       [106,107]      [112,114]      [124,132]      [132,137]      [137,145]      [145,152]      [152,154]      [154,158]      [158,164]      [164,170]      [170,176]      [179,189]      [191,194]      [198,208]      [208,217]      [217,226]      [226,227]      [227,233]      [233,241]      [248,250]      [250,251]      
Machine 2: job_8_task_0   job_19_task_1  job_11_task_2  job_6_task_1   job_16_task_4  job_13_task_3  job_2_task_4   job_12_task_4  job_10_task_4  job_11_task_6  job_4_task_2   job_13_task_5  job_7_task_6   job_6_task_6   job_12_task_7  job_17_task_7  job_2_task_7   job_19_task_7  job_3_task_9   job_1_task_8   job_7_task_8   job_0_task_6   job_13_task_9  job_4_task_9   job_13_task_11 job_4_task_10  job_16_task_10 job_8_task_12  job_4_task_13  job_9_task_15  job_7_task_12  job_10_task_13 job_6_task_12  job_2_task_15  job_17_task_15 job_19_task_14 job_11_task_16 job_15_task_16 job_8_task_16  job_1_task_17  job_18_task_16 
           [0,5]          [9,11]         [12,13]        [23,24]        [32,42]        [45,50]        [50,54]        [54,55]        [55,58]        [59,69]        [69,74]        [74,78]        [78,84]        [84,88]        [88,89]        [89,97]        [97,102]       [102,110]      [110,113]      [113,119]      [119,123]      [123,126]      [126,130]      [130,136]      [136,145]      [145,146]      [150,151]      [152,156]      [156,161]      [176,184]      [184,187]      [194,200]      [214,217]      [217,219]      [222,229]      [229,232]      [232,235]      [235,245]      [245,248]      [248,252]      [252,257]      
Machine 3: job_3_task_0   job_14_task_1  job_12_task_1  job_10_task_1  job_0_task_1   job_6_task_2   job_2_task_2   job_2_task_3   job_9_task_1   job_6_task_3   job_13_task_4  job_14_task_6  job_0_task_3   job_10_task_6  job_4_task_5   job_6_task_8   job_4_task_8   job_3_task_13  job_9_task_12  job_5_task_9   job_4_task_14  job_4_task_15  job_19_task_11 job_10_task_11 job_14_task_15 job_16_task_15 job_7_task_15  job_7_task_16  job_5_task_12  job_10_task_16 job_15_task_15 job_17_task_16 job_13_task_15 job_12_task_17 job_19_task_17 job_16_task_18 job_6_task_17  job_18_task_18 job_12_task_18 job_14_task_18 
           [0,5]          [5,10]         [10,19]        [19,25]        [25,33]        [33,37]        [37,42]        [42,46]        [46,48]        [48,53]        [53,60]        [60,70]        [79,88]        [92,99]        [99,101]       [106,110]      [114,120]      [145,153]      [153,156]      [160,161]      [161,169]      [169,170]      [178,183]      [189,191]      [192,198]      [204,205]      [206,214]      [214,221]      [221,222]      [222,223]      [226,231]      [231,236]      [236,245]      [245,252]      [252,259]      [259,269]      [269,272]      [272,276]      [276,280]      [280,283]      
Machine 4: job_18_task_0  job_19_task_0  job_16_task_1  job_16_task_2  job_2_task_1   job_19_task_2  job_13_task_2  job_1_task_1   job_16_task_5  job_4_task_1   job_15_task_1  job_0_task_2   job_17_task_6  job_19_task_5  job_18_task_4  job_9_task_5   job_11_task_7  job_14_task_7  job_15_task_2  job_15_task_3  job_16_task_8  job_14_task_9  job_11_task_9  job_5_task_8   job_10_task_9  job_2_task_9   job_15_task_7  job_15_task_8  job_18_task_11 job_16_task_13 job_15_task_10 job_6_task_10  job_5_task_11  job_15_task_11 job_19_task_12 job_1_task_12  job_8_task_13  job_15_task_13 job_10_task_15 job_13_task_13 job_11_task_15 job_14_task_17 job_19_task_15 job_0_task_17  job_8_task_18  job_7_task_18  job_5_task_18  job_13_task_17 job_13_task_18 
           [0,5]          [5,9]          [9,18]         [18,24]        [24,34]        [34,35]        [35,45]        [45,53]        [53,56]        [56,65]        [65,73]        [73,79]        [79,89]        [89,92]        [92,101]       [101,103]      [103,111]      [111,121]      [121,125]      [125,134]      [134,142]      [142,147]      [147,156]      [156,160]      [160,170]      [170,174]      [174,176]      [176,178]      [178,184]      [184,192]      [192,195]      [195,199]      [199,206]      [206,211]      [211,212]      [212,213]      [213,216]      [216,217]      [217,222]      [222,224]      [224,231]      [231,241]      [241,250]      [250,256]      [256,266]      [266,274]      [274,280]      [280,282]      [282,283]      
Machine 5: job_11_task_0  job_10_task_0  job_8_task_1   job_4_task_0   job_8_task_3   job_18_task_3  job_5_task_3   job_1_task_2   job_2_task_6   job_4_task_3   job_7_task_7   job_13_task_7  job_13_task_8  job_17_task_9  job_19_task_8  job_14_task_8  job_0_task_7   job_8_task_10  job_0_task_9   job_18_task_9  job_14_task_13 job_0_task_14  job_0_task_15  job_0_task_16  job_17_task_13 job_7_task_13  job_15_task_12 job_12_task_14 job_7_task_17  job_6_task_14  job_8_task_17  job_5_task_17  
           [0,10]         [10,17]        [17,18]        [18,25]        [28,32]        [34,42]        [46,50]        [53,54]        [59,69]        [74,78]        [84,93]        [93,101]       [101,109]      [109,110]      [110,117]      [121,127]      [127,133]      [133,137]      [139,141]      [152,158]      [158,167]      [173,174]      [174,180]      [180,183]      [183,193]      [193,200]      [211,216]      [217,220]      [221,223]      [225,227]      [248,249]      [260,263]      
Machine 6: job_2_task_0   job_3_task_1   job_1_task_6   job_0_task_5   job_10_task_8  job_18_task_6  job_0_task_8   job_9_task_9   job_9_task_11  job_14_task_11 job_18_task_10 job_3_task_15  job_0_task_13  job_2_task_10  job_4_task_17  job_4_task_18  job_16_task_14 job_6_task_11  job_17_task_14 job_16_task_17 job_6_task_15  job_5_task_14  job_15_task_17 job_15_task_18 job_0_task_18  job_6_task_18  
           [0,10]         [10,13]        [79,83]        [94,103]       [106,111]      [111,115]      [133,139]      [139,141]      [147,148]      [152,153]      [158,163]      [164,172]      [172,173]      [174,184]      [184,191]      [191,197]      [197,204]      [204,214]      [214,222]      [222,231]      [231,241]      [241,248]      [248,249]      [249,253]      [256,262]      [272,273]      
Machine 7: job_16_task_0  job_13_task_0  job_14_task_2  job_17_task_2  job_7_task_2   job_7_task_3   job_15_task_0  job_5_task_4   job_2_task_5   job_6_task_5   job_1_task_5   job_3_task_5   job_0_task_4   job_3_task_7   job_6_task_7   job_4_task_6   job_11_task_8  job_9_task_10  job_4_task_12  job_3_task_14  job_5_task_10  job_11_task_12 job_10_task_10 job_2_task_11  job_12_task_12 job_18_task_13 job_12_task_13 job_19_task_13 job_1_task_16  job_17_task_17 job_11_task_17 job_2_task_17  job_1_task_18  
           [0,6]          [6,14]         [14,16]        [16,19]        [19,21]        [21,28]        [28,34]        [50,52]        [54,59]        [59,62]        [76,79]        [84,85]        [88,94]        [94,100]       [100,106]      [106,112]      [112,122]      [141,147]      [151,154]      [154,164]      [164,171]      [171,179]      [179,189]      [189,192]      [192,198]      [198,208]      [208,217]      [217,223]      [227,237]      [237,247]      [247,249]      [249,252]      [252,258]      
Machine 8: job_7_task_0   job_0_task_0   job_13_task_1  job_8_task_2   job_18_task_2  job_10_task_2  job_5_task_2   job_19_task_4  job_7_task_5   job_1_task_7   job_3_task_8   job_19_task_9  job_3_task_12  job_4_task_11  job_7_task_11  job_3_task_17  job_18_task_12 job_2_task_13  job_8_task_14  job_6_task_13  job_12_task_15 job_10_task_18 job_11_task_18 job_19_task_18 job_2_task_18  
           [0,5]          [5,8]          [14,19]        [19,28]        [28,34]        [34,40]        [40,46]        [51,60]        [61,68]        [83,86]        [100,101]      [117,121]      [137,145]      [146,151]      [176,178]      [178,183]      [184,191]      [205,210]      [216,223]      [223,225]      [225,229]      [241,245]      [249,259]      [259,268]      [268,275]      
Machine 9: job_14_task_0  job_5_task_0   job_17_task_1  job_11_task_3  job_11_task_4  job_12_task_2  job_5_task_1   job_12_task_3  job_10_task_3  job_7_task_4   job_3_task_2   job_5_task_6   job_5_task_7   job_12_task_6  job_8_task_6   job_17_task_8  job_6_task_9   job_18_task_7  job_3_task_10  job_1_task_10  job_0_task_10  job_16_task_11 job_12_task_10 job_9_task_13  job_9_task_14  job_4_task_16  job_15_task_9  job_3_task_18  job_9_task_16  job_9_task_17  job_7_task_14  job_18_task_14 job_2_task_14  job_15_task_14 job_6_task_16  job_17_task_18 job_5_task_16  job_18_task_17 
           [0,3]          [3,9]          [9,16]         [16,25]        [25,32]        [32,37]        [37,40]        [40,47]        [47,53]        [53,61]        [61,62]        [63,72]        [72,82]        [82,87]        [87,93]        [97,104]       [110,120]      [120,123]      [123,127]      [132,134]      [141,145]      [151,152]      [156,163]      [163,166]      [166,176]      [176,179]      [179,182]      [183,190]      [190,194]      [194,201]      [201,206]      [208,213]      [213,214]      [217,226]      [241,248]      [248,251]      [251,260]      [260,261]      
Machine 10: job_12_task_0  job_7_task_1   job_1_task_0   job_6_task_0   job_17_task_3  job_14_task_3  job_9_task_0   job_9_task_2   job_14_task_5  job_16_task_6  job_12_task_5  job_9_task_4   job_16_task_7  job_10_task_5  job_19_task_6  job_12_task_8  job_9_task_6   job_8_task_8   job_1_task_9   job_13_task_10 job_15_task_5  job_0_task_11  job_14_task_10 job_12_task_11 job_3_task_16  job_11_task_14 job_2_task_12  job_1_task_13  job_18_task_15 job_13_task_14 job_2_task_16  job_13_task_16 
           [0,5]          [5,12]         [12,15]        [15,23]        [23,28]        [28,30]        [30,35]        [48,52]        [53,60]        [60,70]        [70,80]        [80,81]        [81,87]        [87,92]        [92,102]       [102,110]      [110,115]      [115,124]      [124,132]      [132,134]      [142,146]      [146,149]      [149,152]      [163,172]      [172,177]      [189,197]      [197,205]      [213,220]      [220,230]      [230,236]      [236,244]      [245,254]      
Optimal Schedule Length: 283.0
Total (Unoptimized Schedule Length): 2066
Statistics
  - conflicts: 0
  - branches : 162
  - wall time: 0.24627832300000002s