
Problem
          task_0   task_1    task_2    task_3   task_4    task_5   task_6   task_7    task_8    task_9   task_10  task_11  task_12   task_13   task_14   task_15   task_16
job_0    (17, 7)   (4, 1)    (5, 6)  (13, 10)  (15, 1)   (12, 4)  (9, 10)   (5, 6)    (3, 4)   (4, 10)    (8, 8)   (0, 4)   (0, 1)    (1, 1)   (4, 10)   (1, 10)    (3, 2)
job_1     (4, 1)  (14, 4)    (3, 1)   (11, 3)  (16, 3)    (7, 8)   (5, 3)  (13, 3)   (17, 9)    (7, 3)    (6, 2)   (6, 7)  (17, 5)    (7, 2)   (15, 2)   (15, 6)   (9, 10)
job_2   (16, 10)   (1, 8)    (2, 8)    (0, 3)  (16, 4)    (7, 9)   (0, 8)  (6, 10)   (16, 9)   (15, 8)   (10, 2)   (6, 1)   (0, 4)    (9, 9)    (5, 1)    (5, 9)    (9, 3)
job_3    (12, 3)   (3, 5)   (14, 3)  (10, 10)   (7, 8)    (2, 2)  (16, 2)   (1, 2)   (17, 3)    (7, 1)    (0, 2)   (6, 8)   (5, 6)   (1, 10)    (6, 9)  (11, 10)  (12, 10)
job_4    (12, 1)   (4, 2)   (16, 9)   (15, 7)   (7, 6)   (12, 9)  (15, 8)   (8, 8)    (3, 3)   (7, 10)    (6, 9)   (4, 8)   (5, 8)  (12, 10)   (10, 9)   (17, 8)  (15, 10)
job_5     (0, 6)  (11, 1)  (17, 10)    (9, 3)  (12, 7)    (9, 6)   (8, 5)  (17, 1)  (10, 10)   (10, 7)   (13, 8)  (12, 3)   (5, 3)   (17, 2)   (14, 2)   (10, 4)   (15, 9)
job_6     (0, 8)   (1, 5)   (16, 9)    (9, 8)   (4, 9)    (8, 5)   (6, 6)   (0, 4)   (10, 2)    (6, 8)   (10, 2)  (17, 7)   (5, 5)   (17, 1)    (3, 8)    (9, 9)    (0, 4)
job_7    (10, 6)   (1, 4)    (6, 4)    (2, 2)  (17, 7)    (9, 8)   (9, 5)  (17, 1)   (16, 6)  (11, 10)   (10, 1)  (14, 6)  (11, 1)    (7, 7)    (1, 8)   (16, 8)   (11, 2)
job_8    (15, 5)  (10, 2)  (17, 10)    (4, 7)  (10, 6)   (13, 8)  (1, 10)  (13, 3)    (9, 8)    (9, 1)   (9, 10)  (10, 7)  (11, 9)    (6, 2)    (7, 7)    (3, 2)    (3, 5)
job_9     (0, 9)   (9, 3)   (11, 9)   (17, 8)   (2, 7)   (14, 4)   (5, 6)   (3, 2)   (15, 1)    (0, 3)    (2, 6)  (11, 8)   (0, 9)   (16, 4)  (16, 10)    (2, 8)    (3, 3)
job_10   (12, 2)  (11, 9)   (14, 5)    (6, 2)  (17, 7)   (12, 8)   (5, 1)   (2, 4)    (5, 4)   (15, 5)   (13, 9)  (15, 2)   (0, 1)   (13, 7)   (16, 7)    (5, 8)    (6, 1)
job_11   (11, 4)   (1, 9)    (7, 8)    (6, 4)  (13, 3)   (10, 4)   (7, 3)  (14, 2)   (15, 3)    (5, 9)    (3, 3)   (5, 1)  (15, 4)    (2, 4)    (6, 1)    (5, 4)    (7, 1)
job_12    (6, 6)  (11, 2)    (5, 2)   (15, 4)  (3, 10)  (14, 10)   (5, 9)  (10, 5)    (2, 9)    (0, 4)  (15, 10)  (10, 5)   (2, 3)   (14, 4)   (12, 5)   (10, 9)    (4, 4)
job_13   (11, 8)  (10, 8)    (8, 9)    (3, 6)   (2, 1)    (4, 4)  (16, 4)   (8, 6)    (9, 5)    (6, 7)    (1, 7)   (2, 4)   (3, 1)   (11, 1)   (14, 4)    (7, 6)   (17, 9)
job_14   (13, 3)  (3, 10)    (9, 9)    (5, 9)  (16, 7)   (17, 1)   (2, 8)   (8, 2)   (12, 4)   (11, 9)    (4, 5)  (17, 4)  (15, 4)    (7, 4)    (9, 9)   (14, 4)   (13, 9)
job_15   (12, 4)   (2, 8)   (13, 5)   (16, 4)   (3, 4)   (6, 10)   (2, 7)   (0, 7)    (9, 7)    (9, 4)    (8, 6)   (8, 9)  (13, 7)   (13, 2)    (1, 2)   (17, 6)    (5, 1)
job_16    (8, 5)   (8, 3)   (16, 5)   (14, 5)  (10, 6)    (7, 3)  (13, 7)   (4, 6)    (7, 4)   (11, 7)   (10, 8)  (11, 6)   (0, 6)    (9, 9)    (1, 3)    (4, 2)    (8, 4)


Solution:
Machine 0: job_9_task_0   job_6_task_0   job_5_task_0   job_15_task_7  job_2_task_3   job_3_task_10  job_6_task_7   job_2_task_6   job_9_task_9   job_12_task_9  job_0_task_11  job_10_task_12 job_16_task_12 job_0_task_12  job_9_task_12  job_2_task_12  job_6_task_16  
           [0,9]          [9,17]         [17,23]        [43,50]        [57,60]        [60,62]        [62,66]        [79,87]        [89,92]        [92,96]        [96,100]       [100,101]      [101,107]      [107,108]      [108,117]      [121,125]      [140,144]      
Machine 1: job_7_task_1   job_6_task_1   job_11_task_1  job_2_task_1   job_3_task_7   job_8_task_6   job_3_task_13  job_0_task_13  job_13_task_10 job_15_task_14 job_16_task_14 job_7_task_14  job_0_task_15  
           [6,10]         [17,22]        [22,31]        [41,49]        [54,56]        [56,66]        [98,108]       [108,109]      [113,120]      [121,123]      [123,126]      [126,134]      [134,144]      
Machine 2: job_15_task_1  job_7_task_3   job_15_task_6  job_13_task_4  job_3_task_5   job_2_task_2   job_14_task_6  job_10_task_7  job_9_task_4   job_12_task_8  job_9_task_10  job_12_task_12 job_13_task_11 job_11_task_13 job_9_task_15  
           [5,13]         [14,16]        [36,43]        [43,44]        [47,49]        [49,57]        [57,65]        [65,69]        [69,76]        [76,85]        [92,98]        [111,114]      [120,124]      [124,128]      [133,141]      
Machine 3: job_14_task_1  job_3_task_1   job_1_task_2   job_15_task_4  job_12_task_4  job_13_task_3  job_4_task_8   job_0_task_8   job_9_task_7   job_11_task_10 job_6_task_14  job_13_task_12 job_8_task_15  job_8_task_16  job_9_task_16  job_0_task_16  
           [3,13]         [13,18]        [18,19]        [22,26]        [26,36]        [36,42]        [50,53]        [61,65]        [86,88]        [96,99]        [102,110]      [124,125]      [132,134]      [134,139]      [141,144]      [144,146]      
Machine 4: job_1_task_0   job_4_task_1   job_0_task_1   job_8_task_3   job_6_task_4   job_16_task_7  job_13_task_5  job_0_task_9   job_14_task_10 job_4_task_11  job_0_task_14  job_16_task_15 job_12_task_16 
           [0,1]          [1,3]          [7,8]          [33,40]        [40,49]        [49,55]        [55,59]        [65,75]        [80,85]        [91,99]        [109,119]      [137,139]      [139,143]      
Machine 5: job_12_task_2  job_0_task_2   job_14_task_3  job_12_task_6  job_0_task_7   job_10_task_6  job_1_task_6   job_10_task_8  job_3_task_12  job_9_task_6   job_11_task_9  job_6_task_12  job_4_task_12  job_5_task_12  job_11_task_11 job_10_task_15 job_15_task_16 job_11_task_15 job_2_task_14  job_2_task_15  
           [10,12]        [12,18]        [22,31]        [46,55]        [55,61]        [61,62]        [62,65]        [69,73]        [73,79]        [80,86]        [87,96]        [96,101]       [101,109]      [109,112]      [112,113]      [119,127]      [129,130]      [130,134]      [134,135]      [135,144]      
Machine 6: job_12_task_0  job_7_task_2   job_15_task_5  job_10_task_3  job_11_task_3  job_6_task_6   job_3_task_11  job_6_task_9   job_4_task_10  job_2_task_7   job_1_task_10  job_1_task_11  job_13_task_9  job_8_task_13  job_2_task_11  job_3_task_14  job_11_task_14 job_10_task_16 
           [0,6]          [10,14]        [26,36]        [36,38]        [39,43]        [55,61]        [62,70]        [70,78]        [78,87]        [87,97]        [97,99]        [99,106]       [106,113]      [115,117]      [117,118]      [118,127]      [128,129]      [146,147]      
Machine 7: job_4_task_4   job_16_task_5  job_11_task_2  job_3_task_4   job_1_task_5   job_16_task_8  job_3_task_9   job_4_task_9   job_2_task_5   job_11_task_6  job_1_task_9   job_14_task_13 job_1_task_13  job_7_task_13  job_8_task_14  job_13_task_15 job_11_task_16 
           [19,25]        [28,31]        [31,39]        [39,47]        [47,55]        [55,59]        [59,60]        [60,70]        [70,79]        [79,82]        [87,90]        [93,97]        [112,114]      [116,123]      [125,132]      [132,138]      [138,139]      
Machine 8: job_16_task_0  job_16_task_1  job_13_task_2  job_4_task_7   job_6_task_5   job_14_task_7  job_13_task_7  job_5_task_6   job_0_task_10  job_15_task_10 job_15_task_11 job_16_task_16 
           [0,5]          [5,8]          [16,25]        [42,50]        [50,55]        [65,67]        [67,73]        [74,79]        [79,87]        [87,93]        [93,102]       [139,143]      
Machine 9: job_9_task_1   job_14_task_2  job_7_task_5   job_6_task_3   job_0_task_6   job_7_task_6   job_5_task_3   job_15_task_8  job_15_task_9  job_5_task_5   job_8_task_8   job_8_task_9   job_13_task_8  job_8_task_10  job_14_task_14 job_16_task_13 job_6_task_15  job_2_task_13  job_1_task_16  job_2_task_16  
           [9,12]         [13,22]        [23,31]        [31,39]        [39,49]        [49,54]        [54,57]        [57,64]        [64,68]        [68,74]        [74,82]        [82,83]        [83,88]        [88,98]        [98,107]       [107,116]      [116,125]      [125,134]      [134,144]      [144,147]      
Machine 10: job_7_task_0   job_8_task_1   job_13_task_1  job_16_task_4  job_3_task_3   job_8_task_4   job_11_task_5  job_12_task_7  job_6_task_8   job_16_task_10 job_6_task_10  job_5_task_8   job_5_task_9   job_7_task_10  job_8_task_11  job_12_task_11 job_2_task_10  job_5_task_15  job_4_task_14  job_12_task_15 
           [0,6]          [6,8]          [8,16]         [22,28]        [28,38]        [40,46]        [57,61]        [61,66]        [66,68]        [68,76]        [78,80]        [80,90]        [90,97]        [97,98]        [98,105]       [106,111]      [114,116]      [116,120]      [120,129]      [129,138]      
Machine 11: job_13_task_0  job_12_task_1  job_11_task_0  job_10_task_1  job_5_task_1   job_9_task_2   job_1_task_3   job_16_task_9  job_14_task_9  job_7_task_9   job_16_task_11 job_9_task_11  job_8_task_12  job_7_task_12  job_13_task_13 job_3_task_15  job_7_task_16  
           [0,8]          [8,10]         [10,14]        [14,23]        [23,24]        [24,33]        [33,36]        [59,66]        [71,80]        [80,90]        [90,96]        [98,106]       [106,115]      [115,116]      [125,126]      [127,137]      [144,146]      
Machine 12: job_4_task_0   job_15_task_0  job_10_task_0  job_3_task_0   job_4_task_5   job_0_task_5   job_10_task_5  job_5_task_4   job_14_task_8  job_5_task_11  job_4_task_13  job_12_task_14 job_3_task_16  
           [0,1]          [1,5]          [5,7]          [7,10]         [25,34]        [34,38]        [50,58]        [58,65]        [67,71]        [105,108]      [109,119]      [120,125]      [137,147]      
Machine 13: job_14_task_0  job_15_task_2  job_0_task_3   job_16_task_6  job_8_task_5   job_11_task_4  job_1_task_7   job_8_task_7   job_10_task_10 job_5_task_10  job_10_task_13 job_15_task_12 job_15_task_13 job_14_task_16 
           [0,3]          [13,18]        [18,28]        [31,38]        [46,54]        [54,57]        [65,68]        [68,71]        [78,87]        [97,105]       [105,112]      [112,119]      [119,121]      [134,143]      
Machine 14: job_1_task_1   job_16_task_3  job_3_task_2   job_10_task_2  job_12_task_5  job_9_task_5   job_11_task_7  job_7_task_11  job_5_task_14  job_12_task_13 job_14_task_15 job_13_task_14 
           [1,5]          [17,22]        [22,25]        [25,30]        [36,46]        [76,80]        [82,84]        [98,104]       [114,116]      [116,120]      [124,128]      [128,132]      
Machine 15: job_8_task_0   job_4_task_3   job_12_task_3  job_0_task_4   job_4_task_6   job_10_task_9  job_11_task_8  job_9_task_8   job_14_task_12 job_10_task_11 job_12_task_10 job_2_task_9   job_11_task_12 job_1_task_14  job_1_task_15  job_5_task_16  job_4_task_16  
           [0,5]          [12,19]        [19,23]        [28,29]        [34,42]        [73,78]        [84,87]        [88,89]        [89,93]        [93,95]        [96,106]       [106,114]      [114,118]      [118,120]      [120,126]      [126,135]      [137,147]      
Machine 16: job_4_task_2   job_16_task_2  job_15_task_3  job_6_task_2   job_2_task_0   job_1_task_4   job_14_task_4  job_3_task_6   job_7_task_8   job_13_task_6  job_2_task_4   job_2_task_8   job_10_task_14 job_9_task_13  job_9_task_14  job_7_task_15  
           [3,12]         [12,17]        [18,22]        [22,31]        [31,41]        [41,44]        [45,52]        [52,54]        [55,61]        [61,65]        [65,69]        [97,106]       [112,119]      [119,123]      [123,133]      [134,142]      
Machine 17: job_0_task_0   job_7_task_4   job_8_task_2   job_5_task_2   job_10_task_4  job_14_task_5  job_7_task_7   job_3_task_8   job_9_task_3   job_1_task_8   job_5_task_7   job_14_task_11 job_6_task_11  job_6_task_13  job_1_task_12  job_5_task_13  job_15_task_15 job_4_task_15  job_13_task_16 
           [0,7]          [16,23]        [23,33]        [33,43]        [43,50]        [52,53]        [54,55]        [56,59]        [59,67]        [68,77]        [79,80]        [85,89]        [89,96]        [101,102]      [107,112]      [112,114]      [123,129]      [129,137]      [138,147]      
Optimal Schedule Length: 147.0
Total (Unoptimized Schedule Length): 1590
Statistics
  - conflicts: 0
  - branches : 130
  - wall time: 0.656188215s