
Problem
          task_0   task_1   task_2   task_3    task_4    task_5   task_6   task_7    task_8    task_9  task_10   task_11   task_12  task_13  task_14  task_15
job_0     (4, 7)  (11, 4)   (9, 7)   (1, 3)    (7, 8)    (1, 7)   (4, 2)   (3, 8)    (1, 3)    (9, 4)   (8, 6)    (9, 9)    (7, 9)   (6, 7)   (7, 7)   (3, 7)
job_1   (12, 10)  (10, 1)   (0, 1)   (2, 4)   (12, 7)  (12, 10)  (11, 1)   (7, 2)  (10, 10)    (7, 2)  (9, 10)    (8, 4)    (5, 2)  (10, 3)   (0, 5)   (8, 4)
job_2     (4, 1)   (3, 6)   (3, 7)   (6, 6)    (0, 1)   (10, 7)  (12, 7)  (6, 10)    (5, 6)    (5, 4)   (4, 7)   (11, 2)    (5, 8)   (5, 5)   (7, 6)  (12, 1)
job_3     (1, 8)  (11, 6)   (6, 8)   (7, 1)   (4, 10)    (9, 1)   (3, 4)   (4, 5)    (7, 2)    (3, 3)  (11, 8)  (12, 10)    (4, 8)  (9, 10)   (7, 4)   (4, 8)
job_4     (4, 5)   (6, 5)  (7, 10)   (8, 5)    (2, 6)    (8, 2)   (3, 9)   (7, 6)    (0, 1)    (7, 2)   (8, 7)    (1, 4)   (12, 4)  (10, 2)   (9, 5)   (3, 5)
job_5    (12, 3)   (0, 7)   (7, 6)   (4, 7)   (12, 7)    (8, 5)  (0, 10)   (8, 9)  (10, 10)   (12, 1)   (0, 7)   (12, 7)    (8, 1)   (6, 7)  (4, 10)   (9, 2)
job_6     (8, 1)   (1, 2)  (11, 9)  (8, 10)   (10, 9)    (6, 4)   (8, 2)  (12, 8)   (10, 8)    (2, 8)   (8, 1)    (7, 9)   (12, 6)   (2, 9)   (3, 1)   (6, 2)
job_7    (1, 10)  (10, 5)   (0, 4)  (12, 4)  (11, 10)    (8, 4)   (2, 2)  (11, 3)    (7, 4)    (4, 8)  (11, 4)    (4, 6)    (0, 4)   (4, 3)  (12, 7)   (2, 1)
job_8    (10, 6)   (7, 6)   (0, 3)   (1, 7)    (4, 8)    (9, 4)   (3, 1)   (0, 3)   (0, 10)  (10, 10)   (4, 9)    (6, 6)    (7, 2)   (8, 2)   (9, 8)   (4, 5)
job_9     (7, 4)   (1, 3)   (7, 7)   (5, 9)    (0, 5)    (5, 5)   (9, 8)  (12, 4)    (0, 9)    (7, 6)   (8, 6)    (7, 3)    (6, 9)  (10, 3)   (0, 7)   (2, 9)
job_10    (0, 7)   (4, 9)   (3, 7)   (5, 5)   (11, 9)    (1, 6)   (0, 9)   (4, 9)    (5, 5)    (8, 1)  (8, 10)   (10, 7)    (6, 8)   (1, 3)  (2, 10)   (7, 7)
job_11    (9, 5)   (4, 6)  (12, 2)   (3, 5)    (5, 1)    (1, 2)  (2, 10)   (9, 5)    (8, 2)   (0, 10)   (4, 5)   (12, 9)    (0, 3)   (6, 8)   (5, 7)   (2, 8)
job_12    (1, 2)   (0, 6)   (3, 3)  (0, 10)   (12, 8)    (9, 3)   (7, 7)   (9, 5)   (5, 10)    (4, 1)   (9, 4)    (1, 8)    (8, 6)   (9, 6)   (3, 6)   (7, 3)
job_13    (4, 6)   (9, 1)  (12, 8)  (10, 7)    (3, 5)    (2, 3)   (3, 7)   (1, 1)    (1, 8)    (9, 6)  (12, 8)    (3, 4)    (0, 6)   (5, 2)   (1, 1)   (2, 9)
job_14    (0, 6)   (9, 9)   (8, 9)   (2, 4)    (9, 5)    (5, 8)   (7, 4)   (3, 6)   (11, 1)   (8, 10)   (4, 8)    (4, 7)    (3, 3)   (0, 2)   (2, 8)   (9, 8)
job_15    (7, 4)   (2, 8)   (2, 8)   (5, 6)   (10, 9)    (2, 8)  (2, 10)  (12, 8)    (8, 1)   (11, 5)  (10, 1)    (4, 7)    (0, 1)  (3, 10)  (12, 5)   (8, 7)
job_16    (2, 4)   (5, 6)  (3, 10)  (10, 4)    (3, 1)    (2, 9)  (9, 10)   (3, 8)    (9, 3)    (1, 6)  (11, 5)    (8, 7)  (12, 10)   (7, 3)   (6, 4)  (5, 10)
job_17   (12, 9)   (8, 9)   (0, 6)  (10, 1)    (1, 1)    (6, 9)   (6, 1)  (7, 10)    (0, 4)    (2, 3)  (10, 8)    (3, 6)   (10, 4)   (7, 2)   (4, 7)   (8, 1)
job_18    (1, 9)   (6, 3)   (2, 6)   (8, 2)    (5, 4)    (6, 6)   (9, 7)   (5, 9)   (6, 10)    (2, 2)   (2, 6)    (1, 9)    (4, 2)   (5, 6)  (10, 1)  (12, 8)


Solution:
Machine 0: job_10_task_0  job_14_task_0  job_5_task_1   job_1_task_2   job_8_task_2   job_12_task_1  job_9_task_4   job_12_task_3  job_2_task_4   job_17_task_2  job_7_task_2   job_10_task_6  job_5_task_6   job_11_task_9  job_9_task_8   job_14_task_13 job_8_task_7   job_8_task_8   job_11_task_12 job_17_task_8  job_4_task_8   job_5_task_10  job_15_task_12 job_7_task_12  job_13_task_12 job_9_task_14  job_1_task_14  
           [0,7]          [7,13]         [13,20]        [20,21]        [21,24]        [24,30]        [30,35]        [35,45]        [45,46]        [46,52]        [52,56]        [57,66]        [66,76]        [76,86]        [86,95]        [95,97]        [97,100]       [100,110]      [110,113]      [113,117]      [117,118]      [118,125]      [125,126]      [126,130]      [130,136]      [143,150]      [158,163]      
Machine 1: job_12_task_0  job_6_task_1   job_9_task_1   job_3_task_0   job_18_task_0  job_8_task_3   job_0_task_3   job_7_task_0   job_0_task_5   job_10_task_5  job_11_task_5  job_17_task_4  job_13_task_7  job_13_task_8  job_0_task_8   job_16_task_9  job_18_task_11 job_12_task_11 job_10_task_13 job_4_task_11  job_13_task_14 
           [0,2]          [2,4]          [4,7]          [7,15]         [15,24]        [24,31]        [31,34]        [34,44]        [44,51]        [51,57]        [57,59]        [59,60]        [60,61]        [61,69]        [74,77]        [91,97]        [113,122]      [124,132]      [132,135]      [135,139]      [139,140]      
Machine 2: job_16_task_0  job_15_task_1  job_15_task_2  job_1_task_3   job_18_task_2  job_14_task_3  job_13_task_5  job_15_task_5  job_16_task_5  job_11_task_6  job_15_task_6  job_7_task_6   job_4_task_4   job_14_task_14 job_18_task_9  job_18_task_10 job_6_task_9   job_17_task_9  job_11_task_15 job_10_task_14 job_6_task_13  job_13_task_15 job_9_task_15  job_7_task_15  
           [0,4]          [8,16]         [16,24]        [24,28]        [28,34]        [34,38]        [39,42]        [42,50]        [50,59]        [59,69]        [69,79]        [85,87]        [87,93]        [97,105]       [105,107]      [107,113]      [114,122]      [122,125]      [129,137]      [137,147]      [147,156]      [156,165]      [165,174]      [174,175]      
Machine 3: job_2_task_1   job_2_task_2   job_16_task_2  job_10_task_2  job_12_task_2  job_13_task_4  job_11_task_3  job_16_task_4  job_13_task_6  job_3_task_6   job_14_task_7  job_8_task_6   job_0_task_7   job_16_task_7  job_3_task_9   job_14_task_12 job_4_task_6   job_13_task_11 job_15_task_13 job_17_task_11 job_12_task_14 job_6_task_14  job_4_task_15  job_0_task_15  
           [1,7]          [7,14]         [14,24]        [24,31]        [31,34]        [34,39]        [39,44]        [44,45]        [45,52]        [52,56]        [57,63]        [63,64]        [66,74]        [74,82]        [82,85]        [90,93]        [99,108]       [125,129]      [129,139]      [140,146]      [151,157]      [157,158]      [160,165]      [169,176]      
Machine 4: job_2_task_0   job_0_task_0   job_13_task_0  job_10_task_1  job_11_task_1  job_5_task_3   job_3_task_4   job_8_task_4   job_4_task_0   job_3_task_7   job_0_task_6   job_10_task_7  job_14_task_10 job_14_task_11 job_11_task_10 job_7_task_9   job_2_task_10  job_7_task_11  job_12_task_9  job_15_task_11 job_3_task_12  job_7_task_13  job_8_task_10  job_18_task_12 job_5_task_14  job_3_task_15  job_17_task_14 job_8_task_15  
           [0,1]          [1,8]          [8,14]         [14,23]        [23,29]        [29,36]        [36,46]        [46,54]        [54,59]        [59,64]        [64,66]        [66,75]        [75,83]        [83,90]        [90,95]        [95,103]       [103,110]      [110,116]      [116,117]      [117,124]      [124,132]      [132,135]      [135,144]      [144,146]      [146,156]      [156,164]      [164,171]      [171,176]      
Machine 5: job_16_task_1  job_9_task_3   job_15_task_3  job_10_task_3  job_9_task_5   job_18_task_4  job_14_task_5  job_11_task_4  job_10_task_8  job_18_task_7  job_2_task_8   job_2_task_9   job_12_task_8  job_2_task_12  job_11_task_14 job_2_task_13  job_13_task_13 job_18_task_13 job_1_task_12  job_16_task_15 
           [4,10]         [15,24]        [24,30]        [31,36]        [36,41]        [41,45]        [45,53]        [53,54]        [75,80]        [81,90]        [91,97]        [97,101]       [101,111]      [114,122]      [122,129]      [129,134]      [136,138]      [146,152]      [152,154]      [163,173]      
Machine 6: job_2_task_3   job_18_task_1  job_3_task_2   job_18_task_5  job_4_task_1   job_17_task_5  job_6_task_5   job_17_task_6  job_2_task_7   job_18_task_8  job_11_task_13 job_10_task_12 job_9_task_12  job_5_task_13  job_8_task_11  job_0_task_13  job_16_task_14 job_6_task_15  
           [14,20]        [24,27]        [27,35]        [45,51]        [59,64]        [64,73]        [73,77]        [77,78]        [81,91]        [91,101]       [113,121]      [122,130]      [130,139]      [139,146]      [146,152]      [152,159]      [159,163]      [163,165]      
Machine 7: job_9_task_0   job_15_task_0  job_9_task_2   job_8_task_1   job_5_task_2   job_3_task_3   job_0_task_4   job_14_task_6  job_1_task_7   job_4_task_2   job_3_task_8   job_1_task_9   job_12_task_6  job_7_task_8   job_17_task_7  job_9_task_9   job_4_task_7   job_9_task_11  job_4_task_9   job_6_task_11  job_0_task_12  job_2_task_14  job_3_task_14  job_16_task_13 job_8_task_12  job_12_task_15 job_17_task_13 job_0_task_14  job_10_task_15 
           [0,4]          [4,8]          [8,15]         [15,21]        [21,27]        [35,36]        [36,44]        [53,57]        [57,59]        [64,74]        [74,76]        [76,78]        [84,91]        [91,95]        [95,105]       [105,111]      [111,117]      [117,120]      [120,122]      [124,133]      [133,142]      [142,148]      [148,152]      [152,155]      [155,157]      [157,160]      [160,162]      [162,169]      [169,176]      
Machine 8: job_6_task_0   job_6_task_3   job_14_task_2  job_18_task_3  job_17_task_1  job_5_task_5   job_14_task_9  job_11_task_8  job_4_task_3   job_7_task_5   job_6_task_6   job_5_task_7   job_15_task_8  job_4_task_5   job_10_task_9  job_10_task_10 job_9_task_10  job_0_task_10  job_6_task_10  job_4_task_10  job_16_task_11 job_5_task_12  job_12_task_12 job_1_task_11  job_8_task_13  job_15_task_15 job_1_task_15  job_17_task_15 
           [0,1]          [13,23]        [24,33]        [34,36]        [36,45]        [58,63]        [64,74]        [74,76]        [76,81]        [81,85]        [85,87]        [87,96]        [96,97]        [97,99]        [99,100]       [100,110]      [111,117]      [117,123]      [123,124]      [124,131]      [131,138]      [138,139]      [139,145]      [145,149]      [157,159]      [159,166]      [166,170]      [171,172]      
Machine 9: job_11_task_0  job_13_task_1  job_14_task_1  job_0_task_2   job_14_task_4  job_9_task_6   job_3_task_5   job_8_task_5   job_16_task_6  job_11_task_7  job_18_task_6  job_12_task_5  job_0_task_9   job_16_task_8  job_12_task_7  job_1_task_10  job_13_task_9  job_14_task_15 job_12_task_10 job_0_task_11  job_3_task_13  job_12_task_13 job_4_task_14  job_8_task_14  job_5_task_15  
           [0,5]          [14,15]        [15,24]        [24,31]        [38,43]        [43,51]        [51,52]        [54,58]        [59,69]        [69,74]        [74,81]        [81,84]        [84,88]        [88,91]        [91,96]        [96,106]       [106,112]      [112,120]      [120,124]      [124,133]      [133,143]      [145,151]      [155,160]      [160,168]      [168,170]      
Machine 10: job_8_task_0   job_1_task_1   job_13_task_3  job_15_task_4  job_16_task_3  job_7_task_1   job_6_task_4   job_17_task_3  job_2_task_5   job_1_task_8   job_5_task_8   job_6_task_8   job_15_task_10 job_10_task_11 job_8_task_9   job_17_task_10 job_9_task_13  job_17_task_12 job_18_task_14 job_4_task_13  job_1_task_13  
           [0,6]          [13,14]        [23,30]        [30,39]        [39,43]        [44,49]        [49,58]        [58,59]        [59,66]        [66,76]        [96,106]       [106,114]      [114,115]      [115,122]      [122,132]      [132,140]      [140,143]      [146,150]      [152,153]      [153,155]      [155,158]      
Machine 11: job_6_task_2   job_0_task_1   job_3_task_1   job_10_task_4  job_1_task_6   job_14_task_8  job_7_task_4   job_7_task_7   job_3_task_10  job_15_task_9  job_7_task_10  job_16_task_10 job_2_task_11  
           [4,13]         [13,17]        [17,23]        [36,45]        [51,52]        [63,64]        [70,80]        [87,90]        [90,98]        [98,103]       [103,107]      [107,112]      [112,114]      
Machine 12: job_5_task_0   job_1_task_0   job_13_task_2  job_17_task_0  job_11_task_2  job_1_task_4   job_1_task_5   job_5_task_4   job_12_task_4  job_7_task_3   job_9_task_7   job_2_task_6   job_15_task_7  job_6_task_7   job_11_task_11 job_3_task_11  job_5_task_9   job_13_task_10 job_5_task_11  job_6_task_12  job_16_task_12 job_4_task_12  job_15_task_14 job_7_task_14  job_18_task_15 job_2_task_15  
           [0,3]          [3,13]         [15,23]        [23,32]        [32,34]        [34,41]        [41,51]        [51,58]        [58,66]        [66,70]        [70,74]        [74,81]        [81,89]        [89,97]        [97,106]       [106,116]      [116,117]      [117,125]      [125,132]      [133,139]      [139,149]      [149,153]      [153,158]      [158,165]      [165,173]      [173,174]      
Optimal Schedule Length: 176.0
Total (Unoptimized Schedule Length): 1723
Statistics
  - conflicts: 0
  - branches : 0
  - wall time: 0.22021755s