
Problem
          task_0   task_1   task_2   task_3   task_4    task_5   task_6    task_7   task_8   task_9   task_10  task_11   task_12  task_13
job_0     (4, 7)   (3, 8)   (7, 5)   (6, 7)   (7, 5)    (6, 2)   (7, 9)    (8, 7)   (4, 1)   (9, 3)    (1, 5)   (6, 6)   (10, 3)   (7, 2)
job_1     (4, 8)   (6, 2)   (9, 2)   (1, 5)   (6, 2)    (2, 5)   (1, 8)    (6, 8)   (3, 2)   (4, 4)    (0, 7)   (6, 1)    (3, 8)   (4, 8)
job_2     (6, 2)   (1, 6)   (8, 4)   (8, 3)   (7, 2)  (10, 10)   (0, 7)    (8, 4)  (10, 5)   (1, 2)    (4, 6)   (3, 5)    (7, 9)   (5, 4)
job_3     (5, 3)   (0, 6)   (4, 3)   (8, 6)   (6, 9)    (5, 1)   (7, 9)    (4, 5)   (6, 5)   (7, 2)    (7, 4)  (2, 10)   (10, 4)   (8, 7)
job_4   (10, 10)   (7, 3)   (4, 2)   (5, 2)   (9, 3)    (1, 8)   (7, 7)    (8, 7)   (7, 5)   (7, 3)  (10, 10)   (4, 8)    (4, 6)   (6, 9)
job_5     (5, 2)   (6, 4)   (3, 2)  (6, 10)   (4, 5)    (2, 7)   (4, 6)    (5, 2)   (3, 1)   (1, 7)    (7, 3)   (5, 8)    (0, 3)   (2, 7)
job_6     (4, 2)   (1, 3)   (8, 1)   (6, 8)   (9, 8)    (5, 5)   (7, 9)    (2, 3)   (1, 2)   (5, 3)    (0, 1)   (1, 6)    (9, 2)   (8, 6)
job_7     (2, 9)  (10, 2)   (9, 9)   (7, 6)   (3, 7)    (7, 6)   (5, 2)  (10, 10)   (8, 3)   (2, 2)    (2, 4)   (3, 3)    (9, 4)   (5, 7)
job_8     (8, 5)   (4, 4)  (1, 10)  (1, 10)   (4, 7)    (5, 9)   (5, 2)    (7, 7)   (0, 5)   (9, 3)    (3, 7)   (6, 9)    (5, 1)  (2, 10)
job_9     (4, 8)  (1, 10)   (3, 9)   (6, 7)  (0, 10)    (3, 4)   (4, 8)    (5, 7)  (6, 10)   (6, 4)    (7, 5)   (9, 6)    (3, 1)   (4, 8)
job_10    (4, 3)   (8, 6)   (7, 7)   (9, 7)   (6, 1)    (7, 6)   (7, 8)    (3, 1)   (7, 8)  (10, 8)   (10, 6)   (4, 9)    (6, 1)   (9, 1)
job_11   (6, 10)   (9, 6)   (8, 9)   (1, 3)   (5, 2)    (5, 4)   (5, 3)    (7, 8)   (6, 5)   (0, 3)    (2, 1)   (4, 2)    (9, 9)   (0, 6)
job_12    (5, 5)   (8, 8)   (3, 5)   (5, 7)   (5, 7)    (9, 9)  (10, 3)    (6, 8)  (4, 10)   (1, 2)    (7, 9)  (0, 10)    (8, 4)  (3, 10)
job_13   (1, 10)  (9, 10)   (4, 6)   (2, 5)   (0, 6)    (7, 3)   (8, 7)    (5, 3)   (0, 9)   (9, 5)    (6, 8)   (0, 8)    (9, 4)   (9, 4)
job_14    (4, 7)   (3, 8)   (0, 2)   (3, 7)   (0, 9)  (10, 10)   (3, 9)    (3, 9)   (2, 8)   (1, 4)    (3, 7)   (2, 5)  (10, 10)   (4, 6)
job_15    (8, 8)   (1, 9)   (1, 7)   (6, 8)   (8, 7)    (6, 2)   (2, 8)    (3, 6)  (10, 3)   (6, 6)    (0, 8)   (1, 7)    (4, 5)  (4, 10)
job_16    (8, 4)   (7, 1)  (3, 10)   (8, 3)   (6, 5)    (1, 1)   (7, 4)    (1, 2)  (10, 8)   (7, 8)   (10, 5)   (0, 2)    (3, 7)   (0, 7)
job_17    (1, 6)  (10, 1)   (7, 8)   (0, 8)   (2, 5)    (7, 1)   (9, 8)    (2, 3)   (6, 8)   (7, 2)    (2, 7)  (10, 5)   (10, 4)   (3, 2)


Solution:
Machine 0: job_3_task_1   job_17_task_3  job_14_task_2  job_14_task_4  job_13_task_4  job_9_task_4   job_13_task_8  job_2_task_6   job_15_task_10 job_1_task_10  job_11_task_9  job_12_task_11 job_8_task_8   job_13_task_11 job_11_task_13 job_6_task_10  job_16_task_11 job_5_task_12  job_16_task_13 
           [8,14]         [15,23]        [33,35]        [45,54]        [54,60]        [68,78]        [78,87]        [89,96]        [107,115]      [115,122]      [122,125]      [125,135]      [135,140]      [144,152]      [153,159]      [159,160]      [166,168]      [174,177]      [177,184]      
Machine 1: job_17_task_0  job_13_task_0  job_8_task_2   job_15_task_1  job_15_task_2  job_9_task_1   job_1_task_3   job_2_task_1   job_6_task_1   job_16_task_5  job_4_task_5   job_11_task_3  job_1_task_6   job_12_task_9  job_16_task_7  job_14_task_9  job_8_task_3   job_5_task_9   job_2_task_9   job_15_task_11 job_6_task_8   job_0_task_10  job_6_task_11  
           [0,6]          [6,16]         [16,26]        [26,35]        [35,42]        [42,52]        [52,57]        [57,63]        [63,66]        [66,67]        [67,75]        [75,78]        [78,86]        [86,88]        [88,90]        [91,95]        [95,105]       [105,112]      [112,114]      [115,122]      [148,150]      [156,161]      [161,167]      
Machine 2: job_7_task_0   job_17_task_4  job_13_task_3  job_5_task_5   job_1_task_5   job_15_task_6  job_17_task_7  job_7_task_9   job_14_task_8  job_7_task_10  job_14_task_11 job_11_task_10 job_6_task_7   job_17_task_10 job_3_task_11  job_8_task_13  job_5_task_13  
           [0,9]          [23,28]        [46,51]        [53,60]        [60,65]        [65,73]        [73,76]        [81,83]        [83,91]        [91,95]        [102,107]      [125,126]      [145,148]      [149,156]      [156,166]      [166,176]      [177,184]      
Machine 3: job_16_task_2  job_5_task_2   job_0_task_1   job_14_task_1  job_12_task_2  job_14_task_3  job_7_task_4   job_9_task_2   job_10_task_7  job_14_task_6  job_14_task_7  job_9_task_5   job_15_task_7  job_5_task_8   job_14_task_10 job_1_task_8   job_7_task_11  job_2_task_11  job_1_task_12  job_12_task_13 job_8_task_10  job_16_task_12 job_9_task_12  job_17_task_13 
           [5,15]         [15,17]        [17,25]        [25,33]        [33,38]        [38,45]        [45,52]        [52,61]        [61,62]        [64,73]        [73,82]        [82,86]        [86,92]        [92,93]        [95,102]       [102,104]      [104,107]      [121,126]      [126,134]      [139,149]      [149,156]      [168,175]      [175,176]      [176,178]      
Machine 4: job_10_task_0  job_0_task_0   job_8_task_1   job_14_task_0  job_1_task_0   job_3_task_2   job_9_task_0   job_13_task_2  job_6_task_0   job_5_task_4   job_4_task_2   job_5_task_6   job_12_task_8  job_9_task_6   job_3_task_7   job_1_task_9   job_8_task_4   job_2_task_10  job_14_task_13 job_15_task_12 job_15_task_13 job_11_task_11 job_1_task_13  job_0_task_8   job_4_task_11  job_4_task_12  job_10_task_11 job_9_task_13  
           [0,3]          [3,10]         [10,14]        [14,21]        [21,29]        [29,32]        [32,40]        [40,46]        [46,48]        [48,53]        [53,55]        [60,66]        [76,86]        [86,94]        [95,100]       [104,108]      [108,115]      [115,121]      [121,127]      [127,132]      [132,142]      [142,144]      [144,152]      [152,153]      [153,161]      [161,167]      [167,176]      [176,184]      
Machine 5: job_12_task_0  job_3_task_0   job_5_task_0   job_12_task_3  job_12_task_4  job_4_task_3   job_7_task_6   job_5_task_7   job_13_task_7  job_11_task_4  job_11_task_5  job_3_task_5   job_11_task_6  job_9_task_7   job_6_task_5   job_8_task_5   job_8_task_6   job_7_task_13  job_6_task_9   job_8_task_12  job_5_task_11  job_2_task_13  
           [0,5]          [5,8]          [8,10]         [38,45]        [45,52]        [55,57]        [62,64]        [66,68]        [74,77]        [78,80]        [80,84]        [85,86]        [86,89]        [94,101]       [101,106]      [115,124]      [124,126]      [126,133]      [150,153]      [165,166]      [166,174]      [178,182]      
Machine 6: job_11_task_0  job_5_task_1   job_2_task_0   job_5_task_3   job_0_task_3   job_10_task_4  job_1_task_1   job_15_task_3  job_16_task_4  job_0_task_5   job_1_task_4   job_15_task_5  job_9_task_3   job_12_task_7  job_3_task_4   job_6_task_3   job_1_task_7   job_15_task_9  job_9_task_8   job_11_task_8  job_1_task_11  job_3_task_8   job_17_task_8  job_13_task_10 job_9_task_9   job_8_task_11  job_0_task_11  job_4_task_13  job_10_task_12 
           [0,10]         [10,14]        [14,16]        [17,27]        [30,37]        [37,38]        [38,40]        [42,50]        [50,55]        [55,57]        [57,59]        [59,61]        [61,68]        [68,76]        [76,85]        [85,93]        [93,101]       [101,107]      [107,117]      [117,122]      [122,123]      [123,128]      [128,136]      [136,144]      [144,148]      [156,165]      [165,171]      [171,180]      [180,181]      
Machine 7: job_16_task_1  job_17_task_2  job_10_task_2  job_4_task_1   job_0_task_2   job_7_task_3   job_17_task_5  job_0_task_4   job_10_task_5  job_10_task_6  job_7_task_5   job_13_task_5  job_10_task_8  job_16_task_6  job_2_task_4   job_4_task_6   job_3_task_6   job_11_task_7  job_4_task_8   job_12_task_10 job_0_task_6   job_8_task_7   job_4_task_9   job_6_task_6   job_3_task_9   job_17_task_9  job_3_task_10  job_16_task_9  job_5_task_10  job_9_task_10  job_2_task_12  job_0_task_13  
           [4,5]          [7,15]         [15,22]        [22,25]        [25,30]        [30,36]        [36,37]        [37,42]        [42,48]        [48,56]        [56,62]        [62,65]        [65,73]        [73,77]        [77,79]        [79,86]        [86,95]        [95,103]       [103,108]      [108,117]      [117,126]      [126,133]      [133,136]      [136,145]      [145,147]      [147,149]      [149,153]      [153,161]      [161,164]      [164,169]      [169,178]      [178,180]      
Machine 8: job_16_task_0  job_8_task_0   job_10_task_1  job_15_task_0  job_12_task_1  job_16_task_3  job_3_task_3   job_11_task_2  job_15_task_4  job_2_task_2   job_13_task_6  job_2_task_3   job_6_task_2   job_7_task_8   job_4_task_7   job_2_task_7   job_0_task_7   job_12_task_12 job_6_task_13  job_3_task_13  
           [0,4]          [4,9]          [9,15]         [15,23]        [23,31]        [31,34]        [34,40]        [43,52]        [52,59]        [63,67]        [67,74]        [74,77]        [77,78]        [78,81]        [86,93]        [96,100]       [126,133]      [135,139]      [169,175]      [175,182]      
Machine 9: job_7_task_2   job_13_task_1  job_10_task_3  job_11_task_1  job_1_task_2   job_17_task_6  job_12_task_5  job_4_task_4   job_13_task_9  job_6_task_4   job_7_task_12  job_8_task_9   job_11_task_12 job_0_task_9   job_13_task_12 job_13_task_13 job_6_task_12  job_9_task_11  job_10_task_13 
           [11,20]        [20,30]        [30,37]        [37,43]        [43,45]        [45,53]        [53,62]        [62,65]        [87,92]        [93,101]       [107,111]      [140,143]      [144,153]      [153,156]      [156,160]      [160,164]      [167,169]      [169,175]      [181,182]      
Machine 10: job_17_task_1  job_7_task_1   job_4_task_0   job_14_task_5  job_12_task_6  job_7_task_7   job_2_task_5   job_15_task_8  job_16_task_8  job_2_task_8   job_14_task_12 job_10_task_9  job_10_task_10 job_4_task_10  job_17_task_11 job_16_task_10 job_3_task_12  job_17_task_12 job_0_task_12  
           [6,7]          [9,11]         [11,21]        [54,64]        [64,67]        [67,77]        [79,89]        [92,95]        [95,103]       [103,108]      [108,118]      [118,126]      [126,132]      [136,146]      [156,161]      [161,166]      [166,170]      [170,174]      [174,177]      
Optimal Schedule Length: 184.0
Total (Unoptimized Schedule Length): 1410
Statistics
  - conflicts: 0
  - branches : 0
  - wall time: 0.29982169000000003s