
Problem
         task_0   task_1   task_2   task_3   task_4   task_5   task_6   task_7   task_8   task_9  task_10  task_11  task_12 task_13 task_14
job_0    (2, 8)   (1, 6)   (2, 8)   (0, 5)   (1, 1)   (4, 7)  (4, 10)   (0, 4)   (4, 9)   (4, 7)   (0, 4)   (2, 1)   (2, 5)  (0, 8)  (3, 9)
job_1    (3, 8)   (3, 1)   (1, 5)   (0, 8)   (3, 3)   (4, 2)   (1, 4)   (4, 1)  (4, 10)   (4, 8)   (3, 2)   (2, 4)   (0, 9)  (0, 7)  (1, 9)
job_2    (4, 8)   (4, 6)   (1, 9)  (2, 10)   (4, 3)   (0, 3)  (4, 10)   (3, 4)  (2, 10)   (4, 4)   (3, 2)   (1, 4)   (1, 1)  (1, 1)  (3, 7)
job_3    (1, 4)   (2, 7)   (0, 7)   (1, 7)   (1, 1)  (1, 10)   (3, 8)   (3, 2)   (1, 8)  (4, 10)   (3, 9)   (3, 7)   (1, 4)  (1, 8)  (2, 1)
job_4   (2, 10)   (1, 6)   (0, 8)  (0, 10)   (4, 4)   (0, 3)   (0, 2)   (1, 7)   (0, 9)   (1, 1)   (2, 5)   (3, 9)   (2, 1)  (3, 9)  (1, 2)
job_5    (0, 4)   (0, 3)   (4, 8)   (2, 6)   (1, 6)   (3, 7)   (0, 9)   (1, 2)   (0, 6)   (4, 1)   (1, 5)   (4, 1)   (4, 5)  (4, 4)  (4, 1)
job_6    (3, 6)   (2, 2)   (4, 9)   (2, 2)   (0, 6)   (2, 7)   (2, 7)   (1, 1)  (2, 10)   (0, 7)   (4, 6)   (1, 5)   (4, 6)  (1, 5)  (3, 8)
job_7   (2, 10)   (4, 8)   (4, 8)   (3, 1)   (4, 3)   (2, 8)   (2, 5)   (0, 4)   (1, 7)   (3, 8)   (4, 7)   (3, 3)   (4, 2)  (4, 3)  (2, 6)
job_8    (0, 9)   (1, 2)   (2, 2)   (4, 4)   (0, 2)  (3, 10)   (3, 8)   (3, 2)   (1, 8)   (2, 5)   (2, 5)   (4, 1)  (0, 10)  (0, 2)  (2, 6)
job_9    (1, 2)   (2, 7)   (3, 9)   (2, 4)   (3, 8)   (2, 7)  (4, 10)   (2, 2)   (3, 9)   (0, 7)   (3, 6)   (2, 6)   (2, 6)  (1, 5)  (0, 7)
job_10   (4, 3)   (2, 7)   (4, 1)   (0, 7)   (4, 4)   (4, 3)   (4, 3)   (4, 3)   (4, 2)   (1, 1)   (4, 5)   (3, 4)   (3, 3)  (3, 1)  (1, 1)
job_11   (4, 8)   (4, 9)   (4, 7)   (4, 7)   (2, 1)   (4, 1)   (3, 5)   (3, 9)   (1, 4)   (3, 9)   (4, 8)   (0, 1)   (2, 7)  (4, 2)  (3, 3)
job_12   (2, 6)   (1, 1)   (4, 4)   (4, 1)  (0, 10)  (4, 10)  (1, 10)  (1, 10)  (4, 10)   (3, 5)   (4, 5)   (0, 4)   (4, 7)  (4, 9)  (3, 9)
job_13   (0, 7)   (1, 1)   (3, 7)   (1, 1)   (1, 3)   (1, 3)  (1, 10)   (1, 8)   (4, 9)   (3, 7)  (3, 10)  (2, 10)   (0, 7)  (4, 9)  (2, 2)
job_14   (3, 9)  (2, 10)   (1, 5)  (0, 10)  (0, 10)   (1, 5)   (3, 7)   (4, 6)   (1, 9)   (0, 9)   (1, 6)   (0, 9)   (4, 3)  (2, 1)  (4, 1)
job_15  (3, 10)   (0, 9)   (3, 6)  (4, 10)   (4, 2)   (2, 8)   (1, 4)   (3, 9)   (3, 9)   (4, 4)   (3, 1)   (4, 9)   (3, 9)  (4, 5)  (1, 5)
job_16   (2, 7)   (3, 3)  (2, 10)   (4, 1)   (3, 6)   (3, 1)   (4, 9)   (2, 2)   (0, 4)  (2, 10)   (2, 9)   (2, 1)   (1, 4)  (1, 7)  (1, 2)
job_17  (3, 10)   (2, 4)   (3, 5)   (2, 8)   (1, 9)   (3, 3)   (4, 6)   (3, 2)   (2, 3)   (3, 9)   (2, 2)   (3, 5)   (3, 3)  (0, 6)  (1, 8)
job_18   (4, 1)   (2, 5)   (3, 9)   (2, 1)   (3, 2)   (2, 6)   (3, 3)   (2, 8)   (4, 7)   (0, 6)   (1, 6)   (4, 9)   (4, 4)  (0, 6)  (3, 4)
job_19   (2, 2)   (4, 6)   (3, 7)   (0, 3)   (1, 6)   (2, 7)   (3, 1)   (1, 4)  (0, 10)   (4, 2)   (0, 8)   (4, 2)   (4, 1)  (2, 8)  (2, 3)


Solution:
Machine 0: job_13_task_0  job_8_task_0   job_12_task_4  job_15_task_1  job_5_task_0   job_3_task_2   job_14_task_3  job_4_task_2   job_14_task_4  job_0_task_3   job_1_task_3   job_5_task_1   job_6_task_4   job_4_task_3   job_8_task_4   job_19_task_3  job_0_task_7   job_4_task_5   job_4_task_6   job_2_task_5   job_4_task_8   job_6_task_9   job_9_task_9   job_7_task_7   job_5_task_6   job_16_task_8  job_19_task_8  job_14_task_9  job_18_task_9  job_5_task_8   job_10_task_3  job_12_task_11 job_0_task_10  job_1_task_12  job_13_task_12 job_1_task_13  job_0_task_13  job_19_task_10 job_14_task_11 job_17_task_13 job_9_task_14  job_11_task_11 job_8_task_12  job_8_task_13  job_18_task_13 
           [0,7]          [7,16]         [16,26]        [26,35]        [35,39]        [39,46]        [46,56]        [56,64]        [64,74]        [74,79]        [79,87]        [87,90]        [90,96]        [96,106]       [115,117]      [117,120]      [143,147]      [162,165]      [165,167]      [167,170]      [177,186]      [193,200]      [200,207]      [207,211]      [213,222]      [222,226]      [226,236]      [236,245]      [245,251]      [251,257]      [257,264]      [264,268]      [268,272]      [272,281]      [281,288]      [288,295]      [295,303]      [303,311]      [311,320]      [320,326]      [326,333]      [333,334]      [334,344]      [344,346]      [362,368]      
Machine 1: job_9_task_0   job_3_task_0   job_12_task_1  job_13_task_1  job_8_task_1   job_0_task_1   job_2_task_2   job_14_task_2  job_13_task_3  job_13_task_4  job_13_task_5  job_4_task_1   job_3_task_3   job_13_task_6  job_1_task_2   job_12_task_6  job_3_task_4   job_3_task_5   job_0_task_4   job_13_task_7  job_12_task_7  job_14_task_5  job_17_task_4  job_15_task_6  job_19_task_4  job_3_task_8   job_1_task_6   job_6_task_7   job_5_task_4   job_4_task_7   job_4_task_9   job_11_task_8  job_14_task_8  job_19_task_7  job_8_task_8   job_7_task_8   job_5_task_7   job_14_task_10 job_18_task_10 job_6_task_11  job_1_task_14  job_3_task_12  job_16_task_12 job_9_task_13  job_16_task_13 job_3_task_13  job_17_task_14 job_2_task_11  job_6_task_13  job_2_task_12  job_2_task_13  job_16_task_14 job_4_task_14  job_5_task_10  job_10_task_9  job_15_task_14 job_10_task_14 
           [0,2]          [2,6]          [6,7]          [7,8]          [16,18]        [21,27]        [28,37]        [37,42]        [42,43]        [43,46]        [46,49]        [49,55]        [55,62]        [62,72]        [72,77]        [77,87]        [87,88]        [88,98]        [98,99]        [99,107]       [107,117]      [117,122]      [122,131]      [131,135]      [135,141]      [141,149]      [149,153]      [158,159]      [164,170]      [170,177]      [186,187]      [206,210]      [211,220]      [220,224]      [224,232]      [232,239]      [239,241]      [245,251]      [251,257]      [282,287]      [295,304]      [304,308]      [308,312]      [312,317]      [317,324]      [324,332]      [332,340]      [340,344]      [344,349]      [349,350]      [350,351]      [351,353]      [353,355]      [355,360]      [360,361]      [385,390]      [390,391]      
Machine 2: job_12_task_0  job_9_task_1   job_0_task_0   job_14_task_1  job_3_task_1   job_4_task_0   job_7_task_0   job_6_task_1   job_0_task_2   job_9_task_3   job_18_task_1  job_16_task_0  job_17_task_1  job_6_task_3   job_19_task_0  job_16_task_2  job_8_task_2   job_9_task_5   job_17_task_3  job_15_task_5  job_18_task_3  job_6_task_5   job_18_task_5  job_2_task_3   job_6_task_6   job_5_task_3   job_7_task_5   job_11_task_4  job_18_task_7  job_9_task_7   job_6_task_8   job_19_task_5  job_7_task_6   job_10_task_1  job_16_task_7  job_4_task_10  job_17_task_8  job_16_task_9  job_8_task_9   job_2_task_8   job_1_task_11  job_13_task_11 job_17_task_10 job_8_task_10  job_9_task_11  job_0_task_11  job_16_task_10 job_0_task_12  job_9_task_12  job_16_task_11 job_4_task_12  job_3_task_14  job_11_task_12 job_8_task_14  job_19_task_13 job_19_task_14 job_13_task_14 job_7_task_14  job_14_task_13 
           [0,6]          [6,13]         [13,21]        [21,31]        [31,38]        [38,48]        [48,58]        [58,60]        [60,68]        [68,72]        [72,77]        [77,84]        [84,88]        [88,90]        [90,92]        [92,102]       [102,104]      [104,111]      [111,119]      [119,127]      [127,128]      [128,135]      [135,141]      [141,151]      [151,158]      [158,164]      [164,172]      [172,173]      [173,181]      [181,183]      [183,193]      [193,200]      [200,205]      [205,212]      [212,214]      [214,219]      [223,226]      [226,236]      [236,241]      [241,251]      [251,255]      [255,265]      [265,267]      [267,272]      [272,278]      [278,279]      [279,288]      [288,293]      [293,299]      [299,300]      [300,301]      [332,333]      [334,341]      [346,352]      [368,376]      [376,379]      [380,382]      [393,399]      [399,400]      
Machine 3: job_14_task_0  job_15_task_0  job_6_task_0   job_13_task_2  job_9_task_2   job_17_task_0  job_15_task_2  job_1_task_0   job_1_task_1   job_9_task_4   job_18_task_2  job_16_task_1  job_17_task_2  job_1_task_4   job_7_task_3   job_3_task_6   job_19_task_2  job_3_task_7   job_8_task_5   job_18_task_4  job_14_task_6  job_15_task_7  job_16_task_4  job_18_task_6  job_16_task_5  job_17_task_5  job_8_task_6   job_13_task_9  job_15_task_8  job_11_task_6  job_9_task_8   job_11_task_7  job_5_task_5   job_19_task_6  job_8_task_7   job_12_task_9  job_17_task_7  job_13_task_10 job_2_task_7   job_17_task_9  job_1_task_10  job_9_task_10  job_11_task_9  job_7_task_9   job_3_task_10  job_15_task_10 job_17_task_11 job_4_task_11  job_3_task_11  job_15_task_12 job_17_task_12 job_4_task_13  job_7_task_11  job_0_task_14  job_2_task_10  job_6_task_14  job_12_task_14 job_2_task_14  job_10_task_11 job_10_task_12 job_18_task_14 job_10_task_13 job_11_task_14 
           [0,9]          [9,19]         [19,25]        [25,32]        [32,41]        [41,51]        [51,57]        [57,65]        [65,66]        [72,80]        [80,89]        [89,92]        [92,97]        [97,100]       [100,101]      [101,109]      [109,116]      [116,118]      [118,128]      [128,130]      [130,137]      [137,146]      [146,152]      [152,155]      [155,156]      [156,159]      [159,167]      [167,174]      [174,183]      [183,188]      [188,197]      [197,206]      [206,213]      [213,214]      [214,216]      [216,221]      [221,223]      [223,233]      [233,237]      [237,246]      [246,248]      [248,254]      [254,263]      [263,271]      [271,280]      [280,281]      [281,286]      [286,295]      [295,302]      [302,311]      [311,314]      [314,323]      [323,326]      [326,335]      [338,340]      [349,357]      [357,366]      [366,373]      [373,377]      [377,380]      [380,384]      [384,385]      [395,398]      
Machine 4: job_2_task_0   job_12_task_2  job_12_task_3  job_11_task_0  job_18_task_0  job_2_task_1   job_12_task_5  job_11_task_1  job_11_task_2  job_11_task_3  job_6_task_2   job_15_task_3  job_7_task_1   job_15_task_4  job_7_task_2   job_19_task_1  job_0_task_5   job_8_task_3   job_5_task_2   job_9_task_6   job_0_task_6   job_16_task_3  job_1_task_5   job_7_task_4   job_13_task_8  job_4_task_4   job_1_task_7   job_2_task_4   job_1_task_8   job_11_task_5  job_12_task_8  job_10_task_0  job_16_task_6  job_17_task_6  job_14_task_7  job_0_task_8   job_2_task_6   job_18_task_8  job_1_task_9   job_3_task_9   job_10_task_2  job_12_task_10 job_0_task_9   job_15_task_9  job_10_task_4  job_6_task_10  job_15_task_11 job_10_task_5  job_12_task_12 job_19_task_9  job_10_task_6  job_18_task_11 job_7_task_10  job_11_task_10 job_10_task_7  job_8_task_11  job_2_task_9   job_6_task_12  job_12_task_13 job_5_task_9   job_10_task_8  job_19_task_11 job_18_task_12 job_10_task_10 job_19_task_12 job_5_task_11  job_7_task_12  job_13_task_13 job_15_task_13 job_5_task_12  job_7_task_13  job_11_task_13 job_14_task_12 job_5_task_13  job_5_task_14  job_14_task_14 
           [0,8]          [8,12]         [12,13]        [13,21]        [21,22]        [22,28]        [28,38]        [38,47]        [47,54]        [54,61]        [61,70]        [70,80]        [80,88]        [88,90]        [90,98]        [98,104]       [104,111]      [111,115]      [115,123]      [123,133]      [133,143]      [143,144]      [144,146]      [146,149]      [149,158]      [158,162]      [162,163]      [163,166]      [166,176]      [176,177]      [177,187]      [187,190]      [190,199]      [199,205]      [205,211]      [211,220]      [220,230]      [230,237]      [237,245]      [245,255]      [255,256]      [256,261]      [261,268]      [268,272]      [272,276]      [276,282]      [282,291]      [291,294]      [294,301]      [301,303]      [303,306]      [306,315]      [315,322]      [322,330]      [330,333]      [333,334]      [334,338]      [338,344]      [344,353]      [353,354]      [354,356]      [356,358]      [358,362]      [362,367]      [367,368]      [368,369]      [369,371]      [371,380]      [380,385]      [385,390]      [390,393]      [393,395]      [395,398]      [398,402]      [402,403]      [403,404]      
Optimal Schedule Length: 404.0
Total (Unoptimized Schedule Length): 1673
Statistics
  - conflicts: 1
  - branches : 301
  - wall time: 0.173143857s