
Problem
         task_0   task_1   task_2   task_3   task_4   task_5   task_6   task_7   task_8   task_9  task_10  task_11  task_12  task_13  task_14 task_15
job_0    (0, 2)   (0, 7)  (2, 10)   (2, 5)  (0, 10)   (0, 2)   (1, 5)  (1, 10)   (2, 3)   (0, 5)   (1, 4)   (2, 5)   (2, 2)   (0, 3)  (0, 10)  (0, 7)
job_1    (2, 4)   (0, 9)   (2, 8)   (0, 9)   (0, 5)   (0, 8)   (1, 9)   (1, 3)   (1, 3)   (1, 9)   (0, 4)   (0, 7)   (0, 2)   (0, 7)   (0, 1)  (2, 5)
job_2    (1, 7)   (1, 9)   (1, 7)   (1, 2)   (2, 8)   (0, 6)   (0, 9)  (1, 10)   (1, 3)   (1, 4)   (2, 6)   (2, 6)   (1, 4)   (2, 2)   (1, 1)  (0, 4)
job_3    (1, 4)   (0, 7)   (2, 8)   (0, 3)   (0, 6)   (2, 3)   (2, 6)   (2, 8)   (0, 5)   (0, 8)   (1, 7)   (2, 9)   (0, 2)   (2, 2)   (0, 6)  (1, 5)
job_4    (2, 3)   (2, 7)   (0, 1)  (2, 10)   (1, 4)  (1, 10)   (2, 3)   (2, 1)   (2, 8)   (2, 8)   (1, 8)   (1, 9)   (1, 1)   (0, 3)  (1, 10)  (0, 5)
job_5    (1, 1)   (2, 7)  (2, 10)   (0, 8)   (0, 6)   (2, 4)   (2, 9)   (1, 5)   (0, 2)  (0, 10)  (2, 10)   (2, 2)   (2, 8)   (0, 2)   (0, 4)  (1, 2)
job_6   (0, 10)   (2, 6)   (1, 1)   (2, 8)   (1, 5)   (1, 2)   (1, 5)   (2, 6)   (0, 2)   (0, 6)  (0, 10)   (2, 8)  (0, 10)   (1, 1)   (0, 8)  (1, 6)
job_7    (1, 2)   (2, 4)   (1, 5)   (2, 8)   (1, 6)   (0, 5)   (0, 6)   (2, 7)   (2, 2)   (0, 5)   (2, 8)   (0, 9)   (1, 7)  (1, 10)   (2, 7)  (0, 1)
job_8    (0, 4)   (2, 8)   (1, 1)   (0, 9)   (1, 4)   (0, 1)   (1, 6)   (2, 6)   (2, 4)   (0, 9)   (2, 5)   (0, 3)   (2, 3)   (1, 1)   (0, 5)  (2, 7)
job_9    (1, 7)  (0, 10)   (2, 9)   (0, 4)   (1, 2)   (1, 7)  (1, 10)   (1, 2)   (2, 4)  (1, 10)   (1, 6)   (1, 6)  (0, 10)   (2, 3)   (0, 1)  (2, 6)
job_10   (2, 2)   (0, 3)   (2, 3)   (1, 1)   (0, 3)   (1, 7)   (1, 5)   (1, 5)   (1, 4)   (0, 2)   (0, 5)   (2, 1)  (0, 10)   (0, 3)   (0, 7)  (1, 6)
job_11   (0, 9)   (1, 8)   (0, 6)   (2, 4)   (0, 1)   (2, 9)  (2, 10)   (0, 4)   (0, 4)   (0, 9)   (0, 4)   (1, 4)   (2, 6)   (0, 2)   (0, 6)  (1, 9)
job_12   (0, 4)   (1, 7)   (2, 3)   (0, 7)   (0, 3)   (0, 3)   (2, 9)   (1, 1)  (2, 10)   (0, 9)  (1, 10)  (1, 10)   (2, 1)   (0, 6)   (0, 6)  (0, 4)


Solution:
Machine 0: job_11_task_0  job_6_task_0   job_12_task_0  job_0_task_0   job_9_task_1   job_1_task_1   job_0_task_1   job_3_task_1   job_4_task_2   job_12_task_3  job_11_task_2  job_8_task_0   job_12_task_4  job_5_task_3   job_1_task_3   job_9_task_3   job_3_task_3   job_12_task_5  job_7_task_5   job_11_task_4  job_3_task_4   job_5_task_4   job_0_task_4   job_10_task_1  job_1_task_4   job_8_task_3   job_7_task_6   job_10_task_4  job_1_task_5   job_0_task_5   job_2_task_5   job_8_task_5   job_2_task_6   job_6_task_8   job_6_task_9   job_11_task_7  job_11_task_8  job_12_task_9  job_6_task_10  job_3_task_8   job_5_task_8   job_11_task_9  job_7_task_9   job_3_task_9   job_5_task_9   job_0_task_9   job_10_task_9  job_7_task_11  job_8_task_9   job_10_task_10 job_11_task_10 job_1_task_10  job_10_task_12 job_6_task_12  job_1_task_11  job_0_task_13  job_9_task_12  job_8_task_11  job_4_task_13  job_11_task_13 job_0_task_14  job_10_task_13 job_12_task_13 job_1_task_12  job_3_task_12  job_11_task_14 job_6_task_14  job_1_task_13  job_10_task_14 job_8_task_14  job_3_task_14  job_12_task_14 job_5_task_13  job_9_task_14  job_0_task_15  job_1_task_14  job_5_task_14  job_4_task_15  job_12_task_15 job_2_task_15  job_7_task_15  
           [0,9]          [9,19]         [19,23]        [23,25]        [25,35]        [35,44]        [44,51]        [51,58]        [58,59]        [59,66]        [66,72]        [72,76]        [76,79]        [79,87]        [87,96]        [96,100]       [100,103]      [103,106]      [106,111]      [111,112]      [112,118]      [118,124]      [124,134]      [134,137]      [137,142]      [142,151]      [151,157]      [157,160]      [160,168]      [168,170]      [170,176]      [176,177]      [177,186]      [186,188]      [188,194]      [194,198]      [198,202]      [202,211]      [211,221]      [221,226]      [226,228]      [228,237]      [237,242]      [242,250]      [250,260]      [260,265]      [265,267]      [267,276]      [276,285]      [285,290]      [290,294]      [294,298]      [298,308]      [308,318]      [318,325]      [325,328]      [328,338]      [338,341]      [341,344]      [344,346]      [346,356]      [356,359]      [359,365]      [365,367]      [367,369]      [369,375]      [375,383]      [383,390]      [390,397]      [397,402]      [402,408]      [408,414]      [414,416]      [416,417]      [417,424]      [424,425]      [425,429]      [429,434]      [434,438]      [438,442]      [442,443]      
Machine 1: job_9_task_0   job_7_task_0   job_5_task_0   job_3_task_0   job_2_task_0   job_7_task_2   job_12_task_1  job_11_task_1  job_2_task_1   job_6_task_2   job_2_task_2   job_7_task_4   job_2_task_3   job_4_task_4   job_4_task_5   job_9_task_4   job_6_task_4   job_9_task_5   job_8_task_2   job_6_task_5   job_6_task_6   job_9_task_6   job_9_task_7   job_12_task_7  job_8_task_4   job_10_task_3  job_10_task_5  job_10_task_6  job_0_task_6   job_1_task_6   job_8_task_6   job_0_task_7   job_10_task_7  job_1_task_7   job_2_task_7   job_5_task_7   job_1_task_8   job_10_task_8  job_12_task_10 job_9_task_9   job_4_task_10  job_1_task_9   job_9_task_10  job_0_task_10  job_3_task_10  job_2_task_8   job_4_task_11  job_11_task_11 job_2_task_9   job_12_task_11 job_9_task_11  job_7_task_12  job_4_task_12  job_7_task_13  job_6_task_13  job_2_task_12  job_4_task_14  job_8_task_13  job_2_task_14  job_11_task_15 job_6_task_15  job_10_task_15 job_3_task_15  job_5_task_15  
           [0,7]          [7,9]          [9,10]         [10,14]        [14,21]        [21,26]        [26,33]        [33,41]        [41,50]        [50,51]        [51,58]        [58,64]        [64,66]        [89,93]        [93,103]       [103,105]      [105,110]      [110,117]      [117,118]      [118,120]      [120,125]      [125,135]      [135,137]      [142,143]      [151,155]      [155,156]      [160,167]      [167,172]      [172,177]      [177,186]      [186,192]      [192,202]      [202,207]      [207,210]      [210,220]      [220,225]      [225,228]      [228,232]      [232,242]      [242,252]      [252,260]      [260,269]      [269,275]      [275,279]      [279,286]      [286,289]      [289,298]      [298,302]      [302,306]      [306,316]      [316,322]      [322,329]      [329,330]      [330,340]      [340,341]      [341,345]      [345,355]      [355,356]      [356,357]      [375,384]      [384,390]      [397,403]      [408,413]      [429,431]      
Machine 2: job_1_task_0   job_4_task_0   job_4_task_1   job_7_task_1   job_5_task_1   job_6_task_1   job_5_task_2   job_12_task_2  job_7_task_3   job_0_task_2   job_1_task_2   job_9_task_2   job_4_task_3   job_3_task_2   job_6_task_3   job_11_task_3  job_8_task_1   job_0_task_3   job_10_task_0  job_11_task_5  job_12_task_6  job_2_task_4   job_10_task_2  job_3_task_5   job_5_task_5   job_3_task_6   job_11_task_6  job_6_task_7   job_4_task_6   job_7_task_7   job_12_task_8  job_5_task_6   job_4_task_7   job_3_task_7   job_4_task_8   job_7_task_8   job_9_task_8   job_4_task_9   job_8_task_7   job_7_task_10  job_0_task_8   job_8_task_8   job_6_task_11  job_5_task_10  job_0_task_11  job_8_task_10  job_10_task_11 job_3_task_11  job_0_task_12  job_11_task_12 job_2_task_10  job_5_task_11  job_12_task_12 job_2_task_11  job_5_task_12  job_9_task_13  job_8_task_12  job_7_task_14  job_2_task_13  job_3_task_13  job_8_task_15  job_9_task_15  job_1_task_15  
           [0,4]          [4,7]          [7,14]         [14,18]        [18,25]        [25,31]        [31,41]        [41,44]        [44,52]        [52,62]        [62,70]        [70,79]        [79,89]        [89,97]        [97,105]       [105,109]      [109,117]      [117,122]      [122,124]      [124,133]      [133,142]      [142,150]      [150,153]      [153,156]      [156,160]      [160,166]      [166,176]      [176,182]      [182,185]      [185,192]      [192,202]      [202,211]      [211,212]      [212,220]      [220,228]      [228,230]      [230,234]      [234,242]      [242,248]      [248,256]      [256,259]      [259,263]      [263,271]      [271,281]      [281,286]      [286,291]      [291,292]      [292,301]      [301,303]      [303,309]      [309,315]      [315,317]      [317,318]      [318,324]      [324,332]      [338,341]      [341,344]      [344,351]      [351,353]      [369,371]      [402,409]      [417,423]      [425,430]      
Optimal Schedule Length: 443.0
Total (Unoptimized Schedule Length): 1155
Statistics
  - conflicts: 1
  - branches : 209
  - wall time: 0.10023757800000001s