
Problem
        task_0   task_1   task_2   task_3   task_4   task_5  task_6   task_7   task_8   task_9  task_10  task_11  task_12
job_0   (0, 3)   (1, 7)   (5, 7)   (4, 6)   (4, 3)   (3, 6)  (3, 8)   (2, 2)   (0, 3)   (6, 2)  (5, 10)   (3, 4)   (0, 7)
job_1   (6, 6)  (6, 10)   (1, 8)   (2, 2)   (3, 9)   (3, 5)  (1, 6)   (2, 4)   (1, 9)  (1, 10)  (1, 10)   (6, 7)   (3, 5)
job_2   (5, 4)   (3, 7)   (0, 4)   (5, 6)   (1, 1)   (3, 9)  (3, 7)   (6, 5)  (3, 10)   (4, 8)   (5, 7)   (6, 5)   (4, 4)
job_3   (3, 3)   (6, 2)   (1, 7)   (3, 4)   (2, 2)   (5, 9)  (4, 8)   (0, 8)   (6, 7)   (4, 6)   (4, 9)   (1, 6)   (4, 8)
job_4   (0, 2)   (3, 3)   (2, 7)   (1, 9)   (4, 2)   (3, 9)  (3, 1)   (6, 4)   (0, 7)  (2, 10)   (0, 7)   (4, 1)   (2, 3)
job_5   (6, 7)   (6, 3)   (2, 6)   (4, 7)   (4, 6)   (4, 1)  (1, 1)   (4, 7)   (5, 7)   (4, 6)  (2, 10)   (3, 9)   (3, 4)
job_6   (6, 9)   (3, 9)   (2, 5)  (1, 10)   (6, 2)   (0, 2)  (6, 6)   (5, 4)   (5, 7)   (6, 3)   (5, 7)   (4, 8)   (0, 8)
job_7   (0, 4)   (2, 9)   (5, 9)   (4, 4)   (3, 8)   (5, 7)  (2, 1)   (6, 4)   (3, 8)   (2, 2)   (6, 7)   (4, 9)  (4, 10)
job_8   (3, 2)   (2, 8)   (6, 4)   (5, 9)   (6, 6)   (2, 1)  (5, 1)   (1, 8)   (5, 5)   (6, 1)   (6, 7)   (1, 8)   (2, 1)
job_9   (2, 8)   (1, 5)   (2, 1)   (0, 5)   (3, 7)   (3, 8)  (0, 3)   (6, 8)   (3, 9)   (4, 7)   (3, 2)   (1, 3)   (6, 6)
job_10  (4, 3)   (5, 8)   (4, 3)   (0, 9)   (3, 3)   (2, 1)  (4, 5)   (3, 3)   (2, 1)   (6, 9)   (4, 3)   (4, 8)   (4, 2)
job_11  (5, 6)   (0, 2)   (6, 2)   (0, 1)   (2, 2)   (3, 3)  (0, 9)   (0, 5)   (1, 5)   (0, 5)   (0, 4)   (1, 4)   (2, 2)
job_12  (0, 1)   (4, 6)   (5, 4)   (1, 2)  (1, 10)   (5, 2)  (3, 5)   (4, 7)   (5, 3)   (5, 6)   (0, 4)  (5, 10)   (6, 9)
job_13  (0, 1)   (2, 4)   (3, 9)  (6, 10)   (5, 7)   (3, 9)  (1, 9)   (1, 8)   (6, 1)   (1, 7)   (5, 2)   (2, 7)   (5, 2)
job_14  (1, 5)   (4, 9)   (4, 3)   (4, 9)   (6, 3)  (2, 10)  (5, 1)  (0, 10)   (6, 5)   (1, 9)   (3, 3)   (4, 5)   (5, 5)
job_15  (5, 7)   (3, 3)   (2, 1)   (5, 5)   (3, 6)   (5, 9)  (4, 4)   (5, 1)   (0, 4)   (2, 3)   (3, 5)   (1, 7)   (0, 5)
job_16  (1, 9)   (2, 5)  (0, 10)  (0, 10)   (1, 7)   (6, 7)  (2, 4)  (6, 10)   (3, 8)  (4, 10)   (0, 4)   (5, 3)   (2, 6)
job_17  (4, 7)   (3, 5)   (4, 9)   (1, 7)   (0, 1)   (4, 9)  (5, 9)  (6, 10)   (3, 4)  (0, 10)   (5, 6)   (0, 9)   (0, 6)
job_18  (4, 3)   (5, 4)   (5, 3)   (4, 7)   (0, 3)   (2, 4)  (2, 2)   (5, 4)  (3, 10)   (4, 2)   (2, 9)  (2, 10)   (2, 8)
job_19  (3, 4)  (6, 10)   (5, 6)   (5, 5)   (5, 5)   (4, 4)  (3, 7)   (4, 5)   (4, 3)   (3, 4)   (3, 2)  (1, 10)  (5, 10)


Solution:
Machine 0: job_7_task_0   job_13_task_0  job_12_task_0  job_0_task_0   job_4_task_0   job_2_task_2   job_16_task_2  job_16_task_3  job_17_task_4  job_9_task_3   job_18_task_4  job_6_task_5   job_3_task_7   job_11_task_1  job_10_task_3  job_11_task_3  job_9_task_6   job_14_task_7  job_11_task_6  job_11_task_7  job_0_task_8   job_15_task_8  job_12_task_10 job_17_task_9  job_11_task_9  job_6_task_12  job_4_task_8   job_17_task_11 job_16_task_10 job_4_task_10  job_11_task_10 job_17_task_12 job_15_task_12 job_0_task_12  
           [0,4]          [4,5]          [5,6]          [6,9]          [9,11]         [19,23]        [23,33]        [33,43]        [43,44]        [59,64]        [66,69]        [73,75]        [84,92]        [99,101]       [101,110]      [110,111]      [111,114]      [127,137]      [148,157]      [157,162]      [163,166]      [166,170]      [170,174]      [174,184]      [184,189]      [189,197]      [197,204]      [204,213]      [213,217]      [217,224]      [224,228]      [228,234]      [234,239]      [240,247]      
Machine 1: job_16_task_0  job_14_task_0  job_0_task_1   job_1_task_2   job_3_task_2   job_17_task_3  job_9_task_1   job_16_task_4  job_12_task_3  job_6_task_3   job_2_task_4   job_4_task_3   job_1_task_6   job_12_task_4  job_1_task_8   job_5_task_6   job_1_task_9   job_13_task_6  job_13_task_7  job_1_task_10  job_14_task_9  job_13_task_9  job_3_task_11  job_8_task_7   job_11_task_8  job_8_task_11  job_19_task_11 job_15_task_11 job_11_task_11 job_9_task_11  
           [0,9]          [9,14]         [14,21]        [21,29]        [29,36]        [36,43]        [43,48]        [48,55]        [55,57]        [57,67]        [67,68]        [68,77]        [77,83]        [83,93]        [93,102]       [102,103]      [103,113]      [113,122]      [122,130]      [130,140]      [142,151]      [151,158]      [158,164]      [164,172]      [172,177]      [185,193]      [217,227]      [227,234]      [234,238]      [238,241]      
Machine 2: job_9_task_0   job_7_task_1   job_16_task_1  job_13_task_1  job_4_task_2   job_1_task_3   job_8_task_1   job_15_task_2  job_6_task_2   job_5_task_2   job_3_task_4   job_9_task_2   job_16_task_6  job_14_task_5  job_18_task_5  job_18_task_6  job_1_task_7   job_7_task_6   job_11_task_4  job_8_task_5   job_10_task_5  job_18_task_10 job_0_task_7   job_7_task_9   job_18_task_11 job_15_task_9  job_5_task_10  job_18_task_12 job_8_task_12  job_4_task_9   job_10_task_8  job_13_task_11 job_16_task_12 job_11_task_12 job_4_task_12  
           [0,8]          [8,17]         [17,22]        [22,26]        [26,33]        [33,35]        [35,43]        [43,44]        [45,50]        [50,56]        [56,58]        [58,59]        [64,68]        [68,78]        [78,82]        [82,84]        [84,88]        [111,112]      [112,114]      [131,132]      [151,152]      [152,161]      [161,163]      [167,169]      [169,179]      [179,182]      [182,192]      [192,200]      [200,201]      [204,214]      [214,215]      [215,222]      [222,228]      [238,240]      [243,246]      
Machine 3: job_3_task_0   job_19_task_0  job_17_task_1  job_2_task_1   job_4_task_1   job_8_task_0   job_15_task_1  job_13_task_2  job_6_task_1   job_3_task_3   job_1_task_4   job_1_task_5   job_7_task_4   job_2_task_5   job_9_task_4   job_2_task_6   job_9_task_5   job_13_task_5  job_15_task_4  job_0_task_5   job_12_task_6  job_19_task_6  job_18_task_8  job_11_task_5  job_10_task_4  job_0_task_6   job_7_task_8   job_17_task_8  job_2_task_8   job_4_task_5   job_4_task_6   job_16_task_8  job_9_task_8   job_10_task_7  job_19_task_9  job_19_task_10 job_15_task_10 job_14_task_10 job_5_task_11  job_9_task_10  job_0_task_11  job_1_task_12  job_5_task_12  
           [0,3]          [3,7]          [7,12]         [12,19]        [19,22]        [22,24]        [24,27]        [27,36]        [36,45]        [45,49]        [49,58]        [58,63]        [63,71]        [71,80]        [80,87]        [87,94]        [94,102]       [102,111]      [111,117]      [117,123]      [123,128]      [128,135]      [135,145]      [145,148]      [148,151]      [151,159]      [159,167]      [167,171]      [171,181]      [181,190]      [190,191]      [191,199]      [199,208]      [208,211]      [211,215]      [215,217]      [217,222]      [222,225]      [225,234]      [234,236]      [236,240]      [240,245]      [245,249]      
Machine 4: job_17_task_0  job_18_task_0  job_12_task_1  job_17_task_2  job_14_task_1  job_14_task_2  job_7_task_3   job_14_task_3  job_17_task_5  job_18_task_3  job_10_task_0  job_5_task_3   job_3_task_6   job_0_task_3   job_5_task_4   job_10_task_2  job_5_task_5   job_0_task_4   job_19_task_5  job_4_task_4   job_5_task_7   job_3_task_9   job_3_task_10  job_12_task_7  job_15_task_6  job_19_task_7  job_19_task_8  job_18_task_9  job_5_task_9   job_10_task_6  job_3_task_12  job_6_task_11  job_7_task_11  job_2_task_9   job_16_task_9  job_7_task_12  job_9_task_9   job_10_task_10 job_14_task_11 job_10_task_11 job_4_task_11  job_2_task_12  job_10_task_12 
           [0,7]          [7,10]         [10,16]        [16,25]        [25,34]        [34,37]        [37,41]        [41,50]        [50,59]        [59,66]        [66,69]        [69,76]        [76,84]        [84,90]        [90,96]        [96,99]        [99,100]       [100,103]      [103,107]      [107,109]      [109,116]      [116,122]      [122,131]      [131,138]      [138,142]      [142,147]      [147,150]      [150,152]      [152,158]      [158,163]      [164,172]      [172,180]      [180,189]      [189,197]      [199,209]      [209,219]      [219,226]      [226,229]      [229,234]      [234,242]      [242,243]      [243,247]      [247,249]      
Machine 5: job_2_task_0   job_15_task_0  job_18_task_1  job_18_task_2  job_7_task_2   job_12_task_2  job_2_task_3   job_0_task_2   job_19_task_2  job_19_task_3  job_19_task_4  job_3_task_5   job_10_task_1  job_17_task_6  job_13_task_4  job_11_task_0  job_15_task_3  job_7_task_5   job_8_task_3   job_12_task_5  job_18_task_7  job_14_task_6  job_15_task_5  job_6_task_7   job_5_task_8   job_6_task_8   job_12_task_8  job_8_task_6   job_12_task_9  job_15_task_7  job_6_task_10  job_8_task_8   job_0_task_10  job_12_task_11 job_17_task_10 job_2_task_10  job_13_task_10 job_16_task_11 job_13_task_12 job_19_task_12 job_14_task_12 
           [0,4]          [4,11]         [11,15]        [15,18]        [18,27]        [27,31]        [31,37]        [37,44]        [44,50]        [50,55]        [55,60]        [60,69]        [69,77]        [77,86]        [86,93]        [93,99]        [99,104]       [104,111]      [111,120]      [120,122]      [122,126]      [126,127]      [127,136]      [136,140]      [140,147]      [147,154]      [154,157]      [157,158]      [158,164]      [164,165]      [165,172]      [172,177]      [177,187]      [187,197]      [197,203]      [203,210]      [210,212]      [217,220]      [222,224]      [227,237]      [237,242]      
Machine 6: job_1_task_0   job_1_task_1   job_6_task_0   job_3_task_1   job_5_task_0   job_19_task_1  job_5_task_1   job_13_task_3  job_16_task_5  job_14_task_4  job_8_task_2   job_6_task_4   job_16_task_7  job_6_task_6   job_17_task_7  job_2_task_7   job_11_task_2  job_3_task_8   job_7_task_7   job_9_task_7   job_8_task_4   job_13_task_8  job_14_task_8  job_1_task_11  job_6_task_9   job_0_task_9   job_7_task_10  job_8_task_9   job_8_task_10  job_4_task_7   job_12_task_12 job_2_task_11  job_10_task_9  job_9_task_12  
           [0,6]          [6,16]         [16,25]        [25,27]        [27,34]        [34,44]        [44,47]        [47,57]        [57,64]        [64,67]        [67,71]        [71,73]        [73,83]        [83,89]        [89,99]        [99,104]       [104,106]      [106,113]      [113,117]      [117,125]      [125,131]      [131,132]      [137,142]      [142,149]      [154,157]      [166,168]      [169,176]      [177,178]      [178,185]      [191,195]      [197,206]      [210,215]      [215,224]      [241,247]      
Optimal Schedule Length: 249.0
Total (Unoptimized Schedule Length): 1468
Statistics
  - conflicts: 0
  - branches : 256
  - wall time: 0.40295624s