
Problem
          task_0    task_1   task_2   task_3   task_4   task_5   task_6    task_7   task_8    task_9   task_10  task_11   task_12  task_13   task_14   task_15
job_0     (5, 2)    (0, 1)  (1, 10)   (6, 6)  (3, 10)   (8, 8)  (10, 6)   (3, 10)  (11, 8)    (0, 7)    (3, 1)   (2, 7)    (1, 4)  (1, 10)  (10, 10)   (13, 7)
job_1     (0, 6)  (11, 10)   (8, 9)  (11, 6)   (2, 5)   (6, 3)  (11, 4)   (13, 3)  (12, 4)   (10, 5)    (3, 2)   (6, 6)    (5, 1)  (11, 9)   (10, 8)    (7, 6)
job_2    (12, 5)    (5, 7)  (12, 5)   (6, 6)  (11, 6)  (13, 4)   (7, 2)   (9, 10)   (0, 6)   (13, 9)   (12, 7)  (11, 4)   (6, 10)   (1, 4)   (8, 10)    (5, 4)
job_3     (4, 4)   (10, 9)   (8, 9)  (11, 2)   (1, 2)   (8, 9)   (8, 3)   (8, 10)   (1, 1)   (12, 7)    (1, 1)   (2, 6)    (3, 6)   (7, 8)   (10, 9)    (9, 2)
job_4     (0, 1)    (8, 5)  (7, 10)  (11, 6)  (10, 1)  (10, 9)   (5, 9)    (1, 9)   (0, 4)  (11, 10)    (2, 5)   (3, 3)    (1, 1)   (7, 1)   (13, 2)    (3, 9)
job_5     (6, 7)    (9, 4)  (10, 4)  (11, 6)   (4, 8)   (5, 3)   (9, 1)    (8, 8)  (12, 7)    (7, 8)    (9, 3)   (2, 2)    (8, 7)   (4, 4)   (12, 7)   (12, 5)
job_6     (5, 2)    (0, 1)  (13, 3)   (7, 4)  (10, 6)   (3, 4)   (6, 1)    (4, 2)   (8, 8)    (6, 1)    (2, 5)   (5, 3)  (10, 10)  (10, 3)    (2, 3)    (5, 2)
job_7    (2, 10)   (4, 10)   (8, 3)  (10, 6)   (7, 1)   (2, 9)  (11, 8)    (8, 6)   (2, 1)   (11, 9)  (10, 10)   (9, 7)    (8, 7)   (5, 7)    (7, 9)    (3, 8)
job_8     (6, 3)   (0, 10)   (9, 3)  (3, 10)   (6, 5)  (9, 10)   (9, 5)    (7, 8)  (10, 5)   (13, 6)    (9, 8)   (1, 8)    (8, 4)   (6, 5)    (4, 4)    (1, 2)
job_9    (13, 4)   (12, 5)   (9, 6)   (5, 7)   (3, 7)  (12, 7)   (2, 2)    (5, 1)   (9, 5)   (7, 10)   (12, 7)   (5, 3)   (13, 1)   (3, 9)   (12, 1)    (4, 8)
job_10  (10, 10)   (10, 9)  (6, 10)  (10, 4)   (4, 7)   (6, 9)  (11, 9)    (2, 4)   (1, 8)    (6, 4)    (7, 6)  (12, 5)    (0, 2)  (10, 7)    (1, 2)    (1, 2)
job_11    (7, 6)    (8, 3)   (6, 6)   (5, 2)   (6, 2)  (13, 4)   (8, 2)    (8, 5)   (6, 9)   (10, 1)    (1, 5)   (6, 5)    (5, 6)   (3, 5)   (3, 10)   (13, 6)
job_12    (9, 2)    (7, 8)  (5, 10)  (12, 4)   (3, 7)   (6, 2)  (13, 8)    (6, 6)   (9, 7)   (10, 5)    (8, 4)   (8, 6)   (13, 8)  (13, 9)   (12, 5)  (11, 10)
job_13    (0, 2)   (13, 3)  (2, 10)  (4, 10)  (9, 10)   (9, 4)   (9, 9)   (12, 6)   (6, 2)    (5, 8)    (3, 8)   (9, 5)    (9, 8)   (6, 2)    (5, 7)   (0, 10)
job_14    (5, 3)    (6, 5)   (3, 6)  (3, 10)   (0, 7)  (10, 4)   (9, 8)  (10, 10)   (3, 9)    (6, 2)    (9, 5)   (3, 4)   (12, 7)   (3, 2)    (7, 7)   (12, 9)
job_15    (1, 8)   (13, 8)  (8, 10)  (8, 10)   (6, 5)   (7, 4)  (2, 10)    (7, 7)   (9, 9)    (7, 4)   (13, 4)  (11, 7)   (13, 1)   (1, 1)    (4, 6)   (2, 10)
job_16   (12, 7)    (5, 7)  (12, 4)   (8, 6)   (8, 3)  (10, 1)  (10, 3)    (7, 2)   (9, 3)    (3, 7)   (1, 10)  (0, 10)    (8, 7)  (13, 5)   (13, 5)    (4, 3)
job_17    (1, 9)   (10, 6)  (13, 4)   (7, 8)   (8, 6)   (9, 8)  (10, 2)   (12, 1)  (10, 7)    (5, 2)    (1, 7)   (1, 8)   (12, 5)   (9, 8)    (1, 2)    (1, 8)


Solution:
Machine 0: job_4_task_0   job_13_task_0  job_0_task_1   job_8_task_1   job_1_task_0   job_14_task_4  job_6_task_1   job_2_task_8   job_0_task_9   job_4_task_8   job_10_task_12 job_16_task_11 job_13_task_15 
           [0,1]          [1,3]          [3,4]          [4,14]         [14,20]        [31,38]        [38,39]        [63,69]        [82,89]        [89,93]        [124,126]      [128,138]      [166,176]      
Machine 1: job_15_task_0  job_0_task_2   job_17_task_0  job_3_task_4   job_4_task_7   job_10_task_8  job_0_task_12  job_0_task_13  job_4_task_12  job_16_task_10 job_3_task_8   job_17_task_10 job_11_task_10 job_3_task_10  job_17_task_11 job_15_task_13 job_8_task_11  job_2_task_13  job_10_task_14 job_10_task_15 job_17_task_14 job_17_task_15 job_8_task_15  
           [0,8]          [8,18]         [18,27]        [50,52]        [75,84]        [91,99]        [99,103]       [103,113]      [113,114]      [114,124]      [124,125]      [125,132]      [132,137]      [137,138]      [138,146]      [146,147]      [147,155]      [155,159]      [159,161]      [161,163]      [164,166]      [166,174]      [174,176]      
Machine 2: job_7_task_0   job_13_task_2  job_7_task_5   job_1_task_4   job_9_task_6   job_7_task_8   job_15_task_6  job_10_task_7  job_0_task_11  job_4_task_10  job_5_task_11  job_3_task_11  job_6_task_10  job_15_task_15 job_6_task_14  
           [0,10]         [10,20]        [39,48]        [64,69]        [69,71]        [74,75]        [77,87]        [87,91]        [92,99]        [105,110]      [135,137]      [138,144]      [144,149]      [153,163]      [166,169]      
Machine 3: job_14_task_2  job_14_task_3  job_0_task_4   job_8_task_3   job_9_task_4   job_0_task_7   job_12_task_4  job_6_task_5   job_13_task_10 job_0_task_10  job_14_task_8  job_16_task_9  job_4_task_11  job_1_task_10  job_9_task_13  job_14_task_11 job_4_task_15  job_14_task_13 job_3_task_12  job_11_task_13 job_11_task_14 job_7_task_15  
           [15,21]        [21,31]        [31,41]        [41,51]        [51,58]        [58,68]        [68,75]        [78,82]        [83,91]        [91,92]        [92,101]       [103,110]      [110,113]      [113,115]      [115,124]      [124,128]      [128,137]      [143,145]      [145,151]      [151,156]      [156,166]      [169,177]      
Machine 4: job_3_task_0   job_7_task_1   job_13_task_3  job_10_task_4  job_5_task_4   job_6_task_7   job_9_task_15  job_15_task_14 job_5_task_13  job_16_task_15 job_8_task_14  
           [0,4]          [10,20]        [20,30]        [47,54]        [54,62]        [83,85]        [125,133]      [147,153]      [159,163]      [163,166]      [168,172]      
Machine 5: job_0_task_0   job_14_task_0  job_2_task_1   job_16_task_1  job_12_task_2  job_9_task_3   job_6_task_0   job_11_task_3  job_5_task_5   job_4_task_6   job_13_task_9  job_9_task_7   job_9_task_11  job_1_task_12  job_17_task_9  job_11_task_12 job_6_task_11  job_7_task_13  job_13_task_14 job_6_task_15  job_2_task_15  
           [0,2]          [2,5]          [5,12]         [12,19]        [19,29]        [29,36]        [36,38]        [38,40]        [62,65]        [66,75]        [75,83]        [83,84]        [111,114]      [121,122]      [122,124]      [142,148]      [149,152]      [152,159]      [159,166]      [169,171]      [173,177]      
Machine 6: job_8_task_0   job_5_task_0   job_14_task_1  job_11_task_2  job_0_task_3   job_2_task_3   job_10_task_2  job_11_task_4  job_8_task_4   job_10_task_5  job_13_task_8  job_15_task_4  job_1_task_5   job_12_task_5  job_6_task_6   job_12_task_7  job_10_task_9  job_11_task_8  job_14_task_9  job_1_task_11  job_2_task_12  job_11_task_11 job_6_task_9   job_13_task_13 job_8_task_13  
           [0,3]          [3,10]         [10,15]        [15,21]        [21,27]        [27,33]        [33,43]        [43,45]        [51,56]        [56,65]        [65,67]        [68,73]        [73,76]        [76,78]        [82,83]        [93,99]        [99,103]       [103,112]      [112,114]      [115,121]      [121,131]      [137,142]      [142,143]      [156,158]      [163,168]      
Machine 7: job_11_task_0  job_12_task_1  job_4_task_2   job_7_task_4   job_6_task_3   job_2_task_6   job_15_task_5  job_17_task_3  job_16_task_7  job_15_task_7  job_9_task_9   job_8_task_7   job_10_task_10 job_4_task_13  job_15_task_9  job_5_task_9   job_14_task_14 job_3_task_13  job_7_task_14  job_1_task_15  
           [0,6]          [6,14]         [14,24]        [38,39]        [42,46]        [46,48]        [73,77]        [77,85]        [85,87]        [87,94]        [94,104]       [104,112]      [112,118]      [118,119]      [119,123]      [124,132]      [145,152]      [152,160]      [160,169]      [169,175]      
Machine 8: job_4_task_1   job_11_task_1  job_3_task_2   job_7_task_2   job_15_task_2  job_16_task_3  job_0_task_5   job_1_task_2   job_15_task_3  job_7_task_7   job_16_task_4  job_3_task_5   job_17_task_4  job_3_task_6   job_11_task_6  job_11_task_7  job_5_task_7   job_3_task_7   job_12_task_10 job_12_task_11 job_6_task_8   job_16_task_12 job_7_task_12  job_5_task_12  job_8_task_12  job_2_task_14  
           [1,6]          [6,9]          [13,22]        [22,25]        [25,35]        [35,41]        [41,49]        [49,58]        [58,68]        [68,74]        [74,77]        [77,86]        [86,92]        [92,95]        [95,97]        [97,102]       [102,110]      [110,120]      [120,124]      [124,130]      [130,138]      [138,145]      [145,152]      [152,159]      [159,163]      [163,173]      
Machine 9: job_12_task_0  job_5_task_1   job_8_task_2   job_9_task_2   job_13_task_4  job_13_task_5  job_13_task_6  job_2_task_7   job_8_task_5   job_14_task_6  job_8_task_6   job_9_task_8   job_5_task_6   job_17_task_5  job_16_task_8  job_12_task_8  job_15_task_8  job_14_task_10 job_7_task_11  job_5_task_10  job_8_task_10  job_13_task_11 job_13_task_12 job_17_task_13 job_3_task_15  
           [0,2]          [10,14]        [14,17]        [22,28]        [30,40]        [40,44]        [44,53]        [53,63]        [63,73]        [73,81]        [81,86]        [86,91]        [91,92]        [92,100]       [100,103]      [103,110]      [110,119]      [119,124]      [124,131]      [132,135]      [135,143]      [143,148]      [148,156]      [156,164]      [175,177]      
Machine 10: job_3_task_1   job_10_task_0  job_10_task_1  job_7_task_3   job_5_task_2   job_4_task_4   job_10_task_3  job_14_task_5  job_0_task_6   job_4_task_5   job_17_task_1  job_6_task_4   job_16_task_5  job_16_task_6  job_14_task_7  job_7_task_10  job_17_task_6  job_1_task_9   job_12_task_9  job_17_task_8  job_8_task_8   job_11_task_9  job_0_task_14  job_10_task_13 job_1_task_14  job_6_task_12  job_6_task_13  job_3_task_14  
           [4,13]         [13,23]        [23,32]        [32,38]        [38,42]        [42,43]        [43,47]        [47,51]        [51,57]        [57,66]        [66,72]        [72,78]        [78,79]        [79,82]        [82,92]        [92,102]       [102,104]      [104,109]      [110,115]      [115,122]      [122,127]      [127,128]      [128,138]      [138,145]      [145,153]      [153,163]      [163,166]      [166,175]      
Machine 11: job_1_task_1   job_4_task_3   job_2_task_4   job_5_task_3   job_3_task_3   job_7_task_6   job_1_task_3   job_10_task_6  job_0_task_8   job_7_task_9   job_1_task_6   job_4_task_9   job_2_task_11  job_15_task_11 job_1_task_13  job_12_task_15 
           [20,30]        [30,36]        [36,42]        [42,48]        [48,50]        [50,58]        [58,64]        [65,74]        [74,82]        [82,91]        [91,95]        [95,105]       [105,109]      [127,134]      [134,143]      [156,166]      
Machine 12: job_2_task_0   job_16_task_0  job_2_task_2   job_9_task_1   job_16_task_2  job_12_task_3  job_13_task_7  job_9_task_5   job_2_task_10  job_1_task_8   job_9_task_10  job_17_task_7  job_5_task_8   job_10_task_11 job_9_task_14  job_3_task_9   job_14_task_12 job_17_task_12 job_12_task_14 job_14_task_15 job_5_task_14  job_5_task_15  
           [0,5]          [5,12]         [12,17]        [17,22]        [22,26]        [29,33]        [53,59]        [59,66]        [85,92]        [98,102]       [104,111]      [111,112]      [112,119]      [119,124]      [124,125]      [129,136]      [136,143]      [146,151]      [151,156]      [156,165]      [165,172]      [172,177]      
Machine 13: job_9_task_0   job_13_task_1  job_15_task_1  job_6_task_2   job_2_task_5   job_11_task_5  job_17_task_2  job_2_task_9   job_12_task_6  job_1_task_7   job_9_task_12  job_4_task_14  job_15_task_10 job_8_task_9   job_12_task_12 job_15_task_12 job_12_task_13 job_16_task_13 job_16_task_14 job_0_task_15  job_11_task_15 
           [0,4]          [4,7]          [8,16]         [39,42]        [42,46]        [46,50]        [72,76]        [76,85]        [85,93]        [95,98]        [114,115]      [119,121]      [123,127]      [127,133]      [133,141]      [141,142]      [142,151]      [151,156]      [156,161]      [161,168]      [168,174]      
Optimal Schedule Length: 177.0
Total (Unoptimized Schedule Length): 1654
Statistics
  - conflicts: 0
  - branches : 0
  - wall time: 0.39179359100000005s