
Problem
         task_0   task_1   task_2    task_3   task_4   task_5    task_6   task_7   task_8   task_9  task_10  task_11  task_12   task_13  task_14   task_15  task_16
job_0   (10, 6)  (0, 10)   (6, 4)    (0, 4)   (8, 5)   (1, 8)    (3, 3)   (9, 8)   (9, 2)  (10, 7)   (0, 3)   (5, 1)   (7, 6)    (0, 6)  (7, 10)    (2, 6)   (3, 3)
job_1    (0, 9)   (2, 8)   (0, 2)    (4, 8)   (4, 4)   (6, 3)    (4, 7)  (8, 10)   (9, 2)   (4, 9)   (0, 9)   (2, 1)  (10, 3)   (9, 10)   (0, 2)    (9, 6)   (5, 5)
job_2    (0, 8)   (6, 5)   (6, 9)   (10, 7)   (2, 2)   (6, 4)    (4, 7)   (1, 5)   (0, 1)   (3, 6)   (3, 1)   (2, 5)   (9, 9)    (7, 1)   (3, 5)    (1, 8)   (7, 9)
job_3    (1, 1)   (8, 1)   (6, 1)  (10, 10)   (3, 9)   (5, 5)    (6, 1)   (1, 3)  (10, 6)  (10, 3)   (9, 6)   (2, 9)  (5, 10)    (9, 6)   (0, 8)    (3, 1)   (7, 9)
job_4    (4, 1)  (8, 10)  (10, 7)   (2, 10)  (1, 10)   (1, 8)    (7, 5)  (6, 10)   (0, 9)   (1, 4)  (7, 10)   (1, 1)   (4, 8)    (2, 4)   (2, 1)    (6, 7)   (0, 8)
job_5   (5, 10)   (8, 7)  (1, 10)    (5, 6)   (1, 6)   (2, 6)    (9, 8)  (10, 5)   (3, 4)   (7, 2)   (7, 4)   (3, 3)   (8, 8)    (8, 7)   (9, 7)   (5, 10)   (1, 1)
job_6   (10, 5)   (7, 4)   (9, 8)    (2, 8)   (3, 4)   (6, 4)    (3, 7)   (1, 2)  (10, 6)   (2, 8)   (2, 2)   (0, 5)   (7, 1)    (7, 1)   (0, 1)    (7, 5)   (5, 2)
job_7   (0, 10)   (1, 3)   (7, 3)    (6, 6)   (0, 4)   (3, 9)    (5, 1)   (0, 6)   (0, 5)   (0, 8)   (1, 9)   (8, 9)   (4, 8)    (6, 2)   (2, 4)    (9, 9)   (3, 9)
job_8    (7, 9)   (5, 8)   (3, 5)    (3, 4)  (10, 6)   (7, 9)    (7, 1)   (5, 5)   (5, 1)  (10, 7)  (10, 6)   (9, 2)   (6, 8)    (5, 3)   (2, 9)    (9, 4)  (10, 4)
job_9    (5, 7)   (1, 5)   (0, 9)    (6, 7)   (5, 3)   (8, 5)    (2, 7)  (9, 10)   (7, 4)   (7, 9)   (4, 6)   (5, 2)   (2, 9)    (6, 3)   (7, 7)    (5, 5)   (6, 9)
job_10   (0, 4)   (7, 5)   (9, 4)    (9, 5)   (4, 4)   (5, 7)    (1, 5)   (4, 2)  (1, 10)   (7, 1)   (0, 7)   (3, 4)  (10, 1)  (10, 10)   (8, 6)  (10, 10)   (8, 5)
job_11   (1, 3)   (1, 9)  (3, 10)    (5, 2)   (4, 4)   (0, 5)    (3, 5)   (8, 3)   (8, 2)   (5, 7)   (7, 2)   (9, 9)   (5, 3)    (9, 6)   (2, 4)   (3, 10)   (0, 8)
job_12   (1, 5)   (8, 4)   (3, 4)   (8, 10)   (9, 4)   (9, 3)    (4, 8)  (10, 8)   (1, 2)   (2, 5)   (2, 7)  (10, 1)   (1, 6)    (5, 8)   (7, 3)    (9, 6)  (10, 4)
job_13   (8, 5)   (6, 7)   (7, 5)    (7, 3)   (4, 4)   (4, 2)    (6, 8)   (2, 7)   (9, 2)   (6, 9)   (1, 4)   (1, 1)   (0, 5)    (4, 1)  (6, 10)   (1, 10)   (6, 8)
job_14   (6, 4)   (8, 6)   (2, 2)    (4, 8)   (3, 7)   (5, 4)   (0, 10)  (10, 1)   (6, 2)   (2, 5)   (3, 4)  (6, 10)   (2, 7)    (0, 6)   (9, 9)    (2, 6)   (4, 7)
job_15   (2, 9)   (6, 8)   (5, 1)    (4, 1)   (3, 9)   (4, 9)   (10, 3)   (6, 1)  (10, 7)   (9, 9)  (7, 10)   (5, 4)   (9, 9)    (3, 4)   (8, 4)    (6, 3)   (4, 4)
job_16   (2, 5)   (6, 8)   (9, 2)    (8, 4)   (0, 5)   (5, 3)  (10, 10)   (8, 1)   (5, 7)   (6, 1)  (0, 10)   (6, 9)   (9, 4)    (9, 8)   (2, 6)    (6, 8)   (8, 5)
job_17   (0, 2)   (5, 6)  (10, 3)    (0, 5)   (3, 5)  (10, 1)    (7, 4)   (9, 9)   (5, 3)   (7, 8)   (5, 4)   (4, 4)   (3, 2)    (5, 4)   (9, 1)    (8, 6)   (3, 4)
job_18   (7, 1)  (8, 10)   (2, 5)   (1, 10)   (2, 4)   (7, 3)    (2, 3)  (10, 1)   (9, 9)   (1, 1)   (1, 7)   (4, 5)   (9, 7)    (7, 3)   (6, 1)    (5, 1)   (7, 1)
job_19   (3, 5)   (4, 7)   (3, 5)    (9, 5)   (0, 2)  (10, 5)    (2, 2)   (4, 6)   (8, 9)  (10, 1)   (4, 1)   (0, 1)   (7, 2)    (4, 9)   (7, 4)    (3, 6)   (9, 7)


Solution:
Machine 0: job_7_task_0   job_17_task_0  job_10_task_0  job_9_task_2   job_17_task_3  job_19_task_4  job_0_task_1   job_1_task_0   job_2_task_0   job_0_task_3   job_7_task_4   job_1_task_2   job_16_task_4  job_7_task_7   job_11_task_5  job_7_task_8   job_14_task_6  job_7_task_9   job_19_task_11 job_2_task_8   job_4_task_8   job_16_task_10 job_10_task_10 job_1_task_10  job_0_task_10  job_13_task_12 job_3_task_14  job_14_task_13 job_0_task_13  job_11_task_16 job_1_task_14  job_6_task_11  job_6_task_14  job_4_task_16  
           [0,10]         [10,12]        [12,16]        [16,25]        [26,31]        [31,33]        [33,43]        [43,52]        [52,60]        [60,64]        [64,68]        [68,70]        [70,75]        [81,87]        [87,92]        [92,97]        [97,107]       [107,115]      [115,116]      [117,118]      [118,127]      [127,137]      [137,144]      [144,153]      [153,156]      [156,161]      [161,169]      [169,175]      [175,181]      [181,189]      [189,191]      [192,197]      [201,202]      [202,210]      
Machine 1: job_11_task_0  job_12_task_0  job_9_task_1   job_7_task_1   job_3_task_0   job_18_task_3  job_11_task_1  job_10_task_6  job_18_task_9  job_18_task_10 job_5_task_2   job_3_task_7   job_0_task_5   job_5_task_4   job_4_task_4   job_4_task_5   job_10_task_8  job_2_task_7   job_13_task_10 job_7_task_10  job_12_task_8  job_4_task_9   job_13_task_11 job_6_task_7   job_4_task_11  job_12_task_12 job_2_task_15  job_13_task_15 job_5_task_16  
           [0,3]          [3,8]          [8,13]         [13,16]        [16,17]        [19,29]        [29,38]        [44,49]        [49,50]        [50,57]        [57,67]        [67,70]        [70,78]        [78,84]        [84,94]        [94,102]       [102,112]      [112,117]      [117,121]      [121,130]      [130,132]      [132,136]      [136,137]      [137,139]      [151,152]      [154,160]      [160,168]      [177,187]      [187,188]      
Machine 2: job_16_task_0  job_15_task_0  job_18_task_2  job_14_task_2  job_18_task_4  job_18_task_6  job_19_task_6  job_9_task_6   job_6_task_3   job_1_task_1   job_13_task_7  job_4_task_3   job_5_task_5   job_2_task_4   job_3_task_11  job_9_task_12  job_14_task_9  job_2_task_11  job_11_task_14 job_12_task_9  job_12_task_10 job_14_task_12 job_1_task_11  job_7_task_14  job_6_task_9   job_4_task_13  job_8_task_14  job_16_task_14 job_6_task_10  job_4_task_14  job_14_task_15 job_0_task_15  
           [0,5]          [5,14]         [14,19]        [21,23]        [29,33]        [36,39]        [39,41]        [42,49]        [49,57]        [57,65]        [66,73]        [73,83]        [84,90]        [90,92]        [92,101]       [101,110]      [119,124]      [129,134]      [134,138]      [138,143]      [143,150]      [150,157]      [157,158]      [159,163]      [163,171]      [171,175]      [175,184]      [184,190]      [190,192]      [192,193]      [198,204]      [204,210]      
Machine 3: job_19_task_0  job_19_task_2  job_12_task_2  job_15_task_4  job_17_task_4  job_8_task_2   job_14_task_4  job_3_task_4   job_11_task_2  job_7_task_5   job_0_task_6   job_8_task_3   job_6_task_4   job_11_task_6  job_17_task_12 job_6_task_6   job_5_task_8   job_15_task_13 job_2_task_9   job_14_task_10 job_2_task_10  job_5_task_11  job_17_task_16 job_11_task_15 job_10_task_11 job_2_task_14  job_19_task_15 job_3_task_15  job_7_task_16  job_0_task_16  
           [0,5]          [12,17]        [17,21]        [25,34]        [34,39]        [39,44]        [44,51]        [51,60]        [60,70]        [70,79]        [79,82]        [82,86]        [86,90]        [92,97]        [97,99]        [101,108]      [108,112]      [112,116]      [118,124]      [124,128]      [128,129]      [129,132]      [132,136]      [138,148]      [148,152]      [152,157]      [157,163]      [169,170]      [207,216]      [216,219]      
Machine 4: job_4_task_0   job_19_task_1  job_15_task_3  job_14_task_3  job_10_task_4  job_15_task_5  job_19_task_7  job_13_task_4  job_13_task_5  job_12_task_6  job_10_task_7  job_1_task_3   job_1_task_4   job_19_task_10 job_11_task_4  job_9_task_10  job_17_task_11 job_1_task_6   job_2_task_6   job_18_task_11 job_15_task_16 job_1_task_9   job_19_task_13 job_7_task_12  job_4_task_12  job_13_task_13 job_14_task_16 
           [0,1]          [5,12]         [24,25]        [25,33]        [33,37]        [37,46]        [46,52]        [52,56]        [56,58]        [58,66]        [66,68]        [70,78]        [78,82]        [82,83]        [83,87]        [87,93]        [93,97]        [97,104]       [104,111]      [111,116]      [123,127]      [127,136]      [138,147]      [149,157]      [157,165]      [165,166]      [204,211]      
Machine 5: job_9_task_0   job_5_task_0   job_17_task_1  job_15_task_2  job_8_task_1   job_9_task_4   job_10_task_5  job_14_task_5  job_3_task_5   job_17_task_8  job_5_task_3   job_16_task_5  job_7_task_6   job_11_task_3  job_17_task_10 job_15_task_11 job_9_task_11  job_17_task_13 job_11_task_9  job_16_task_8  job_11_task_12 job_3_task_12  job_8_task_7   job_8_task_8   job_9_task_15  job_0_task_11  job_18_task_15 job_12_task_13 job_8_task_13  job_5_task_15  job_6_task_16  job_1_task_16  
           [0,7]          [7,17]         [17,23]        [23,24]        [24,32]        [32,35]        [37,44]        [51,55]        [60,65]        [68,71]        [71,77]        [77,80]        [80,81]        [81,83]        [83,87]        [90,94]        [94,96]        [99,103]       [103,110]      [110,117]      [121,124]      [124,134]      [134,139]      [139,140]      [140,145]      [156,157]      [157,158]      [160,168]      [168,171]      [171,181]      [207,209]      [213,218]      
Machine 6: job_14_task_0  job_16_task_1  job_15_task_1  job_9_task_3   job_3_task_2   job_13_task_1  job_7_task_3   job_0_task_2   job_15_task_7  job_13_task_6  job_3_task_6   job_2_task_1   job_2_task_2   job_13_task_9  job_1_task_5   job_2_task_5   job_6_task_5   job_4_task_7   job_14_task_8  job_16_task_9  job_15_task_15 job_9_task_13  job_14_task_11 job_16_task_11 job_9_task_16  job_18_task_14 job_7_task_13  job_8_task_12  job_13_task_14 job_13_task_16 job_4_task_15  job_16_task_15 
           [0,4]          [5,13]         [14,22]        [25,32]        [32,33]        [37,44]        [44,50]        [50,54]        [54,55]        [58,66]        [66,67]        [67,72]        [72,81]        [81,90]        [90,93]        [93,97]        [97,101]       [107,117]      [117,119]      [119,120]      [120,123]      [123,126]      [128,138]      [138,147]      [147,156]      [156,157]      [157,159]      [159,167]      [167,177]      [187,195]      [195,202]      [202,210]      
Machine 7: job_18_task_0  job_6_task_1   job_8_task_0   job_10_task_1  job_7_task_2   job_18_task_5  job_13_task_2  job_13_task_3  job_17_task_6  job_9_task_8   job_9_task_9   job_17_task_9  job_15_task_10 job_4_task_6   job_11_task_10 job_10_task_9  job_8_task_5   job_8_task_6   job_5_task_9   job_5_task_10  job_9_task_14  job_19_task_12 job_18_task_13 job_4_task_10  job_2_task_13  job_19_task_14 job_0_task_12  job_18_task_16 job_12_task_14 job_3_task_16  job_2_task_16  job_0_task_14  job_6_task_12  job_6_task_13  job_6_task_15  
           [0,1]          [5,9]          [9,18]         [18,23]        [23,26]        [33,36]        [44,49]        [49,52]        [54,58]        [59,63]        [63,72]        [72,80]        [80,90]        [102,107]      [110,112]      [112,113]      [113,122]      [122,123]      [123,125]      [125,129]      [129,136]      [136,138]      [138,141]      [141,151]      [151,152]      [152,156]      [157,163]      [163,164]      [168,171]      [171,180]      [180,189]      [189,199]      [199,200]      [200,201]      [202,207]      
Machine 8: job_18_task_1  job_12_task_1  job_14_task_1  job_12_task_3  job_3_task_1   job_13_task_0  job_9_task_5   job_16_task_3  job_5_task_1   job_4_task_1   job_0_task_4   job_19_task_8  job_11_task_7  job_11_task_8  job_16_task_7  job_1_task_7   job_15_task_14 job_17_task_15 job_5_task_12  job_7_task_11  job_5_task_13  job_10_task_14 job_10_task_16 job_16_task_16 
           [1,11]         [11,15]        [15,21]        [21,31]        [31,32]        [32,37]        [37,42]        [42,46]        [46,53]        [53,63]        [64,69]        [69,78]        [97,100]       [100,102]      [102,103]      [104,114]      [116,120]      [124,130]      [132,140]      [140,149]      [149,156]      [171,177]      [187,192]      [210,215]      
Machine 9: job_6_task_2   job_19_task_3  job_16_task_2  job_10_task_2  job_10_task_3  job_12_task_4  job_12_task_5  job_18_task_8  job_9_task_7   job_17_task_7  job_15_task_9  job_13_task_8  job_3_task_10  job_0_task_7   job_5_task_6   job_15_task_12 job_0_task_8   job_11_task_11 job_1_task_8   job_17_task_14 job_11_task_13 job_18_task_12 job_2_task_12  job_3_task_13  job_16_task_12 job_8_task_11  job_5_task_14  job_16_task_13 job_12_task_15 job_1_task_13  job_14_task_14 job_7_task_15  job_1_task_15  job_8_task_15  job_19_task_16 
           [9,17]         [17,22]        [22,24]        [24,28]        [28,33]        [33,37]        [37,40]        [40,49]        [49,59]        [59,68]        [68,77]        [77,79]        [79,85]        [85,93]        [93,101]       [101,110]      [110,112]      [112,121]      [121,123]      [123,124]      [124,130]      [130,137]      [137,146]      [146,152]      [152,156]      [156,158]      [158,165]      [165,173]      [173,179]      [179,189]      [189,198]      [198,207]      [207,213]      [213,217]      [217,224]      
Machine 10: job_6_task_0   job_0_task_0   job_17_task_2  job_19_task_5  job_18_task_7  job_3_task_3   job_15_task_6  job_17_task_5  job_15_task_8  job_4_task_2   job_3_task_8   job_3_task_9   job_19_task_9  job_2_task_3   job_16_task_6  job_5_task_7   job_8_task_4   job_14_task_7  job_12_task_7  job_0_task_9   job_8_task_9   job_8_task_10  job_12_task_11 job_6_task_8   job_10_task_12 job_10_task_13 job_1_task_12  job_10_task_15 job_12_task_16 job_8_task_16  
           [0,5]          [5,11]         [23,26]        [33,38]        [39,40]        [40,50]        [50,53]        [53,54]        [55,62]        [63,70]        [70,76]        [76,79]        [79,80]        [81,88]        [88,98]        [101,106]      [106,112]      [112,113]      [113,121]      [121,128]      [140,147]      [147,153]      [153,154]      [154,160]      [160,161]      [161,171]      [171,174]      [177,187]      [187,191]      [217,221]      
Optimal Schedule Length: 224.0
Total (Unoptimized Schedule Length): 1834
Statistics
  - conflicts: 0
  - branches : 74
  - wall time: 0.313467973s