
 Problem
         task_0  task_1  task_2  task_3  task_4  task_5  task_6  task_7  task_8  task_9 task_10 task_11
job_0   (3, 6)  (1, 3)  (0, 0)  (2, 3)  (1, 1)  (1, 9)  (2, 0)  (2, 7)  (1, 3)  (2, 2)  (1, 3)  (2, 5)
job_1   (2, 4)  (0, 8)  (2, 2)  (1, 3)  (3, 0)  (1, 9)  (1, 0)  (3, 6)  (0, 4)  (3, 3)  (1, 4)  (3, 1)
job_2   (1, 4)  (1, 9)  (3, 9)  (3, 1)  (1, 3)  (3, 3)  (1, 6)  (2, 8)  (0, 4)  (0, 3)  (0, 9)  (0, 0)
job_3   (0, 1)  (0, 7)  (0, 6)  (3, 5)  (1, 2)  (2, 6)  (3, 7)  (3, 1)  (3, 2)  (0, 2)  (3, 1)  (3, 5)
job_4   (3, 3)  (2, 2)  (3, 5)  (3, 5)  (2, 8)  (0, 9)  (0, 7)  (2, 4)  (0, 6)  (0, 2)  (3, 3)  (1, 7)
job_5   (3, 7)  (1, 6)  (1, 3)  (0, 0)  (1, 6)  (1, 9)  (0, 3)  (0, 0)  (2, 8)  (1, 7)  (1, 1)  (3, 0)
job_6   (3, 9)  (3, 3)  (1, 1)  (0, 2)  (3, 9)  (1, 7)  (1, 4)  (3, 4)  (3, 9)  (3, 4)  (2, 8)  (0, 3)
job_7   (3, 3)  (3, 1)  (3, 1)  (1, 5)  (0, 8)  (3, 5)  (0, 9)  (2, 4)  (1, 5)  (0, 0)  (0, 7)  (3, 8)
job_8   (2, 4)  (0, 2)  (0, 9)  (0, 5)  (1, 8)  (1, 2)  (3, 4)  (2, 7)  (3, 6)  (1, 7)  (2, 2)  (1, 5)
job_9   (3, 2)  (2, 3)  (3, 4)  (3, 0)  (3, 3)  (3, 3)  (0, 7)  (0, 5)  (0, 5)  (2, 6)  (1, 8)  (3, 1)
job_10  (1, 6)  (0, 4)  (3, 2)  (2, 5)  (3, 4)  (0, 4)  (2, 4)  (2, 9)  (3, 9)  (0, 2)  (3, 1)  (1, 6)
job_11  (2, 4)  (0, 8)  (0, 9)  (3, 5)  (2, 1)  (3, 6)  (3, 9)  (1, 2)  (1, 5)  (3, 7)  (0, 5)  (1, 4)
job_12  (0, 5)  (0, 3)  (2, 6)  (1, 2)  (1, 6)  (2, 6)  (3, 3)  (3, 4)  (1, 7)  (2, 2)  (1, 6)  (3, 2)
job_13  (3, 4)  (3, 9)  (2, 5)  (3, 1)  (2, 9)  (3, 0)  (0, 8)  (2, 6)  (1, 5)  (3, 2)  (3, 9)  (1, 3)
job_14  (0, 4)  (0, 5)  (1, 7)  (2, 9)  (3, 0)  (0, 3)  (0, 7)  (2, 4)  (3, 3)  (3, 6)  (2, 4)  (3, 4)
job_15  (2, 8)  (1, 5)  (0, 4)  (2, 4)  (2, 6)  (2, 8)  (2, 1)  (3, 2)  (3, 4)  (1, 9)  (0, 6)  (3, 0)
job_16  (1, 7)  (1, 5)  (3, 3)  (1, 1)  (1, 1)  (1, 5)  (0, 1)  (0, 7)  (1, 6)  (1, 3)  (2, 3)  (1, 2)
job_17  (0, 3)  (0, 3)  (0, 8)  (0, 6)  (1, 6)  (0, 3)  (3, 9)  (0, 6)  (1, 8)  (3, 1)  (1, 5)  (3, 7)

Solution:
Machine 0: job_17_task_0  job_3_task_0   job_11_task_1  job_14_task_0  job_8_task_1   job_14_task_1  job_17_task_1  job_8_task_2   job_6_task_3   job_12_task_0  job_12_task_1  job_11_task_2  job_10_task_1  job_8_task_3   job_15_task_2  job_17_task_2  job_5_task_3   job_7_task_4   job_1_task_1   job_3_task_1   job_0_task_2   job_4_task_5   job_3_task_2   job_13_task_6  job_7_task_6   job_9_task_6   job_17_task_3  job_14_task_5  job_10_task_5  job_4_task_6   job_14_task_6  job_9_task_7   job_9_task_8   job_17_task_5  job_4_task_8   job_16_task_6  job_5_task_6   job_4_task_9   job_5_task_7   job_1_task_8   job_16_task_7  job_2_task_8   job_7_task_9   job_2_task_9   job_17_task_7  job_10_task_9  job_11_task_10 job_2_task_10  job_2_task_11  job_7_task_10  job_15_task_10 job_3_task_9   job_6_task_11  
           [0,3]          [3,4]          [4,12]         [12,16]        [16,18]        [18,23]        [23,26]        [26,35]        [35,37]        [37,42]        [42,45]        [45,54]        [54,58]        [58,63]        [63,67]        [67,75]        [75,75]        [75,83]        [83,91]        [91,98]        [98,98]        [98,107]       [107,113]      [113,121]      [121,130]      [130,137]      [137,143]      [143,146]      [146,150]      [150,157]      [157,164]      [164,169]      [169,174]      [174,177]      [177,183]      [183,184]      [184,187]      [187,189]      [187,187]      [189,193]      [193,200]      [200,204]      [200,200]      [204,207]      [207,213]      [213,215]      [215,220]      [220,229]      [229,229]      [229,236]      [236,242]      [242,244]      [244,247]      
Machine 1: job_2_task_0   job_10_task_0  job_2_task_1   job_6_task_2   job_15_task_1  job_7_task_3   job_14_task_2  job_16_task_0  job_16_task_1  job_5_task_1   job_12_task_3  job_12_task_4  job_16_task_3  job_5_task_2   job_6_task_5   job_2_task_4   job_8_task_4   job_0_task_1   job_5_task_4   job_2_task_6   job_6_task_6   job_8_task_5   job_0_task_4   job_16_task_4  job_5_task_5   job_1_task_3   job_3_task_4   job_1_task_5   job_0_task_5   job_1_task_6   job_16_task_5  job_11_task_7  job_17_task_4  job_0_task_8   job_8_task_9   job_11_task_8  job_13_task_8  job_0_task_10  job_12_task_8  job_7_task_8   job_9_task_10  job_8_task_11  job_15_task_9  job_17_task_8  job_1_task_10  job_16_task_8  job_11_task_11 job_5_task_9   job_4_task_11  job_17_task_10 job_12_task_10 job_10_task_11 job_13_task_11 job_16_task_9  job_5_task_10  job_16_task_11 
           [0,4]          [4,10]         [10,19]        [19,20]        [20,25]        [30,35]        [35,42]        [42,49]        [49,54]        [54,60]        [60,62]        [62,68]        [68,69]        [69,72]        [72,79]        [79,82]        [82,90]        [90,93]        [93,99]        [99,105]       [105,109]      [109,111]      [111,112]      [112,113]      [113,122]      [122,125]      [125,127]      [127,136]      [136,145]      [136,136]      [145,150]      [150,152]      [152,158]      [158,161]      [162,169]      [169,174]      [174,179]      [179,182]      [182,189]      [189,194]      [194,202]      [202,207]      [207,216]      [216,224]      [224,228]      [228,234]      [234,238]      [238,245]      [245,252]      [252,257]      [257,263]      [263,269]      [269,272]      [272,275]      [275,276]      [278,280]      
Machine 2: job_11_task_0  job_15_task_0  job_8_task_0   job_1_task_0   job_13_task_2  job_14_task_3  job_12_task_2  job_13_task_4  job_9_task_1   job_4_task_1   job_12_task_5  job_10_task_3  job_15_task_3  job_4_task_4   job_15_task_4  job_0_task_3   job_2_task_7   job_1_task_2   job_15_task_5  job_11_task_4  job_15_task_6  job_8_task_7   job_13_task_7  job_3_task_5   job_0_task_6   job_0_task_7   job_10_task_6  job_10_task_7  job_0_task_9   job_4_task_7   job_7_task_7   job_9_task_9   job_14_task_7  job_8_task_10  job_5_task_8   job_0_task_11  job_12_task_9  job_6_task_10  job_14_task_10 job_16_task_10 
           [0,4]          [4,12]         [12,16]        [16,20]        [28,33]        [42,51]        [51,57]        [57,66]        [66,69]        [69,71]        [71,77]        [77,82]        [82,86]        [87,95]        [95,101]       [101,104]      [105,113]      [113,115]      [115,123]      [123,124]      [124,125]      [126,133]      [133,139]      [139,145]      [145,145]      [145,152]      [152,156]      [156,165]      [165,167]      [167,171]      [171,175]      [175,181]      [181,185]      [185,187]      [187,195]      [195,200]      [200,202]      [214,222]      [223,227]      [275,278]      
Machine 3: job_6_task_0   job_13_task_0  job_7_task_0   job_6_task_1   job_13_task_1  job_7_task_1   job_7_task_2   job_2_task_2   job_5_task_0   job_9_task_0   job_4_task_0   job_13_task_3  job_14_task_4  job_6_task_4   job_16_task_2  job_2_task_3   job_0_task_0   job_9_task_2   job_13_task_5  job_9_task_3   job_10_task_2  job_4_task_2   job_4_task_3   job_10_task_4  job_9_task_4   job_2_task_5   job_9_task_5   job_12_task_6  job_11_task_3  job_7_task_5   job_6_task_7   job_3_task_3   job_8_task_6   job_1_task_4   job_11_task_5  job_6_task_8   job_11_task_6  job_15_task_7  job_12_task_7  job_8_task_8   job_15_task_8  job_3_task_6   job_3_task_7   job_1_task_7   job_13_task_9  job_17_task_6  job_10_task_8  job_14_task_8  job_11_task_9  job_6_task_9   job_1_task_9   job_14_task_9  job_3_task_8   job_13_task_10 job_17_task_9  job_4_task_10  job_1_task_11  job_10_task_10 job_9_task_11  job_7_task_11  job_3_task_10  job_15_task_11 job_3_task_11  job_17_task_11 job_12_task_11 job_14_task_11 job_5_task_11  
           [0,9]          [9,13]         [13,16]        [16,19]        [19,28]        [28,29]        [29,30]        [30,39]        [39,46]        [46,48]        [48,51]        [51,52]        [51,51]        [52,61]        [61,64]        [64,65]        [65,71]        [71,75]        [71,71]        [75,75]        [75,77]        [77,82]        [82,87]        [87,91]        [91,94]        [94,97]        [97,100]       [100,103]      [103,108]      [108,113]      [113,117]      [117,122]      [122,126]      [126,126]      [126,132]      [132,141]      [141,150]      [150,152]      [152,156]      [156,162]      [162,166]      [166,173]      [173,174]      [174,180]      [180,182]      [182,191]      [191,200]      [200,203]      [203,210]      [210,214]      [214,217]      [217,223]      [223,225]      [225,234]      [234,235]      [235,238]      [238,239]      [239,240]      [240,241]      [241,249]      [249,250]      [249,249]      [250,255]      [257,264]      [264,266]      [266,270]      [276,276]      
Optimal Schedule Length: 280.0
Total (Unoptimized Schedule Length): 984
Statistics
  - conflicts: 0
  - branches : 208
  - wall time: 0.151368899s