
Problem
        task_0   task_1   task_2  task_3  task_4  task_5   task_6   task_7   task_8   task_9  task_10  task_11 task_12  task_13  task_14 task_15 task_16
job_0   (1, 6)   (2, 8)   (2, 9)  (2, 8)  (0, 1)  (1, 1)   (1, 5)   (0, 2)   (3, 7)   (2, 6)   (1, 8)   (1, 7)  (3, 8)   (3, 9)   (1, 2)  (0, 5)  (2, 4)
job_1   (2, 7)   (0, 2)   (0, 2)  (0, 8)  (0, 7)  (2, 9)   (2, 9)   (3, 9)   (0, 5)   (1, 8)   (2, 4)   (1, 3)  (0, 5)   (3, 2)   (1, 5)  (3, 6)  (1, 9)
job_2   (2, 3)   (3, 2)   (0, 6)  (3, 3)  (0, 9)  (2, 3)   (2, 2)   (3, 8)   (0, 1)   (1, 1)   (3, 3)   (0, 5)  (3, 4)   (2, 6)   (1, 9)  (1, 3)  (2, 4)
job_3   (0, 1)   (3, 6)   (2, 1)  (3, 1)  (2, 4)  (2, 1)  (2, 10)   (3, 7)   (0, 4)   (0, 3)   (2, 2)  (3, 10)  (0, 1)   (1, 5)   (3, 7)  (2, 9)  (2, 9)
job_4   (2, 3)   (1, 5)   (1, 9)  (1, 9)  (2, 5)  (1, 6)   (2, 8)   (1, 2)   (3, 9)   (2, 6)   (1, 8)   (0, 2)  (2, 4)   (3, 4)   (1, 2)  (3, 3)  (1, 6)
job_5   (1, 4)  (2, 10)   (0, 6)  (1, 9)  (0, 9)  (2, 8)   (2, 2)   (2, 8)   (1, 6)   (0, 1)   (1, 2)   (0, 1)  (1, 9)   (3, 9)   (2, 7)  (1, 3)  (1, 5)
job_6   (2, 7)   (1, 7)  (2, 10)  (3, 6)  (3, 5)  (2, 7)   (0, 4)   (3, 4)   (0, 6)   (2, 4)   (1, 3)   (3, 9)  (0, 2)   (2, 3)   (0, 9)  (0, 4)  (0, 2)
job_7   (0, 9)   (1, 7)   (0, 2)  (1, 5)  (3, 3)  (3, 8)   (1, 7)   (3, 4)   (2, 2)   (0, 2)  (2, 10)   (2, 5)  (2, 1)   (3, 1)   (1, 2)  (3, 4)  (3, 2)
job_8   (0, 6)   (3, 3)   (0, 3)  (1, 7)  (1, 8)  (3, 9)   (2, 2)   (3, 3)  (2, 10)   (2, 4)   (3, 5)   (2, 6)  (2, 6)   (3, 9)   (0, 3)  (0, 7)  (1, 1)
job_9   (3, 4)   (1, 3)   (1, 8)  (2, 6)  (3, 8)  (0, 7)   (1, 6)   (3, 9)   (0, 1)   (1, 2)   (3, 8)   (3, 6)  (2, 3)   (3, 5)   (2, 8)  (0, 3)  (2, 5)
job_10  (3, 7)  (1, 10)   (1, 2)  (0, 8)  (1, 7)  (3, 6)   (1, 1)   (0, 2)   (1, 7)   (1, 5)   (0, 9)   (1, 9)  (1, 9)   (1, 9)   (1, 1)  (2, 7)  (0, 8)
job_11  (0, 8)   (1, 2)   (0, 3)  (3, 2)  (2, 2)  (1, 2)   (2, 9)   (0, 7)   (0, 8)   (2, 3)   (1, 2)   (2, 6)  (3, 2)   (3, 6)  (2, 10)  (3, 3)  (1, 2)
job_12  (1, 6)   (2, 1)   (1, 7)  (3, 6)  (0, 3)  (3, 4)   (1, 5)  (0, 10)   (1, 2)  (2, 10)   (2, 9)  (3, 10)  (0, 8)  (1, 10)   (2, 8)  (2, 7)  (2, 6)
job_13  (2, 2)   (2, 3)   (1, 4)  (1, 4)  (3, 3)  (0, 6)   (3, 4)   (1, 1)   (2, 4)   (1, 6)  (1, 10)   (2, 5)  (3, 9)  (1, 10)   (3, 7)  (1, 9)  (2, 5)


Solution:
Machine 0: job_8_task_0   job_3_task_0   job_1_task_1   job_1_task_2   job_1_task_3   job_8_task_2   job_5_task_2   job_12_task_4  job_1_task_4   job_10_task_3  job_11_task_0  job_12_task_7  job_7_task_0   job_13_task_5  job_0_task_4   job_9_task_5   job_2_task_2   job_5_task_4   job_2_task_4   job_6_task_6   job_11_task_2  job_10_task_7  job_3_task_8   job_7_task_2   job_1_task_8   job_3_task_9   job_6_task_8   job_0_task_7   job_10_task_10 job_11_task_7  job_11_task_8  job_12_task_12 job_9_task_8   job_5_task_9   job_2_task_8   job_3_task_12  job_5_task_11  job_2_task_11  job_7_task_9   job_6_task_12  job_6_task_14  job_1_task_12  job_6_task_15  job_6_task_16  job_4_task_11  job_9_task_15  job_10_task_16 job_0_task_15  job_8_task_14  job_8_task_15  
           [0,6]          [6,7]          [7,9]          [9,11]         [11,19]        [19,22]        [22,28]        [28,31]        [31,38]        [38,46]        [46,54]        [54,64]        [64,73]        [79,85]        [85,86]        [87,94]        [94,100]       [103,112]      [112,121]      [121,125]      [125,128]      [128,130]      [130,134]      [134,136]      [136,141]      [141,144]      [144,150]      [150,152]      [165,174]      [174,181]      [181,189]      [189,197]      [197,198]      [198,199]      [214,215]      [224,225]      [230,231]      [253,258]      [258,260]      [268,270]      [278,287]      [287,292]      [292,296]      [296,298]      [298,300]      [317,320]      [324,332]      [332,337]      [337,340]      [340,347]      
Machine 1: job_12_task_0  job_5_task_0   job_12_task_2  job_10_task_1  job_0_task_0   job_10_task_2  job_9_task_1   job_4_task_1   job_13_task_2  job_12_task_6  job_6_task_1   job_9_task_2   job_13_task_3  job_4_task_2   job_8_task_3   job_10_task_4  job_5_task_3   job_4_task_3   job_8_task_4   job_12_task_8  job_11_task_1  job_10_task_6  job_13_task_7  job_7_task_1   job_0_task_5   job_10_task_8  job_0_task_6   job_13_task_9  job_11_task_5  job_4_task_5   job_10_task_9  job_7_task_3   job_9_task_6   job_13_task_10 job_4_task_7   job_5_task_8   job_10_task_11 job_1_task_9   job_0_task_10  job_9_task_9   job_7_task_6   job_5_task_10  job_11_task_10 job_2_task_9   job_0_task_11  job_6_task_10  job_12_task_13 job_10_task_12 job_5_task_12  job_13_task_13 job_1_task_11  job_3_task_13  job_4_task_10  job_10_task_13 job_1_task_14  job_10_task_14 job_2_task_14  job_13_task_15 job_0_task_14  job_5_task_15  job_2_task_15  job_5_task_16  job_4_task_14  job_1_task_16  job_7_task_14  job_4_task_16  job_11_task_16 job_8_task_16  
           [0,6]          [6,10]         [10,17]        [17,27]        [27,33]        [33,35]        [35,38]        [38,43]        [43,47]        [47,52]        [52,59]        [59,67]        [67,71]        [71,80]        [80,87]        [87,94]        [94,103]       [103,112]      [112,120]      [120,122]      [122,124]      [124,125]      [125,126]      [126,133]      [133,134]      [134,141]      [141,146]      [146,152]      [152,154]      [154,160]      [160,165]      [165,170]      [170,176]      [176,186]      [186,188]      [188,194]      [194,203]      [203,211]      [211,219]      [219,221]      [221,228]      [228,230]      [230,232]      [232,233]      [233,240]      [240,243]      [243,253]      [253,262]      [262,271]      [271,281]      [281,284]      [284,289]      [289,297]      [297,306]      [306,311]      [311,312]      [312,321]      [321,330]      [330,332]      [332,335]      [335,338]      [338,343]      [343,345]      [346,355]      [355,357]      [357,363]      [363,365]      [365,366]      
Machine 2: job_1_task_0   job_12_task_1  job_13_task_0  job_5_task_1   job_6_task_0   job_4_task_0   job_13_task_1  job_0_task_1   job_0_task_2   job_3_task_2   job_1_task_5   job_6_task_2   job_9_task_3   job_0_task_3   job_2_task_0   job_3_task_4   job_3_task_5   job_3_task_6   job_1_task_6   job_6_task_5   job_4_task_4   job_12_task_9  job_13_task_8  job_11_task_4  job_5_task_5   job_12_task_10 job_11_task_6  job_8_task_6   job_4_task_6   job_5_task_6   job_5_task_7   job_8_task_8   job_2_task_5   job_0_task_9   job_2_task_6   job_13_task_11 job_3_task_10  job_8_task_9   job_6_task_9   job_4_task_9   job_11_task_9  job_1_task_10  job_11_task_11 job_8_task_11  job_8_task_12  job_7_task_8   job_12_task_14 job_7_task_10  job_9_task_12  job_6_task_13  job_7_task_11  job_2_task_13  job_5_task_14  job_3_task_15  job_4_task_12  job_9_task_14  job_10_task_15 job_11_task_14 job_12_task_15 job_7_task_12  job_3_task_16  job_12_task_16 job_13_task_16 job_9_task_16  job_2_task_16  job_0_task_16  
           [0,7]          [7,8]          [8,10]         [10,20]        [20,27]        [27,30]        [30,33]        [33,41]        [41,50]        [50,51]        [51,60]        [60,70]        [70,76]        [76,84]        [84,87]        [87,91]        [91,92]        [92,102]       [102,111]      [111,118]      [118,123]      [123,133]      [133,137]      [137,139]      [139,147]      [147,156]      [156,165]      [165,167]      [167,175]      [175,177]      [177,185]      [185,195]      [195,198]      [198,204]      [204,206]      [206,211]      [211,213]      [213,217]      [217,221]      [221,227]      [227,230]      [230,234]      [234,240]      [240,246]      [246,252]      [252,254]      [254,262]      [262,272]      [272,275]      [275,278]      [278,283]      [283,289]      [289,296]      [296,305]      [305,309]      [309,317]      [317,324]      [324,334]      [334,341]      [341,342]      [342,351]      [351,357]      [357,362]      [362,367]      [367,371]      [371,375]      
Machine 3: job_10_task_0  job_9_task_0   job_8_task_1   job_3_task_1   job_12_task_3  job_12_task_5  job_3_task_3   job_6_task_3   job_13_task_4  job_9_task_4   job_13_task_6  job_2_task_1   job_6_task_4   job_10_task_5  job_2_task_3   job_3_task_7   job_1_task_7   job_8_task_5   job_11_task_3  job_6_task_7   job_0_task_8   job_12_task_11 job_8_task_7   job_7_task_4   job_7_task_5   job_9_task_7   job_4_task_8   job_2_task_7   job_3_task_11  job_13_task_12 job_8_task_10  job_9_task_10  job_7_task_7   job_2_task_10  job_9_task_11  job_6_task_11  job_0_task_12  job_2_task_12  job_5_task_13  job_3_task_14  job_11_task_12 job_1_task_13  job_9_task_13  job_11_task_13 job_13_task_14 job_0_task_13  job_8_task_13  job_4_task_13  job_1_task_15  job_7_task_13  job_4_task_15  job_11_task_15 job_7_task_15  job_7_task_16  
           [0,7]          [7,11]         [11,14]        [14,20]        [20,26]        [31,35]        [51,52]        [70,76]        [76,79]        [79,87]        [87,91]        [91,93]        [93,98]        [98,104]       [104,107]      [107,114]      [114,123]      [123,132]      [132,134]      [134,138]      [152,159]      [159,169]      [169,172]      [172,175]      [175,183]      [183,192]      [192,201]      [206,214]      [214,224]      [224,233]      [233,238]      [238,246]      [246,250]      [250,253]      [253,259]      [259,268]      [268,276]      [276,280]      [280,289]      [289,296]      [296,298]      [298,300]      [300,305]      [305,311]      [311,318]      [318,327]      [327,336]      [336,340]      [340,346]      [346,347]      [347,350]      [350,353]      [357,361]      [361,363]      
Optimal Schedule Length: 375.0
Total (Unoptimized Schedule Length): 1277
Statistics
  - conflicts: 0
  - branches : 0
  - wall time: 0.22350772100000002s