
Problem
          task_0    task_1   task_2    task_3    task_4    task_5    task_6    task_7    task_8    task_9   task_10   task_11   task_12
job_0     (6, 9)    (2, 7)  (13, 3)  (15, 10)   (2, 10)   (13, 9)    (8, 7)   (16, 9)   (12, 7)    (9, 6)    (7, 7)    (3, 6)   (8, 10)
job_1    (10, 3)    (6, 2)  (12, 9)    (2, 3)    (0, 7)  (12, 10)   (13, 4)   (12, 3)   (16, 1)    (6, 3)    (0, 1)    (5, 5)   (16, 4)
job_2   (13, 10)    (2, 5)   (5, 9)   (0, 10)    (5, 1)    (8, 1)   (12, 9)    (2, 2)  (12, 10)    (6, 4)    (6, 6)    (4, 5)  (10, 10)
job_3    (8, 10)   (16, 6)  (13, 9)   (11, 3)   (15, 6)    (7, 4)  (16, 10)   (15, 7)    (9, 3)   (12, 9)   (2, 10)    (5, 9)    (8, 3)
job_4     (1, 5)   (13, 7)  (7, 10)    (3, 1)    (2, 1)   (15, 7)   (12, 4)    (0, 8)   (16, 9)   (12, 5)    (5, 9)    (1, 7)    (7, 4)
job_5    (10, 1)    (3, 2)  (13, 1)    (5, 4)  (15, 10)    (5, 9)    (3, 8)   (16, 9)    (9, 6)   (10, 3)   (11, 1)   (12, 2)   (16, 4)
job_6    (10, 4)  (14, 10)   (6, 3)  (14, 10)  (13, 10)   (15, 5)   (10, 5)    (0, 3)  (11, 10)   (11, 5)    (1, 1)    (0, 2)   (15, 8)
job_7    (10, 7)   (14, 6)   (4, 3)    (0, 4)   (12, 4)    (4, 1)    (3, 4)   (11, 7)   (4, 10)    (2, 5)    (6, 7)   (0, 10)    (5, 7)
job_8     (9, 8)  (11, 10)   (3, 7)    (6, 8)    (5, 7)   (13, 9)   (13, 1)    (9, 2)   (16, 2)    (9, 2)    (1, 8)  (15, 10)    (5, 2)
job_9     (9, 8)   (15, 9)  (16, 6)   (13, 5)    (0, 5)  (11, 10)    (0, 8)   (5, 10)  (15, 10)    (7, 4)   (6, 10)  (15, 10)   (15, 5)
job_10   (15, 9)  (15, 10)  (5, 10)   (15, 3)   (1, 10)   (15, 4)   (10, 4)   (4, 10)  (15, 10)   (14, 7)    (1, 6)   (14, 7)   (15, 6)
job_11    (8, 1)    (7, 6)  (14, 4)    (5, 7)    (3, 9)   (13, 7)    (4, 2)   (13, 1)   (10, 3)    (8, 4)    (7, 2)   (12, 4)   (12, 4)
job_12   (3, 10)   (10, 5)  (12, 3)   (14, 9)   (16, 7)    (3, 8)    (7, 2)    (1, 8)    (0, 4)    (0, 9)    (1, 5)    (5, 8)    (4, 7)
job_13   (14, 3)   (9, 10)  (11, 6)   (10, 1)   (16, 6)   (15, 8)   (15, 4)    (2, 2)    (0, 4)    (0, 8)    (0, 5)    (5, 9)    (3, 2)
job_14    (2, 2)    (4, 1)   (4, 9)    (3, 3)   (14, 4)   (13, 4)    (0, 4)  (15, 10)   (16, 4)   (11, 8)    (0, 9)    (2, 4)   (14, 2)
job_15   (11, 3)   (16, 7)   (7, 5)    (4, 4)   (12, 7)   (10, 1)    (4, 9)    (1, 2)   (16, 4)    (0, 4)   (12, 5)    (9, 2)   (8, 10)
job_16   (12, 8)    (7, 6)   (7, 2)   (11, 2)    (5, 9)   (15, 6)    (8, 9)    (8, 4)    (4, 3)    (3, 9)  (15, 10)   (2, 10)    (3, 3)
job_17   (13, 3)    (3, 4)   (7, 7)    (8, 5)    (1, 7)   (13, 5)    (4, 5)    (7, 8)   (10, 9)   (1, 10)   (10, 1)    (5, 6)  (16, 10)
job_18   (9, 10)    (9, 2)   (9, 9)    (4, 9)    (9, 9)   (14, 1)   (15, 9)   (10, 4)   (13, 6)  (12, 10)    (7, 9)    (0, 5)   (12, 1)


Solution:
Machine 0: job_7_task_3   job_1_task_4   job_9_task_4   job_2_task_3   job_9_task_6   job_4_task_7   job_14_task_6  job_12_task_8  job_12_task_9  job_7_task_11  job_15_task_9  job_6_task_7   job_18_task_11 job_6_task_11  job_14_task_10 job_13_task_8  job_13_task_9  job_13_task_10 job_1_task_10  
           [23,27]        [34,41]        [41,46]        [46,56]        [56,64]        [64,72]        [72,76]        [76,80]        [80,89]        [91,101]       [101,105]      [108,111]      [118,123]      [127,129]      [135,144]      [144,148]      [148,156]      [156,161]      [161,162]      
Machine 1: job_4_task_0   job_17_task_4  job_10_task_4  job_12_task_7  job_15_task_7  job_17_task_9  job_12_task_10 job_8_task_10  job_4_task_11  job_6_task_10  job_10_task_10 
           [0,5]          [33,40]        [53,63]        [63,71]        [71,73]        [87,97]        [97,102]       [105,113]      [113,120]      [126,127]      [140,146]      
Machine 2: job_14_task_0  job_0_task_1   job_2_task_1   job_1_task_3   job_0_task_4   job_4_task_4   job_2_task_7   job_7_task_9   job_3_task_10  job_13_task_7  job_14_task_11 job_16_task_11 
           [0,2]          [9,16]         [16,21]        [31,34]        [38,48]        [48,49]        [75,77]        [79,84]        [118,128]      [137,139]      [144,148]      [148,158]      
Machine 3: job_12_task_0  job_14_task_3  job_17_task_1  job_5_task_1   job_8_task_2   job_4_task_3   job_12_task_5  job_7_task_6   job_11_task_4  job_16_task_9  job_5_task_6   job_0_task_11  job_16_task_12 job_13_task_12 
           [0,10]         [12,15]        [15,19]        [19,21]        [36,43]        [43,44]        [44,52]        [52,56]        [57,66]        [66,75]        [84,92]        [107,113]      [158,161]      [170,172]      
Machine 4: job_14_task_1  job_14_task_2  job_7_task_2   job_15_task_3  job_7_task_5   job_18_task_3  job_15_task_6  job_16_task_8  job_17_task_6  job_7_task_8   job_10_task_7  job_11_task_6  job_2_task_11  job_12_task_12 
           [2,3]          [3,12]         [20,23]        [23,27]        [35,36]        [37,46]        [46,55]        [57,60]        [63,68]        [69,79]        [79,89]        [89,91]        [101,106]      [121,128]      
Machine 5: job_16_task_4  job_2_task_2   job_10_task_2  job_5_task_3   job_11_task_3  job_2_task_4   job_8_task_4   job_9_task_7   job_5_task_5   job_17_task_11 job_4_task_10  job_12_task_11 job_7_task_12  job_3_task_11  job_13_task_11 job_1_task_11  job_8_task_12  
           [18,27]        [27,36]        [36,46]        [46,50]        [50,57]        [57,58]        [58,65]        [65,75]        [75,84]        [98,104]       [104,113]      [113,121]      [121,128]      [128,137]      [161,170]      [170,175]      [175,177]      
Machine 6: job_0_task_0   job_6_task_2   job_1_task_1   job_8_task_3   job_7_task_10  job_2_task_9   job_2_task_10  job_9_task_10  job_1_task_9   
           [0,9]          [14,17]        [20,22]        [43,51]        [84,91]        [91,95]        [95,101]       [122,132]      [132,135]      
Machine 7: job_16_task_1  job_16_task_2  job_15_task_2  job_17_task_2  job_4_task_2   job_11_task_1  job_3_task_5   job_12_task_6  job_17_task_7  job_0_task_10  job_11_task_10 job_18_task_10 job_9_task_9   job_4_task_12  
           [8,14]         [14,16]        [16,21]        [21,28]        [28,38]        [38,44]        [50,54]        [54,56]        [68,76]        [100,107]      [107,109]      [109,118]      [118,122]      [122,126]      
Machine 8: job_3_task_0   job_11_task_0  job_17_task_3  job_16_task_6  job_16_task_7  job_0_task_6   job_2_task_5   job_11_task_9  job_0_task_12  job_15_task_12 job_3_task_12  
           [0,10]         [10,11]        [28,33]        [44,53]        [53,57]        [58,65]        [65,66]        [101,105]      [113,123]      [128,138]      [138,141]      
Machine 9: job_9_task_0   job_18_task_0  job_8_task_0   job_18_task_1  job_18_task_2  job_13_task_1  job_18_task_4  job_8_task_7   job_0_task_9   job_3_task_8   job_8_task_9   job_5_task_8   job_15_task_11 
           [0,8]          [8,18]         [18,26]        [26,28]        [28,37]        [37,47]        [47,56]        [77,79]        [94,100]       [100,103]      [103,105]      [105,111]      [126,128]      
Machine 10: job_6_task_0   job_7_task_0   job_12_task_1  job_5_task_0   job_1_task_0   job_15_task_5  job_13_task_3  job_10_task_6  job_17_task_8  job_18_task_7  job_17_task_10 job_11_task_8  job_6_task_6   job_2_task_12  job_5_task_9   
           [0,4]          [4,11]         [11,16]        [16,17]        [17,20]        [42,43]        [62,63]        [74,78]        [78,87]        [87,91]        [97,98]        [98,101]       [103,108]      [108,118]      [118,121]      
Machine 11: job_15_task_0  job_16_task_3  job_8_task_1   job_3_task_3   job_9_task_5   job_13_task_2  job_7_task_7   job_6_task_8   job_6_task_9   job_5_task_10  job_14_task_9  
           [0,3]          [16,18]        [26,36]        [36,39]        [46,56]        [56,62]        [62,69]        [111,121]      [121,126]      [126,127]      [127,135]      
Machine 12: job_16_task_0  job_12_task_2  job_1_task_2   job_7_task_4   job_15_task_4  job_1_task_5   job_4_task_6   job_2_task_6   job_2_task_8   job_0_task_8   job_4_task_9   job_18_task_9  job_3_task_9   job_1_task_7   job_15_task_10 job_11_task_11 job_5_task_11  job_11_task_12 job_18_task_12 
           [0,8]          [16,19]        [22,31]        [31,35]        [35,42]        [42,52]        [60,64]        [66,75]        [77,87]        [87,94]        [94,99]        [99,109]       [109,118]      [118,121]      [121,126]      [126,130]      [130,132]      [132,136]      [136,137]      
Machine 13: job_2_task_0   job_17_task_0  job_4_task_1   job_0_task_2   job_3_task_2   job_9_task_3   job_5_task_2   job_6_task_4   job_0_task_5   job_17_task_5  job_14_task_5  job_8_task_5   job_8_task_6   job_11_task_5  job_1_task_6   job_18_task_8  job_11_task_7  
           [0,10]         [10,13]        [13,20]        [20,23]        [23,32]        [32,37]        [37,38]        [39,49]        [49,58]        [58,63]        [63,67]        [67,76]        [76,77]        [77,84]        [84,88]        [91,97]        [97,98]        
Machine 14: job_13_task_0  job_6_task_1   job_7_task_1   job_12_task_3  job_6_task_3   job_14_task_4  job_11_task_2  job_18_task_5  job_10_task_9  job_10_task_11 job_14_task_12 
           [0,3]          [4,14]         [14,20]        [20,29]        [29,39]        [39,43]        [44,48]        [56,57]        [133,140]      [146,153]      [153,155]      
Machine 15: job_10_task_0  job_9_task_1   job_10_task_1  job_0_task_3   job_16_task_5  job_3_task_4   job_10_task_3  job_4_task_5   job_5_task_4   job_10_task_5  job_18_task_6  job_13_task_5  job_3_task_7   job_6_task_5   job_9_task_8   job_14_task_7  job_10_task_8  job_13_task_6  job_16_task_10 job_9_task_11  job_8_task_11  job_6_task_12  job_10_task_12 job_9_task_12  
           [0,9]          [9,18]         [18,28]        [28,38]        [38,44]        [44,50]        [50,53]        [53,60]        [60,70]        [70,74]        [74,83]        [83,91]        [91,98]        [98,103]       [103,113]      [113,123]      [123,133]      [133,137]      [137,147]      [147,157]      [157,167]      [167,175]      [175,181]      [181,186]      
Machine 16: job_15_task_1  job_3_task_1   job_9_task_2   job_12_task_4  job_3_task_6   job_13_task_4  job_0_task_7   job_4_task_8   job_15_task_8  job_5_task_7   job_8_task_8   job_17_task_12 job_1_task_8   job_14_task_8  job_5_task_12  job_1_task_12  
           [3,10]         [10,16]        [18,24]        [29,36]        [54,64]        [64,70]        [70,79]        [79,88]        [88,92]        [92,101]       [101,103]      [104,114]      [121,122]      [123,127]      [132,136]      [175,179]      
Optimal Schedule Length: 186.0
Total (Unoptimized Schedule Length): 1465
Statistics
  - conflicts: 0
  - branches : 0
  - wall time: 0.046716022s