
Problem
         task_0  task_1  task_2   task_3   task_4   task_5  task_6   task_7   task_8   task_9 task_10  task_11 task_12 task_13  task_14  task_15
job_0   (1, 10)  (3, 6)  (2, 1)   (4, 8)   (3, 6)   (4, 3)  (2, 2)   (1, 9)   (1, 8)  (1, 10)  (1, 6)   (4, 5)  (0, 2)  (3, 5)   (0, 8)   (1, 7)
job_1    (4, 5)  (0, 2)  (0, 3)   (1, 9)   (3, 6)   (0, 5)  (1, 6)  (3, 10)   (4, 2)   (2, 3)  (0, 4)   (1, 1)  (2, 2)  (1, 1)  (2, 10)   (4, 8)
job_2    (2, 7)  (2, 3)  (3, 1)   (4, 9)  (1, 10)   (2, 5)  (1, 5)  (3, 10)   (3, 6)   (3, 5)  (1, 3)   (2, 2)  (0, 8)  (1, 1)  (3, 10)   (4, 7)
job_3    (0, 3)  (4, 2)  (1, 5)   (2, 2)   (3, 2)   (4, 6)  (2, 3)   (0, 2)   (0, 3)   (2, 8)  (2, 9)   (0, 3)  (4, 1)  (1, 1)   (0, 7)   (1, 9)
job_4    (3, 3)  (4, 4)  (2, 5)   (4, 8)   (4, 4)   (3, 6)  (1, 5)   (1, 8)  (1, 10)   (0, 4)  (0, 8)   (0, 6)  (1, 3)  (3, 7)   (0, 1)   (0, 7)
job_5    (3, 6)  (2, 8)  (1, 4)   (1, 7)   (0, 4)   (2, 1)  (1, 6)   (4, 1)   (3, 8)   (0, 8)  (2, 2)   (2, 5)  (0, 9)  (1, 4)   (0, 6)  (2, 10)
job_6    (4, 3)  (1, 3)  (0, 5)   (4, 4)   (1, 1)   (3, 5)  (3, 6)   (4, 4)  (0, 10)   (1, 3)  (1, 1)   (3, 3)  (1, 8)  (2, 2)   (2, 8)   (4, 5)
job_7    (4, 4)  (0, 6)  (2, 5)   (4, 5)   (3, 4)  (3, 10)  (1, 5)  (0, 10)   (3, 2)   (0, 4)  (2, 3)   (3, 7)  (3, 9)  (0, 5)   (2, 6)   (1, 3)
job_8    (2, 4)  (1, 1)  (4, 3)  (0, 10)   (4, 5)   (0, 9)  (1, 2)  (4, 10)   (0, 8)   (2, 9)  (1, 7)   (1, 8)  (1, 6)  (2, 3)   (1, 9)   (4, 8)
job_9   (1, 10)  (1, 1)  (1, 2)   (2, 7)   (0, 3)   (2, 1)  (4, 8)   (1, 4)   (3, 4)   (2, 1)  (0, 9)  (3, 10)  (2, 8)  (4, 3)   (1, 8)   (4, 6)
job_10   (4, 8)  (2, 9)  (0, 3)  (0, 10)   (1, 9)   (0, 9)  (2, 5)   (4, 2)   (1, 5)   (0, 1)  (3, 5)   (1, 4)  (2, 5)  (0, 8)   (0, 2)   (2, 6)
job_11  (1, 10)  (1, 6)  (1, 1)   (1, 6)   (1, 4)   (1, 6)  (1, 8)   (2, 7)   (1, 8)   (3, 8)  (4, 6)   (4, 4)  (1, 5)  (4, 4)   (0, 2)  (0, 10)


Solution:
Machine 0: job_3_task_0   job_7_task_1   job_8_task_3   job_10_task_2  job_8_task_5   job_1_task_1   job_10_task_3  job_1_task_2   job_9_task_4   job_5_task_4   job_6_task_2   job_8_task_8   job_1_task_5   job_10_task_5  job_3_task_7   job_3_task_8   job_5_task_9   job_7_task_7   job_5_task_12  job_9_task_10  job_6_task_8   job_7_task_9   job_4_task_9   job_4_task_10  job_1_task_10  job_4_task_11  job_10_task_9  job_3_task_11  job_2_task_12  job_0_task_12  job_7_task_13  job_0_task_14  job_10_task_13 job_5_task_14  job_3_task_14  job_11_task_14 job_11_task_15 job_4_task_14  job_10_task_14 job_4_task_15  
           [0,3]          [12,18]        [18,28]        [31,34]        [34,43]        [43,45]        [45,55]        [55,58]        [58,61]        [72,76]        [77,82]        [89,97]        [98,103]       [114,123]      [123,125]      [125,128]      [143,151]      [151,161]      [161,170]      [170,179]      [179,189]      [189,193]      [193,197]      [197,205]      [205,209]      [209,215]      [215,216]      [216,219]      [230,238]      [238,240]      [240,245]      [245,253]      [253,261]      [261,267]      [267,274]      [274,276]      [276,286]      [286,287]      [287,289]      [289,296]      
Machine 1: job_0_task_0   job_8_task_1   job_11_task_0  job_11_task_1  job_9_task_0   job_11_task_2  job_11_task_3  job_9_task_1   job_5_task_2   job_9_task_2   job_11_task_4  job_2_task_4   job_5_task_3   job_8_task_6   job_6_task_1   job_11_task_5  job_1_task_3   job_11_task_6  job_3_task_2   job_10_task_4  job_0_task_7   job_4_task_6   job_5_task_6   job_2_task_6   job_6_task_4   job_7_task_6   job_4_task_7   job_9_task_7   job_0_task_8   job_1_task_6   job_11_task_8  job_4_task_8   job_0_task_9   job_8_task_10  job_10_task_8  job_8_task_11  job_0_task_10  job_2_task_10  job_6_task_9   job_6_task_10  job_8_task_12  job_10_task_11 job_6_task_12  job_1_task_11  job_11_task_12 job_5_task_13  job_1_task_13  job_2_task_13  job_4_task_12  job_3_task_13  job_8_task_14  job_9_task_14  job_3_task_15  job_0_task_15  job_7_task_15  
           [0,10]         [10,11]        [11,21]        [21,27]        [27,37]        [37,38]        [38,44]        [44,45]        [45,49]        [49,51]        [51,55]        [55,65]        [65,72]        [72,74]        [74,77]        [77,83]        [83,92]        [92,100]       [100,105]      [105,114]      [114,123]      [123,128]      [128,134]      [134,139]      [139,140]      [140,145]      [145,153]      [153,157]      [157,165]      [165,171]      [171,179]      [179,189]      [189,199]      [199,206]      [206,211]      [211,219]      [219,225]      [225,228]      [228,231]      [231,232]      [232,238]      [238,242]      [242,250]      [250,251]      [251,256]      [256,260]      [260,261]      [261,262]      [262,265]      [265,266]      [266,275]      [275,283]      [283,292]      [292,299]      [299,302]      
Machine 2: job_8_task_0   job_2_task_0   job_2_task_1   job_5_task_1   job_10_task_1  job_4_task_2   job_0_task_2   job_7_task_2   job_9_task_3   job_9_task_5   job_2_task_5   job_0_task_6   job_5_task_5   job_8_task_9   job_3_task_3   job_11_task_7  job_3_task_6   job_10_task_6  job_3_task_9   job_3_task_10  job_5_task_10  job_5_task_11  job_9_task_9   job_1_task_9   job_7_task_10  job_9_task_12  job_2_task_11  job_8_task_13  job_10_task_12 job_7_task_14  job_1_task_12  job_6_task_13  job_6_task_14  job_1_task_14  job_5_task_15  job_10_task_15 
           [0,4]          [4,11]         [11,14]        [14,22]        [22,31]        [31,36]        [36,37]        [37,42]        [51,58]        [61,62]        [65,70]        [70,72]        [76,77]        [97,106]       [106,108]      [108,115]      [116,119]      [123,128]      [128,136]      [136,145]      [151,153]      [153,158]      [168,169]      [186,189]      [193,196]      [209,217]      [228,230]      [238,241]      [242,247]      [247,253]      [253,255]      [255,257]      [257,265]      [265,275]      [275,285]      [289,295]      
Machine 3: job_4_task_0   job_5_task_0   job_0_task_1   job_2_task_2   job_0_task_4   job_7_task_4   job_7_task_5   job_4_task_5   job_1_task_4   job_3_task_4   job_5_task_8   job_6_task_5   job_2_task_7   job_6_task_6   job_9_task_8   job_2_task_8   job_1_task_7   job_7_task_8   job_11_task_9  job_2_task_9   job_9_task_11  job_7_task_11  job_10_task_10 job_7_task_12  job_6_task_11  job_0_task_13  job_2_task_14  job_4_task_13  
           [0,3]          [3,9]          [10,16]        [16,17]        [46,52]        [59,63]        [63,73]        [73,79]        [92,98]        [108,110]      [135,143]      [143,148]      [148,158]      [158,164]      [164,168]      [168,174]      [174,184]      [184,186]      [186,194]      [194,199]      [199,209]      [209,216]      [216,221]      [221,230]      [232,235]      [240,245]      [262,272]      [272,279]      
Machine 4: job_10_task_0  job_7_task_0   job_8_task_2   job_4_task_1   job_2_task_3   job_8_task_4   job_1_task_0   job_0_task_3   job_4_task_3   job_7_task_3   job_6_task_0   job_4_task_4   job_0_task_5   job_3_task_1   job_9_task_6   job_8_task_7   job_6_task_3   job_3_task_5   job_10_task_7  job_5_task_7   job_6_task_7   job_1_task_8   job_11_task_10 job_11_task_11 job_9_task_13  job_3_task_12  job_0_task_11  job_11_task_13 job_6_task_15  job_2_task_15  job_1_task_15  job_8_task_15  job_9_task_15  
           [0,8]          [8,12]         [12,15]        [15,19]        [19,28]        [28,33]        [33,38]        [38,46]        [46,54]        [54,59]        [59,62]        [62,66]        [66,69]        [69,71]        [71,79]        [79,89]        [89,93]        [110,116]      [128,130]      [134,135]      [164,168]      [184,186]      [194,200]      [200,204]      [217,220]      [220,221]      [225,230]      [256,260]      [265,270]      [272,279]      [279,287]      [287,295]      [295,301]      
Optimal Schedule Length: 302.0
Total (Unoptimized Schedule Length): 1041
Statistics
  - conflicts: 0
  - branches : 0
  - wall time: 0.093768497s