
Problem
        task_0   task_1   task_2   task_3   task_4  task_5   task_6   task_7   task_8   task_9  task_10  task_11  task_12  task_13  task_14 task_15  task_16  task_17  task_18  task_19
job_0   (0, 3)  (1, 10)   (2, 7)   (2, 2)   (0, 7)  (0, 8)  (2, 10)   (4, 8)   (1, 5)   (3, 8)   (0, 1)   (4, 6)   (3, 2)   (0, 1)   (1, 8)  (1, 4)   (6, 8)   (2, 3)   (3, 1)   (0, 3)
job_1   (1, 4)   (2, 8)   (1, 7)   (0, 3)   (4, 3)  (1, 8)   (1, 9)   (4, 4)   (1, 9)   (5, 1)   (4, 9)   (1, 6)   (4, 7)  (0, 10)   (5, 1)  (1, 9)   (3, 7)   (5, 1)   (2, 8)   (3, 7)
job_2   (4, 3)   (1, 3)   (2, 7)   (3, 3)   (2, 3)  (5, 4)   (3, 8)   (5, 7)  (0, 10)   (6, 8)   (0, 5)  (2, 10)   (6, 5)   (3, 6)   (2, 2)  (5, 1)   (6, 1)   (5, 2)   (3, 7)   (1, 1)
job_3   (3, 1)   (1, 1)   (5, 3)   (4, 3)  (1, 10)  (0, 9)   (5, 2)   (5, 1)   (0, 4)   (3, 3)   (6, 4)   (0, 5)   (6, 9)   (6, 7)   (6, 9)  (3, 9)   (4, 1)  (3, 10)   (2, 8)   (4, 8)
job_4   (5, 9)   (0, 9)   (1, 1)   (4, 2)   (3, 4)  (0, 4)   (4, 5)   (0, 5)   (5, 1)  (5, 10)   (6, 7)   (6, 2)   (3, 8)  (2, 10)   (3, 9)  (4, 9)   (3, 8)   (2, 4)   (1, 9)   (6, 7)
job_5   (1, 3)   (6, 6)   (2, 7)   (6, 2)   (1, 8)  (0, 8)   (0, 3)   (1, 7)   (0, 1)   (5, 8)  (3, 10)   (3, 3)   (1, 4)   (4, 2)   (1, 3)  (1, 6)   (4, 7)   (6, 5)   (1, 6)  (6, 10)
job_6   (0, 3)   (0, 3)   (2, 1)   (5, 1)   (1, 1)  (4, 4)   (3, 1)   (3, 5)   (3, 2)  (0, 10)   (1, 6)   (6, 2)   (2, 4)   (0, 9)   (1, 8)  (1, 4)   (3, 2)   (4, 3)   (2, 6)   (1, 1)
job_7   (5, 8)   (5, 1)  (0, 10)   (4, 1)   (2, 1)  (1, 9)   (3, 1)   (2, 3)   (6, 2)   (4, 3)   (2, 8)   (1, 9)   (0, 2)   (5, 9)   (4, 1)  (4, 4)   (2, 9)   (4, 3)  (3, 10)   (3, 1)
job_8   (5, 4)   (3, 2)   (1, 2)   (2, 1)   (0, 5)  (3, 5)   (2, 9)   (4, 7)   (5, 1)   (5, 2)   (4, 5)  (1, 10)  (0, 10)   (6, 8)   (6, 9)  (1, 8)  (2, 10)   (3, 8)   (2, 1)   (4, 5)
job_9   (3, 4)   (3, 3)   (6, 4)   (1, 5)   (6, 9)  (4, 3)   (1, 8)   (4, 5)   (0, 8)   (5, 3)   (1, 5)   (5, 9)   (1, 1)   (5, 4)  (5, 10)  (4, 2)   (1, 1)   (6, 6)   (1, 5)   (0, 2)
job_10  (3, 1)   (6, 9)   (4, 8)  (6, 10)  (4, 10)  (3, 3)   (4, 6)   (5, 9)   (4, 8)   (6, 6)   (2, 4)   (0, 4)   (1, 6)   (5, 3)  (1, 10)  (1, 8)   (6, 5)   (0, 7)   (1, 5)   (6, 1)
job_11  (6, 4)   (5, 5)   (5, 3)   (3, 2)   (1, 5)  (2, 5)   (2, 5)   (4, 2)   (4, 4)   (0, 7)   (3, 2)  (1, 10)   (5, 3)   (3, 7)   (6, 2)  (0, 5)  (5, 10)   (4, 3)   (6, 2)   (3, 3)
job_12  (2, 2)   (4, 3)   (0, 6)   (2, 5)  (6, 10)  (6, 4)   (0, 4)  (1, 10)   (0, 6)   (1, 2)   (4, 8)   (5, 9)   (0, 4)   (5, 6)  (0, 10)  (5, 5)   (6, 5)   (3, 5)   (6, 7)   (2, 5)
job_13  (1, 9)   (0, 7)   (0, 8)   (1, 3)   (0, 6)  (0, 1)   (1, 1)   (0, 9)   (5, 4)   (6, 3)   (5, 9)   (4, 1)  (4, 10)   (3, 6)   (1, 5)  (4, 4)   (6, 9)  (3, 10)   (2, 1)   (0, 1)
job_14  (0, 5)   (2, 5)   (2, 5)   (5, 8)   (3, 7)  (3, 7)   (4, 8)   (4, 9)   (3, 9)   (3, 4)   (3, 5)   (3, 6)   (2, 6)   (3, 7)   (3, 6)  (4, 1)   (4, 6)   (1, 9)   (1, 6)   (2, 8)
job_15  (0, 8)   (4, 2)   (1, 7)   (2, 4)   (4, 6)  (1, 2)   (5, 9)   (5, 8)   (2, 7)   (5, 8)   (1, 2)   (2, 6)   (6, 3)   (4, 5)   (4, 9)  (0, 1)   (0, 6)  (2, 10)   (3, 7)  (4, 10)
job_16  (6, 2)   (5, 2)   (6, 2)   (4, 1)   (4, 7)  (6, 7)  (5, 10)   (4, 6)   (2, 8)   (0, 7)   (3, 2)  (4, 10)   (0, 5)   (0, 4)   (0, 6)  (6, 2)  (5, 10)   (2, 4)   (6, 1)   (0, 2)
job_17  (5, 8)   (5, 3)   (2, 2)   (1, 3)   (4, 8)  (4, 8)   (2, 7)   (1, 4)   (3, 3)   (1, 8)   (6, 7)   (0, 4)  (4, 10)  (4, 10)   (6, 6)  (1, 1)   (5, 1)   (3, 6)   (3, 2)   (3, 2)


Solution:
Machine 0: job_14_task_0  job_15_task_0  job_4_task_1   job_12_task_2  job_0_task_0   job_1_task_3   job_13_task_1  job_8_task_4   job_13_task_2  job_4_task_5   job_3_task_5   job_12_task_6  job_4_task_7   job_7_task_2   job_0_task_4   job_5_task_5   job_13_task_4  job_3_task_8   job_6_task_0   job_0_task_5   job_5_task_6   job_13_task_5  job_6_task_1   job_12_task_8  job_13_task_7  job_3_task_11  job_5_task_8   job_2_task_8   job_8_task_12  job_9_task_8   job_11_task_9  job_6_task_9   job_16_task_9  job_10_task_11 job_12_task_12 job_1_task_13  job_17_task_11 job_2_task_10  job_7_task_12  job_0_task_10  job_12_task_14 job_15_task_15 job_16_task_12 job_15_task_16 job_6_task_13  job_16_task_13 job_0_task_13  job_16_task_14 job_11_task_15 job_10_task_17 job_16_task_19 job_13_task_19 job_0_task_19  job_9_task_19  
           [0,5]          [5,13]         [13,22]        [22,28]        [28,31]        [31,34]        [34,41]        [41,46]        [46,54]        [54,58]        [58,67]        [67,71]        [71,76]        [76,86]        [86,93]        [93,101]       [101,107]      [107,111]      [111,114]      [114,122]      [122,125]      [125,126]      [126,129]      [129,135]      [135,144]      [144,149]      [149,150]      [150,160]      [160,170]      [170,178]      [178,185]      [185,195]      [195,202]      [202,206]      [206,210]      [210,220]      [220,224]      [224,229]      [229,231]      [231,232]      [232,242]      [242,243]      [243,248]      [248,254]      [254,263]      [263,267]      [267,268]      [268,274]      [274,279]      [296,303]      [304,306]      [312,313]      [329,332]      [333,335]      
Machine 1: job_1_task_0   job_5_task_0   job_13_task_0  job_1_task_2   job_15_task_2  job_3_task_1   job_8_task_2   job_4_task_2   job_0_task_1   job_2_task_1   job_3_task_4   job_1_task_5   job_15_task_5  job_5_task_4   job_17_task_3  job_1_task_6   job_9_task_3   job_13_task_3  job_12_task_7  job_11_task_4  job_1_task_8   job_7_task_5   job_13_task_6  job_5_task_7   job_9_task_6   job_6_task_4   job_8_task_11  job_12_task_9  job_17_task_7  job_15_task_10 job_1_task_11  job_0_task_8   job_17_task_9  job_9_task_10  job_7_task_11  job_6_task_10  job_5_task_12  job_10_task_12 job_11_task_11 job_10_task_14 job_13_task_14 job_5_task_14  job_5_task_15  job_8_task_15  job_1_task_15  job_9_task_12  job_5_task_18  job_0_task_14  job_10_task_15 job_6_task_14  job_14_task_17 job_0_task_15  job_6_task_15  job_9_task_16  job_4_task_18  job_14_task_18 job_17_task_15 job_9_task_18  job_10_task_18 job_2_task_19  job_6_task_19  
           [0,4]          [4,7]          [7,16]         [16,23]        [23,30]        [30,31]        [31,33]        [33,34]        [34,44]        [44,47]        [47,57]        [57,65]        [65,67]        [67,75]        [75,78]        [78,87]        [87,92]        [92,95]        [95,105]       [105,110]      [110,119]      [119,128]      [128,129]      [129,136]      [136,144]      [144,145]      [145,155]      [155,157]      [157,161]      [161,163]      [163,169]      [169,174]      [174,182]      [182,187]      [187,196]      [196,202]      [202,206]      [206,212]      [212,222]      [222,232]      [232,237]      [237,240]      [240,246]      [246,254]      [254,263]      [263,264]      [264,270]      [270,278]      [278,286]      [286,294]      [294,303]      [303,307]      [307,311]      [311,312]      [312,321]      [321,327]      [327,328]      [328,333]      [333,338]      [338,339]      [339,340]      
Machine 2: job_12_task_0  job_1_task_1   job_14_task_1  job_14_task_2  job_5_task_2   job_12_task_3  job_8_task_3   job_15_task_3  job_17_task_2  job_0_task_2   job_2_task_2   job_8_task_6   job_0_task_3   job_2_task_4   job_15_task_8  job_7_task_4   job_11_task_5  job_11_task_6  job_17_task_6  job_0_task_6   job_7_task_7   job_6_task_2   job_16_task_8  job_4_task_13  job_10_task_10 job_14_task_12 job_15_task_11 job_7_task_10  job_6_task_12  job_2_task_11  job_4_task_17  job_2_task_14  job_15_task_17 job_8_task_16  job_12_task_19 job_7_task_16  job_3_task_18  job_8_task_18  job_16_task_17 job_1_task_18  job_13_task_18 job_0_task_17  job_6_task_18  job_14_task_19 
           [0,2]          [4,12]         [12,17]        [17,22]        [22,29]        [29,34]        [34,35]        [35,39]        [39,41]        [44,51]        [51,58]        [58,67]        [67,69]        [69,72]        [95,102]       [109,110]      [110,115]      [115,120]      [120,127]      [127,137]      [137,140]      [140,141]      [141,149]      [149,159]      [159,163]      [163,169]      [169,175]      [175,183]      [214,218]      [229,239]      [239,243]      [251,253]      [254,264]      [264,274]      [274,279]      [279,288]      [288,296]      [296,297]      [299,303]      [303,311]      [311,312]      [315,318]      [321,327]      [327,335]      
Machine 3: job_10_task_0  job_3_task_0   job_9_task_0   job_9_task_1   job_8_task_1   job_14_task_4  job_14_task_5  job_4_task_4   job_8_task_5   job_10_task_5  job_2_task_3   job_11_task_3  job_2_task_6   job_3_task_9   job_14_task_8  job_14_task_9  job_4_task_12  job_7_task_6   job_14_task_10 job_14_task_11 job_6_task_6   job_6_task_7   job_6_task_8   job_5_task_10  job_17_task_8  job_5_task_11  job_4_task_14  job_14_task_13 job_11_task_10 job_0_task_9   job_14_task_14 job_16_task_10 job_13_task_13 job_3_task_15  job_4_task_16  job_11_task_13 job_0_task_12  job_2_task_13  job_12_task_17 job_2_task_18  job_1_task_16  job_15_task_18 job_3_task_17  job_8_task_17  job_13_task_17 job_7_task_18  job_6_task_16  job_1_task_19  job_11_task_19 job_0_task_18  job_7_task_19  job_17_task_17 job_17_task_18 job_17_task_19 
           [0,1]          [1,2]          [2,6]          [6,9]          [23,25]        [31,38]        [38,45]        [45,49]        [49,54]        [54,57]        [58,61]        [61,63]        [103,111]      [111,114]      [114,123]      [123,127]      [127,135]      [135,136]      [136,141]      [141,147]      [149,150]      [150,155]      [155,157]      [158,168]      [168,171]      [171,174]      [174,183]      [183,190]      [190,192]      [192,200]      [200,206]      [206,208]      [208,214]      [214,223]      [223,231]      [231,238]      [243,245]      [245,251]      [252,257]      [257,264]      [264,271]      [271,278]      [278,288]      [288,296]      [296,306]      [306,316]      [316,318]      [318,325]      [325,328]      [328,329]      [329,330]      [330,336]      [336,338]      [338,340]      
Machine 4: job_2_task_0   job_12_task_1  job_10_task_2  job_15_task_1  job_16_task_3  job_16_task_4  job_10_task_4  job_4_task_3   job_3_task_3   job_1_task_4   job_15_task_4  job_14_task_6  job_4_task_6   job_10_task_6  job_8_task_7   job_17_task_4  job_14_task_7  job_1_task_7   job_17_task_5  job_7_task_3   job_8_task_10  job_9_task_5   job_16_task_7  job_10_task_8  job_1_task_10  job_11_task_7  job_7_task_9   job_6_task_5   job_9_task_7   job_0_task_7   job_12_task_10 job_11_task_8  job_1_task_12  job_15_task_13 job_13_task_11 job_13_task_12 job_15_task_14 job_4_task_15  job_16_task_11 job_17_task_12 job_5_task_13  job_0_task_11  job_14_task_15 job_14_task_16 job_7_task_14  job_5_task_16  job_17_task_13 job_3_task_16  job_7_task_15  job_13_task_15 job_9_task_15  job_15_task_19 job_7_task_17  job_11_task_17 job_3_task_19  job_8_task_19  job_6_task_17  
           [0,3]          [3,6]          [11,19]        [19,21]        [21,22]        [22,29]        [29,39]        [39,41]        [41,44]        [44,47]        [47,53]        [53,61]        [61,66]        [66,72]        [72,79]        [79,87]        [87,96]        [96,100]       [100,108]      [108,109]      [109,114]      [114,117]      [117,123]      [123,131]      [131,140]      [140,142]      [142,145]      [145,149]      [149,154]      [154,162]      [162,170]      [170,174]      [174,181]      [181,186]      [186,187]      [187,197]      [197,206]      [206,215]      [215,225]      [225,235]      [235,237]      [237,243]      [243,244]      [244,250]      [250,251]      [251,258]      [258,268]      [268,269]      [269,273]      [273,277]      [278,280]      [280,290]      [290,293]      [293,296]      [296,304]      [304,309]      [318,321]      
Machine 5: job_4_task_0   job_16_task_1  job_17_task_0  job_8_task_0   job_14_task_3  job_3_task_2   job_17_task_1  job_7_task_0   job_7_task_1   job_11_task_1  job_11_task_2  job_16_task_6  job_15_task_6  job_4_task_8   job_4_task_9   job_15_task_7  job_3_task_6   job_3_task_7   job_8_task_8   job_2_task_5   job_8_task_9   job_10_task_7  job_15_task_9  job_1_task_9   job_2_task_7   job_6_task_3   job_13_task_8  job_5_task_9   job_13_task_10 job_12_task_11 job_9_task_9   job_9_task_11  job_12_task_13 job_10_task_13 job_1_task_14  job_11_task_12 job_7_task_13  job_12_task_15 job_2_task_15  job_2_task_17  job_9_task_13  job_9_task_14  job_1_task_17  job_11_task_16 job_16_task_16 job_17_task_16 
           [0,9]          [9,11]         [11,19]        [19,23]        [23,31]        [31,34]        [34,37]        [37,45]        [45,46]        [46,51]        [51,54]        [56,66]        [67,76]        [76,77]        [77,87]        [87,95]        [95,97]        [97,98]        [98,99]        [99,103]       [103,105]      [105,114]      [114,122]      [122,123]      [123,130]      [141,142]      [144,148]      [150,158]      [161,170]      [170,179]      [179,182]      [187,196]      [210,216]      [216,219]      [220,221]      [222,225]      [231,240]      [242,247]      [253,254]      [255,257]      [264,268]      [268,278]      [278,279]      [279,289]      [289,299]      [328,329]      
Machine 6: job_16_task_0  job_10_task_1  job_5_task_1   job_16_task_2  job_10_task_3  job_11_task_0  job_5_task_3   job_12_task_4  job_12_task_5  job_16_task_5  job_9_task_2   job_4_task_10  job_9_task_4   job_4_task_11  job_3_task_10  job_10_task_9  job_7_task_8   job_3_task_12  job_13_task_9  job_3_task_13  job_2_task_9   job_15_task_12 job_8_task_13  job_17_task_10 job_3_task_14  job_8_task_14  job_6_task_11  job_11_task_14 job_2_task_12  job_12_task_16 job_2_task_16  job_5_task_17  job_12_task_18 job_16_task_15 job_17_task_14 job_13_task_16 job_10_task_16 job_11_task_18 job_16_task_18 job_0_task_16  job_9_task_17  job_4_task_19  job_5_task_19  job_10_task_19 
           [0,2]          [2,11]         [11,17]        [17,19]        [19,29]        [29,33]        [33,35]        [35,45]        [45,49]        [49,56]        [56,60]        [87,94]        [94,103]       [103,105]      [114,118]      [131,137]      [140,142]      [149,158]      [158,161]      [161,168]      [168,176]      [176,179]      [179,187]      [187,194]      [194,203]      [203,212]      [212,214]      [238,240]      [240,245]      [247,252]      [254,255]      [258,263]      [263,270]      [274,276]      [276,282]      [282,291]      [291,296]      [296,298]      [303,304]      [307,315]      [315,321]      [321,328]      [328,338]      [338,339]      
Optimal Schedule Length: 340.0
Total (Unoptimized Schedule Length): 1924
Statistics
  - conflicts: 0
  - branches : 0
  - wall time: 0.7809977680000001s