
Problem
          task_0   task_1    task_2   task_3   task_4   task_5   task_6    task_7    task_8   task_9  task_10  task_11   task_12   task_13   task_14  task_15  task_16  task_17  task_18   task_19
job_0     (3, 3)  (7, 10)   (11, 4)   (5, 9)  (12, 7)   (0, 7)  (15, 5)   (12, 5)   (10, 3)   (4, 8)  (13, 6)  (11, 2)    (9, 6)  (11, 10)    (4, 9)  (14, 9)  (15, 7)   (9, 4)  (11, 9)    (0, 6)
job_1   (11, 10)  (11, 5)  (14, 10)  (11, 6)  (6, 10)   (1, 5)   (6, 5)    (2, 6)    (1, 7)   (7, 9)   (4, 5)   (1, 4)   (8, 10)   (15, 4)    (5, 2)   (1, 9)   (5, 6)   (9, 9)   (8, 8)   (10, 5)
job_2    (4, 10)  (11, 3)    (7, 5)  (14, 9)   (3, 7)   (2, 6)  (10, 8)    (6, 2)    (5, 5)   (8, 1)   (4, 9)   (4, 2)    (9, 4)    (9, 4)  (14, 10)   (7, 9)  (3, 10)   (4, 9)  (12, 6)    (7, 1)
job_3    (12, 9)   (8, 9)   (14, 3)   (5, 8)   (0, 7)   (0, 6)   (2, 5)    (1, 8)    (6, 2)   (2, 5)   (4, 8)  (0, 10)    (4, 3)    (1, 6)    (3, 9)   (5, 4)   (6, 4)   (4, 9)  (13, 1)   (11, 2)
job_4     (3, 4)  (7, 10)    (1, 8)  (15, 7)   (9, 5)   (8, 9)  (13, 9)   (13, 1)    (8, 3)   (0, 7)  (11, 3)  (11, 6)   (6, 10)   (13, 1)    (0, 2)   (4, 4)   (3, 9)   (6, 4)   (6, 4)   (15, 4)
job_5    (12, 5)   (1, 1)    (2, 4)   (8, 7)   (3, 7)  (15, 2)   (1, 1)    (8, 4)  (10, 10)  (14, 4)  (14, 1)  (10, 5)    (3, 2)   (12, 4)  (15, 10)  (11, 5)  (12, 8)   (5, 8)  (13, 1)   (3, 10)
job_6     (6, 8)   (6, 6)   (11, 9)   (3, 5)  (4, 10)  (10, 4)   (6, 2)   (14, 4)    (6, 2)   (1, 1)   (2, 2)   (1, 2)    (5, 1)    (0, 3)   (1, 10)   (5, 9)   (8, 9)  (10, 9)  (14, 1)   (15, 9)
job_7    (14, 3)   (1, 2)   (12, 1)   (8, 1)   (8, 5)  (1, 10)  (11, 4)   (14, 7)    (5, 8)  (10, 6)  (15, 8)   (5, 4)   (15, 8)   (11, 6)   (13, 1)  (12, 8)  (15, 4)  (4, 10)  (12, 8)  (15, 10)
job_8     (2, 4)   (3, 9)   (12, 5)   (7, 9)   (3, 4)  (13, 3)   (6, 5)    (2, 7)   (8, 10)   (2, 2)  (14, 7)  (15, 4)    (2, 1)    (5, 6)    (0, 8)   (4, 5)   (8, 4)  (10, 9)  (15, 3)    (7, 7)
job_9     (4, 4)   (7, 8)    (8, 3)   (7, 2)  (10, 8)  (14, 2)   (0, 2)    (8, 1)    (2, 4)   (4, 9)   (4, 4)  (11, 2)   (4, 10)    (9, 4)    (4, 6)  (8, 10)   (0, 9)   (1, 4)   (9, 6)   (0, 10)
job_10    (0, 6)  (12, 7)   (11, 7)  (10, 7)  (14, 6)  (13, 6)   (3, 8)    (8, 9)   (13, 6)  (8, 10)   (9, 3)  (12, 2)    (8, 9)   (11, 4)   (14, 4)   (5, 4)  (11, 7)   (3, 5)  (13, 4)    (0, 3)
job_11   (10, 5)  (8, 10)    (5, 9)  (15, 1)   (4, 2)   (7, 2)  (10, 5)  (13, 10)   (14, 7)   (4, 2)   (4, 7)   (1, 9)    (8, 6)    (7, 2)   (7, 10)  (15, 8)  (12, 1)   (2, 3)  (14, 2)    (8, 9)
job_12   (15, 6)  (12, 4)  (13, 10)   (7, 8)  (13, 6)   (1, 3)   (6, 2)    (7, 8)    (6, 2)   (0, 5)   (6, 6)   (1, 4)   (14, 7)   (15, 4)    (2, 8)  (15, 6)   (7, 3)   (6, 2)  (6, 10)    (9, 8)
job_13   (13, 6)  (15, 9)    (4, 1)   (6, 2)  (12, 8)  (15, 4)   (5, 6)   (15, 8)   (10, 7)   (0, 1)  (13, 7)  (11, 5)    (5, 2)    (0, 8)    (5, 8)  (11, 9)   (4, 8)   (6, 3)   (5, 3)   (14, 6)
job_14    (3, 7)   (5, 9)    (4, 4)  (15, 1)   (9, 7)  (14, 4)   (2, 6)    (9, 3)    (8, 4)   (0, 9)  (5, 10)  (13, 9)   (3, 10)    (7, 4)    (9, 1)   (9, 1)   (7, 7)   (1, 6)   (8, 4)   (15, 9)
job_15    (8, 2)  (15, 3)    (4, 4)   (9, 1)  (13, 1)   (8, 6)   (6, 1)   (7, 10)    (5, 5)   (4, 4)   (3, 6)   (4, 1)    (6, 2)   (13, 7)   (1, 10)   (6, 5)  (10, 9)   (7, 1)   (4, 6)   (12, 7)
job_16    (9, 4)  (14, 7)   (13, 1)  (15, 6)   (4, 2)  (15, 1)   (3, 4)    (1, 1)   (15, 4)  (12, 3)   (5, 5)   (2, 8)  (13, 10)   (13, 9)    (8, 3)   (4, 5)   (0, 4)  (11, 8)   (7, 1)   (10, 2)
job_17    (0, 6)  (10, 2)    (4, 1)   (0, 9)   (1, 9)   (6, 1)  (10, 3)   (10, 7)    (7, 4)   (4, 5)  (12, 5)   (8, 6)   (15, 1)   (12, 3)    (8, 6)   (8, 4)  (12, 6)   (8, 8)   (9, 1)    (6, 3)


Solution:
Machine 0: job_10_task_0  job_17_task_0  job_17_task_3  job_9_task_6   job_0_task_5   job_3_task_4   job_3_task_5   job_14_task_9  job_13_task_9  job_4_task_9   job_6_task_13  job_12_task_9  job_3_task_11  job_8_task_14  job_9_task_16  job_13_task_13 job_4_task_14  job_16_task_16 job_0_task_19  job_9_task_19  job_10_task_19 
           [0,6]          [6,12]         [15,24]        [34,36]        [50,57]        [58,65]        [65,71]        [71,80]        [80,81]        [93,100]       [100,103]      [104,109]      [109,119]      [119,127]      [127,136]      [137,145]      [152,154]      [164,168]      [172,178]      [180,190]      [190,193]      
Machine 1: job_7_task_1   job_5_task_1   job_17_task_4  job_16_task_7  job_4_task_2   job_5_task_6   job_1_task_5   job_7_task_5   job_1_task_8   job_3_task_7   job_12_task_5  job_6_task_9   job_6_task_11  job_1_task_11  job_6_task_14  job_12_task_11 job_15_task_14 job_14_task_17 job_3_task_13  job_11_task_11 job_1_task_15  job_9_task_17  
           [3,5]          [19,20]        [24,33]        [34,35]        [35,43]        [43,44]        [47,52]        [52,62]        [69,76]        [76,84]        [89,92]        [92,93]        [95,97]        [97,101]       [103,113]      [115,119]      [119,129]      [129,135]      [135,141]      [141,150]      [150,159]      [159,163]      
Machine 2: job_8_task_0   job_5_task_2   job_14_task_6  job_9_task_8   job_16_task_11 job_8_task_7   job_1_task_7   job_3_task_6   job_8_task_9   job_2_task_5   job_3_task_9   job_6_task_10  job_8_task_12  job_12_task_14 job_11_task_17 
           [0,4]          [20,24]        [32,38]        [38,42]        [48,56]        [56,63]        [63,69]        [71,76]        [76,78]        [78,84]        [86,91]        [93,95]        [100,101]      [133,141]      [178,181]      
Machine 3: job_14_task_0  job_0_task_0   job_4_task_0   job_8_task_1   job_6_task_3   job_16_task_6  job_5_task_4   job_8_task_4   job_2_task_4   job_15_task_10 job_10_task_6  job_5_task_12  job_14_task_12 job_3_task_14  job_5_task_19  job_2_task_16  job_4_task_16  job_10_task_17 
           [0,7]          [7,10]         [10,14]        [15,24]        [25,30]        [30,34]        [34,41]        [43,47]        [66,73]        [74,80]        [80,88]        [101,103]      [106,116]      [141,150]      [150,160]      [160,170]      [170,179]      [179,184]      
Machine 4: job_9_task_0   job_2_task_0   job_17_task_2  job_13_task_2  job_14_task_2  job_15_task_2  job_16_task_4  job_6_task_4   job_11_task_4  job_9_task_9   job_9_task_10  job_17_task_9  job_9_task_12  job_15_task_9  job_9_task_14  job_15_task_11 job_11_task_9  job_0_task_9   job_1_task_10  job_3_task_10  job_2_task_10  job_2_task_11  job_0_task_14  job_3_task_12  job_8_task_15  job_11_task_10 job_7_task_17  job_15_task_18 job_4_task_15  job_16_task_15 job_13_task_16 job_2_task_17  job_3_task_17  
           [0,4]          [4,14]         [14,15]        [15,16]        [16,20]        [20,24]        [27,29]        [30,40]        [40,42]        [42,51]        [51,55]        [55,60]        [60,70]        [70,74]        [74,80]        [80,81]        [81,83]        [83,91]        [91,96]        [96,104]       [104,113]      [113,115]      [115,124]      [124,127]      [127,132]      [132,139]      [139,149]      [149,155]      [155,159]      [159,164]      [164,172]      [172,181]      [181,190]      
Machine 5: job_14_task_1  job_11_task_2  job_0_task_3   job_16_task_10 job_3_task_3   job_13_task_6  job_15_task_8  job_7_task_8   job_14_task_10 job_6_task_12  job_2_task_8   job_7_task_11  job_8_task_13  job_6_task_15  job_1_task_14  job_13_task_12 job_5_task_17  job_13_task_14 job_3_task_15  job_1_task_16  job_10_task_15 job_13_task_18 
           [7,16]         [16,25]        [28,37]        [43,48]        [50,58]        [58,64]        [64,69]        [73,81]        [81,91]        [97,98]        [98,103]       [103,107]      [107,113]      [113,122]      [129,131]      [135,137]      [138,146]      [146,154]      [154,158]      [159,165]      [165,169]      [176,179]      
Machine 6: job_6_task_0   job_6_task_1   job_13_task_3  job_17_task_5  job_1_task_4   job_15_task_6  job_8_task_6   job_1_task_6   job_6_task_6   job_3_task_8   job_6_task_8   job_12_task_6  job_15_task_12 job_2_task_7   job_12_task_8  job_12_task_10 job_15_task_15 job_4_task_12  job_12_task_17 job_3_task_16  job_12_task_18 job_13_task_17 job_4_task_17  job_4_task_18  job_17_task_19 
           [0,8]          [8,14]         [16,18]        [33,34]        [37,47]        [47,48]        [50,55]        [55,60]        [60,62]        [84,86]        [89,91]        [92,94]        [94,96]        [96,98]        [102,104]      [109,115]      [129,134]      [141,151]      [157,159]      [159,163]      [163,173]      [173,176]      [179,183]      [183,187]      [187,190]      
Machine 7: job_9_task_1   job_0_task_1   job_9_task_3   job_4_task_1   job_8_task_3   job_11_task_5  job_17_task_8  job_2_task_2   job_15_task_7  job_12_task_3  job_1_task_9   job_12_task_7  job_14_task_13 job_14_task_16 job_15_task_17 job_2_task_15  job_12_task_16 job_11_task_13 job_11_task_14 job_8_task_19  job_16_task_18 job_2_task_19  
           [4,12]         [12,22]        [22,24]        [24,34]        [34,43]        [43,45]        [45,49]        [49,54]        [54,64]        [64,72]        [76,85]        [94,102]       [116,120]      [122,129]      [143,144]      [145,154]      [154,157]      [157,159]      [159,169]      [180,187]      [187,188]      [188,189]      
Machine 8: job_15_task_0  job_11_task_1  job_7_task_3   job_9_task_2   job_7_task_4   job_5_task_3   job_15_task_5  job_9_task_7   job_3_task_1   job_5_task_7   job_14_task_8  job_4_task_5   job_8_task_8   job_17_task_11 job_9_task_15  job_4_task_8   job_17_task_14 job_17_task_15 job_2_task_9   job_10_task_7  job_1_task_12  job_10_task_9  job_8_task_16  job_14_task_18 job_10_task_12 job_11_task_12 job_16_task_14 job_6_task_16  job_17_task_17 job_1_task_18  job_11_task_19 
           [0,2]          [5,15]         [15,16]        [16,19]        [19,24]        [24,31]        [31,37]        [37,38]        [38,47]        [47,51]        [51,55]        [55,64]        [64,74]        [74,80]        [80,90]        [90,93]        [93,99]        [99,103]       [103,104]      [104,113]      [113,123]      [123,133]      [133,137]      [137,141]      [141,150]      [150,156]      [156,159]      [159,168]      [168,176]      [176,184]      [184,193]      
Machine 9: job_16_task_0  job_14_task_4  job_15_task_3  job_14_task_7  job_4_task_4   job_9_task_13  job_0_task_12  job_2_task_12  job_14_task_14 job_14_task_15 job_2_task_13  job_10_task_10 job_0_task_17  job_1_task_17  job_9_task_18  job_17_task_18 job_12_task_19 
           [0,4]          [21,28]        [28,29]        [43,46]        [50,55]        [70,74]        [99,105]       [115,119]      [120,121]      [121,122]      [122,126]      [133,136]      [144,148]      [165,174]      [174,180]      [180,181]      [181,189]      
Machine 10: job_11_task_0  job_17_task_1  job_9_task_4   job_17_task_6  job_17_task_7  job_10_task_3  job_6_task_5   job_11_task_6  job_5_task_8   job_13_task_8  job_0_task_8   job_7_task_9   job_2_task_6   job_5_task_11  job_15_task_16 job_8_task_17  job_6_task_17  job_1_task_19  job_16_task_19 
           [0,5]          [12,14]        [24,32]        [34,37]        [37,44]        [44,51]        [52,56]        [56,61]        [61,71]        [72,79]        [79,82]        [82,88]        [88,96]        [96,101]       [134,143]      [143,152]      [168,177]      [184,189]      [189,191]      
Machine 11: job_1_task_0   job_1_task_1   job_6_task_2   job_0_task_2   job_2_task_1   job_1_task_3   job_10_task_2  job_9_task_11  job_7_task_6   job_0_task_11  job_4_task_10  job_0_task_13  job_7_task_13  job_5_task_15  job_13_task_11 job_4_task_11  job_10_task_13 job_13_task_15 job_0_task_18  job_10_task_16 job_16_task_17 job_3_task_19  
           [0,10]         [10,15]        [15,24]        [24,28]        [28,31]        [31,37]        [37,44]        [55,57]        [62,66]        [97,99]        [100,103]      [105,115]      [115,121]      [125,130]      [130,135]      [135,141]      [150,154]      [154,163]      [163,172]      [172,179]      [179,187]      [191,193]      
Machine 12: job_3_task_0   job_12_task_1  job_7_task_2   job_5_task_0   job_10_task_1  job_8_task_2   job_13_task_4  job_16_task_9  job_0_task_4   job_17_task_10 job_0_task_7   job_17_task_13 job_5_task_13  job_17_task_16 job_7_task_15  job_5_task_16  job_10_task_11 job_7_task_18  job_15_task_19 job_11_task_16 job_2_task_18  
           [0,9]          [9,13]         [13,14]        [14,19]        [19,26]        [27,32]        [32,40]        [40,43]        [43,50]        [60,65]        [65,70]        [81,84]        [103,107]      [107,113]      [122,130]      [130,138]      [138,140]      [149,157]      [157,164]      [177,178]      [181,187]      
Machine 13: job_13_task_0  job_16_task_2  job_12_task_2  job_15_task_4  job_8_task_5   job_10_task_5  job_11_task_7  job_4_task_6   job_4_task_7   job_12_task_4  job_0_task_10  job_14_task_11 job_15_task_13 job_10_task_8  job_7_task_14  job_13_task_10 job_16_task_12 job_16_task_13 job_5_task_18  job_4_task_13  job_10_task_18 job_3_task_18  
           [0,6]          [11,12]        [13,23]        [29,30]        [47,50]        [57,63]        [63,73]        [73,82]        [82,83]        [83,89]        [91,97]        [97,106]       [106,113]      [113,119]      [121,122]      [122,129]      [129,139]      [139,148]      [148,149]      [151,152]      [184,188]      [190,191]      
Machine 14: job_7_task_0   job_16_task_1  job_1_task_2   job_14_task_5  job_9_task_5   job_3_task_2   job_10_task_4  job_2_task_3   job_7_task_7   job_11_task_8  job_5_task_9   job_5_task_10  job_6_task_7   job_8_task_10  job_12_task_12 job_0_task_15  job_2_task_14  job_10_task_14 job_6_task_18  job_11_task_18 job_13_task_19 
           [0,3]          [4,11]         [15,25]        [28,32]        [32,34]        [47,50]        [51,57]        [57,66]        [66,73]        [73,80]        [80,84]        [84,85]        [85,89]        [89,96]        [119,126]      [126,135]      [135,145]      [154,158]      [177,178]      [181,183]      [183,189]      
Machine 15: job_12_task_0  job_13_task_1  job_15_task_1  job_14_task_3  job_16_task_3  job_16_task_5  job_16_task_8  job_11_task_3  job_5_task_5   job_4_task_3   job_13_task_5  job_0_task_6   job_13_task_7  job_17_task_12 job_7_task_10  job_8_task_11  job_7_task_12  job_5_task_14  job_1_task_13  job_12_task_13 job_7_task_16  job_0_task_16  job_12_task_15 job_14_task_19 job_7_task_19  job_11_task_15 job_8_task_18  job_6_task_19  job_4_task_19  
           [0,6]          [6,15]         [15,18]        [20,21]        [21,27]        [29,30]        [35,39]        [39,40]        [41,43]        [43,50]        [50,54]        [57,62]        [64,72]        [80,81]        [88,96]        [96,100]       [107,115]      [115,125]      [125,129]      [129,133]      [133,137]      [137,144]      [144,150]      [150,159]      [159,169]      [169,177]      [177,180]      [180,189]      [189,193]      
Optimal Schedule Length: 193.0
Total (Unoptimized Schedule Length): 1985
Statistics
  - conflicts: 0
  - branches : 0
  - wall time: 3.4860728150000004s