
Problem
          task_0   task_1   task_2    task_3   task_4   task_5   task_6   task_7    task_8   task_9  task_10  task_11  task_12  task_13  task_14  task_15  task_16  task_17
job_0     (2, 2)  (10, 4)   (3, 3)    (7, 5)   (9, 8)   (5, 4)   (2, 8)   (8, 4)    (5, 6)   (0, 8)  (9, 10)   (5, 9)   (2, 4)   (2, 3)   (6, 8)   (9, 1)   (7, 3)   (9, 9)
job_1    (10, 9)   (8, 6)   (6, 2)    (7, 4)   (2, 7)  (10, 4)   (3, 3)  (3, 10)   (10, 1)   (6, 3)   (7, 5)   (8, 5)   (6, 2)   (0, 7)   (6, 3)   (1, 2)   (6, 2)  (10, 2)
job_2     (1, 2)   (1, 5)   (6, 4)    (6, 7)  (10, 2)   (0, 5)   (2, 3)   (5, 5)   (10, 8)   (8, 6)   (4, 9)   (6, 9)   (1, 3)   (9, 9)   (4, 3)   (1, 8)   (1, 3)   (0, 1)
job_3     (4, 4)   (5, 8)   (0, 4)    (6, 7)   (5, 7)   (0, 6)  (8, 10)   (1, 2)  (10, 10)   (0, 4)   (9, 6)   (2, 3)   (2, 7)   (3, 6)   (4, 5)   (1, 5)   (9, 8)   (5, 8)
job_4    (10, 3)   (1, 4)   (6, 8)    (5, 4)   (1, 1)   (5, 4)   (5, 8)   (3, 6)    (4, 1)  (10, 3)   (6, 8)   (4, 8)   (7, 2)  (10, 2)  (9, 10)  (4, 10)   (2, 6)   (9, 7)
job_5     (3, 1)   (2, 7)   (2, 9)    (9, 5)  (1, 10)   (7, 3)   (0, 7)   (9, 5)    (9, 2)  (4, 10)   (4, 1)   (6, 4)  (4, 10)   (6, 2)   (3, 5)   (5, 2)  (10, 9)   (2, 4)
job_6     (7, 5)   (3, 5)   (9, 6)    (1, 6)  (10, 7)   (8, 7)   (9, 8)   (7, 8)   (10, 4)  (3, 10)   (6, 2)   (3, 1)   (5, 8)   (8, 7)   (9, 6)   (0, 6)   (3, 4)   (8, 6)
job_7     (0, 5)   (8, 1)   (2, 6)  (10, 10)  (10, 3)   (6, 8)   (1, 4)   (6, 3)    (4, 1)   (2, 2)   (5, 2)   (0, 3)   (5, 2)  (9, 10)   (1, 6)   (5, 9)   (5, 5)   (4, 9)
job_8   (10, 10)   (5, 2)   (9, 2)    (3, 3)   (9, 7)   (1, 8)   (4, 8)   (6, 8)    (1, 4)   (6, 7)   (9, 2)  (6, 10)   (5, 3)   (1, 6)   (2, 7)   (7, 5)   (6, 2)   (4, 4)
job_9     (8, 3)   (9, 9)  (5, 10)    (7, 2)   (8, 9)  (10, 4)   (0, 2)   (3, 1)    (3, 5)   (8, 3)  (10, 4)   (7, 8)   (2, 1)   (4, 5)   (9, 4)   (2, 5)   (9, 2)   (6, 5)
job_10    (4, 5)   (5, 3)   (4, 9)    (5, 2)   (1, 9)  (10, 3)   (2, 9)   (8, 2)    (3, 4)   (5, 6)   (1, 1)   (7, 4)   (7, 3)   (7, 6)   (9, 5)  (10, 2)   (0, 8)   (9, 5)
job_11    (4, 9)   (7, 5)   (6, 2)    (3, 9)   (4, 9)   (6, 7)   (2, 1)  (9, 10)    (3, 5)   (5, 5)   (5, 8)  (10, 2)   (2, 4)  (10, 2)   (2, 5)   (1, 5)   (0, 7)   (8, 6)
job_12   (10, 3)   (7, 7)   (4, 6)   (9, 10)   (7, 7)   (9, 8)   (7, 7)   (2, 1)    (4, 4)   (8, 9)   (9, 7)   (1, 4)   (9, 8)   (0, 1)   (4, 7)   (3, 8)  (10, 4)   (2, 7)
job_13    (7, 4)  (5, 10)   (3, 6)    (1, 5)   (8, 9)   (4, 4)   (5, 6)   (0, 8)    (8, 1)   (2, 9)   (6, 2)   (9, 1)   (6, 9)   (8, 7)   (6, 4)   (8, 6)   (4, 4)  (10, 5)


Solution:
Machine 0: job_7_task_0   job_3_task_2   job_3_task_5   job_5_task_6   job_2_task_5   job_9_task_6   job_13_task_7  job_7_task_11  job_0_task_9   job_3_task_9   job_12_task_13 job_11_task_16 job_6_task_15  job_10_task_16 job_1_task_13  job_2_task_17  
           [0,5]          [12,16]        [41,47]        [47,54]        [54,59]        [59,61]        [77,85]        [85,88]        [88,96]        [96,100]       [124,125]      [134,141]      [152,158]      [167,175]      [175,182]      [182,183]      
Machine 1: job_2_task_0   job_2_task_1   job_6_task_3   job_4_task_1   job_5_task_4   job_13_task_3  job_4_task_4   job_7_task_6   job_10_task_4  job_3_task_7   job_8_task_5   job_12_task_11 job_7_task_14  job_8_task_8   job_2_task_12  job_10_task_10 job_11_task_15 job_3_task_15  job_8_task_13  job_2_task_15  job_2_task_16  job_1_task_15  
           [0,2]          [2,7]          [18,24]        [24,28]        [28,38]        [42,47]        [48,49]        [60,64]        [66,75]        [75,77]        [81,89]        [90,94]        [100,106]      [111,115]      [122,125]      [127,128]      [129,134]      [134,139]      [155,161]      [162,170]      [170,173]      [187,189]      
Machine 2: job_0_task_0   job_5_task_1   job_5_task_2   job_7_task_2   job_0_task_6   job_11_task_6  job_2_task_6   job_12_task_7  job_1_task_4   job_7_task_9   job_13_task_9  job_10_task_6  job_3_task_11  job_3_task_12  job_11_task_12 job_9_task_12  job_11_task_14 job_0_task_12  job_0_task_13  job_12_task_17 job_4_task_16  job_8_task_14  job_9_task_15  job_5_task_17  
           [0,2]          [2,9]          [9,18]         [18,24]        [52,60]        [60,61]        [61,64]        [64,65]        [69,76]        [76,78]        [89,98]        [98,107]       [107,110]      [110,117]      [117,121]      [121,122]      [124,129]      [136,140]      [140,143]      [151,158]      [159,165]      [165,172]      [172,177]      [179,183]      
Machine 3: job_5_task_0   job_6_task_1   job_0_task_2   job_11_task_3  job_13_task_2  job_9_task_7   job_9_task_8   job_8_task_3   job_4_task_7   job_6_task_9   job_11_task_8  job_6_task_11  job_1_task_6   job_1_task_7   job_10_task_8  job_3_task_13  job_12_task_15 job_5_task_14  job_6_task_16  
           [0,1]          [5,10]         [17,20]        [27,36]        [36,42]        [61,62]        [62,67]        [67,70]        [70,76]        [76,86]        [86,91]        [91,92]        [99,102]       [102,112]      [112,116]      [117,123]      [139,147]      [157,162]      [162,166]      
Machine 4: job_3_task_0   job_11_task_0  job_12_task_2  job_10_task_0  job_11_task_4  job_10_task_2  job_13_task_5  job_12_task_8  job_7_task_8   job_4_task_8   job_5_task_9   job_8_task_6   job_2_task_10  job_4_task_11  job_5_task_10  job_9_task_13  job_3_task_14  job_12_task_14 job_5_task_12  job_4_task_15  job_2_task_14  job_7_task_17  job_13_task_16 job_8_task_17  
           [0,4]          [4,13]         [13,19]        [19,24]        [36,45]        [45,54]        [59,63]        [65,69]        [69,70]        [76,77]        [83,93]        [93,101]       [101,110]      [110,118]      [118,119]      [122,127]      [127,132]      [132,139]      [139,149]      [149,159]      [159,162]      [162,171]      [178,182]      [182,186]      
Machine 5: job_3_task_1   job_9_task_2   job_13_task_1  job_8_task_1   job_3_task_4   job_10_task_1  job_4_task_3   job_0_task_5   job_4_task_5   job_4_task_6   job_10_task_3  job_2_task_7   job_13_task_6  job_0_task_8   job_7_task_10  job_7_task_12  job_11_task_9  job_11_task_10 job_6_task_12  job_7_task_15  job_10_task_9  job_0_task_11  job_7_task_16  job_8_task_12  job_3_task_17  job_5_task_15  
           [4,12]         [12,22]        [22,32]        [32,34]        [34,41]        [41,44]        [44,48]        [48,52]        [52,56]        [56,64]        [64,66]        [66,71]        [71,77]        [77,83]        [83,85]        [88,90]        [91,96]        [96,104]       [104,112]      [112,121]      [121,127]      [127,136]      [136,141]      [152,155]      [160,168]      [168,170]      
Machine 6: job_2_task_2   job_2_task_3   job_3_task_3   job_11_task_2  job_4_task_2   job_11_task_5  job_7_task_5   job_1_task_2   job_7_task_7   job_6_task_10  job_4_task_10  job_8_task_7   job_13_task_10 job_2_task_11  job_8_task_9   job_5_task_11  job_13_task_12 job_8_task_11  job_1_task_9   job_5_task_13  job_0_task_14  job_13_task_14 job_1_task_12  job_8_task_16  job_9_task_17  job_1_task_14  job_1_task_16  
           [7,11]         [11,18]        [18,25]        [25,27]        [28,36]        [45,52]        [52,60]        [60,62]        [64,67]        [86,88]        [95,103]       [103,111]      [111,113]      [113,122]      [122,129]      [129,133]      [133,142]      [142,152]      [152,155]      [155,157]      [157,165]      [165,169]      [169,171]      [177,179]      [179,184]      [184,187]      [189,191]      
Machine 7: job_6_task_0   job_12_task_1  job_13_task_0  job_11_task_1  job_0_task_3   job_9_task_3   job_12_task_4  job_5_task_5   job_12_task_6  job_6_task_7   job_1_task_3   job_9_task_11  job_4_task_12  job_10_task_11 job_10_task_12 job_10_task_13 job_1_task_10  job_8_task_15  job_0_task_16  
           [0,5]          [5,12]         [12,16]        [16,21]        [21,26]        [26,28]        [33,40]        [40,43]        [49,56]        [57,65]        [65,69]        [103,111]      [118,120]      [128,132]      [132,135]      [135,141]      [155,160]      [172,177]      [177,180]      
Machine 8: job_9_task_0   job_7_task_1   job_9_task_4   job_6_task_5   job_1_task_1   job_13_task_4  job_3_task_6   job_0_task_7   job_12_task_9  job_2_task_9   job_13_task_8  job_9_task_9   job_10_task_7  job_6_task_13  job_11_task_17 job_13_task_13 job_1_task_11  job_6_task_17  job_13_task_15 
           [0,3]          [5,6]          [28,37]        [37,44]        [44,50]        [50,59]        [59,69]        [69,73]        [73,82]        [82,88]        [88,89]        [89,92]        [107,109]      [112,119]      [141,147]      [147,154]      [160,165]      [166,172]      [172,178]      
Machine 9: job_9_task_1   job_6_task_2   job_5_task_3   job_12_task_3  job_0_task_4   job_12_task_5  job_6_task_6   job_5_task_7   job_8_task_2   job_11_task_7  job_8_task_4   job_5_task_8   job_12_task_10 job_7_task_13  job_3_task_10  job_0_task_10  job_12_task_12 job_13_task_11 job_4_task_14  job_8_task_10  job_2_task_13  job_6_task_14  job_3_task_16  job_10_task_14 job_9_task_14  job_4_task_17  job_0_task_15  job_9_task_16  job_10_task_17 job_0_task_17  
           [3,12]         [12,18]        [18,23]        [23,33]        [33,41]        [41,49]        [49,57]        [57,62]        [62,64]        [64,74]        [74,81]        [81,83]        [83,90]        [90,100]       [100,106]      [106,116]      [116,124]      [124,125]      [125,135]      [135,137]      [137,146]      [146,152]      [152,160]      [160,165]      [165,169]      [169,176]      [176,177]      [177,179]      [179,184]      [184,193]      
Machine 10: job_12_task_0  job_8_task_0   job_0_task_1   job_4_task_0   job_1_task_0   job_6_task_4   job_7_task_3   job_2_task_4   job_7_task_4   job_9_task_5   job_6_task_8   job_2_task_8   job_3_task_8   job_10_task_5  job_4_task_9   job_1_task_5   job_9_task_10  job_11_task_11 job_1_task_8   job_4_task_13  job_11_task_13 job_12_task_16 job_10_task_15 job_5_task_16  job_13_task_17 job_1_task_17  
           [0,3]          [3,13]         [13,17]        [17,20]        [20,29]        [29,36]        [36,46]        [46,48]        [48,51]        [51,55]        [65,69]        [71,79]        [79,89]        [89,92]        [92,95]        [95,99]        [99,103]       [104,106]      [112,113]      [120,122]      [122,124]      [147,151]      [165,167]      [170,179]      [182,187]      [191,193]      
Optimal Schedule Length: 193.0
Total (Unoptimized Schedule Length): 1339
Statistics
  - conflicts: 0
  - branches : 0
  - wall time: 0.08353073600000001s