
Problem
         task_0   task_1   task_2  task_3   task_4  task_5   task_6   task_7   task_8  task_9 task_10  task_11  task_12  task_13  task_14  task_15  task_16  task_17
job_0    (2, 9)   (0, 3)   (1, 2)  (1, 6)   (1, 1)  (1, 2)   (0, 5)   (2, 6)   (2, 3)  (1, 2)  (0, 9)   (0, 8)   (2, 2)   (3, 7)   (1, 3)   (2, 6)   (1, 1)  (0, 10)
job_1    (0, 5)   (1, 5)   (2, 2)  (0, 4)   (2, 8)  (0, 1)   (2, 2)   (2, 9)  (1, 10)  (2, 8)  (1, 7)   (2, 7)   (3, 4)  (1, 10)   (3, 5)  (0, 10)  (2, 10)   (1, 6)
job_2    (0, 3)   (3, 8)   (2, 4)  (0, 3)   (0, 6)  (1, 5)   (0, 6)   (3, 9)   (0, 6)  (2, 7)  (0, 5)   (2, 4)   (3, 6)  (3, 10)   (0, 1)  (1, 10)  (2, 10)   (2, 7)
job_3    (0, 2)   (3, 5)   (3, 9)  (3, 5)   (0, 5)  (0, 4)   (3, 6)  (0, 10)   (2, 6)  (2, 8)  (0, 3)   (3, 4)   (0, 7)   (2, 9)   (1, 3)   (1, 7)   (3, 7)   (1, 3)
job_4   (1, 10)   (0, 8)   (2, 9)  (3, 6)   (3, 7)  (1, 1)   (0, 2)   (2, 8)   (0, 5)  (3, 6)  (3, 1)   (3, 1)   (2, 2)   (1, 3)   (0, 7)   (2, 9)   (3, 6)   (2, 5)
job_5    (0, 8)   (3, 6)   (1, 5)  (0, 6)  (2, 10)  (1, 9)   (1, 8)   (2, 2)   (3, 6)  (2, 9)  (2, 7)   (0, 1)   (2, 8)   (2, 4)   (0, 7)   (2, 8)   (3, 2)  (3, 10)
job_6    (0, 5)   (0, 5)   (1, 8)  (1, 2)   (2, 3)  (2, 8)  (1, 10)   (2, 3)   (1, 2)  (3, 5)  (1, 4)  (1, 10)   (0, 9)  (3, 10)   (3, 8)   (1, 1)   (3, 2)   (3, 5)
job_7    (0, 7)   (3, 1)   (2, 9)  (0, 8)   (2, 9)  (0, 1)   (1, 1)   (2, 4)   (3, 3)  (0, 5)  (0, 9)   (0, 4)   (3, 3)   (0, 9)   (3, 5)   (3, 6)   (1, 4)   (2, 4)
job_8    (2, 5)   (2, 3)   (3, 1)  (2, 2)   (1, 5)  (3, 8)   (3, 4)   (0, 6)   (3, 5)  (1, 4)  (3, 4)   (0, 6)  (1, 10)   (2, 3)   (0, 6)  (0, 10)   (0, 7)   (0, 5)
job_9    (0, 5)   (2, 1)   (0, 3)  (2, 9)   (2, 8)  (0, 2)   (1, 3)   (3, 4)   (0, 8)  (1, 1)  (1, 5)   (2, 6)   (0, 2)   (1, 6)   (0, 7)   (0, 2)   (0, 2)  (0, 10)
job_10   (1, 7)  (3, 10)  (0, 10)  (0, 9)   (2, 2)  (1, 5)   (0, 9)   (2, 3)   (3, 1)  (3, 7)  (3, 9)   (1, 2)   (0, 7)   (0, 8)  (3, 10)   (0, 5)   (1, 6)   (1, 9)


Solution:
Machine 0: job_5_task_0   job_1_task_0   job_2_task_0   job_3_task_0   job_10_task_2  job_1_task_3   job_6_task_0   job_5_task_3   job_2_task_3   job_6_task_1   job_2_task_4   job_7_task_0   job_10_task_3  job_1_task_5   job_4_task_1   job_9_task_0   job_3_task_4   job_2_task_6   job_9_task_2   job_3_task_5   job_0_task_1   job_10_task_6  job_7_task_3   job_3_task_7   job_8_task_7   job_2_task_8   job_0_task_6   job_7_task_5   job_9_task_5   job_4_task_6   job_2_task_10  job_9_task_8   job_8_task_11  job_7_task_9   job_10_task_12 job_7_task_10  job_4_task_8   job_0_task_10  job_3_task_10  job_10_task_13 job_5_task_11  job_0_task_11  job_3_task_12  job_7_task_11  job_6_task_12  job_9_task_12  job_2_task_14  job_8_task_14  job_7_task_13  job_5_task_14  job_4_task_14  job_1_task_15  job_8_task_15  job_9_task_14  job_10_task_15 job_9_task_15  job_9_task_16  job_8_task_16  job_9_task_17  job_0_task_17  job_8_task_17  
           [0,8]          [8,13]         [13,16]        [16,18]        [18,28]        [28,32]        [32,37]        [37,43]        [43,46]        [46,51]        [51,57]        [57,64]        [64,73]        [73,74]        [74,82]        [82,87]        [87,92]        [92,98]        [98,101]       [101,105]      [105,108]      [108,117]      [117,125]      [125,135]      [135,141]      [141,147]      [147,152]      [152,153]      [153,155]      [155,157]      [157,162]      [162,170]      [170,176]      [176,181]      [181,188]      [188,197]      [197,202]      [202,211]      [211,214]      [214,222]      [222,223]      [223,231]      [231,238]      [238,242]      [242,251]      [251,253]      [253,254]      [254,260]      [260,269]      [269,276]      [276,283]      [283,293]      [293,303]      [303,310]      [310,315]      [315,317]      [317,319]      [319,326]      [326,336]      [336,346]      [346,351]      
Machine 1: job_10_task_0  job_4_task_0   job_1_task_1   job_5_task_2   job_6_task_2   job_2_task_5   job_8_task_4   job_6_task_3   job_5_task_5   job_5_task_6   job_10_task_5  job_1_task_8   job_0_task_2   job_0_task_3   job_6_task_6   job_0_task_4   job_0_task_5   job_1_task_10  job_4_task_5   job_10_task_11 job_8_task_9   job_7_task_6   job_9_task_6   job_6_task_8   job_6_task_10  job_6_task_11  job_9_task_9   job_8_task_12  job_9_task_10  job_0_task_9   job_1_task_13  job_4_task_13  job_9_task_13  job_2_task_15  job_3_task_14  job_0_task_14  job_3_task_15  job_6_task_15  job_7_task_16  job_3_task_17  job_0_task_16  job_1_task_17  job_10_task_16 job_10_task_17 
           [0,7]          [7,17]         [17,22]        [23,28]        [51,59]        [59,64]        [64,69]        [69,71]        [71,80]        [80,88]        [88,93]        [93,103]       [108,110]      [110,116]      [116,126]      [126,127]      [127,129]      [129,136]      [136,137]      [143,145]      [148,152]      [153,154]      [155,158]      [158,160]      [167,171]      [171,181]      [181,182]      [182,192]      [192,197]      [200,202]      [202,212]      [235,238]      [253,259]      [259,269]      [269,272]      [272,275]      [275,282]      [282,283]      [286,290]      [293,296]      [302,303]      [312,318]      [318,324]      [324,333]      
Machine 2: job_8_task_0   job_8_task_1   job_0_task_0   job_1_task_2   job_2_task_2   job_1_task_4   job_5_task_4   job_8_task_3   job_7_task_2   job_1_task_6   job_1_task_7   job_10_task_4  job_6_task_4   job_9_task_1   job_4_task_2   job_6_task_5   job_9_task_3   job_10_task_7  job_1_task_9   job_7_task_4   job_9_task_4   job_5_task_7   job_2_task_9   job_6_task_7   job_0_task_7   job_3_task_8   job_7_task_7   job_5_task_9   job_4_task_7   job_1_task_11  job_0_task_8   job_3_task_9   job_2_task_11  job_5_task_10  job_9_task_11  job_5_task_12  job_4_task_12  job_8_task_13  job_5_task_13  job_0_task_12  job_3_task_13  job_2_task_16  job_5_task_15  job_4_task_15  job_0_task_15  job_1_task_16  job_2_task_17  job_4_task_17  job_7_task_17  
           [0,5]          [5,8]          [8,17]         [22,24]        [31,35]        [35,43]        [43,53]        [53,55]        [65,74]        [74,76]        [76,85]        [85,87]        [87,90]        [90,91]        [91,100]       [100,108]      [108,117]      [117,120]      [120,128]      [128,137]      [137,145]      [145,147]      [147,154]      [154,157]      [157,163]      [163,169]      [169,173]      [173,182]      [182,190]      [190,197]      [197,200]      [200,208]      [208,212]      [212,219]      [219,225]      [225,233]      [233,235]      [235,238]      [238,242]      [242,244]      [244,253]      [269,279]      [279,287]      [287,296]      [296,302]      [302,312]      [312,319]      [319,324]      [324,328]      
Machine 3: job_10_task_1  job_5_task_1   job_2_task_1   job_3_task_1   job_3_task_2   job_3_task_3   job_8_task_2   job_7_task_1   job_8_task_5   job_8_task_6   job_2_task_7   job_3_task_6   job_4_task_3   job_4_task_4   job_10_task_8  job_10_task_9  job_10_task_10 job_8_task_8   job_5_task_8   job_8_task_10  job_9_task_7   job_6_task_9   job_7_task_8   job_1_task_12  job_4_task_9   job_4_task_10  job_4_task_11  job_2_task_12  job_3_task_11  job_2_task_13  job_1_task_14  job_10_task_14 job_7_task_12  job_0_task_13  job_6_task_13  job_6_task_14  job_7_task_14  job_7_task_15  job_3_task_16  job_5_task_16  job_5_task_17  job_4_task_16  job_6_task_16  job_6_task_17  
           [7,17]         [17,23]        [23,31]        [31,36]        [36,45]        [45,50]        [50,51]        [64,65]        [69,77]        [77,81]        [98,107]       [107,113]      [113,119]      [119,126]      [126,127]      [127,134]      [134,143]      [143,148]      [148,154]      [154,158]      [158,162]      [162,167]      [173,176]      [197,201]      [202,208]      [208,209]      [209,210]      [212,218]      [218,222]      [222,232]      [232,237]      [237,247]      [247,250]      [250,257]      [257,267]      [267,275]      [275,280]      [280,286]      [286,293]      [293,295]      [295,305]      [305,311]      [311,313]      [313,318]      
Optimal Schedule Length: 351.0
Total (Unoptimized Schedule Length): 1112
Statistics
  - conflicts: 0
  - branches : 0
  - wall time: 0.07322869400000001s