
Problem
         task_0  task_1   task_2   task_3   task_4   task_5   task_6   task_7  task_8   task_9  task_10  task_11 task_12  task_13
job_0    (3, 4)  (0, 3)   (1, 2)   (0, 3)   (2, 7)   (2, 3)   (2, 2)   (2, 9)  (3, 7)   (1, 9)   (3, 8)   (3, 5)  (0, 5)   (1, 8)
job_1    (1, 1)  (2, 8)   (1, 3)   (3, 8)   (1, 2)   (0, 7)   (0, 3)   (0, 3)  (3, 5)   (1, 9)   (0, 7)   (1, 8)  (2, 6)   (0, 9)
job_2    (1, 4)  (0, 3)  (3, 10)   (2, 1)   (0, 8)   (1, 8)   (1, 8)   (1, 5)  (0, 2)   (0, 4)   (0, 6)   (2, 2)  (0, 9)   (2, 2)
job_3   (1, 10)  (1, 2)   (2, 4)   (2, 3)  (0, 10)   (1, 5)   (1, 4)   (0, 1)  (2, 7)   (3, 2)   (0, 1)   (3, 2)  (2, 2)  (2, 10)
job_4    (3, 6)  (2, 1)   (3, 9)   (2, 2)  (3, 10)   (1, 7)   (1, 4)   (0, 2)  (3, 6)  (1, 10)   (0, 7)   (2, 5)  (1, 4)   (3, 1)
job_5    (3, 7)  (2, 2)   (2, 1)  (2, 10)   (0, 4)   (3, 1)   (1, 6)  (2, 10)  (1, 9)   (0, 7)   (0, 2)   (0, 7)  (3, 9)   (3, 1)
job_6    (2, 2)  (1, 7)   (3, 6)  (1, 10)   (1, 6)   (3, 1)   (1, 3)   (1, 5)  (2, 5)   (2, 4)   (2, 3)  (3, 10)  (1, 4)   (0, 8)
job_7    (3, 7)  (3, 6)   (0, 2)   (3, 4)   (3, 6)   (3, 6)   (3, 5)   (3, 7)  (2, 1)   (2, 8)   (0, 1)   (3, 7)  (2, 1)   (3, 7)
job_8    (2, 7)  (1, 4)   (2, 3)   (1, 5)   (2, 2)   (1, 7)   (2, 7)  (3, 10)  (2, 2)   (2, 9)   (3, 2)   (0, 8)  (1, 2)   (3, 9)
job_9    (2, 2)  (3, 5)   (1, 1)   (1, 5)   (2, 2)   (0, 9)   (3, 9)  (2, 10)  (2, 1)   (2, 5)   (2, 7)  (0, 10)  (3, 4)   (2, 2)
job_10   (0, 6)  (1, 9)  (2, 10)   (1, 7)  (0, 10)  (1, 10)   (1, 4)   (3, 8)  (2, 1)   (1, 3)   (1, 4)   (1, 4)  (0, 3)   (1, 9)
job_11   (2, 2)  (0, 1)   (0, 6)   (0, 7)   (0, 3)   (2, 7)   (2, 5)   (1, 4)  (2, 8)  (3, 10)   (1, 9)   (1, 1)  (0, 8)   (2, 5)
job_12   (3, 9)  (2, 4)   (0, 4)  (1, 10)   (3, 6)   (1, 6)   (0, 9)   (3, 2)  (1, 9)   (3, 6)   (3, 9)   (1, 2)  (0, 2)   (0, 4)
job_13   (3, 9)  (2, 6)  (2, 10)  (1, 10)   (2, 7)   (1, 5)   (2, 3)   (2, 8)  (3, 7)   (2, 7)   (3, 1)   (2, 3)  (3, 2)   (3, 4)
job_14   (0, 1)  (1, 9)  (3, 10)   (3, 1)   (3, 6)   (3, 5)   (3, 4)   (2, 3)  (2, 7)   (1, 3)   (0, 2)   (3, 9)  (1, 9)   (2, 8)
job_15  (0, 10)  (0, 7)   (0, 4)   (3, 4)   (3, 9)   (1, 3)  (2, 10)   (0, 4)  (2, 9)   (3, 8)  (0, 10)   (0, 2)  (1, 4)   (3, 7)
job_16   (2, 3)  (1, 7)   (2, 5)   (3, 5)   (1, 4)   (0, 6)   (2, 3)   (2, 5)  (2, 8)   (3, 4)   (3, 9)   (1, 9)  (0, 5)   (3, 2)


Solution:
Machine 0: job_15_task_0  job_10_task_0  job_15_task_1  job_14_task_0  job_11_task_1  job_15_task_2  job_11_task_2  job_0_task_1   job_12_task_2  job_2_task_1   job_11_task_3  job_11_task_4  job_0_task_3   job_5_task_4   job_10_task_4  job_1_task_5   job_9_task_5   job_7_task_2   job_2_task_4   job_16_task_5  job_1_task_6   job_1_task_7   job_15_task_7  job_3_task_4   job_12_task_6  job_4_task_7   job_1_task_10  job_5_task_9   job_5_task_10  job_5_task_11  job_15_task_10 job_14_task_10 job_3_task_7   job_2_task_8   job_2_task_9   job_2_task_10  job_4_task_10  job_7_task_10  job_9_task_11  job_15_task_11 job_1_task_13  job_2_task_12  job_8_task_11  job_3_task_10  job_0_task_12  job_11_task_12 job_10_task_12 job_6_task_13  job_16_task_12 job_12_task_12 job_12_task_13 
           [0,10]         [10,16]        [16,23]        [23,24]        [24,25]        [25,29]        [29,35]        [35,38]        [38,42]        [42,45]        [45,52]        [52,55]        [56,59]        [71,75]        [84,94]        [94,101]       [101,110]      [110,112]      [112,120]      [120,126]      [126,129]      [129,132]      [132,136]      [140,150]      [155,164]      [181,183]      [195,202]      [225,232]      [232,234]      [234,241]      [241,251]      [251,253]      [253,254]      [254,256]      [256,260]      [260,266]      [266,273]      [273,274]      [274,284]      [284,286]      [286,295]      [295,304]      [304,312]      [312,313]      [313,318]      [318,326]      [326,329]      [329,337]      [337,342]      [342,344]      [344,348]      
Machine 1: job_1_task_0   job_2_task_0   job_3_task_0   job_1_task_2   job_10_task_1  job_14_task_1  job_6_task_1   job_16_task_1  job_8_task_1   job_0_task_2   job_9_task_2   job_12_task_3  job_9_task_3   job_8_task_3   job_10_task_3  job_1_task_4   job_13_task_3  job_6_task_3   job_15_task_5  job_8_task_5   job_16_task_4  job_3_task_1   job_6_task_4   job_2_task_5   job_4_task_5   job_5_task_6   job_12_task_5  job_10_task_5  job_11_task_7  job_13_task_5  job_6_task_6   job_4_task_6   job_6_task_7   job_1_task_9   job_2_task_6   job_10_task_6  job_0_task_9   job_5_task_8   job_3_task_5   job_12_task_8  job_14_task_9  job_2_task_7   job_3_task_6   job_4_task_9   job_10_task_9  job_1_task_11  job_11_task_10 job_10_task_10 job_14_task_12 job_10_task_11 job_16_task_11 job_11_task_11 job_6_task_12  job_8_task_12  job_15_task_12 job_12_task_11 job_0_task_13  job_4_task_12  job_10_task_13 
           [0,1]          [1,5]          [5,15]         [15,18]        [18,27]        [27,36]        [36,43]        [43,50]        [50,54]        [54,56]        [56,57]        [57,67]        [67,72]        [72,77]        [77,84]        [84,86]        [86,96]        [96,106]       [106,109]      [109,116]      [116,120]      [120,122]      [122,128]      [128,136]      [136,143]      [143,149]      [149,155]      [155,165]      [165,169]      [169,174]      [174,177]      [177,181]      [181,186]      [186,195]      [195,203]      [203,207]      [207,216]      [216,225]      [225,230]      [230,239]      [239,242]      [242,247]      [247,251]      [251,261]      [261,264]      [264,272]      [272,281]      [281,285]      [285,294]      [294,298]      [298,307]      [307,308]      [308,312]      [312,314]      [314,318]      [318,320]      [320,328]      [328,332]      [332,341]      
Machine 2: job_8_task_0   job_1_task_1   job_11_task_0  job_16_task_0  job_6_task_0   job_12_task_1  job_13_task_1  job_10_task_2  job_9_task_0   job_5_task_1   job_4_task_1   job_5_task_2   job_13_task_2  job_8_task_2   job_5_task_3   job_16_task_2  job_0_task_4   job_9_task_4   job_4_task_3   job_8_task_4   job_11_task_5  job_0_task_5   job_0_task_6   job_0_task_7   job_2_task_3   job_15_task_6  job_11_task_6  job_3_task_2   job_8_task_6   job_3_task_3   job_13_task_4  job_16_task_6  job_5_task_7   job_16_task_7  job_15_task_8  job_14_task_7  job_11_task_8  job_9_task_7   job_14_task_8  job_16_task_8  job_13_task_6  job_6_task_8   job_8_task_8   job_13_task_7  job_8_task_9   job_9_task_8   job_6_task_9   job_9_task_9   job_7_task_8   job_6_task_10  job_10_task_8  job_7_task_9   job_3_task_8   job_9_task_10  job_1_task_12  job_13_task_9  job_2_task_11  job_4_task_11  job_14_task_13 job_2_task_13  job_7_task_12  job_3_task_12  job_3_task_13  job_13_task_11 job_11_task_13 job_9_task_13  
           [0,7]          [7,15]         [15,17]        [17,20]        [20,22]        [22,26]        [26,32]        [32,42]        [42,44]        [44,46]        [46,47]        [47,48]        [48,58]        [58,61]        [61,71]        [71,76]        [76,83]        [83,85]        [85,87]        [87,89]        [89,96]        [96,99]        [99,101]       [101,110]      [110,111]      [111,121]      [121,126]      [126,130]      [130,137]      [137,140]      [140,147]      [147,150]      [150,160]      [160,165]      [165,174]      [174,177]      [177,185]      [185,195]      [195,202]      [202,210]      [210,213]      [213,218]      [218,220]      [220,228]      [228,237]      [237,238]      [238,242]      [242,247]      [247,248]      [248,251]      [251,252]      [252,260]      [260,267]      [267,274]      [274,280]      [280,287]      [287,289]      [289,294]      [294,302]      [304,306]      [319,320]      [321,323]      [323,333]      [333,336]      [336,341]      [360,362]      
Machine 3: job_12_task_0  job_13_task_0  job_5_task_0   job_0_task_0   job_4_task_0   job_15_task_3  job_7_task_0   job_9_task_1   job_1_task_3   job_4_task_2   job_14_task_2  job_15_task_4  job_6_task_2   job_2_task_2   job_7_task_1   job_16_task_3  job_14_task_3  job_14_task_4  job_4_task_4   job_12_task_4  job_7_task_3   job_5_task_5   job_14_task_5  job_7_task_4   job_9_task_6   job_14_task_6  job_1_task_8   job_6_task_5   job_7_task_5   job_0_task_8   job_8_task_7   job_7_task_6   job_12_task_7  job_4_task_8   job_11_task_9  job_7_task_7   job_10_task_7  job_15_task_9  job_16_task_9  job_0_task_10  job_14_task_11 job_16_task_10 job_13_task_8  job_12_task_9  job_6_task_11  job_8_task_10  job_0_task_11  job_3_task_9   job_12_task_10 job_7_task_11  job_3_task_11  job_13_task_10 job_5_task_12  job_8_task_13  job_7_task_13  job_15_task_13 job_13_task_12 job_9_task_12  job_13_task_13 job_16_task_13 job_5_task_13  job_4_task_13  
           [0,9]          [9,18]         [18,25]        [25,29]        [29,35]        [35,39]        [39,46]        [46,51]        [51,59]        [59,68]        [68,78]        [78,87]        [87,93]        [93,103]       [103,109]      [109,114]      [114,115]      [115,121]      [121,131]      [131,137]      [137,141]      [141,142]      [142,147]      [147,153]      [153,162]      [162,166]      [166,171]      [171,172]      [172,178]      [178,185]      [185,195]      [195,200]      [200,202]      [202,208]      [208,218]      [218,225]      [225,233]      [233,241]      [241,245]      [245,253]      [253,262]      [262,271]      [271,278]      [278,284]      [284,294]      [294,296]      [296,301]      [301,303]      [303,312]      [312,319]      [319,321]      [321,322]      [322,331]      [331,340]      [340,347]      [347,354]      [354,356]      [356,360]      [360,364]      [364,366]      [366,367]      [367,368]      
Optimal Schedule Length: 368.0
Total (Unoptimized Schedule Length): 1301
Statistics
  - conflicts: 1
  - branches : 239
  - wall time: 0.05673550300000001s