
Problem
        task_0   task_1   task_2   task_3   task_4   task_5   task_6  task_7   task_8   task_9  task_10  task_11  task_12  task_13  task_14
job_0   (1, 9)   (3, 1)   (2, 3)   (4, 8)   (5, 7)   (0, 3)   (5, 2)  (2, 6)  (6, 10)   (2, 3)   (0, 6)   (4, 3)   (6, 4)   (1, 1)   (0, 2)
job_1   (1, 4)   (7, 9)   (3, 3)   (3, 1)   (7, 8)   (7, 9)   (5, 4)  (7, 7)   (1, 9)   (6, 5)   (0, 3)   (0, 7)   (7, 9)  (3, 10)   (3, 8)
job_2   (7, 8)   (4, 2)   (5, 7)   (6, 4)   (1, 5)   (5, 5)   (1, 6)  (4, 4)   (7, 5)  (4, 10)   (3, 4)   (2, 7)   (4, 8)   (2, 6)   (7, 1)
job_3   (2, 7)   (3, 9)   (7, 7)   (7, 2)  (2, 10)  (5, 10)   (2, 9)  (4, 2)   (5, 9)   (7, 6)   (1, 4)   (2, 8)   (4, 6)   (2, 4)   (0, 6)
job_4   (1, 9)   (7, 3)   (5, 9)   (4, 6)  (6, 10)   (7, 7)   (7, 9)  (5, 6)   (1, 5)   (0, 1)   (6, 7)   (7, 6)   (1, 8)   (1, 7)   (3, 5)
job_5   (0, 4)   (6, 2)   (2, 8)   (3, 6)   (7, 3)   (5, 9)  (0, 10)  (0, 3)  (5, 10)   (3, 8)   (3, 6)  (3, 10)  (4, 10)   (7, 6)   (7, 9)
job_6   (6, 4)   (0, 3)   (6, 3)   (4, 5)   (5, 2)  (2, 10)   (0, 5)  (1, 8)   (1, 6)   (3, 8)  (5, 10)   (7, 8)   (2, 6)   (0, 5)   (7, 7)
job_7   (2, 3)   (3, 2)   (0, 9)   (6, 3)   (6, 4)   (7, 1)   (4, 5)  (2, 5)   (0, 1)   (2, 8)   (0, 8)   (7, 5)   (2, 2)   (6, 1)   (7, 6)
job_8   (0, 8)   (0, 4)  (3, 10)  (0, 10)   (5, 6)   (2, 5)  (5, 10)  (6, 3)   (0, 1)  (2, 10)   (3, 9)   (5, 2)   (7, 8)   (6, 3)   (4, 2)
job_9   (6, 6)   (0, 5)   (1, 3)   (6, 7)   (3, 8)   (0, 5)   (7, 3)  (6, 5)   (5, 6)   (3, 3)   (4, 8)   (3, 3)   (5, 3)   (3, 2)   (4, 4)
job_10  (6, 1)   (2, 5)   (5, 4)   (0, 4)   (3, 3)  (0, 10)   (5, 1)  (1, 1)   (3, 9)   (6, 8)   (6, 6)   (2, 7)   (5, 9)   (4, 9)   (0, 5)
job_11  (1, 4)   (4, 6)   (1, 5)   (0, 1)   (7, 6)   (5, 1)  (0, 10)  (6, 5)   (4, 4)   (5, 1)   (6, 6)   (3, 1)   (1, 7)   (3, 4)   (6, 7)
job_12  (4, 4)  (4, 10)   (0, 8)  (4, 10)   (0, 2)   (3, 8)   (5, 4)  (0, 4)   (2, 8)   (1, 8)   (1, 4)   (6, 4)   (7, 6)   (5, 4)   (6, 9)
job_13  (7, 2)   (3, 4)   (5, 4)   (1, 4)   (4, 5)   (0, 9)   (7, 1)  (0, 5)   (0, 8)   (4, 1)   (2, 8)   (2, 4)   (5, 1)   (3, 4)   (2, 5)
job_14  (2, 9)   (7, 9)   (2, 2)   (3, 5)   (6, 5)   (3, 5)   (0, 1)  (6, 3)   (4, 6)   (3, 7)   (3, 6)   (7, 3)   (4, 6)   (7, 4)   (6, 6)
job_15  (6, 6)   (7, 8)   (3, 6)   (3, 6)   (5, 4)   (3, 1)  (7, 10)  (7, 3)   (0, 1)   (7, 9)   (1, 9)   (2, 1)   (4, 6)   (4, 1)   (7, 3)
job_16  (7, 8)   (6, 4)   (7, 4)   (1, 5)   (0, 8)   (1, 6)   (6, 9)  (5, 5)   (4, 8)   (0, 3)   (4, 2)   (0, 8)   (3, 9)  (7, 10)  (0, 10)
job_17  (2, 3)   (6, 9)   (5, 8)   (3, 5)   (6, 6)   (2, 2)   (3, 9)  (7, 3)   (5, 4)   (5, 6)   (1, 5)   (7, 8)   (5, 7)   (2, 5)   (5, 3)
job_18  (6, 1)   (0, 6)   (7, 5)  (7, 10)   (1, 6)   (3, 2)   (4, 5)  (1, 5)   (5, 3)   (1, 2)   (3, 5)   (4, 1)   (7, 1)   (0, 3)   (0, 8)
job_19  (0, 5)   (1, 4)  (5, 10)   (6, 7)   (7, 9)   (7, 3)   (5, 2)  (3, 8)   (5, 6)   (7, 4)   (1, 1)   (0, 7)   (4, 4)   (1, 9)   (3, 5)


Solution:
Machine 0: job_5_task_0   job_8_task_0   job_6_task_1   job_19_task_0  job_8_task_1   job_12_task_2  job_10_task_3  job_8_task_3   job_16_task_4  job_5_task_6   job_9_task_1   job_10_task_5  job_6_task_6   job_5_task_7   job_18_task_1  job_12_task_4  job_7_task_2   job_11_task_3  job_9_task_5   job_12_task_7  job_13_task_5  job_16_task_9  job_1_task_10  job_16_task_11 job_11_task_6  job_14_task_6  job_0_task_5   job_13_task_7  job_8_task_8   job_4_task_9   job_1_task_11  job_7_task_8   job_13_task_8  job_15_task_8  job_19_task_11 job_7_task_10  job_0_task_10  job_6_task_13  job_16_task_14 job_3_task_14  job_10_task_14 job_0_task_14  job_18_task_13 job_18_task_14 
           [0,4]          [4,12]         [12,15]        [15,20]        [20,24]        [24,32]        [32,36]        [36,46]        [46,54]        [54,64]        [64,69]        [69,79]        [79,84]        [84,87]        [87,93]        [93,95]        [95,104]       [104,105]      [105,110]      [116,120]      [120,129]      [129,132]      [132,135]      [135,143]      [143,153]      [153,154]      [154,157]      [157,162]      [162,163]      [163,164]      [164,171]      [171,172]      [172,180]      [180,181]      [181,188]      [188,196]      [211,217]      [217,222]      [222,232]      [232,238]      [238,243]      [249,251]      [251,254]      [254,262]      
Machine 1: job_4_task_0   job_1_task_0   job_11_task_0  job_0_task_0   job_19_task_1  job_11_task_2  job_16_task_3  job_2_task_4   job_16_task_5  job_9_task_2   job_6_task_7   job_6_task_8   job_1_task_8   job_13_task_3  job_10_task_7  job_2_task_6   job_12_task_9  job_18_task_4  job_12_task_10 job_4_task_8   job_3_task_10  job_19_task_10 job_18_task_7  job_17_task_10 job_15_task_10 job_18_task_9  job_4_task_12  job_19_task_13 job_11_task_12 job_4_task_13  job_0_task_13  
           [0,9]          [9,13]         [13,17]        [17,26]        [26,30]        [30,35]        [35,40]        [40,45]        [54,60]        [69,72]        [84,92]        [92,98]        [98,107]       [107,111]      [111,112]      [112,118]      [128,136]      [136,142]      [142,146]      [146,151]      [165,169]      [172,173]      [173,178]      [183,188]      [190,199]      [199,201]      [201,209]      [209,218]      [218,225]      [225,232]      [248,249]      
Machine 2: job_3_task_0   job_5_task_2   job_17_task_0  job_10_task_1  job_14_task_0  job_7_task_0   job_0_task_2   job_6_task_5   job_3_task_4   job_14_task_2  job_3_task_6   job_8_task_5   job_17_task_5  job_12_task_8  job_7_task_7   job_10_task_11 job_0_task_7   job_8_task_9   job_7_task_9   job_3_task_11  job_13_task_10 job_2_task_11  job_0_task_9   job_6_task_12  job_13_task_11 job_15_task_11 job_3_task_13  job_17_task_13 job_2_task_13  job_13_task_14 job_7_task_12  
           [0,7]          [7,15]         [15,18]        [18,23]        [23,32]        [32,35]        [44,47]        [49,59]        [59,69]        [78,80]        [81,90]        [90,95]        [95,97]        [120,128]      [142,147]      [147,154]      [161,167]      [167,177]      [177,185]      [185,193]      [193,201]      [201,208]      [208,211]      [211,217]      [217,221]      [221,222]      [222,226]      [226,231]      [231,237]      [240,245]      [245,247]      
Machine 3: job_3_task_1   job_5_task_3   job_8_task_2   job_1_task_2   job_1_task_3   job_10_task_4  job_7_task_1   job_0_task_1   job_17_task_3  job_15_task_2  job_15_task_3  job_13_task_1  job_14_task_3  job_9_task_4   job_12_task_5  job_17_task_6  job_10_task_8  job_5_task_9   job_14_task_5  job_15_task_5  job_6_task_9   job_19_task_7  job_5_task_10  job_18_task_5  job_5_task_11  job_14_task_9  job_16_task_12 job_2_task_10  job_14_task_10 job_8_task_10  job_9_task_9   job_11_task_11 job_18_task_10 job_1_task_13  job_9_task_11  job_11_task_13 job_13_task_13 job_1_task_14  job_9_task_13  job_19_task_14 job_4_task_14  
           [7,16]         [16,22]        [24,34]        [34,37]        [37,38]        [38,41]        [41,43]        [43,44]        [67,72]        [72,78]        [78,84]        [84,88]        [88,93]        [93,101]       [101,109]      [109,118]      [118,127]      [127,135]      [135,140]      [140,141]      [141,149]      [149,157]      [157,163]      [163,165]      [165,175]      [175,182]      [182,191]      [191,195]      [195,201]      [201,210]      [210,213]      [213,214]      [214,219]      [219,229]      [229,232]      [232,236]      [236,240]      [240,248]      [248,250]      [250,255]      [255,260]      
Machine 4: job_12_task_0  job_12_task_1  job_2_task_1   job_11_task_1  job_6_task_3   job_12_task_3  job_4_task_3   job_0_task_3   job_3_task_7   job_13_task_4  job_16_task_8  job_2_task_7   job_16_task_10 job_7_task_6   job_2_task_9   job_11_task_8  job_14_task_8  job_18_task_6  job_5_task_12  job_13_task_9  job_19_task_12 job_3_task_12  job_10_task_13 job_2_task_12  job_9_task_10  job_14_task_12 job_18_task_11 job_0_task_11  job_15_task_12 job_15_task_13 job_9_task_14  job_8_task_14  
           [0,4]          [4,14]         [16,18]        [18,24]        [24,29]        [32,42]        [42,48]        [48,56]        [90,92]        [111,116]      [116,124]      [124,128]      [132,134]      [137,142]      [145,155]      [158,162]      [162,168]      [168,173]      [175,185]      [185,186]      [188,192]      [193,199]      [202,211]      [211,219]      [219,227]      [227,233]      [233,234]      [234,237]      [237,243]      [243,244]      [250,254]      [265,267]      
Machine 5: job_2_task_2   job_10_task_2  job_4_task_2   job_5_task_5   job_6_task_4   job_19_task_2  job_17_task_2  job_1_task_6   job_3_task_5   job_8_task_4   job_5_task_8   job_13_task_2  job_2_task_5   job_10_task_6  job_16_task_7  job_12_task_6  job_15_task_4  job_8_task_6   job_0_task_4   job_11_task_5  job_19_task_6  job_4_task_7   job_3_task_8   job_17_task_8  job_0_task_6   job_19_task_8  job_6_task_10  job_17_task_9  job_9_task_8   job_11_task_9  job_18_task_8  job_10_task_12 job_8_task_11  job_17_task_12 job_13_task_12 job_12_task_13 job_9_task_12  job_17_task_14 
           [18,25]        [25,29]        [29,38]        [38,47]        [47,49]        [49,59]        [59,67]        [67,71]        [71,81]        [81,87]        [87,97]        [97,101]       [101,106]      [106,107]      [107,112]      [112,116]      [116,120]      [120,130]      [130,137]      [137,138]      [138,140]      [140,146]      [146,155]      [155,159]      [159,161]      [161,167]      [167,177]      [177,183]      [183,189]      [189,190]      [190,193]      [193,202]      [210,212]      [212,219]      [221,222]      [231,235]      [235,238]      [238,241]      
Machine 6: job_6_task_0   job_5_task_1   job_10_task_0  job_15_task_0  job_16_task_1  job_6_task_2   job_17_task_1  job_9_task_0   job_2_task_3   job_18_task_0  job_4_task_4   job_19_task_3  job_16_task_6  job_17_task_4  job_9_task_3   job_14_task_4  job_7_task_3   job_7_task_4   job_1_task_9   job_10_task_9  job_8_task_7   job_10_task_10 job_12_task_11 job_11_task_7  job_14_task_7  job_9_task_7   job_4_task_10  job_0_task_8   job_11_task_10 job_12_task_14 job_0_task_12  job_7_task_13  job_11_task_14 job_14_task_14 job_8_task_13  
           [0,4]          [4,6]          [6,7]          [7,13]         [13,17]        [17,20]        [20,29]        [29,35]        [35,39]        [39,40]        [48,58]        [59,66]        [66,75]        [75,81]        [81,88]        [93,98]        [104,107]      [107,111]      [111,116]      [127,135]      [135,138]      [138,144]      [146,150]      [153,158]      [158,161]      [161,166]      [166,173]      [173,183]      [190,196]      [235,244]      [244,248]      [248,249]      [249,256]      [256,262]      [262,265]      
Machine 7: job_16_task_0  job_2_task_0   job_1_task_1   job_4_task_1   job_16_task_2  job_5_task_4   job_3_task_2   job_1_task_4   job_3_task_3   job_1_task_5   job_15_task_1  job_14_task_1  job_13_task_0  job_4_task_5   job_1_task_7   job_19_task_4  job_18_task_2  job_4_task_6   job_11_task_4  job_18_task_3  job_19_task_5  job_7_task_5   job_17_task_7  job_2_task_8   job_15_task_6  job_13_task_6  job_9_task_6   job_3_task_9   job_15_task_7  job_19_task_9  job_1_task_12  job_15_task_9  job_4_task_11  job_6_task_11  job_17_task_11 job_16_task_13 job_14_task_11 job_12_task_12 job_5_task_13  job_7_task_11  job_8_task_12  job_18_task_12 job_14_task_13 job_5_task_14  job_6_task_14  job_7_task_14  job_15_task_14 job_2_task_14  
           [0,8]          [8,16]         [16,25]        [25,28]        [28,32]        [32,35]        [35,42]        [42,50]        [50,52]        [52,61]        [61,69]        [69,78]        [78,80]        [80,87]        [87,94]        [94,103]       [103,108]      [108,117]      [117,123]      [123,133]      [133,136]      [136,137]      [137,140]      [140,145]      [145,155]      [155,156]      [156,159]      [159,165]      [165,168]      [168,172]      [172,181]      [181,190]      [190,196]      [196,204]      [204,212]      [212,222]      [222,225]      [225,231]      [231,237]      [237,242]      [242,250]      [250,251]      [251,255]      [255,264]      [264,271]      [271,277]      [277,280]      [280,281]      
Optimal Schedule Length: 281.0
Total (Unoptimized Schedule Length): 1650
Statistics
  - conflicts: 1
  - branches : 301
  - wall time: 0.131932624s