
Problem
        task_0   task_1   task_2   task_3   task_4   task_5   task_6   task_7   task_8   task_9  task_10  task_11  task_12  task_13 task_14  task_15  task_16  task_17
job_0   (6, 5)   (6, 5)   (5, 6)   (1, 6)   (0, 1)   (1, 3)   (1, 3)   (5, 3)   (3, 1)   (0, 1)   (2, 3)   (4, 1)   (1, 8)   (3, 4)  (3, 4)   (5, 6)  (7, 10)   (0, 5)
job_1   (2, 5)   (3, 2)   (1, 6)   (4, 2)   (2, 6)   (7, 3)   (0, 8)   (5, 5)   (1, 4)   (1, 7)   (0, 2)   (7, 1)   (6, 6)   (3, 2)  (3, 2)   (4, 3)   (6, 6)   (4, 3)
job_2   (3, 7)   (6, 4)   (1, 1)   (1, 7)   (4, 4)   (5, 7)   (7, 2)  (5, 10)   (6, 4)   (5, 2)   (2, 8)   (0, 9)   (6, 8)   (4, 1)  (3, 9)   (4, 7)   (4, 5)  (6, 10)
job_3   (5, 1)   (0, 5)   (0, 4)   (7, 1)   (7, 8)   (3, 7)   (7, 8)   (3, 3)   (2, 7)   (4, 4)  (1, 10)   (2, 1)   (6, 2)  (7, 10)  (6, 8)  (1, 10)   (1, 4)   (3, 7)
job_4   (0, 7)   (6, 8)   (7, 9)   (5, 4)  (3, 10)   (7, 7)  (7, 10)   (0, 6)   (2, 9)   (4, 3)   (0, 7)   (5, 5)   (7, 1)   (7, 5)  (3, 7)   (3, 9)   (2, 1)   (6, 6)
job_5   (6, 9)   (2, 6)   (4, 4)   (5, 6)   (2, 2)   (5, 9)   (3, 9)   (4, 1)  (1, 10)   (4, 1)   (3, 8)  (5, 10)   (7, 3)   (1, 1)  (3, 2)   (0, 5)   (7, 7)   (3, 5)
job_6   (1, 8)   (2, 1)   (3, 3)   (6, 6)  (3, 10)   (0, 5)   (6, 6)   (0, 1)   (1, 9)   (3, 5)   (3, 6)   (5, 4)   (1, 4)   (0, 3)  (1, 5)   (3, 1)   (7, 5)   (5, 5)
job_7   (7, 4)   (0, 5)   (0, 2)   (4, 3)   (1, 5)   (5, 6)  (3, 10)  (4, 10)   (0, 1)   (4, 8)   (3, 3)   (1, 1)   (3, 9)  (4, 10)  (7, 2)   (1, 4)   (3, 8)   (3, 9)
job_8   (5, 8)   (2, 7)   (1, 8)   (4, 4)   (2, 1)   (4, 2)   (4, 7)   (0, 4)  (5, 10)   (0, 2)   (3, 7)   (0, 5)   (1, 2)  (4, 10)  (6, 9)   (7, 9)   (6, 4)   (1, 6)
job_9   (6, 5)   (6, 6)   (6, 4)   (2, 9)   (5, 1)  (7, 10)   (4, 7)   (5, 7)   (1, 9)  (4, 10)   (5, 1)  (5, 10)   (0, 4)   (6, 9)  (5, 8)  (0, 10)   (2, 3)   (5, 2)
job_10  (6, 9)  (3, 10)  (5, 10)   (4, 2)  (2, 10)   (6, 4)   (7, 3)   (2, 3)  (1, 10)   (3, 4)   (0, 5)   (1, 2)  (3, 10)   (3, 8)  (4, 4)   (6, 1)   (7, 3)   (7, 5)
job_11  (7, 4)   (5, 6)   (7, 2)   (0, 4)   (4, 1)   (1, 5)   (3, 9)   (6, 8)   (0, 6)   (3, 9)   (6, 5)   (1, 6)   (1, 4)   (3, 7)  (2, 2)   (3, 5)   (5, 2)   (0, 6)
job_12  (2, 7)   (5, 5)  (1, 10)   (2, 8)   (3, 7)   (6, 7)   (7, 7)   (7, 1)   (0, 1)   (2, 2)   (5, 2)   (6, 2)   (1, 5)   (5, 2)  (1, 1)   (2, 7)   (6, 9)   (2, 9)
job_13  (1, 6)   (4, 6)   (7, 5)   (2, 3)   (2, 9)   (3, 7)   (6, 4)  (7, 10)   (6, 1)   (6, 5)   (5, 9)   (4, 9)   (6, 2)   (5, 3)  (7, 4)   (7, 5)   (7, 1)   (6, 2)
job_14  (2, 5)   (4, 3)   (7, 2)   (0, 4)   (3, 2)   (6, 3)   (4, 4)   (6, 1)   (6, 9)   (5, 5)   (3, 9)   (5, 5)   (7, 9)   (0, 3)  (4, 7)   (0, 7)   (2, 3)  (3, 10)
job_15  (7, 8)   (1, 5)   (0, 1)   (4, 2)   (1, 6)   (7, 1)   (2, 2)   (4, 3)   (4, 5)   (5, 5)   (7, 2)   (4, 6)   (0, 8)   (7, 9)  (2, 4)   (2, 3)   (7, 6)   (0, 3)
job_16  (3, 9)   (7, 6)  (3, 10)  (3, 10)  (3, 10)   (2, 8)   (0, 8)   (1, 6)   (3, 9)   (3, 5)   (7, 3)   (6, 1)   (0, 8)   (0, 1)  (2, 7)   (6, 6)   (2, 6)  (1, 10)
job_17  (4, 3)   (6, 8)   (7, 1)  (6, 10)   (5, 6)   (4, 5)   (1, 7)   (4, 4)   (2, 2)   (3, 1)  (3, 10)   (6, 4)   (7, 8)   (2, 8)  (3, 7)   (6, 7)   (0, 3)   (6, 8)
job_18  (3, 2)   (0, 7)   (7, 2)   (2, 5)   (5, 2)   (7, 7)   (5, 5)   (4, 5)   (1, 6)   (6, 8)   (0, 6)   (4, 7)   (0, 9)   (1, 4)  (3, 8)   (1, 9)   (1, 4)   (5, 6)


Solution:
Machine 0: job_4_task_0   job_3_task_1   job_3_task_2   job_18_task_1  job_7_task_1   job_7_task_2   job_15_task_2  job_8_task_7   job_14_task_3  job_11_task_3  job_16_task_6  job_4_task_7   job_7_task_8   job_18_task_10 job_6_task_5   job_11_task_8  job_6_task_7   job_8_task_9   job_0_task_4   job_1_task_6   job_2_task_11  job_4_task_10  job_12_task_8  job_18_task_12 job_8_task_11  job_9_task_12  job_15_task_12 job_0_task_9   job_16_task_12 job_10_task_10 job_16_task_13 job_14_task_13 job_1_task_10  job_9_task_15  job_14_task_15 job_6_task_13  job_15_task_17 job_17_task_16 job_0_task_17  job_5_task_15  job_11_task_17 
           [0,7]          [7,12]         [12,16]        [16,23]        [23,28]        [28,30]        [30,31]        [49,53]        [62,66]        [66,70]        [70,78]        [97,103]       [103,104]      [106,112]      [112,117]      [118,124]      [124,125]      [127,129]      [129,130]      [141,149]      [149,158]      [158,165]      [165,166]      [166,175]      [175,180]      [180,184]      [184,192]      [192,193]      [193,201]      [201,206]      [206,207]      [207,210]      [210,212]      [212,222]      [222,229]      [232,235]      [235,238]      [272,275]      [275,280]      [289,294]      [317,323]      
Machine 1: job_6_task_0   job_13_task_0  job_15_task_1  job_8_task_2   job_12_task_2  job_7_task_4   job_2_task_2   job_2_task_3   job_15_task_4  job_11_task_5  job_16_task_7  job_17_task_6  job_18_task_8  job_9_task_8   job_10_task_8  job_1_task_2   job_0_task_3   job_6_task_8   job_0_task_5   job_5_task_8   job_3_task_10  job_0_task_6   job_1_task_8   job_1_task_9   job_18_task_13 job_12_task_12 job_7_task_11  job_8_task_12  job_12_task_14 job_3_task_15  job_0_task_12  job_10_task_11 job_11_task_11 job_11_task_12 job_3_task_16  job_7_task_15  job_6_task_12  job_5_task_13  job_16_task_17 job_6_task_14  job_8_task_17  job_18_task_15 job_18_task_16 
           [0,8]          [8,14]         [14,19]        [20,28]        [28,38]        [38,43]        [44,45]        [45,52]        [52,58]        [71,76]        [78,84]        [84,91]        [92,98]        [98,107]       [107,117]      [117,123]      [123,129]      [129,138]      [138,141]      [141,151]      [151,161]      [161,164]      [164,168]      [168,175]      [175,179]      [179,184]      [184,185]      [185,187]      [187,188]      [189,199]      [199,207]      [207,209]      [209,215]      [215,219]      [219,223]      [224,228]      [228,232]      [232,233]      [233,243]      [243,248]      [248,254]      [254,263]      [263,267]      
Machine 2: job_12_task_0  job_14_task_0  job_6_task_1   job_8_task_1   job_1_task_0   job_9_task_3   job_18_task_3  job_8_task_4   job_12_task_3  job_5_task_1   job_16_task_5  job_13_task_3  job_10_task_4  job_5_task_4   job_13_task_4  job_15_task_6  job_10_task_7  job_4_task_8   job_17_task_8  job_3_task_8   job_1_task_4   job_2_task_10  job_3_task_11  job_12_task_9  job_17_task_13 job_12_task_15 job_0_task_10  job_16_task_14 job_15_task_14 job_15_task_15 job_9_task_16  job_16_task_16 job_14_task_16 job_12_task_17 job_11_task_14 job_4_task_16  
           [0,7]          [7,12]         [12,13]        [13,20]        [20,25]        [25,34]        [34,39]        [39,40]        [40,48]        [53,59]        [61,69]        [69,72]        [72,82]        [82,84]        [84,93]        [93,95]        [100,103]      [103,112]      [112,114]      [114,121]      [129,135]      [135,143]      [161,162]      [166,168]      [169,177]      [188,195]      [195,198]      [207,214]      [214,218]      [218,221]      [222,225]      [225,231]      [231,234]      [234,243]      [279,281]      [308,309]      
Machine 3: job_16_task_0  job_18_task_0  job_2_task_0   job_6_task_2   job_16_task_2  job_16_task_3  job_10_task_1  job_16_task_4  job_4_task_4   job_3_task_5   job_14_task_4  job_7_task_6   job_11_task_6  job_6_task_4   job_1_task_1   job_3_task_7   job_12_task_4  job_13_task_5  job_5_task_6   job_17_task_9  job_16_task_8  job_17_task_10 job_14_task_10 job_8_task_10  job_16_task_9  job_7_task_10  job_11_task_9  job_0_task_8   job_10_task_9  job_7_task_12  job_5_task_10  job_6_task_9   job_6_task_10  job_2_task_14  job_10_task_12 job_0_task_13  job_18_task_14 job_0_task_14  job_17_task_14 job_4_task_14  job_11_task_13 job_10_task_13 job_5_task_14  job_7_task_16  job_1_task_13  job_4_task_15  job_1_task_14  job_11_task_15 job_6_task_15  job_14_task_17 job_7_task_17  job_3_task_17  job_5_task_17  
           [0,9]          [9,11]         [11,18]        [18,21]        [21,31]        [31,41]        [41,51]        [51,61]        [61,71]        [71,78]        [78,80]        [80,90]        [90,99]        [99,109]       [109,111]      [111,114]      [114,121]      [121,128]      [128,137]      [137,138]      [138,147]      [147,157]      [157,166]      [166,173]      [173,178]      [178,181]      [181,190]      [190,191]      [191,195]      [195,204]      [204,212]      [212,217]      [217,223]      [223,232]      [232,242]      [242,246]      [246,254]      [254,258]      [258,265]      [265,272]      [272,279]      [279,287]      [287,289]      [289,297]      [297,299]      [299,308]      [308,310]      [310,315]      [315,316]      [316,326]      [326,335]      [335,342]      [342,347]      
Machine 4: job_17_task_0  job_14_task_1  job_13_task_1  job_8_task_3   job_7_task_3   job_15_task_3  job_8_task_5   job_8_task_6   job_2_task_4   job_9_task_6   job_5_task_2   job_10_task_3  job_11_task_4  job_17_task_5  job_14_task_6  job_18_task_7  job_7_task_7   job_17_task_7  job_15_task_7  job_9_task_9   job_7_task_9   job_1_task_3   job_3_task_9   job_15_task_8  job_5_task_7   job_18_task_11 job_4_task_9   job_5_task_9   job_15_task_11 job_13_task_11 job_2_task_13  job_8_task_13  job_0_task_11  job_7_task_13  job_14_task_14 job_2_task_15  job_2_task_16  job_10_task_14 job_1_task_15  job_1_task_17  
           [0,3]          [12,15]        [15,21]        [28,32]        [32,35]        [35,37]        [40,42]        [42,49]        [52,56]        [56,63]        [63,67]        [67,69]        [70,71]        [74,79]        [83,87]        [87,92]        [92,102]       [102,106]      [106,109]      [109,119]      [119,127]      [127,129]      [129,133]      [133,138]      [138,139]      [139,146]      [146,149]      [151,152]      [154,160]      [166,175]      [175,176]      [187,197]      [198,199]      [204,214]      [214,221]      [232,239]      [239,244]      [287,291]      [310,313]      [321,324]      
Machine 5: job_3_task_0   job_8_task_0   job_11_task_1  job_12_task_1  job_4_task_3   job_9_task_4   job_18_task_4  job_7_task_5   job_10_task_2  job_2_task_5   job_17_task_4  job_5_task_3   job_18_task_6  job_9_task_7   job_2_task_7   job_5_task_5   job_0_task_2   job_8_task_8   job_2_task_9   job_14_task_9  job_9_task_10  job_9_task_11  job_15_task_9  job_1_task_7   job_13_task_10 job_0_task_7   job_14_task_11 job_12_task_10 job_4_task_11  job_13_task_13 job_12_task_13 job_9_task_14  job_5_task_11  job_6_task_11  job_9_task_17  job_0_task_15  job_18_task_17 job_11_task_16 job_6_task_17  
           [0,1]          [1,9]          [9,15]         [15,20]        [31,35]        [35,36]        [39,41]        [43,49]        [51,61]        [61,68]        [68,74]        [74,80]        [80,85]        [85,92]        [92,102]       [102,111]      [111,117]      [117,127]      [127,129]      [129,134]      [134,135]      [135,145]      [145,150]      [150,155]      [157,166]      [166,169]      [169,174]      [174,176]      [176,181]      [181,184]      [184,186]      [204,212]      [212,222]      [223,227]      [227,229]      [258,264]      [267,273]      [315,317]      [321,326]      
Machine 6: job_9_task_0   job_9_task_1   job_4_task_1   job_9_task_2   job_10_task_0  job_17_task_1  job_2_task_1   job_5_task_0   job_17_task_3  job_0_task_0   job_6_task_3   job_0_task_1   job_14_task_5  job_10_task_5  job_14_task_7  job_14_task_8  job_18_task_9  job_2_task_8   job_11_task_7  job_6_task_6   job_12_task_5  job_13_task_6  job_13_task_8  job_13_task_9  job_17_task_11 job_2_task_12  job_3_task_12  job_13_task_12 job_12_task_11 job_3_task_14  job_16_task_11 job_11_task_10 job_9_task_13  job_8_task_14  job_1_task_12  job_16_task_15 job_12_task_16 job_8_task_16  job_13_task_17 job_2_task_17  job_17_task_15 job_17_task_17 job_10_task_15 job_4_task_17  job_1_task_16  
           [0,5]          [5,11]         [11,19]        [19,23]        [23,32]        [32,40]        [40,44]        [44,53]        [53,63]        [63,68]        [68,74]        [74,79]        [80,83]        [83,87]        [87,88]        [88,97]        [98,106]       [106,110]      [110,118]      [118,124]      [124,131]      [131,135]      [151,152]      [152,157]      [157,161]      [161,169]      [169,171]      [175,177]      [177,179]      [181,189]      [189,190]      [190,195]      [195,204]      [204,213]      [213,219]      [219,225]      [225,234]      [234,238]      [239,241]      [244,254]      [265,272]      [275,283]      [291,292]      [309,315]      [315,321]      
Machine 7: job_11_task_0  job_15_task_0  job_16_task_1  job_7_task_0   job_4_task_2   job_18_task_2  job_3_task_3   job_3_task_4   job_17_task_2  job_9_task_5   job_18_task_5  job_14_task_2  job_11_task_2  job_13_task_2  job_15_task_5  job_2_task_6   job_4_task_5   job_3_task_6   job_4_task_6   job_10_task_6  job_12_task_6  job_1_task_5   job_13_task_7  job_12_task_7  job_15_task_10 job_17_task_12 job_3_task_13  job_16_task_10 job_14_task_12 job_4_task_12  job_4_task_13  job_15_task_13 job_13_task_14 job_1_task_11  job_8_task_15  job_7_task_14  job_5_task_12  job_15_task_16 job_13_task_15 job_13_task_16 job_0_task_16  job_10_task_16 job_5_task_16  job_10_task_17 job_6_task_16  
           [0,4]          [4,12]         [12,18]        [18,22]        [22,31]        [31,33]        [33,34]        [34,42]        [42,43]        [43,53]        [53,60]        [60,62]        [62,64]        [64,69]        [69,70]        [70,72]        [72,79]        [79,87]        [87,97]        [97,100]       [131,138]      [138,141]      [141,151]      [151,152]      [152,154]      [161,169]      [171,181]      [181,184]      [184,193]      [193,194]      [194,199]      [199,208]      [208,212]      [212,213]      [213,222]      [222,224]      [224,227]      [227,233]      [233,238]      [238,239]      [264,274]      [292,295]      [295,302]      [302,307]      [316,321]      
Optimal Schedule Length: 347.0
Total (Unoptimized Schedule Length): 1846
Statistics
  - conflicts: 0
  - branches : 0
  - wall time: 0.332461341s