
Problem
         task_0    task_1    task_2   task_3    task_4    task_5   task_6    task_7   task_8    task_9  task_10   task_11   task_12   task_13   task_14
job_0   (9, 10)   (10, 3)    (2, 4)   (2, 5)   (13, 7)    (7, 4)  (9, 10)    (5, 8)  (10, 8)   (12, 8)  (14, 9)   (16, 4)   (10, 1)    (9, 7)    (8, 3)
job_1    (9, 5)    (6, 4)    (8, 2)   (2, 6)    (1, 4)    (5, 1)  (14, 3)  (18, 10)  (16, 5)   (18, 1)  (18, 3)   (10, 9)    (4, 8)    (3, 5)   (17, 5)
job_2   (16, 8)   (16, 4)    (0, 4)  (11, 7)   (13, 3)    (1, 2)  (18, 1)   (16, 6)  (15, 4)   (2, 10)  (15, 1)    (8, 1)    (3, 1)    (9, 3)   (11, 7)
job_3    (7, 4)    (8, 6)    (6, 4)  (9, 10)  (10, 10)   (10, 2)  (11, 4)   (13, 4)   (4, 4)   (13, 9)  (12, 9)  (10, 10)   (13, 5)   (13, 7)    (5, 3)
job_4    (6, 6)    (4, 9)   (18, 5)  (14, 2)    (5, 4)   (0, 10)  (10, 3)   (17, 8)   (6, 4)    (0, 3)  (10, 9)   (17, 2)    (2, 9)    (9, 9)  (14, 10)
job_5   (5, 10)   (17, 6)    (1, 4)  (18, 6)   (14, 1)    (4, 5)   (3, 9)   (11, 5)  (17, 1)    (3, 8)  (12, 3)    (7, 2)   (16, 1)    (9, 1)    (1, 7)
job_6   (17, 9)   (2, 10)    (2, 2)   (3, 8)   (17, 6)    (6, 5)  (6, 10)   (16, 4)   (4, 3)   (11, 1)  (2, 10)    (1, 1)   (12, 9)   (13, 8)   (11, 4)
job_7   (11, 8)   (18, 7)   (13, 8)   (8, 4)   (10, 4)   (16, 8)  (10, 6)    (0, 3)  (14, 9)   (11, 2)  (12, 5)   (13, 4)   (13, 9)   (11, 9)    (8, 5)
job_8    (3, 7)  (13, 10)   (11, 4)   (3, 5)  (13, 10)   (17, 9)   (6, 7)    (0, 4)   (3, 5)    (6, 7)   (3, 4)    (6, 7)   (2, 10)   (12, 2)   (10, 1)
job_9    (4, 3)    (8, 9)   (17, 8)   (8, 7)    (9, 1)    (8, 5)  (13, 6)  (13, 10)  (9, 10)  (12, 10)   (6, 2)   (11, 4)   (16, 7)    (5, 1)   (6, 10)
job_10   (6, 5)    (2, 3)   (12, 3)   (2, 7)  (16, 10)   (17, 8)   (8, 1)    (6, 2)   (8, 6)    (2, 2)  (17, 7)   (10, 8)    (4, 4)    (2, 8)    (6, 2)
job_11  (10, 6)    (5, 2)    (3, 4)   (9, 8)    (3, 1)   (17, 9)  (17, 3)    (0, 4)   (1, 5)   (18, 5)   (5, 3)   (18, 4)    (6, 7)   (18, 7)    (3, 8)
job_12   (6, 5)   (14, 4)   (13, 4)   (6, 3)    (7, 8)   (16, 5)   (0, 2)    (1, 6)  (11, 3)   (15, 7)  (15, 9)   (17, 2)   (11, 2)  (14, 10)    (1, 6)
job_13  (11, 4)   (10, 1)  (16, 10)  (11, 4)    (9, 9)   (10, 6)   (0, 3)   (12, 7)  (16, 2)    (8, 2)   (6, 8)    (5, 3)    (0, 8)   (18, 8)   (14, 9)
job_14   (6, 8)   (18, 6)  (17, 10)   (4, 7)    (7, 4)    (8, 8)   (1, 7)   (15, 4)  (11, 3)    (4, 4)   (4, 7)    (7, 2)    (0, 4)   (9, 10)   (14, 2)
job_15  (16, 1)    (7, 1)    (5, 7)   (5, 9)  (10, 10)   (3, 10)  (12, 4)   (2, 10)  (10, 3)   (14, 4)  (18, 1)  (13, 10)    (6, 4)   (16, 5)  (10, 10)
job_16   (9, 2)    (8, 1)    (8, 7)   (2, 4)   (10, 2)  (16, 10)  (13, 7)    (7, 3)   (0, 3)    (3, 9)  (10, 6)  (13, 10)   (16, 9)    (9, 7)   (13, 4)
job_17  (11, 4)   (14, 6)    (9, 1)  (15, 4)   (10, 1)   (17, 5)  (13, 1)   (17, 9)   (5, 1)   (12, 1)  (12, 9)   (18, 2)    (8, 4)    (3, 5)   (17, 4)
job_18  (3, 10)    (8, 7)   (14, 7)   (8, 3)   (10, 4)   (0, 10)  (12, 5)    (1, 4)   (0, 3)   (15, 7)  (12, 1)    (3, 9)  (17, 10)    (1, 4)    (1, 6)
job_19   (6, 9)   (16, 4)    (5, 8)  (12, 7)    (1, 6)   (13, 6)  (10, 3)    (9, 4)   (5, 6)    (0, 1)   (2, 6)    (1, 2)    (7, 5)   (8, 10)    (7, 9)


Solution:
Machine 0: job_2_task_2   job_4_task_5   job_18_task_5  job_16_task_8  job_13_task_6  job_12_task_6  job_7_task_7   job_18_task_8  job_4_task_9   job_11_task_7  job_14_task_12 job_19_task_9  job_13_task_12 job_8_task_7   
           [13,17]        [30,40]        [56,66]        [66,69]        [69,72]        [72,74]        [74,77]        [77,80]        [80,83]        [85,89]        [91,95]        [98,99]        [101,109]      [109,113]      
Machine 1: job_5_task_2   job_2_task_5   job_19_task_4  job_1_task_4   job_14_task_6  job_18_task_7  job_12_task_7  job_11_task_8  job_6_task_11  job_19_task_11 job_12_task_14 job_18_task_13 job_18_task_14 job_5_task_14  
           [16,20]        [28,30]        [47,53]        [60,64]        [64,71]        [71,75]        [75,81]        [89,94]        [94,95]        [105,107]      [126,132]      [132,136]      [136,142]      [142,149]      
Machine 2: job_6_task_1   job_0_task_2   job_0_task_3   job_16_task_3  job_6_task_2   job_10_task_1  job_10_task_3  job_1_task_3   job_15_task_7  job_6_task_10  job_10_task_9  job_19_task_10 job_4_task_12  job_2_task_9   job_10_task_13 job_8_task_12  
           [9,19]         [19,23]        [23,28]        [28,32]        [32,34]        [34,37]        [40,47]        [54,60]        [60,70]        [79,89]        [91,93]        [99,105]       [105,114]      [114,124]      [124,132]      [136,146]      
Machine 3: job_8_task_0   job_18_task_0  job_8_task_3   job_6_task_3   job_11_task_2  job_15_task_5  job_11_task_4  job_5_task_6   job_16_task_9  job_5_task_9   job_18_task_11 job_8_task_8   job_1_task_13  job_8_task_10  job_2_task_12  job_11_task_14 job_17_task_13 
           [0,7]          [7,17]         [28,33]        [34,42]        [42,46]        [46,56]        [56,57]        [57,66]        [69,78]        [91,99]        [99,108]       [113,118]      [120,125]      [125,129]      [129,130]      [130,138]      [140,145]      
Machine 4: job_9_task_0   job_4_task_1   job_5_task_5   job_14_task_3  job_6_task_8   job_14_task_9  job_14_task_10 job_3_task_8   job_1_task_12  job_10_task_12 
           [0,3]          [6,15]         [33,38]        [38,45]        [75,78]        [78,82]        [82,89]        [89,93]        [112,120]      [120,124]      
Machine 5: job_5_task_0   job_15_task_2  job_15_task_3  job_4_task_4   job_19_task_2  job_11_task_1  job_1_task_5   job_0_task_7   job_19_task_8  job_13_task_11 job_11_task_10 job_9_task_13  job_17_task_8  job_3_task_14  
           [0,10]         [10,17]        [17,26]        [26,30]        [30,38]        [38,40]        [64,65]        [65,73]        [92,98]        [98,101]       [101,104]      [106,107]      [116,117]      [145,148]      
Machine 6: job_4_task_0   job_14_task_0  job_19_task_0  job_3_task_2   job_10_task_0  job_12_task_0  job_1_task_1   job_12_task_3  job_6_task_5   job_6_task_6   job_8_task_6   job_4_task_8   job_10_task_7  job_13_task_10 job_9_task_10  job_15_task_12 job_11_task_12 job_8_task_9   job_8_task_11  job_10_task_14 job_9_task_14  
           [0,6]          [6,14]         [14,23]        [23,27]        [27,32]        [32,37]        [37,41]        [49,52]        [52,57]        [57,67]        [67,74]        [74,78]        [83,85]        [85,93]        [93,95]        [95,99]        [108,115]      [118,125]      [129,136]      [136,138]      [138,148]      
Machine 7: job_3_task_0   job_15_task_1  job_0_task_5   job_14_task_4  job_12_task_4  job_16_task_7  job_14_task_11 job_19_task_12 job_19_task_14 job_5_task_11  
           [0,4]          [4,5]          [35,39]        [45,49]        [52,60]        [60,63]        [89,91]        [107,112]      [122,131]      [137,139]      
Machine 8: job_9_task_1   job_3_task_1   job_16_task_1  job_16_task_2  job_18_task_1  job_9_task_3   job_7_task_3   job_18_task_3  job_9_task_5   job_1_task_2   job_14_task_5  job_10_task_6  job_13_task_9  job_10_task_8  job_19_task_13 job_2_task_11  job_17_task_12 job_0_task_14  job_7_task_14  
           [3,12]         [12,18]        [18,19]        [19,26]        [26,33]        [33,40]        [40,44]        [44,47]        [47,52]        [52,54]        [54,62]        [82,83]        [83,85]        [85,91]        [112,122]      [125,126]      [136,140]      [140,143]      [143,148]      
Machine 9: job_0_task_0   job_16_task_0  job_1_task_0   job_17_task_2  job_3_task_3   job_13_task_4  job_9_task_4   job_11_task_3  job_0_task_6   job_9_task_8   job_19_task_7  job_14_task_13 job_4_task_13  job_16_task_13 job_2_task_13  job_0_task_13  job_5_task_13  
           [0,10]         [10,12]        [12,17]        [22,23]        [27,37]        [37,46]        [46,47]        [47,55]        [55,65]        [72,82]        [88,92]        [95,105]       [114,123]      [123,130]      [130,133]      [133,140]      [140,141]      
Machine 10: job_11_task_0  job_0_task_1   job_13_task_1  job_15_task_4  job_16_task_4  job_3_task_4   job_7_task_4   job_18_task_4  job_3_task_5   job_4_task_6   job_13_task_5  job_7_task_6   job_17_task_4  job_15_task_8  job_0_task_8   job_19_task_6  job_16_task_10 job_4_task_10  job_1_task_11  job_10_task_11 job_3_task_11  job_0_task_12  job_15_task_14 job_8_task_14  
           [0,6]          [10,13]        [13,14]        [26,36]        [36,38]        [38,48]        [48,52]        [52,56]        [56,58]        [58,61]        [61,67]        [67,73]        [73,74]        [74,77]        [77,85]        [85,88]        [88,94]        [94,103]       [103,112]      [112,120]      [120,130]      [130,131]      [131,141]      [148,149]      
Machine 11: job_7_task_0   job_13_task_0  job_17_task_0  job_2_task_3   job_8_task_2   job_13_task_3  job_3_task_6   job_5_task_7   job_14_task_8  job_6_task_9   job_12_task_8  job_7_task_9   job_9_task_11  job_12_task_12 job_7_task_13  job_2_task_14  job_6_task_14  
           [0,8]          [8,12]         [12,16]        [17,24]        [24,28]        [28,32]        [58,62]        [66,71]        [75,78]        [78,79]        [81,84]        [90,92]        [95,99]        [107,109]      [125,134]      [134,141]      [141,145]      
Machine 12: job_10_task_2  job_19_task_3  job_15_task_6  job_18_task_6  job_13_task_7  job_9_task_9   job_7_task_10  job_18_task_10 job_0_task_9   job_3_task_10  job_6_task_12  job_17_task_9  job_17_task_10 job_5_task_10  job_8_task_13  
           [37,40]        [40,47]        [56,60]        [66,71]        [72,79]        [82,92]        [92,97]        [97,98]        [98,106]       [106,115]      [115,124]      [124,125]      [125,134]      [134,137]      [146,148]      
Machine 13: job_8_task_1   job_7_task_2   job_2_task_4   job_0_task_4   job_8_task_4   job_12_task_2  job_16_task_6  job_9_task_6   job_9_task_7   job_19_task_5  job_3_task_7   job_15_task_11 job_17_task_6  job_3_task_9   job_16_task_11 job_7_task_11  job_7_task_12  job_6_task_13  job_3_task_12  job_3_task_13  job_16_task_14 
           [7,17]         [17,25]        [25,28]        [28,35]        [35,45]        [45,49]        [49,56]        [56,62]        [62,72]        [72,78]        [78,82]        [82,92]        [92,93]        [93,102]       [102,112]      [112,116]      [116,125]      [125,133]      [133,138]      [138,145]      [145,149]      
Machine 14: job_17_task_1  job_4_task_3   job_5_task_4   job_18_task_2  job_12_task_1  job_1_task_6   job_15_task_9  job_7_task_8   job_14_task_14 job_0_task_10  job_12_task_13 job_4_task_14  job_13_task_14 
           [16,22]        [22,24]        [32,33]        [33,40]        [40,44]        [65,68]        [77,81]        [81,90]        [105,107]      [107,116]      [116,126]      [126,136]      [136,145]      
Machine 15: job_17_task_3  job_14_task_7  job_18_task_9  job_12_task_9  job_12_task_10 job_2_task_8   job_2_task_10  
           [23,27]        [71,75]        [80,87]        [87,94]        [94,103]       [103,107]      [124,125]      
Machine 16: job_15_task_0  job_2_task_0   job_2_task_1   job_13_task_2  job_19_task_1  job_16_task_5  job_10_task_4  job_7_task_5   job_12_task_5  job_6_task_7   job_2_task_7   job_13_task_8  job_1_task_8   job_9_task_12  job_15_task_13 job_16_task_12 job_0_task_11  job_5_task_12  
           [0,1]          [1,9]          [9,13]         [14,24]        [24,28]        [38,48]        [48,58]        [58,66]        [66,71]        [71,75]        [75,81]        [81,83]        [83,88]        [99,106]       [106,111]      [112,121]      [121,125]      [139,140]      
Machine 17: job_6_task_0   job_5_task_1   job_9_task_2   job_14_task_2  job_6_task_4   job_8_task_5   job_11_task_5  job_4_task_7   job_10_task_5  job_11_task_6  job_17_task_5  job_5_task_8   job_10_task_10 job_4_task_11  job_12_task_11 job_17_task_7  job_18_task_12 job_1_task_14  job_17_task_14 
           [0,9]          [10,16]        [16,24]        [26,36]        [42,48]        [48,57]        [57,66]        [66,74]        [74,82]        [82,85]        [85,90]        [90,91]        [93,100]       [103,105]      [105,107]      [107,116]      [116,126]      [126,131]      [145,149]      
Machine 18: job_7_task_1   job_4_task_2   job_14_task_1  job_5_task_3   job_2_task_6   job_1_task_7   job_15_task_10 job_1_task_9   job_1_task_10  job_11_task_9  job_11_task_11 job_13_task_13 job_11_task_13 job_17_task_11 
           [8,15]         [15,20]        [20,26]        [26,32]        [32,33]        [68,78]        [81,82]        [88,89]        [89,92]        [94,99]        [104,108]      [109,117]      [117,124]      [134,136]      
Optimal Schedule Length: 149.0
Total (Unoptimized Schedule Length): 1647
Statistics
  - conflicts: 0
  - branches : 0
  - wall time: 0.185852178s