
Problem
         task_0   task_1   task_2  task_3   task_4  task_5   task_6   task_7   task_8   task_9  task_10 task_11 task_12  task_13
job_0    (2, 2)   (0, 6)  (1, 10)  (2, 7)   (1, 9)  (2, 7)   (1, 5)   (1, 7)   (2, 3)   (0, 3)   (2, 6)  (0, 6)  (0, 3)   (1, 7)
job_1    (0, 5)   (2, 2)   (0, 5)  (1, 3)   (2, 1)  (2, 9)   (1, 9)   (1, 2)   (0, 3)   (0, 1)   (1, 1)  (0, 4)  (2, 5)   (0, 9)
job_2    (0, 1)   (1, 2)   (2, 7)  (2, 5)   (1, 9)  (2, 7)   (0, 7)   (2, 8)   (0, 2)   (0, 4)   (0, 9)  (1, 9)  (0, 8)   (2, 1)
job_3    (2, 3)   (2, 8)   (1, 9)  (0, 4)   (1, 8)  (0, 5)   (0, 6)   (2, 5)   (0, 6)   (1, 5)   (0, 7)  (0, 8)  (2, 9)   (2, 9)
job_4    (1, 6)   (1, 4)   (2, 3)  (0, 4)   (2, 2)  (0, 4)   (2, 7)   (0, 8)  (1, 10)  (0, 10)   (2, 3)  (0, 8)  (0, 5)   (2, 7)
job_5    (0, 3)   (1, 4)   (0, 9)  (1, 6)   (1, 4)  (2, 6)   (2, 9)   (0, 2)   (0, 6)   (2, 1)   (0, 4)  (1, 6)  (2, 3)   (2, 5)
job_6    (0, 2)   (0, 5)   (1, 8)  (1, 6)   (0, 2)  (1, 5)   (2, 8)   (2, 6)   (0, 9)   (2, 4)   (1, 4)  (1, 7)  (2, 3)  (2, 10)
job_7   (1, 10)   (2, 1)   (2, 1)  (0, 9)   (1, 3)  (2, 6)   (2, 1)   (1, 9)   (1, 5)   (0, 2)   (0, 6)  (0, 6)  (0, 3)   (0, 9)
job_8    (1, 7)   (1, 2)   (2, 9)  (2, 9)  (0, 10)  (0, 9)   (0, 8)  (0, 10)   (2, 6)   (0, 5)   (1, 8)  (0, 5)  (1, 2)   (2, 3)
job_9    (0, 9)   (0, 9)   (0, 1)  (2, 4)   (1, 9)  (1, 5)  (1, 10)   (2, 5)   (2, 8)   (1, 8)   (0, 7)  (1, 6)  (0, 9)   (1, 5)
job_10   (1, 5)   (0, 5)   (0, 5)  (1, 9)   (0, 2)  (1, 2)  (1, 10)   (0, 2)   (1, 2)   (0, 8)   (0, 1)  (0, 6)  (2, 8)   (2, 6)
job_11   (0, 7)  (1, 10)  (0, 10)  (1, 6)   (2, 9)  (0, 2)  (2, 10)   (1, 3)   (2, 8)   (0, 8)  (1, 10)  (2, 9)  (1, 1)   (1, 3)
job_12   (2, 7)   (2, 9)   (0, 3)  (2, 5)   (1, 2)  (1, 2)   (0, 9)   (2, 3)   (1, 7)  (2, 10)   (1, 1)  (1, 6)  (1, 5)   (2, 9)


Solution:
Machine 0: job_9_task_0   job_11_task_0  job_9_task_1   job_9_task_2   job_0_task_1   job_2_task_0   job_6_task_0   job_11_task_2  job_6_task_1   job_3_task_3   job_4_task_3   job_8_task_4   job_5_task_0   job_4_task_5   job_10_task_1  job_12_task_2  job_10_task_2  job_8_task_5   job_3_task_5   job_1_task_0   job_5_task_2   job_7_task_3   job_6_task_4   job_3_task_6   job_11_task_5  job_4_task_7   job_1_task_2   job_8_task_6   job_2_task_6   job_12_task_6  job_10_task_4  job_8_task_7   job_3_task_8   job_6_task_8   job_4_task_9   job_10_task_7  job_8_task_9   job_10_task_9  job_2_task_8   job_2_task_9   job_3_task_10  job_9_task_10  job_11_task_9  job_5_task_7   job_0_task_9   job_2_task_10  job_7_task_9   job_3_task_11  job_5_task_8   job_7_task_10  job_1_task_8   job_4_task_11  job_10_task_10 job_1_task_9   job_10_task_11 job_5_task_10  job_1_task_11  job_0_task_11  job_7_task_11  job_9_task_12  job_4_task_12  job_8_task_11  job_0_task_12  job_7_task_12  job_2_task_12  job_1_task_13  job_7_task_13  
           [0,9]          [9,16]         [16,25]        [25,26]        [26,32]        [32,33]        [33,35]        [35,45]        [45,50]        [50,54]        [54,58]        [58,68]        [68,71]        [71,75]        [75,80]        [80,83]        [83,88]        [88,97]        [97,102]       [102,107]      [107,116]      [116,125]      [125,127]      [127,133]      [133,135]      [135,143]      [143,148]      [148,156]      [156,163]      [163,172]      [172,174]      [174,184]      [184,190]      [190,199]      [199,209]      [209,211]      [211,216]      [216,224]      [224,226]      [226,230]      [230,237]      [237,244]      [244,252]      [252,254]      [254,257]      [257,266]      [266,268]      [268,276]      [276,282]      [282,288]      [288,291]      [291,299]      [299,300]      [300,301]      [301,307]      [307,311]      [311,315]      [315,321]      [321,327]      [327,336]      [336,341]      [341,346]      [346,349]      [349,352]      [352,360]      [360,369]      [369,378]      
Machine 1: job_8_task_0   job_8_task_1   job_4_task_0   job_3_task_2   job_11_task_1  job_2_task_1   job_4_task_1   job_9_task_4   job_0_task_2   job_6_task_2   job_10_task_0  job_7_task_0   job_11_task_3  job_3_task_4   job_9_task_5   job_5_task_1   job_6_task_3   job_2_task_4   job_9_task_6   job_0_task_4   job_6_task_5   job_10_task_3  job_12_task_4  job_12_task_5  job_5_task_3   job_7_task_4   job_1_task_3   job_5_task_4   job_4_task_8   job_10_task_5  job_10_task_6  job_11_task_7  job_0_task_6   job_7_task_7   job_10_task_8  job_9_task_9   job_3_task_9   job_12_task_8  job_0_task_7   job_1_task_6   job_7_task_8   job_1_task_7   job_6_task_10  job_9_task_11  job_11_task_10 job_8_task_10  job_12_task_10 job_12_task_11 job_6_task_11  job_2_task_11  job_1_task_10  job_12_task_12 job_5_task_11  job_11_task_12 job_11_task_13 job_9_task_13  job_8_task_12  job_0_task_13  
           [0,7]          [7,9]          [9,15]         [15,24]        [24,34]        [34,36]        [36,40]        [40,49]        [49,59]        [59,67]        [67,72]        [72,82]        [82,88]        [88,96]        [96,101]       [101,105]      [105,111]      [111,120]      [120,130]      [130,139]      [139,144]      [144,153]      [153,155]      [155,157]      [157,163]      [163,166]      [166,169]      [169,173]      [173,183]      [183,185]      [185,195]      [195,198]      [198,203]      [203,212]      [212,214]      [214,222]      [222,227]      [227,234]      [234,241]      [241,250]      [250,255]      [255,257]      [257,261]      [261,267]      [267,277]      [277,285]      [285,286]      [286,292]      [292,299]      [299,308]      [308,309]      [309,314]      [314,320]      [320,321]      [321,324]      [336,341]      [346,348]      [349,356]      
Machine 2: job_3_task_0   job_3_task_1   job_8_task_2   job_0_task_0   job_8_task_3   job_9_task_3   job_12_task_0  job_2_task_2   job_4_task_2   job_12_task_1  job_2_task_3   job_4_task_4   job_0_task_3   job_4_task_6   job_7_task_1   job_7_task_2   job_12_task_3  job_11_task_4  job_1_task_1   job_2_task_5   job_9_task_7   job_11_task_6  job_6_task_6   job_3_task_7   job_0_task_5   job_9_task_8   job_7_task_5   job_1_task_4   job_6_task_7   job_1_task_5   job_5_task_5   job_7_task_6   job_12_task_7  job_8_task_8   job_2_task_7   job_11_task_8  job_5_task_6   job_12_task_9  job_0_task_8   job_6_task_9   job_4_task_10  job_0_task_10  job_3_task_12  job_5_task_9   job_11_task_11 job_3_task_13  job_6_task_12  job_10_task_12 job_1_task_12  job_6_task_13  job_12_task_13 job_5_task_12  job_4_task_13  job_10_task_13 job_5_task_13  job_8_task_13  job_2_task_13  
           [0,3]          [3,11]         [11,20]        [20,22]        [22,31]        [31,35]        [35,42]        [42,49]        [49,52]        [52,61]        [61,66]        [66,68]        [68,75]        [75,82]        [82,83]        [83,84]        [84,89]        [89,98]        [107,109]      [120,127]      [130,135]      [135,145]      [145,153]      [153,158]      [158,165]      [165,173]      [173,179]      [179,180]      [180,186]      [186,195]      [195,201]      [201,202]      [202,205]      [205,211]      [211,219]      [219,227]      [227,236]      [236,246]      [246,249]      [249,253]      [253,256]      [257,263]      [276,285]      [285,286]      [286,295]      [295,304]      [304,307]      [307,315]      [315,320]      [320,330]      [330,339]      [339,342]      [342,349]      [349,355]      [355,360]      [360,363]      [363,364]      
Optimal Schedule Length: 378.0
Total (Unoptimized Schedule Length): 1043
Statistics
  - conflicts: 0
  - branches : 0
  - wall time: 0.115793608s