
Problem
         task_0   task_1   task_2   task_3   task_4  task_5   task_6   task_7   task_8   task_9  task_10  task_11 task_12  task_13
job_0    (4, 3)   (2, 3)   (2, 3)   (2, 3)   (3, 3)  (7, 3)  (2, 10)   (1, 5)   (2, 8)   (5, 9)  (7, 10)   (6, 8)  (2, 3)  (4, 10)
job_1   (5, 10)   (6, 9)   (3, 4)   (3, 8)   (4, 8)  (7, 8)   (4, 2)  (3, 10)  (3, 10)   (7, 2)   (7, 9)   (4, 6)  (7, 5)   (3, 2)
job_2    (0, 1)   (5, 9)   (7, 4)   (4, 2)   (5, 7)  (2, 2)   (6, 4)  (7, 10)   (5, 3)   (5, 7)   (6, 8)   (6, 7)  (0, 9)   (6, 6)
job_3    (0, 4)   (1, 5)   (1, 4)   (5, 9)   (3, 3)  (5, 3)   (5, 9)   (7, 6)   (0, 8)   (7, 4)   (1, 1)   (7, 1)  (5, 1)   (7, 7)
job_4   (2, 10)   (7, 6)   (0, 3)   (3, 3)   (0, 1)  (3, 7)   (2, 6)   (5, 2)   (1, 1)   (1, 7)   (3, 6)   (3, 5)  (1, 8)   (5, 3)
job_5    (0, 6)   (3, 5)   (3, 2)   (6, 4)   (3, 3)  (5, 8)   (3, 3)   (1, 2)   (2, 7)  (0, 10)  (0, 10)   (3, 7)  (3, 1)   (6, 9)
job_6    (3, 7)  (6, 10)   (7, 1)  (6, 10)   (3, 7)  (6, 6)   (4, 6)   (2, 2)  (5, 10)   (7, 2)   (2, 1)  (7, 10)  (0, 8)   (1, 4)
job_7    (6, 1)   (7, 5)   (3, 1)   (5, 1)   (4, 1)  (6, 1)   (5, 7)   (6, 2)   (3, 5)  (5, 10)  (6, 10)   (6, 4)  (4, 8)  (7, 10)
job_8    (7, 2)   (1, 1)   (1, 2)   (5, 9)   (4, 6)  (2, 7)  (0, 10)   (1, 2)   (0, 3)   (5, 5)   (1, 8)   (3, 5)  (0, 7)   (5, 1)
job_9    (6, 2)   (2, 7)   (7, 8)   (3, 6)   (4, 9)  (3, 3)   (2, 7)  (1, 10)   (5, 6)   (0, 6)   (5, 9)   (5, 6)  (7, 3)   (1, 4)
job_10   (0, 6)   (7, 3)   (7, 1)  (3, 10)   (2, 4)  (4, 3)   (7, 4)   (0, 8)   (6, 8)   (3, 4)   (3, 8)   (7, 1)  (3, 7)   (2, 5)
job_11   (2, 1)   (7, 8)   (5, 6)   (7, 2)   (5, 3)  (0, 4)   (2, 7)  (6, 10)   (1, 4)   (6, 3)  (4, 10)  (0, 10)  (4, 9)   (1, 9)
job_12   (6, 5)   (3, 7)   (5, 7)   (4, 6)   (4, 6)  (2, 3)   (5, 7)  (6, 10)   (1, 2)   (6, 4)   (7, 8)   (2, 3)  (3, 5)   (3, 6)
job_13   (5, 5)   (7, 5)   (2, 3)   (0, 2)   (6, 7)  (2, 1)   (1, 3)   (5, 7)  (4, 10)   (2, 8)   (7, 8)   (1, 5)  (6, 1)   (0, 1)
job_14   (3, 7)  (0, 10)  (3, 10)   (2, 9)   (3, 8)  (6, 5)   (0, 3)   (4, 6)   (0, 4)   (7, 9)   (3, 4)   (5, 7)  (7, 8)  (7, 10)
job_15   (1, 6)   (7, 2)   (3, 9)   (4, 1)   (4, 2)  (3, 6)   (7, 9)   (0, 9)   (6, 3)   (1, 7)   (4, 6)   (2, 4)  (6, 3)   (1, 5)
job_16   (2, 5)   (3, 2)  (1, 10)   (5, 4)  (5, 10)  (0, 2)   (5, 1)   (2, 8)   (3, 9)   (1, 2)   (6, 8)   (5, 8)  (4, 1)   (5, 7)
job_17   (7, 5)   (2, 3)   (1, 6)   (0, 6)   (5, 6)  (5, 4)  (4, 10)  (3, 10)   (3, 1)   (2, 1)  (4, 10)   (6, 8)  (4, 6)  (5, 10)
job_18   (6, 8)   (1, 4)   (2, 2)   (4, 7)   (4, 8)  (6, 5)   (7, 2)   (7, 8)   (0, 9)  (0, 10)   (2, 9)   (2, 5)  (0, 2)   (4, 4)


Solution:
Machine 0: job_2_task_0   job_5_task_0   job_14_task_1  job_10_task_0  job_17_task_3  job_3_task_0   job_11_task_5  job_4_task_2   job_13_task_3  job_18_task_8  job_18_task_9  job_14_task_6  job_16_task_5  job_8_task_6   job_14_task_8  job_4_task_4   job_10_task_7  job_15_task_7  job_5_task_9   job_8_task_8   job_11_task_11 job_5_task_10  job_18_task_12 job_9_task_9   job_3_task_8   job_6_task_12  job_2_task_12  job_8_task_12  job_13_task_13 
           [0,1]          [1,7]          [7,17]         [17,23]        [23,29]        [29,33]        [33,37]        [52,55]        [58,60]        [65,74]        [74,84]        [84,87]        [87,89]        [104,114]      [114,118]      [118,119]      [119,127]      [127,136]      [136,146]      [146,149]      [149,159]      [159,169]      [169,171]      [171,177]      [177,185]      [187,195]      [205,214]      [214,221]      [221,222]      
Machine 1: job_15_task_0  job_18_task_1  job_17_task_2  job_16_task_2  job_8_task_1   job_8_task_2   job_3_task_1   job_3_task_2   job_11_task_8  job_0_task_7   job_13_task_6  job_5_task_7   job_9_task_7   job_8_task_7   job_12_task_8  job_15_task_9  job_13_task_11 job_16_task_9  job_4_task_8   job_4_task_9   job_8_task_10  job_3_task_10  job_11_task_13 job_4_task_12  job_15_task_13 job_9_task_13  job_6_task_13  
           [0,6]          [10,14]        [16,22]        [22,32]        [32,33]        [33,35]        [35,40]        [40,44]        [63,67]        [68,73]        [84,87]        [111,113]      [113,123]      [123,125]      [145,147]      [148,155]      [155,160]      [169,171]      [179,180]      [180,187]      [187,195]      [195,196]      [196,205]      [205,213]      [213,218]      [218,222]      [222,226]      
Machine 2: job_11_task_0  job_16_task_0  job_9_task_1   job_17_task_1  job_0_task_1   job_0_task_2   job_0_task_3   job_18_task_2  job_4_task_0   job_14_task_3  job_11_task_6  job_2_task_5   job_13_task_2  job_0_task_6   job_0_task_8   job_13_task_5  job_18_task_10 job_10_task_4  job_8_task_5   job_9_task_6   job_12_task_5  job_5_task_8   job_16_task_7  job_6_task_7   job_18_task_11 job_13_task_9  job_6_task_10  job_4_task_6   job_17_task_9  job_12_task_11 job_0_task_12  job_15_task_11 job_10_task_13 
           [0,1]          [1,6]          [6,13]         [13,16]        [16,19]        [19,22]        [22,25]        [25,27]        [27,37]        [37,46]        [46,53]        [53,55]        [55,58]        [58,68]        [73,81]        [83,84]        [84,93]        [93,97]        [97,104]       [104,111]      [111,114]      [114,121]      [121,129]      [129,131]      [131,136]      [136,144]      [144,145]      [149,155]      [160,161]      [161,164]      [164,167]      [167,171]      [215,220]      
Machine 3: job_14_task_0  job_6_task_0   job_16_task_1  job_5_task_1   job_14_task_2  job_1_task_2   job_12_task_1  job_1_task_3   job_0_task_4   job_9_task_3   job_5_task_2   job_14_task_4  job_15_task_2  job_10_task_3  job_7_task_2   job_5_task_4   job_6_task_4   job_9_task_5   job_15_task_5  job_5_task_6   job_4_task_3   job_7_task_8   job_17_task_7  job_1_task_7   job_3_task_4   job_4_task_5   job_1_task_8   job_17_task_8  job_16_task_8  job_14_task_10 job_10_task_9  job_10_task_10 job_5_task_11  job_4_task_10  job_4_task_11  job_8_task_11  job_10_task_12 job_12_task_12 job_5_task_12  job_12_task_13 job_1_task_13  
           [0,7]          [7,14]         [14,16]        [16,21]        [21,31]        [31,35]        [35,42]        [42,50]        [50,53]        [53,59]        [59,61]        [61,69]        [69,78]        [78,88]        [88,89]        [89,92]        [92,99]        [99,102]       [102,108]      [108,111]      [111,114]      [114,119]      [119,129]      [129,139]      [139,142]      [142,149]      [149,159]      [159,160]      [160,169]      [169,173]      [173,177]      [177,185]      [185,192]      [192,198]      [198,203]      [203,208]      [208,215]      [215,220]      [220,221]      [221,227]      [227,229]      
Machine 4: job_0_task_0   job_2_task_3   job_18_task_3  job_18_task_4  job_1_task_4   job_12_task_3  job_9_task_4   job_17_task_6  job_15_task_3  job_15_task_4  job_8_task_4   job_7_task_4   job_12_task_4  job_10_task_5  job_14_task_7  job_1_task_6   job_6_task_6   job_11_task_10 job_13_task_8  job_15_task_10 job_17_task_10 job_1_task_11  job_7_task_12  job_11_task_12 job_17_task_12 job_0_task_13  job_18_task_13 job_16_task_12 
           [0,3]          [25,27]        [27,34]        [34,42]        [50,58]        [58,64]        [64,73]        [73,83]        [83,84]        [84,86]        [86,92]        [92,93]        [93,99]        [99,102]       [102,108]      [108,110]      [110,116]      [116,126]      [126,136]      [155,161]      [161,171]      [171,177]      [177,185]      [185,194]      [194,200]      [200,210]      [210,214]      [214,215]      
Machine 5: job_1_task_0   job_2_task_1   job_11_task_2  job_13_task_0  job_11_task_4  job_17_task_4  job_2_task_4   job_12_task_2  job_8_task_3   job_17_task_5  job_16_task_3  job_16_task_4  job_3_task_3   job_7_task_3   job_16_task_6  job_2_task_8   job_5_task_5   job_7_task_6   job_13_task_7  job_0_task_9   job_12_task_6  job_6_task_8   job_3_task_5   job_7_task_9   job_3_task_6   job_9_task_8   job_2_task_9   job_4_task_7   job_8_task_9   job_14_task_11 job_9_task_10  job_9_task_11  job_16_task_11 job_17_task_13 job_3_task_12  job_16_task_13 job_4_task_13  job_8_task_13  
           [0,10]         [10,19]        [19,25]        [25,30]        [30,33]        [33,39]        [39,46]        [46,53]        [53,62]        [62,66]        [66,70]        [70,80]        [80,89]        [89,90]        [90,91]        [91,94]        [94,102]       [102,109]      [109,116]      [116,125]      [125,132]      [132,142]      [142,145]      [145,155]      [155,164]      [164,170]      [170,177]      [177,179]      [179,184]      [184,191]      [191,200]      [200,206]      [206,214]      [214,224]      [224,225]      [225,232]      [232,235]      [235,236]      
Machine 6: job_9_task_0   job_18_task_0  job_1_task_1   job_12_task_0  job_6_task_1   job_7_task_0   job_6_task_3   job_18_task_5  job_11_task_7  job_5_task_3   job_2_task_6   job_14_task_5  job_13_task_4  job_11_task_9  job_7_task_5   job_6_task_5   job_7_task_7   job_10_task_8  job_12_task_7  job_15_task_8  job_12_task_9  job_0_task_11  job_7_task_10  job_7_task_11  job_17_task_11 job_2_task_10  job_16_task_10 job_2_task_11  job_15_task_12 job_13_task_12 job_2_task_13  job_5_task_13  
           [0,2]          [2,10]         [10,19]        [19,24]        [24,34]        [34,35]        [35,45]        [45,50]        [53,63]        [63,67]        [67,71]        [71,76]        [76,83]        [83,86]        [93,94]        [99,105]       [109,111]      [127,135]      [135,145]      [145,148]      [148,152]      [152,160]      [160,170]      [170,174]      [174,182]      [182,190]      [190,198]      [198,205]      [205,208]      [208,209]      [214,220]      [221,230]      
Machine 7: job_17_task_0  job_11_task_1  job_9_task_2   job_2_task_2   job_11_task_3  job_8_task_0   job_15_task_1  job_10_task_1  job_6_task_2   job_7_task_1   job_10_task_2  job_13_task_1  job_4_task_1   job_18_task_6  job_0_task_5   job_18_task_7  job_1_task_5   job_2_task_7   job_10_task_6  job_15_task_6  job_14_task_9  job_0_task_10  job_6_task_9   job_13_task_10 job_12_task_10 job_1_task_9   job_1_task_10  job_3_task_7   job_6_task_11  job_3_task_9   job_14_task_12 job_10_task_11 job_1_task_12  job_3_task_11  job_9_task_12  job_7_task_13  job_14_task_13 job_3_task_13  
           [0,5]          [5,13]         [13,21]        [21,25]        [25,27]        [27,29]        [29,31]        [31,34]        [34,35]        [35,40]        [40,41]        [41,46]        [46,52]        [52,54]        [54,57]        [57,65]        [65,73]        [73,83]        [102,106]      [108,117]      [118,127]      [127,137]      [142,144]      [144,152]      [152,160]      [160,162]      [162,171]      [171,177]      [177,187]      [187,191]      [191,199]      [199,200]      [200,205]      [205,206]      [206,209]      [209,219]      [219,229]      [229,236]      
Optimal Schedule Length: 236.0
Total (Unoptimized Schedule Length): 1488
Statistics
  - conflicts: 0
  - branches : 0
  - wall time: 0.147258622s