
Problem
         task_0   task_1   task_2   task_3   task_4   task_5   task_6   task_7   task_8  task_9  task_10  task_11  task_12  task_13  task_14 task_15  task_16  task_17
job_0    (0, 1)  (0, 10)   (1, 3)   (3, 8)   (4, 8)   (2, 8)   (5, 1)   (1, 5)   (5, 7)  (7, 1)   (0, 9)   (6, 7)   (6, 6)   (7, 1)   (2, 7)  (6, 2)   (3, 8)   (2, 8)
job_1    (2, 2)   (3, 2)   (6, 7)   (4, 2)   (4, 6)   (6, 1)   (1, 4)   (5, 5)   (5, 3)  (0, 6)   (2, 8)   (6, 6)   (0, 3)   (4, 1)   (2, 6)  (1, 8)   (0, 2)   (1, 1)
job_2    (3, 1)  (2, 10)   (0, 5)   (0, 6)   (3, 5)   (7, 8)   (4, 4)   (5, 9)   (5, 5)  (2, 1)   (7, 4)   (4, 4)   (6, 2)  (5, 10)   (5, 3)  (2, 3)   (1, 3)   (7, 7)
job_3    (5, 7)   (1, 8)   (3, 2)   (5, 3)   (3, 6)  (3, 10)   (5, 5)   (0, 9)   (0, 4)  (4, 9)   (2, 9)   (1, 9)  (3, 10)  (6, 10)   (3, 6)  (0, 9)   (3, 4)   (2, 4)
job_4    (0, 6)   (6, 6)   (0, 7)   (4, 9)   (6, 3)  (6, 10)   (0, 4)   (1, 7)   (0, 8)  (7, 3)   (3, 7)   (1, 9)   (1, 4)  (4, 10)   (4, 6)  (3, 4)  (1, 10)   (6, 7)
job_5    (0, 5)   (5, 2)   (1, 2)   (3, 8)   (2, 9)   (4, 9)  (5, 10)  (1, 10)  (3, 10)  (0, 8)   (2, 2)   (4, 2)   (5, 7)   (2, 6)   (4, 6)  (7, 9)   (6, 2)   (0, 7)
job_6    (5, 6)   (2, 8)   (7, 7)   (1, 3)   (3, 5)   (6, 3)   (7, 5)   (3, 1)   (0, 3)  (7, 8)   (2, 6)   (6, 4)   (6, 7)   (6, 5)   (5, 4)  (0, 3)   (4, 4)   (4, 5)
job_7   (4, 10)   (2, 1)   (3, 8)   (6, 9)   (6, 8)   (3, 5)   (7, 3)   (3, 3)   (1, 7)  (6, 8)   (7, 4)   (7, 3)  (1, 10)   (4, 6)   (1, 2)  (0, 5)   (7, 7)  (1, 10)
job_8    (4, 9)   (6, 8)   (4, 7)   (6, 9)   (5, 1)   (5, 9)   (4, 2)   (7, 4)   (3, 6)  (4, 8)   (7, 4)   (0, 2)   (1, 3)   (5, 5)   (1, 7)  (7, 1)   (6, 8)   (4, 2)
job_9    (1, 7)   (7, 9)   (4, 7)   (5, 3)   (0, 4)   (0, 5)   (0, 1)   (5, 5)   (4, 5)  (1, 4)   (0, 4)   (1, 9)   (6, 4)   (3, 5)  (7, 10)  (6, 9)  (0, 10)  (0, 10)
job_10   (5, 2)   (6, 2)   (3, 6)   (2, 1)  (2, 10)   (4, 6)   (6, 3)   (2, 9)   (3, 1)  (1, 9)   (1, 4)   (6, 2)   (7, 6)   (6, 6)   (2, 9)  (2, 4)   (1, 1)   (3, 6)
job_11   (5, 9)   (4, 1)  (4, 10)   (7, 3)   (1, 5)   (1, 5)   (7, 7)   (6, 9)   (2, 1)  (7, 3)   (3, 1)  (7, 10)   (3, 3)   (2, 2)   (2, 1)  (0, 1)   (6, 1)   (6, 2)
job_12   (7, 3)   (2, 5)   (1, 4)   (3, 9)   (2, 5)   (2, 5)   (4, 5)   (4, 2)   (3, 7)  (3, 5)   (2, 7)  (5, 10)   (3, 7)   (6, 1)   (1, 6)  (0, 4)   (6, 4)   (1, 4)
job_13   (0, 8)   (4, 8)   (3, 5)   (1, 5)   (7, 3)   (3, 4)   (3, 2)   (1, 2)   (3, 9)  (4, 7)  (4, 10)   (7, 9)   (4, 7)   (3, 8)   (4, 6)  (2, 8)  (1, 10)   (4, 3)
job_14   (7, 6)   (7, 7)   (1, 9)   (7, 4)   (2, 4)   (2, 6)   (0, 7)   (2, 9)   (4, 9)  (2, 9)  (7, 10)   (1, 2)   (2, 8)   (2, 8)  (3, 10)  (0, 8)  (0, 10)   (1, 3)
job_15   (1, 8)   (4, 4)  (7, 10)  (0, 10)   (7, 6)   (0, 4)   (7, 9)   (6, 5)   (6, 4)  (4, 4)   (6, 2)   (7, 4)   (1, 5)   (4, 7)   (3, 4)  (1, 6)   (5, 7)   (1, 6)
job_16   (3, 3)   (5, 5)   (2, 7)   (6, 6)   (6, 5)   (2, 7)  (3, 10)   (1, 4)  (5, 10)  (1, 2)   (1, 6)   (5, 3)   (2, 7)   (0, 1)   (2, 1)  (0, 3)   (1, 4)   (1, 8)
job_17   (5, 4)  (2, 10)   (0, 5)   (6, 8)   (5, 3)   (0, 7)   (7, 8)   (6, 1)   (6, 7)  (1, 5)   (2, 5)   (7, 5)   (4, 8)   (7, 4)   (3, 9)  (6, 7)   (1, 8)   (3, 7)


Solution:
Machine 0: job_4_task_0   job_5_task_0   job_13_task_0  job_4_task_2   job_0_task_0   job_0_task_1   job_17_task_2  job_14_task_6  job_4_task_6   job_1_task_9   job_4_task_8   job_15_task_3  job_9_task_4   job_3_task_7   job_9_task_5   job_9_task_6   job_2_task_2   job_3_task_8   job_2_task_3   job_15_task_5  job_0_task_10  job_9_task_10  job_17_task_5  job_5_task_9   job_6_task_8   job_1_task_12  job_16_task_13 job_8_task_11  job_16_task_15 job_7_task_15  job_12_task_15 job_14_task_15 job_14_task_16 job_1_task_16  job_3_task_15  job_5_task_17  job_6_task_15  job_11_task_15 job_9_task_16  job_9_task_17  
           [0,6]          [6,11]         [11,19]        [19,26]        [26,27]        [27,37]        [37,42]        [42,49]        [49,53]        [54,60]        [60,68]        [68,78]        [78,82]        [82,91]        [91,96]        [96,97]        [97,102]       [102,106]      [106,112]      [112,116]      [116,125]      [125,129]      [129,136]      [137,145]      [152,155]      [159,162]      [181,182]      [182,184]      [188,191]      [191,196]      [201,205]      [205,213]      [213,223]      [223,225]      [225,234]      [243,250]      [250,253]      [253,254]      [254,264]      [264,274]      
Machine 1: job_9_task_0   job_15_task_0  job_14_task_2  job_3_task_1   job_5_task_2   job_13_task_3  job_0_task_2   job_1_task_6   job_12_task_2  job_6_task_3   job_4_task_7   job_11_task_4  job_11_task_5  job_5_task_7   job_4_task_11  job_0_task_7   job_13_task_7  job_7_task_8   job_4_task_12  job_10_task_9  job_9_task_9   job_7_task_12  job_16_task_7  job_9_task_11  job_10_task_10 job_14_task_11 job_16_task_9  job_16_task_10 job_3_task_11  job_15_task_12 job_17_task_9  job_4_task_16  job_8_task_12  job_7_task_14  job_16_task_16 job_12_task_14 job_8_task_14  job_1_task_15  job_15_task_15 job_12_task_17 job_1_task_17  job_13_task_16 job_17_task_16 job_2_task_16  job_16_task_17 job_10_task_16 job_7_task_17  job_15_task_17 job_14_task_17 
           [0,7]          [7,15]         [15,24]        [24,32]        [32,34]        [34,39]        [39,42]        [42,46]        [46,50]        [50,53]        [53,60]        [60,65]        [65,70]        [70,80]        [80,89]        [89,94]        [94,96]        [96,103]       [103,107]      [107,116]      [116,120]      [120,130]      [130,134]      [134,143]      [143,147]      [147,149]      [149,151]      [151,157]      [157,166]      [166,171]      [171,176]      [176,186]      [186,189]      [189,191]      [191,195]      [195,201]      [201,208]      [208,216]      [216,222]      [222,226]      [226,227]      [227,237]      [237,245]      [245,248]      [248,256]      [256,257]      [257,267]      [267,273]      [273,276]      
Machine 2: job_1_task_0   job_17_task_1  job_7_task_1   job_12_task_1  job_10_task_3  job_6_task_1   job_14_task_4  job_14_task_5  job_5_task_4   job_16_task_2  job_10_task_4  job_14_task_7  job_0_task_5   job_2_task_1   job_11_task_8  job_10_task_7  job_16_task_5  job_12_task_4  job_14_task_9  job_12_task_5  job_3_task_10  job_1_task_10  job_5_task_10  job_14_task_12 job_12_task_10 job_14_task_13 job_2_task_9   job_16_task_12 job_6_task_10  job_16_task_14 job_0_task_14  job_17_task_10 job_1_task_14  job_5_task_13  job_13_task_15 job_10_task_14 job_2_task_15  job_10_task_15 job_11_task_13 job_11_task_14 job_3_task_17  job_0_task_17  
           [0,2]          [6,16]         [16,17]        [17,22]        [22,23]        [24,32]        [32,36]        [36,42]        [42,51]        [51,58]        [58,68]        [68,77]        [77,85]        [85,95]        [95,96]        [96,105]       [105,112]      [112,117]      [117,126]      [126,131]      [131,140]      [140,148]      [148,150]      [150,158]      [158,165]      [165,173]      [173,174]      [174,181]      [181,187]      [187,188]      [188,195]      [195,200]      [201,207]      [207,213]      [219,227]      [227,236]      [236,239]      [239,243]      [243,245]      [245,246]      [246,250]      [253,261]      
Machine 3: job_2_task_0   job_1_task_1   job_10_task_2  job_16_task_0  job_7_task_2   job_13_task_2  job_3_task_2   job_5_task_3   job_0_task_3   job_13_task_5  job_13_task_6  job_3_task_4   job_3_task_5   job_4_task_10  job_7_task_5   job_12_task_3  job_7_task_7   job_13_task_8  job_10_task_8  job_6_task_4   job_11_task_10 job_2_task_4   job_16_task_6  job_5_task_8   job_12_task_8  job_6_task_7   job_12_task_9  job_8_task_8   job_9_task_13  job_4_task_15  job_3_task_12  job_12_task_12 job_14_task_14 job_13_task_13 job_15_task_14 job_3_task_14  job_17_task_14 job_11_task_12 job_3_task_16  job_0_task_16  job_17_task_17 job_10_task_17 
           [0,1]          [2,4]          [4,10]         [10,13]        [17,25]        [27,32]        [32,34]        [34,42]        [42,50]        [50,54]        [54,56]        [56,62]        [62,72]        [72,79]        [79,84]        [84,93]        [93,96]        [96,105]       [105,106]      [106,111]      [111,112]      [112,117]      [117,127]      [127,137]      [144,151]      [151,152]      [152,157]      [157,163]      [163,168]      [170,174]      [174,184]      [184,191]      [191,201]      [201,209]      [209,213]      [213,219]      [219,228]      [228,231]      [234,238]      [245,253]      [253,260]      [260,266]      
Machine 4: job_7_task_0   job_1_task_3   job_1_task_4   job_13_task_1  job_4_task_3   job_15_task_1  job_11_task_1  job_11_task_2  job_5_task_5   job_9_task_2   job_0_task_4   job_10_task_5  job_8_task_0   job_14_task_8  job_8_task_2   job_9_task_8   job_3_task_9   job_13_task_9  job_13_task_10 job_12_task_6  job_12_task_7  job_2_task_6   job_8_task_6   job_15_task_9  job_4_task_13  job_4_task_14  job_8_task_9   job_7_task_13  job_15_task_13 job_5_task_11  job_13_task_12 job_1_task_13  job_2_task_11  job_17_task_12 job_13_task_14 job_5_task_14  job_8_task_17  job_13_task_17 job_6_task_16  job_6_task_17  
           [0,10]         [11,13]        [13,19]        [19,27]        [27,36]        [36,40]        [40,41]        [41,51]        [51,60]        [60,67]        [67,75]        [75,81]        [81,90]        [90,99]        [99,106]       [106,111]      [111,120]      [120,127]      [127,137]      [137,142]      [142,144]      [144,148]      [148,150]      [150,154]      [154,164]      [164,170]      [170,178]      [178,184]      [184,191]      [191,193]      [193,200]      [200,201]      [201,205]      [205,213]      [213,219]      [219,225]      [229,231]      [237,240]      [253,257]      [257,262]      
Machine 5: job_10_task_0  job_17_task_0  job_3_task_0   job_16_task_1  job_6_task_0   job_5_task_1   job_11_task_0  job_3_task_3   job_1_task_7   job_1_task_8   job_17_task_4  job_5_task_6   job_9_task_3   job_3_task_6   job_0_task_6   job_0_task_8   job_9_task_7   job_8_task_4   job_8_task_5   job_16_task_8  job_2_task_7   job_2_task_8   job_16_task_11 job_12_task_11 job_8_task_13  job_5_task_12  job_2_task_13  job_2_task_14  job_15_task_16 job_6_task_14  
           [0,2]          [2,6]          [6,13]         [13,18]        [18,24]        [24,26]        [26,35]        [35,38]        [46,51]        [51,54]        [57,60]        [60,70]        [70,73]        [73,78]        [85,86]        [94,101]       [101,106]      [120,121]      [121,130]      [134,144]      [148,157]      [157,162]      [162,165]      [165,175]      [189,194]      [194,201]      [211,221]      [221,224]      [224,231]      [241,245]      
Machine 6: job_10_task_1  job_1_task_2   job_4_task_1   job_1_task_5   job_7_task_3   job_4_task_4   job_4_task_5   job_17_task_3  job_7_task_4   job_16_task_3  job_16_task_4  job_11_task_7  job_10_task_6  job_8_task_1   job_7_task_9   job_8_task_3   job_6_task_5   job_0_task_11  job_0_task_12  job_15_task_7  job_15_task_8  job_9_task_12  job_10_task_11 job_1_task_11  job_15_task_10 job_17_task_7  job_17_task_8  job_6_task_11  job_12_task_13 job_3_task_13  job_6_task_12  job_2_task_12  job_12_task_16 job_10_task_13 job_8_task_16  job_17_task_15 job_6_task_13  job_5_task_16  job_0_task_15  job_9_task_15  job_4_task_17  job_11_task_16 job_11_task_17 
           [2,4]          [4,11]         [11,17]        [19,20]        [25,34]        [36,39]        [39,49]        [49,57]        [57,65]        [65,71]        [71,76]        [78,87]        [87,90]        [90,98]        [103,111]      [111,120]      [120,123]      [125,132]      [132,138]      [138,143]      [143,147]      [147,151]      [151,153]      [153,159]      [159,161]      [162,163]      [163,170]      [187,191]      [191,192]      [192,202]      [202,209]      [209,211]      [211,215]      [215,221]      [221,229]      [229,236]      [236,241]      [241,243]      [243,245]      [245,254]      [254,261]      [261,262]      [262,264]      
Machine 7: job_14_task_0  job_14_task_1  job_12_task_0  job_14_task_3  job_9_task_1   job_13_task_4  job_6_task_2   job_11_task_3  job_15_task_2  job_4_task_9   job_11_task_6  job_15_task_4  job_7_task_6   job_11_task_9  job_0_task_9   job_7_task_10  job_7_task_11  job_2_task_5   job_15_task_6  job_14_task_10 job_6_task_6   job_8_task_7   job_17_task_6  job_15_task_11 job_6_task_9   job_2_task_10  job_8_task_10  job_0_task_13  job_13_task_11 job_10_task_12 job_17_task_11 job_11_task_11 job_17_task_13 job_8_task_15  job_5_task_15  job_9_task_14  job_7_task_16  job_2_task_17  
           [0,6]          [6,13]         [13,16]        [24,28]        [28,37]        [39,42]        [42,49]        [51,54]        [54,64]        [68,71]        [71,78]        [78,84]        [84,87]        [96,99]        [101,102]      [111,115]      [115,118]      [118,126]      [126,135]      [135,145]      [145,150]      [150,154]      [154,162]      [162,166]      [166,174]      [174,178]      [178,182]      [182,183]      [183,192]      [192,198]      [200,205]      [205,215]      [215,219]      [219,220]      [225,234]      [234,244]      [244,251]      [251,258]      
Optimal Schedule Length: 276.0
Total (Unoptimized Schedule Length): 1828
Statistics
  - conflicts: 0
  - branches : 58
  - wall time: 0.8761281630000001s