
Problem
         task_0  task_1   task_2   task_3   task_4   task_5   task_6   task_7   task_8   task_9  task_10
job_0    (2, 9)  (2, 7)   (4, 2)  (0, 10)   (1, 9)   (3, 9)   (4, 8)   (2, 3)   (0, 9)   (0, 9)   (2, 8)
job_1    (3, 5)  (4, 9)   (2, 2)  (2, 10)   (1, 9)   (2, 7)   (1, 2)   (3, 6)   (3, 3)   (1, 2)   (2, 6)
job_2    (0, 7)  (1, 1)   (0, 9)   (2, 4)   (4, 8)  (4, 10)   (0, 8)   (0, 1)   (3, 4)   (1, 3)  (1, 10)
job_3    (0, 7)  (2, 8)   (0, 1)   (0, 8)   (0, 6)  (1, 10)   (4, 8)   (2, 8)   (4, 7)   (1, 1)   (0, 6)
job_4    (2, 1)  (1, 9)   (4, 4)   (4, 1)   (2, 9)   (3, 7)   (0, 6)   (4, 2)   (2, 1)   (4, 6)   (2, 1)
job_5    (3, 9)  (3, 2)   (0, 5)   (0, 4)   (1, 8)   (4, 7)   (4, 5)   (1, 4)   (2, 5)   (4, 6)   (4, 9)
job_6    (1, 1)  (3, 7)   (4, 3)   (0, 2)   (1, 2)   (4, 6)  (4, 10)   (3, 5)   (2, 2)   (4, 4)   (3, 8)
job_7    (0, 9)  (3, 1)  (0, 10)   (4, 1)   (1, 7)   (0, 4)  (4, 10)   (1, 7)   (2, 6)  (2, 10)   (4, 4)
job_8    (0, 1)  (1, 9)   (0, 2)   (1, 4)   (2, 1)   (4, 5)   (3, 7)   (0, 2)   (2, 1)   (0, 7)   (4, 9)
job_9    (4, 9)  (0, 5)   (2, 4)   (4, 6)   (3, 8)   (1, 5)  (1, 10)   (4, 5)   (3, 6)   (0, 3)  (2, 10)
job_10   (4, 7)  (4, 4)   (4, 2)   (2, 6)   (4, 7)  (3, 10)   (4, 2)   (1, 4)   (2, 3)   (0, 9)  (0, 10)
job_11   (0, 8)  (3, 8)   (1, 1)   (1, 6)   (0, 9)   (3, 3)   (2, 6)   (4, 8)   (1, 7)   (4, 6)   (2, 5)
job_12  (2, 10)  (1, 2)   (3, 3)   (4, 8)   (1, 8)   (3, 4)   (0, 6)   (1, 4)   (4, 5)   (2, 8)   (0, 1)
job_13  (3, 10)  (0, 5)  (4, 10)   (4, 9)  (1, 10)   (3, 9)   (0, 9)   (2, 8)   (3, 5)   (3, 5)   (2, 2)
job_14   (3, 3)  (2, 6)   (2, 5)   (3, 8)   (0, 1)   (0, 8)   (3, 9)   (3, 3)   (2, 2)   (2, 2)   (0, 4)
job_15  (0, 10)  (4, 3)  (4, 10)   (4, 6)   (2, 4)   (4, 8)   (2, 4)   (4, 4)  (4, 10)   (3, 1)   (2, 9)
job_16   (0, 8)  (2, 4)   (0, 4)   (0, 8)   (3, 7)   (1, 6)   (2, 4)  (3, 10)   (2, 5)   (3, 4)   (4, 7)


Solution:
Machine 0: job_3_task_0   job_7_task_0   job_13_task_1  job_15_task_0  job_11_task_0  job_16_task_0  job_2_task_0   job_0_task_3   job_9_task_1   job_7_task_2   job_2_task_2   job_3_task_2   job_16_task_2  job_3_task_3   job_5_task_2   job_16_task_3  job_8_task_0   job_5_task_3   job_3_task_4   job_11_task_4  job_7_task_5   job_6_task_3   job_8_task_2   job_14_task_4  job_13_task_6  job_14_task_5  job_2_task_6   job_0_task_8   job_12_task_6  job_8_task_7   job_2_task_7   job_0_task_9   job_10_task_9  job_4_task_6   job_8_task_9   job_9_task_9   job_10_task_10 job_3_task_10  job_12_task_10 job_14_task_10 
           [0,7]          [7,16]         [16,21]        [21,31]        [31,39]        [39,47]        [47,54]        [54,64]        [64,69]        [69,79]        [79,88]        [88,89]        [89,93]        [93,101]       [101,106]      [106,114]      [114,115]      [115,119]      [119,125]      [125,134]      [134,138]      [138,140]      [140,142]      [142,143]      [143,152]      [152,160]      [160,168]      [168,177]      [177,183]      [183,185]      [185,186]      [186,195]      [195,204]      [204,210]      [210,217]      [217,220]      [220,230]      [234,240]      [240,241]      [253,257]      
Machine 1: job_6_task_0   job_12_task_1  job_4_task_1   job_11_task_2  job_11_task_3  job_2_task_1   job_13_task_4  job_0_task_4   job_1_task_4   job_7_task_4   job_12_task_4  job_9_task_5   job_9_task_6   job_8_task_1   job_5_task_4   job_3_task_5   job_6_task_4   job_8_task_3   job_16_task_5  job_7_task_7   job_1_task_6   job_5_task_7   job_12_task_7  job_10_task_7  job_11_task_8  job_2_task_9   job_2_task_10  job_1_task_9   job_3_task_9   
           [0,1]          [34,36]        [41,50]        [50,51]        [51,57]        [57,58]        [58,68]        [68,77]        [77,86]        [86,93]        [93,101]       [101,106]      [106,116]      [116,125]      [125,133]      [133,143]      [143,145]      [145,149]      [149,155]      [155,162]      [162,164]      [176,180]      [183,187]      [188,192]      [196,203]      [203,206]      [206,216]      [222,224]      [233,234]      
Machine 2: job_0_task_0   job_0_task_1   job_3_task_1   job_12_task_0  job_14_task_1  job_4_task_0   job_14_task_2  job_16_task_1  job_1_task_2   job_1_task_3   job_10_task_3  job_9_task_2   job_15_task_4  job_1_task_5   job_2_task_3   job_0_task_7   job_15_task_6  job_11_task_6  job_8_task_4   job_13_task_7  job_4_task_4   job_16_task_6  job_3_task_7   job_5_task_8   job_7_task_8   job_10_task_8  job_8_task_8   job_16_task_8  job_6_task_8   job_7_task_9   job_0_task_10  job_9_task_10  job_12_task_9  job_15_task_10 job_4_task_8   job_14_task_8  job_14_task_9  job_1_task_10  job_11_task_10 job_13_task_10 job_4_task_10  
           [0,9]          [9,16]         [16,24]        [24,34]        [34,40]        [40,41]        [41,46]        [47,51]        [53,55]        [55,65]        [65,71]        [71,75]        [75,79]        [86,93]        [93,97]        [116,119]      [124,128]      [137,143]      [149,150]      [152,160]      [160,169]      [169,173]      [173,181]      [181,186]      [186,192]      [192,195]      [195,196]      [196,201]      [201,203]      [203,213]      [213,221]      [221,231]      [231,239]      [239,248]      [248,249]      [249,251]      [251,253]      [253,259]      [259,264]      [264,266]      [269,270]      
Machine 3: job_13_task_0  job_5_task_0   job_1_task_0   job_7_task_1   job_5_task_1   job_14_task_0  job_6_task_1   job_12_task_2  job_11_task_1  job_14_task_3  job_13_task_5  job_0_task_5   job_9_task_4   job_10_task_5  job_12_task_5  job_16_task_4  job_11_task_5  job_14_task_6  job_8_task_6   job_16_task_7  job_4_task_5   job_6_task_7   job_2_task_8   job_1_task_7   job_9_task_8   job_13_task_8  job_1_task_8   job_14_task_7  job_16_task_9  job_15_task_9  job_13_task_9  job_6_task_10  
           [0,10]         [10,19]        [19,24]        [24,25]        [25,27]        [27,30]        [30,37]        [37,40]        [40,48]        [48,56]        [68,77]        [77,86]        [86,94]        [94,104]       [104,108]      [114,121]      [134,137]      [160,169]      [169,176]      [176,186]      [186,193]      [193,198]      [198,202]      [202,208]      [208,214]      [214,219]      [219,222]      [222,225]      [225,229]      [229,230]      [230,235]      [237,245]      
Machine 4: job_9_task_0   job_10_task_0  job_0_task_2   job_10_task_1  job_13_task_2  job_15_task_1  job_13_task_3  job_1_task_1   job_15_task_2  job_10_task_2  job_15_task_3  job_10_task_4  job_9_task_3   job_7_task_3   job_12_task_3  job_6_task_2   job_4_task_2   job_2_task_4   job_0_task_6   job_15_task_5  job_2_task_5   job_5_task_5   job_7_task_6   job_6_task_5   job_4_task_3   job_8_task_5   job_3_task_6   job_5_task_6   job_6_task_6   job_10_task_6  job_11_task_7  job_15_task_7  job_9_task_7   job_15_task_8  job_5_task_9   job_12_task_8  job_3_task_8   job_6_task_9   job_11_task_9  job_4_task_7   job_5_task_10  job_8_task_10  job_4_task_9   job_16_task_10 job_7_task_10  
           [0,9]          [9,16]         [16,18]        [18,22]        [22,32]        [32,35]        [35,44]        [44,53]        [53,63]        [63,65]        [65,71]        [71,78]        [78,84]        [84,85]        [85,93]        [93,96]        [96,100]       [100,108]      [108,116]      [116,124]      [124,134]      [134,141]      [141,151]      [151,157]      [157,158]      [158,163]      [163,171]      [171,176]      [176,186]      [186,188]      [188,196]      [196,200]      [200,205]      [205,215]      [215,221]      [221,226]      [226,233]      [233,237]      [237,243]      [243,245]      [245,254]      [254,263]      [263,269]      [269,276]      [276,280]      
Optimal Schedule Length: 280.0
Total (Unoptimized Schedule Length): 1087
Statistics
  - conflicts: 1
  - branches : 188
  - wall time: 0.108750439s