
Problem
        task_0   task_1   task_2   task_3   task_4   task_5   task_6   task_7   task_8   task_9  task_10  task_11 task_12  task_13  task_14  task_15  task_16 task_17  task_18 task_19
job_0   (2, 6)   (1, 9)   (0, 5)   (3, 1)   (2, 4)   (0, 3)  (3, 10)   (5, 6)   (6, 3)   (1, 8)   (1, 3)   (0, 2)  (1, 4)   (4, 2)   (3, 5)   (0, 2)   (1, 9)  (0, 9)   (0, 6)  (3, 2)
job_1   (4, 4)   (2, 9)   (0, 9)  (2, 10)   (5, 8)   (0, 8)   (6, 5)   (2, 6)   (0, 5)   (0, 8)   (2, 5)   (5, 3)  (4, 1)   (2, 4)   (4, 3)   (5, 2)   (3, 3)  (5, 1)   (5, 9)  (1, 7)
job_2   (3, 6)  (6, 10)  (0, 10)   (1, 4)   (0, 4)  (3, 10)   (3, 9)   (5, 4)   (2, 1)   (1, 8)   (6, 6)   (3, 6)  (4, 8)   (0, 4)   (3, 2)   (1, 7)   (3, 6)  (3, 6)   (2, 8)  (5, 1)
job_3   (6, 2)  (6, 10)   (1, 4)   (0, 4)   (1, 9)   (0, 5)   (1, 4)   (0, 1)   (2, 4)   (2, 1)   (1, 6)   (3, 2)  (6, 1)   (5, 3)   (2, 6)  (2, 10)   (4, 2)  (0, 4)   (0, 1)  (6, 8)
job_4   (0, 6)   (5, 5)   (3, 6)   (2, 2)   (5, 6)   (3, 6)   (1, 3)  (0, 10)   (5, 4)  (3, 10)   (6, 7)   (4, 1)  (2, 3)   (3, 4)   (5, 9)   (0, 7)   (3, 8)  (6, 2)   (2, 2)  (0, 2)
job_5   (0, 1)   (6, 3)   (6, 4)   (2, 3)   (0, 9)   (0, 2)   (2, 6)   (0, 2)   (0, 2)   (6, 8)   (5, 7)   (4, 5)  (1, 9)   (4, 5)   (6, 7)   (6, 9)   (3, 7)  (4, 3)   (2, 6)  (2, 1)
job_6   (5, 1)   (2, 7)   (5, 5)   (4, 1)  (5, 10)   (5, 9)   (0, 7)   (2, 1)   (3, 2)  (5, 10)   (2, 5)   (1, 3)  (4, 1)   (4, 6)  (2, 10)   (4, 3)   (0, 4)  (5, 9)   (3, 2)  (6, 3)
job_7   (2, 9)   (1, 3)   (3, 4)   (0, 8)   (5, 4)   (3, 9)   (0, 8)   (2, 4)   (0, 1)   (5, 8)  (6, 10)   (4, 7)  (0, 1)   (5, 5)   (4, 9)   (2, 3)   (2, 1)  (2, 5)   (5, 9)  (4, 8)
job_8   (4, 6)   (1, 3)   (6, 6)   (0, 1)   (1, 5)   (6, 1)   (1, 3)   (3, 1)   (0, 6)  (3, 10)   (6, 2)   (5, 1)  (5, 7)  (2, 10)   (3, 1)  (0, 10)  (2, 10)  (5, 5)   (4, 6)  (2, 4)
job_9   (3, 4)   (6, 8)   (3, 8)   (0, 8)   (2, 4)   (0, 3)   (3, 3)   (4, 5)   (2, 1)   (3, 2)   (6, 9)   (6, 5)  (2, 6)   (5, 2)   (0, 6)   (2, 2)   (5, 8)  (6, 1)   (6, 7)  (2, 4)
job_10  (2, 6)   (2, 1)   (5, 7)   (6, 7)   (1, 9)   (2, 5)   (1, 4)   (6, 6)   (0, 2)   (5, 9)   (5, 6)  (0, 10)  (1, 8)   (6, 8)   (2, 5)   (0, 2)   (0, 3)  (1, 1)   (4, 6)  (5, 4)
job_11  (2, 2)  (2, 10)  (2, 10)   (3, 6)   (2, 1)   (4, 2)   (4, 9)   (1, 9)   (0, 1)   (0, 4)  (4, 10)   (1, 6)  (1, 9)   (1, 6)  (4, 10)   (3, 7)   (3, 6)  (4, 8)   (3, 1)  (4, 1)
job_12  (6, 4)   (1, 5)   (2, 5)   (4, 7)   (3, 6)   (0, 1)   (3, 6)  (2, 10)  (5, 10)   (1, 4)  (2, 10)   (4, 7)  (5, 9)   (5, 6)   (2, 6)   (4, 7)   (0, 4)  (6, 1)   (5, 5)  (4, 1)
job_13  (6, 2)   (5, 2)   (1, 1)   (4, 6)   (5, 5)   (4, 8)  (5, 10)   (6, 7)   (0, 3)   (1, 6)   (1, 9)   (3, 7)  (4, 6)   (4, 4)  (2, 10)  (2, 10)   (4, 5)  (5, 5)   (3, 8)  (6, 5)
job_14  (6, 8)  (3, 10)   (6, 9)   (1, 2)   (5, 6)   (6, 6)   (1, 1)   (2, 8)   (4, 7)   (1, 1)   (5, 2)   (6, 3)  (4, 2)   (2, 8)   (3, 4)   (4, 6)  (0, 10)  (3, 7)   (4, 7)  (1, 3)
job_15  (6, 4)   (2, 2)   (0, 5)   (5, 8)   (6, 3)   (0, 2)   (4, 3)   (5, 5)   (1, 9)   (0, 6)   (4, 9)   (5, 1)  (5, 7)   (0, 5)   (5, 3)   (1, 9)   (3, 7)  (6, 7)  (2, 10)  (4, 8)
job_16  (6, 2)   (3, 7)   (5, 5)   (3, 8)   (3, 3)   (2, 3)   (2, 6)   (6, 8)   (3, 4)   (2, 8)   (6, 5)   (1, 6)  (6, 9)   (0, 8)   (5, 4)  (5, 10)   (2, 1)  (1, 6)   (2, 1)  (1, 9)


Solution:
Machine 0: job_4_task_0   job_5_task_0   job_15_task_2  job_2_task_2   job_7_task_3   job_15_task_5  job_1_task_2   job_2_task_4   job_15_task_9  job_8_task_3   job_7_task_6   job_5_task_4   job_12_task_5  job_0_task_2   job_5_task_5   job_13_task_8  job_9_task_3   job_3_task_3   job_11_task_8  job_8_task_8   job_0_task_5   job_11_task_9  job_5_task_7   job_1_task_5   job_5_task_8   job_4_task_7   job_9_task_5   job_7_task_8   job_6_task_6   job_10_task_8  job_3_task_5   job_1_task_8   job_15_task_13 job_1_task_9   job_3_task_7   job_16_task_13 job_8_task_15  job_10_task_11 job_7_task_12  job_0_task_11  job_2_task_13  job_4_task_15  job_0_task_15  job_9_task_14  job_14_task_16 job_0_task_17  job_6_task_16  job_3_task_17  job_3_task_18  job_0_task_18  job_10_task_15 job_12_task_16 job_10_task_16 job_4_task_19  
           [0,6]          [6,7]          [11,16]        [16,26]        [26,34]        [34,36]        [36,45]        [45,49]        [53,59]        [59,60]        [65,73]        [73,82]        [82,83]        [83,88]        [88,90]        [90,93]        [93,101]       [101,105]      [105,106]      [106,112]      [112,115]      [115,119]      [119,121]      [121,129]      [129,131]      [131,141]      [141,144]      [144,145]      [145,152]      [152,154]      [154,159]      [159,164]      [164,169]      [169,177]      [177,178]      [178,186]      [186,196]      [196,206]      [206,207]      [207,209]      [209,213]      [227,234]      [234,236]      [236,242]      [242,252]      [252,261]      [261,265]      [265,269]      [269,270]      [270,276]      [284,286]      [286,290]      [290,293]      [312,314]      
Machine 1: job_13_task_2  job_7_task_1   job_2_task_3   job_8_task_1   job_12_task_1  job_15_task_8  job_14_task_3  job_0_task_1   job_8_task_4   job_10_task_4  job_11_task_7  job_8_task_6   job_3_task_2   job_13_task_9  job_10_task_6  job_14_task_6  job_4_task_6   job_13_task_10 job_3_task_4   job_12_task_9  job_11_task_11 job_2_task_9   job_16_task_11 job_14_task_9  job_0_task_9   job_3_task_6   job_11_task_12 job_5_task_12  job_0_task_10  job_11_task_13 job_6_task_11  job_3_task_10  job_15_task_15 job_0_task_12  job_10_task_12 job_2_task_15  job_0_task_16  job_1_task_19  job_14_task_19 job_10_task_17 job_16_task_17 job_16_task_19 
           [4,5]          [9,12]         [26,30]        [30,33]        [36,41]        [44,53]        [53,55]        [60,69]        [69,74]        [74,83]        [83,92]        [92,95]        [95,99]        [99,105]       [105,109]      [109,110]      [112,115]      [115,124]      [124,133]      [133,137]      [137,143]      [143,151]      [151,157]      [157,158]      [158,166]      [166,170]      [170,179]      [179,188]      [188,191]      [191,197]      [197,200]      [200,206]      [206,215]      [215,219]      [219,227]      [230,237]      [237,246]      [269,276]      [276,279]      [293,294]      [295,301]      [304,313]      
Machine 2: job_7_task_0   job_15_task_1  job_11_task_0  job_11_task_1  job_1_task_1   job_11_task_2  job_10_task_0  job_12_task_2  job_10_task_1  job_0_task_0   job_6_task_1   job_5_task_3   job_11_task_4  job_16_task_5  job_1_task_3   job_4_task_3   job_16_task_6  job_10_task_5  job_12_task_7  job_0_task_4   job_5_task_6   job_7_task_7   job_9_task_4   job_14_task_7  job_16_task_9  job_2_task_8   job_1_task_7   job_12_task_10 job_6_task_7   job_9_task_8   job_8_task_13  job_13_task_14 job_1_task_10  job_3_task_8   job_6_task_10  job_4_task_12  job_3_task_9   job_9_task_12  job_14_task_13 job_13_task_15 job_3_task_14  job_6_task_14  job_1_task_13  job_7_task_15  job_3_task_15  job_8_task_16  job_12_task_14 job_9_task_15  job_7_task_16  job_7_task_17  job_10_task_14 job_15_task_18 job_16_task_16 job_2_task_18  job_16_task_18 job_5_task_18  job_4_task_18  job_8_task_19  job_9_task_19  job_5_task_19  
           [0,9]          [9,11]         [11,13]        [13,23]        [23,32]        [32,42]        [42,48]        [48,53]        [53,54]        [54,60]        [60,67]        [67,70]        [70,71]        [71,74]        [74,84]        [84,86]        [86,92]        [92,97]        [97,107]       [107,111]      [111,117]      [117,121]      [121,125]      [125,133]      [133,141]      [141,142]      [142,148]      [148,158]      [158,159]      [159,160]      [160,170]      [170,180]      [180,185]      [185,189]      [189,194]      [194,197]      [197,198]      [198,204]      [204,212]      [212,222]      [222,228]      [228,238]      [238,242]      [242,245]      [245,255]      [255,265]      [265,271]      [271,273]      [273,274]      [274,279]      [279,284]      [284,294]      [294,295]      [295,303]      [303,304]      [304,310]      [310,312]      [312,316]      [316,320]      [320,321]      
Machine 3: job_2_task_0   job_9_task_0   job_4_task_2   job_7_task_2   job_16_task_1  job_14_task_1  job_16_task_3  job_11_task_3  job_16_task_4  job_7_task_5   job_12_task_4  job_2_task_5   job_9_task_2   job_12_task_6  job_0_task_3   job_2_task_6   job_8_task_7   job_4_task_5   job_16_task_8  job_0_task_6   job_8_task_9   job_13_task_11 job_9_task_6   job_4_task_9   job_6_task_8   job_2_task_11  job_9_task_9   job_8_task_14  job_4_task_13  job_3_task_11  job_14_task_14 job_15_task_16 job_0_task_14  job_2_task_14  job_5_task_16  job_2_task_16  job_11_task_15 job_1_task_16  job_14_task_17 job_11_task_16 job_4_task_16  job_2_task_17  job_13_task_18 job_6_task_18  job_11_task_18 job_0_task_19  
           [0,6]          [6,10]         [11,17]        [17,21]        [21,28]        [28,38]        [39,47]        [47,53]        [53,56]        [56,65]        [65,71]        [71,81]        [81,89]        [89,95]        [95,96]        [96,105]       [105,106]      [106,112]      [112,116]      [116,126]      [126,136]      [136,143]      [144,147]      [147,157]      [159,161]      [161,167]      [167,169]      [170,171]      [197,201]      [206,208]      [212,216]      [216,223]      [223,228]      [228,230]      [230,237]      [237,243]      [246,253]      [253,256]      [256,263]      [263,269]      [269,277]      [277,283]      [283,291]      [291,293]      [293,294]      [294,296]      
Machine 4: job_1_task_0   job_13_task_3  job_13_task_5  job_8_task_0   job_15_task_6  job_12_task_3  job_15_task_10 job_11_task_5  job_11_task_6  job_6_task_3   job_11_task_10 job_14_task_8  job_13_task_12 job_9_task_7   job_5_task_11  job_13_task_13 job_12_task_11 job_2_task_12  job_4_task_11  job_7_task_11  job_5_task_13  job_6_task_12  job_14_task_12 job_6_task_13  job_1_task_12  job_0_task_13  job_7_task_14  job_14_task_15 job_11_task_14 job_1_task_14  job_13_task_16 job_6_task_15  job_5_task_17  job_3_task_16  job_14_task_18 job_11_task_17 job_12_task_15 job_8_task_18  job_11_task_19 job_10_task_18 job_15_task_19 job_7_task_19  job_12_task_19 
           [0,4]          [5,11]         [16,24]        [24,30]        [36,39]        [53,60]        [60,69]        [71,73]        [73,82]        [82,83]        [119,129]      [133,140]      [143,149]      [149,154]      [154,159]      [159,163]      [163,170]      [170,178]      [178,179]      [184,191]      [191,196]      [200,201]      [201,203]      [203,209]      [210,211]      [219,221]      [221,230]      [230,236]      [236,246]      [246,249]      [249,254]      [254,257]      [257,260]      [260,262]      [263,270]      [270,278]      [278,285]      [285,291]      [294,295]      [295,301]      [301,309]      [309,317]      [317,318]      
Machine 5: job_6_task_0   job_13_task_1  job_4_task_1   job_13_task_4  job_15_task_3  job_13_task_6  job_16_task_2  job_15_task_7  job_7_task_4   job_10_task_2  job_14_task_4  job_6_task_2   job_15_task_11 job_15_task_12 job_6_task_4   job_4_task_4   job_1_task_4   job_6_task_5   job_12_task_8  job_2_task_7   job_0_task_7   job_4_task_8   job_5_task_10  job_8_task_11  job_8_task_12  job_7_task_9   job_10_task_9  job_6_task_9   job_10_task_10 job_14_task_10 job_15_task_14 job_12_task_12 job_1_task_11  job_3_task_13  job_7_task_13  job_4_task_14  job_16_task_14 job_9_task_13  job_12_task_13 job_16_task_15 job_1_task_15  job_13_task_17 job_1_task_17  job_1_task_18  job_8_task_17  job_6_task_17  job_9_task_16  job_7_task_18  job_12_task_18 job_10_task_19 job_2_task_19  
           [0,1]          [2,4]          [6,11]         [11,16]        [16,24]        [24,34]        [34,39]        [39,44]        [44,48]        [54,61]        [61,67]        [67,72]        [72,73]        [73,80]        [83,93]        [93,99]        [99,107]       [107,116]      [116,126]      [126,130]      [130,136]      [141,145]      [145,152]      [152,153]      [153,160]      [160,168]      [168,177]      [177,187]      [187,193]      [193,195]      [195,198]      [198,207]      [207,210]      [210,213]      [213,218]      [218,227]      [227,231]      [231,233]      [233,239]      [239,249]      [249,251]      [254,259]      [259,260]      [260,269]      [269,274]      [274,283]      [283,291]      [291,300]      [300,305]      [305,309]      [309,310]      
Machine 6: job_13_task_0  job_15_task_0  job_2_task_1   job_16_task_0  job_14_task_0  job_5_task_1   job_15_task_4  job_12_task_0  job_9_task_1   job_14_task_2  job_8_task_2   job_5_task_2   job_10_task_3  job_3_task_0   job_13_task_7  job_3_task_1   job_8_task_5   job_14_task_5  job_16_task_7  job_10_task_7  job_1_task_6   job_5_task_9   job_16_task_10 job_8_task_10  job_0_task_8   job_2_task_10  job_16_task_12 job_4_task_10  job_7_task_10  job_9_task_10  job_9_task_11  job_14_task_11 job_5_task_14  job_3_task_12  job_5_task_15  job_15_task_17 job_10_task_13 job_3_task_19  job_4_task_17  job_12_task_17 job_9_task_17  job_9_task_18  job_13_task_19 job_6_task_19  
           [0,2]          [2,6]          [6,16]         [16,18]        [18,26]        [26,29]        [29,32]        [32,36]        [36,44]        [44,53]        [53,59]        [59,63]        [63,70]        [70,72]        [72,79]        [79,89]        [89,90]        [90,96]        [96,104]       [109,115]      [129,134]      [134,142]      [142,147]      [147,149]      [149,152]      [152,158]      [158,167]      [167,174]      [174,184]      [184,193]      [193,198]      [198,201]      [201,208]      [208,209]      [209,218]      [223,230]      [230,238]      [270,278]      [278,280]      [290,291]      [291,292]      [292,299]      [299,304]      [304,307]      
Optimal Schedule Length: 321.0
Total (Unoptimized Schedule Length): 1823
Statistics
  - conflicts: 0
  - branches : 0
  - wall time: 0.7570138070000001s