
Problem
         task_0   task_1   task_2   task_3   task_4   task_5   task_6   task_7  task_8   task_9  task_10
job_0   (1, 10)  (2, 10)   (2, 6)   (2, 8)   (0, 1)   (1, 9)   (0, 7)   (0, 2)  (0, 7)   (1, 3)   (0, 3)
job_1    (1, 9)   (0, 2)   (2, 5)   (2, 7)  (2, 10)   (1, 6)   (0, 1)   (0, 6)  (0, 7)  (0, 10)   (0, 4)
job_2    (0, 5)   (2, 7)   (1, 1)   (1, 6)   (1, 1)   (2, 2)   (2, 1)   (1, 7)  (0, 7)   (1, 7)   (0, 6)
job_3    (2, 5)   (2, 2)   (2, 6)   (2, 8)   (1, 5)   (1, 7)   (0, 3)   (1, 8)  (2, 9)   (1, 7)   (1, 9)
job_4   (1, 10)   (2, 2)   (1, 8)   (0, 8)   (1, 2)  (1, 10)   (1, 6)   (1, 1)  (1, 8)   (1, 1)   (2, 6)
job_5    (2, 4)   (1, 9)   (1, 3)   (2, 9)   (0, 5)   (2, 8)   (1, 1)   (1, 1)  (1, 9)   (2, 9)   (0, 6)
job_6    (2, 4)   (2, 7)  (0, 10)   (2, 3)   (0, 1)   (0, 9)   (0, 2)  (0, 10)  (2, 5)   (0, 7)   (2, 9)
job_7    (0, 7)   (2, 2)  (1, 10)   (2, 6)   (1, 8)   (1, 4)   (2, 3)  (2, 10)  (2, 8)   (1, 2)   (0, 1)
job_8    (1, 5)   (0, 6)   (2, 2)   (2, 8)   (0, 9)   (2, 7)  (2, 10)   (0, 3)  (0, 2)   (2, 5)   (1, 7)
job_9    (1, 8)   (2, 4)   (2, 9)   (2, 6)   (2, 7)  (1, 10)   (2, 4)   (2, 8)  (0, 4)   (1, 8)   (2, 3)
job_10   (2, 3)   (2, 2)   (0, 7)   (1, 7)   (0, 8)   (1, 5)   (2, 6)  (2, 10)  (1, 3)  (2, 10)   (0, 5)
job_11  (0, 10)   (0, 2)   (0, 1)  (1, 10)   (1, 9)   (0, 1)   (0, 1)   (2, 2)  (0, 4)   (1, 6)   (0, 6)
job_12   (0, 2)  (1, 10)   (0, 6)   (0, 4)   (1, 1)  (1, 10)   (1, 2)   (0, 4)  (2, 7)   (0, 6)   (1, 4)
job_13   (2, 5)   (2, 9)   (2, 1)   (1, 6)   (2, 6)   (1, 5)   (0, 2)   (0, 2)  (2, 6)   (0, 7)   (1, 6)
job_14  (2, 10)   (2, 7)  (2, 10)   (1, 6)   (1, 9)   (1, 1)   (2, 2)  (2, 10)  (0, 6)   (2, 2)   (0, 4)
job_15   (2, 7)   (1, 4)   (2, 4)   (2, 3)   (0, 8)   (2, 2)  (2, 10)   (2, 3)  (1, 6)   (0, 6)   (1, 1)
job_16   (0, 6)   (2, 3)   (1, 5)   (1, 5)  (1, 10)   (1, 4)   (1, 7)   (2, 7)  (0, 4)   (1, 1)  (0, 10)
job_17  (2, 10)   (0, 8)   (0, 2)   (0, 6)   (2, 5)   (2, 5)   (2, 1)   (0, 6)  (0, 5)  (2, 10)  (0, 10)


Solution:
Machine 0: job_16_task_0  job_7_task_0   job_12_task_0  job_17_task_1  job_1_task_1   job_11_task_0  job_8_task_1   job_10_task_2  job_17_task_2  job_2_task_0   job_6_task_2   job_17_task_3  job_10_task_4  job_12_task_2  job_11_task_1  job_11_task_2  job_12_task_3  job_3_task_6   job_4_task_3   job_8_task_4   job_5_task_4   job_6_task_4   job_6_task_5   job_6_task_6   job_6_task_7   job_1_task_6   job_1_task_7   job_1_task_8   job_1_task_9   job_15_task_4  job_0_task_4   job_1_task_10  job_11_task_5  job_11_task_6  job_0_task_6   job_17_task_7  job_17_task_8  job_13_task_6  job_13_task_7  job_2_task_8   job_0_task_7   job_12_task_7  job_8_task_7   job_8_task_8   job_0_task_8   job_2_task_10  job_9_task_8   job_16_task_8  job_14_task_8  job_6_task_9   job_16_task_10 job_0_task_10  job_17_task_10 job_11_task_8  job_13_task_9  job_12_task_9  job_15_task_9  job_11_task_10 job_5_task_10  job_10_task_10 job_7_task_10  job_14_task_10 
           [0,6]          [6,13]         [13,15]        [15,23]        [23,25]        [25,35]        [35,41]        [41,48]        [48,50]        [50,55]        [55,65]        [65,71]        [71,79]        [79,85]        [85,87]        [87,88]        [88,92]        [108,111]      [126,134]      [134,143]      [166,171]      [171,172]      [172,181]      [181,183]      [183,193]      [208,209]      [209,215]      [215,222]      [222,232]      [232,240]      [240,241]      [241,245]      [249,250]      [250,251]      [258,265]      [265,271]      [271,276]      [276,278]      [278,280]      [280,287]      [287,289]      [289,293]      [293,296]      [296,298]      [298,305]      [313,319]      [320,324]      [327,331]      [337,343]      [343,350]      [350,360]      [360,363]      [363,373]      [373,377]      [377,384]      [384,390]      [390,396]      [396,402]      [402,408]      [408,413]      [414,415]      [423,427]      
Machine 1: job_9_task_0   job_1_task_0   job_0_task_0   job_8_task_0   job_4_task_0   job_5_task_1   job_10_task_3  job_12_task_1  job_5_task_2   job_16_task_2  job_16_task_3  job_16_task_4  job_3_task_4   job_3_task_5   job_7_task_2   job_4_task_2   job_15_task_1  job_10_task_5  job_11_task_3  job_12_task_4  job_4_task_4   job_16_task_5  job_3_task_7   job_14_task_3  job_14_task_4  job_12_task_5  job_2_task_2   job_2_task_3   job_9_task_5   job_1_task_5   job_4_task_5   job_13_task_3  job_7_task_4   job_2_task_4   job_16_task_6  job_11_task_4  job_0_task_5   job_7_task_5   job_13_task_5  job_2_task_7   job_5_task_6   job_5_task_7   job_14_task_5  job_5_task_8   job_12_task_6  job_4_task_6   job_10_task_8  job_4_task_7   job_4_task_8   job_2_task_9   job_3_task_9   job_3_task_10  job_9_task_9   job_16_task_9  job_4_task_9   job_0_task_9   job_11_task_9  job_15_task_8  job_13_task_10 job_12_task_10 job_15_task_10 job_8_task_10  job_7_task_9   
           [0,8]          [8,17]         [17,27]        [27,32]        [32,42]        [42,51]        [51,58]        [58,68]        [68,71]        [76,81]        [81,86]        [86,96]        [96,101]       [101,108]      [108,118]      [118,126]      [126,130]      [130,135]      [135,145]      [145,146]      [146,148]      [148,152]      [152,160]      [160,166]      [166,175]      [175,185]      [185,186]      [186,192]      [192,202]      [202,208]      [208,218]      [218,224]      [224,232]      [232,233]      [233,240]      [240,249]      [249,258]      [258,262]      [262,267]      [267,274]      [274,275]      [275,276]      [276,277]      [277,286]      [286,288]      [288,294]      [294,297]      [297,298]      [298,306]      [306,313]      [313,320]      [320,329]      [329,337]      [337,338]      [338,339]      [339,342]      [377,383]      [383,389]      [389,395]      [395,399]      [399,400]      [404,411]      [412,414]      
Machine 2: job_3_task_0   job_17_task_0  job_6_task_0   job_14_task_0  job_10_task_0  job_3_task_1   job_5_task_0   job_10_task_1  job_9_task_1   job_6_task_1   job_3_task_2   job_9_task_2   job_14_task_1  job_16_task_1  job_1_task_2   job_3_task_3   job_0_task_1   job_13_task_0  job_7_task_1   job_15_task_0  job_8_task_2   job_4_task_1   job_1_task_3   job_8_task_3   job_9_task_3   job_13_task_1  job_14_task_2  job_5_task_3   job_6_task_3   job_0_task_2   job_2_task_1   job_9_task_4   job_1_task_4   job_15_task_2  job_17_task_4  job_7_task_3   job_13_task_2  job_0_task_3   job_15_task_3  job_17_task_5  job_13_task_4  job_10_task_6  job_8_task_5   job_5_task_5   job_17_task_6  job_2_task_5   job_2_task_6   job_15_task_5  job_10_task_7  job_9_task_6   job_8_task_6   job_15_task_6  job_3_task_8   job_14_task_6  job_7_task_6   job_9_task_7   job_16_task_7  job_14_task_7  job_6_task_8   job_7_task_7   job_17_task_9  job_13_task_8  job_11_task_7  job_12_task_8  job_15_task_7  job_5_task_9   job_10_task_9  job_8_task_9   job_7_task_8   job_6_task_10  job_14_task_9  job_4_task_10  job_9_task_10  
           [0,5]          [5,15]         [15,19]        [19,29]        [29,32]        [32,34]        [34,38]        [38,40]        [40,44]        [44,51]        [51,57]        [57,66]        [66,73]        [73,76]        [76,81]        [81,89]        [89,99]        [99,104]       [104,106]      [106,113]      [113,115]      [115,117]      [117,124]      [124,132]      [132,138]      [138,147]      [147,157]      [157,166]      [166,169]      [169,175]      [175,182]      [182,189]      [189,199]      [199,203]      [203,208]      [208,214]      [214,215]      [215,223]      [223,226]      [226,231]      [231,237]      [237,243]      [243,250]      [250,258]      [258,259]      [259,261]      [261,262]      [262,264]      [264,274]      [274,278]      [278,288]      [288,298]      [298,307]      [307,309]      [309,312]      [312,320]      [320,327]      [327,337]      [337,342]      [342,352]      [352,362]      [362,368]      [368,370]      [370,377]      [377,380]      [380,389]      [389,399]      [399,404]      [404,412]      [412,421]      [421,423]      [423,429]      [429,432]      
Optimal Schedule Length: 432.0
Total (Unoptimized Schedule Length): 1121
Statistics
  - conflicts: 1
  - branches : 199
  - wall time: 0.052814848000000005s