
Problem
         task_0   task_1   task_2   task_3   task_4   task_5   task_6   task_7   task_8   task_9  task_10  task_11 task_12  task_13  task_14  task_15  task_16  task_17 task_18
job_0    (4, 5)   (2, 1)   (2, 9)   (0, 1)  (0, 10)  (4, 10)   (1, 8)   (4, 4)   (0, 2)   (0, 6)   (0, 8)   (4, 5)  (0, 5)   (4, 9)  (1, 10)   (3, 3)   (4, 2)   (2, 6)  (1, 2)
job_1    (0, 8)   (3, 3)   (2, 8)   (0, 2)   (3, 4)   (0, 8)   (4, 7)   (1, 8)   (3, 1)   (3, 3)   (3, 8)   (1, 2)  (0, 9)   (0, 8)   (1, 9)   (4, 8)   (4, 7)   (2, 7)  (2, 4)
job_2    (1, 7)   (1, 4)   (3, 9)   (4, 6)   (3, 2)   (0, 7)   (1, 3)   (2, 5)   (1, 8)   (0, 9)  (2, 10)   (4, 9)  (3, 1)   (2, 8)   (2, 9)   (3, 1)   (2, 8)   (1, 3)  (1, 5)
job_3    (2, 8)   (4, 9)   (4, 9)   (4, 7)   (1, 9)   (1, 3)  (4, 10)   (4, 4)   (1, 2)   (3, 5)   (3, 4)   (3, 3)  (4, 7)  (3, 10)   (0, 4)   (4, 1)   (4, 9)   (2, 4)  (2, 8)
job_4    (0, 6)   (2, 6)   (0, 9)   (3, 2)   (2, 5)   (3, 6)   (3, 9)   (3, 3)   (3, 8)   (1, 5)   (2, 1)   (2, 9)  (3, 4)   (4, 8)   (1, 9)   (2, 2)  (2, 10)   (4, 5)  (4, 5)
job_5    (2, 3)   (3, 3)   (1, 8)   (2, 5)   (1, 6)   (4, 1)   (1, 5)  (0, 10)  (0, 10)  (4, 10)  (4, 10)   (0, 2)  (4, 9)   (2, 9)  (3, 10)   (2, 4)  (1, 10)   (0, 9)  (2, 2)
job_6    (2, 1)   (3, 9)   (3, 8)   (0, 3)   (3, 4)   (0, 4)   (1, 2)   (4, 2)   (4, 6)   (4, 9)   (1, 5)   (4, 9)  (3, 1)   (1, 8)   (3, 7)   (3, 7)   (2, 1)  (4, 10)  (4, 6)
job_7    (1, 7)  (1, 10)   (2, 5)   (0, 8)   (1, 4)   (4, 9)   (2, 6)   (4, 9)   (3, 9)   (2, 7)   (1, 9)   (2, 3)  (2, 5)   (2, 4)   (2, 6)   (4, 6)   (0, 9)   (2, 8)  (3, 2)
job_8    (3, 9)   (4, 1)   (1, 3)   (2, 4)   (2, 3)   (3, 9)   (2, 7)  (0, 10)   (1, 1)   (1, 3)   (4, 3)   (4, 3)  (3, 1)  (2, 10)   (3, 3)   (3, 9)   (2, 4)   (0, 3)  (1, 5)
job_9    (2, 4)   (0, 7)   (4, 9)   (1, 1)   (0, 3)   (3, 7)   (2, 4)  (2, 10)   (3, 7)   (4, 3)   (2, 5)   (4, 3)  (2, 9)   (2, 7)   (1, 2)   (3, 3)   (0, 2)   (4, 6)  (4, 2)
job_10   (4, 4)   (1, 9)   (0, 5)   (0, 6)  (4, 10)   (3, 6)   (0, 1)   (2, 3)   (1, 9)   (4, 2)   (2, 2)  (1, 10)  (3, 6)   (1, 7)   (0, 5)   (1, 9)   (0, 7)   (0, 2)  (2, 2)
job_11   (4, 3)   (2, 4)   (3, 3)  (3, 10)   (1, 6)   (4, 7)   (4, 4)   (1, 2)   (3, 6)   (1, 5)   (1, 9)   (3, 9)  (1, 9)  (0, 10)   (4, 6)   (3, 3)   (0, 6)   (0, 4)  (4, 4)
job_12   (0, 1)   (2, 2)   (2, 4)  (2, 10)   (2, 1)   (3, 4)   (3, 1)   (4, 4)   (1, 2)   (4, 4)  (0, 10)   (4, 5)  (2, 4)   (4, 9)   (0, 2)   (3, 1)  (2, 10)   (2, 4)  (3, 6)
job_13   (3, 7)   (4, 3)   (0, 3)   (4, 7)   (1, 5)   (4, 3)   (1, 2)   (1, 7)   (3, 8)   (4, 7)   (4, 7)   (1, 2)  (3, 7)   (4, 6)   (2, 9)  (3, 10)   (1, 1)   (1, 7)  (4, 1)
job_14   (2, 6)   (1, 7)   (3, 4)   (1, 6)   (0, 6)   (0, 1)  (3, 10)   (0, 2)   (2, 7)   (0, 8)   (3, 3)  (2, 10)  (2, 9)   (2, 8)   (2, 2)   (4, 9)   (0, 9)  (4, 10)  (4, 5)
job_15   (4, 2)   (1, 3)   (3, 6)   (3, 4)   (2, 4)   (0, 7)   (3, 4)   (2, 5)   (0, 9)   (0, 7)   (2, 8)   (1, 6)  (0, 1)   (2, 5)   (0, 7)   (0, 8)   (4, 8)   (1, 1)  (1, 1)
job_16   (2, 1)   (4, 8)  (2, 10)   (4, 1)   (2, 6)   (4, 1)   (1, 3)   (2, 2)   (0, 3)   (4, 9)  (1, 10)   (0, 9)  (0, 8)   (0, 3)   (3, 5)   (1, 7)   (1, 3)   (2, 3)  (4, 9)
job_17  (2, 10)   (1, 4)   (3, 6)   (1, 6)   (2, 1)  (1, 10)   (0, 6)   (2, 1)   (1, 6)   (0, 9)   (1, 4)   (1, 9)  (2, 5)   (1, 4)   (1, 4)   (2, 7)  (3, 10)   (2, 4)  (3, 2)
job_18   (2, 3)   (1, 7)   (2, 1)   (3, 5)   (3, 7)   (2, 2)   (3, 4)   (0, 6)   (4, 6)   (3, 6)   (4, 2)   (2, 8)  (1, 6)   (0, 1)   (2, 2)   (4, 8)   (1, 7)   (0, 4)  (2, 3)
job_19   (1, 2)   (3, 8)   (2, 2)   (1, 2)   (4, 6)   (2, 1)   (2, 9)   (2, 9)   (3, 3)   (2, 3)   (0, 6)   (1, 3)  (4, 3)   (0, 2)   (1, 3)   (3, 6)   (4, 7)   (4, 2)  (4, 6)


Solution:
Machine 0: job_1_task_0   job_4_task_0   job_12_task_0  job_13_task_2  job_7_task_3   job_4_task_2   job_1_task_3   job_14_task_4  job_14_task_5  job_5_task_7   job_9_task_1   job_0_task_3   job_0_task_4   job_1_task_5   job_10_task_2  job_10_task_3  job_2_task_5   job_5_task_8   job_6_task_3   job_14_task_7  job_9_task_4   job_17_task_6  job_6_task_5   job_14_task_9  job_16_task_8  job_10_task_6  job_15_task_5  job_2_task_9   job_0_task_8   job_0_task_9   job_15_task_8  job_17_task_9  job_5_task_11  job_15_task_9  job_18_task_7  job_0_task_10  job_8_task_7   job_1_task_12  job_16_task_11 job_12_task_10 job_1_task_13  job_11_task_13 job_15_task_12 job_16_task_12 job_19_task_10 job_16_task_13 job_10_task_14 job_19_task_13 job_0_task_12  job_18_task_13 job_14_task_16 job_3_task_14  job_12_task_14 job_15_task_14 job_7_task_16  job_15_task_15 job_11_task_16 job_10_task_16 job_11_task_17 job_10_task_17 job_5_task_17  job_18_task_17 job_9_task_16  job_8_task_17  
           [0,8]          [8,14]         [14,15]        [17,20]        [22,30]        [36,45]        [48,50]        [55,61]        [61,62]        [62,72]        [72,79]        [79,80]        [80,90]        [90,98]        [98,103]       [103,109]      [109,116]      [116,126]      [126,129]      [129,131]      [132,135]      [135,141]      [141,145]      [145,153]      [155,158]      [158,159]      [159,166]      [169,178]      [181,183]      [183,189]      [189,198]      [198,207]      [207,209]      [209,216]      [218,224]      [226,234]      [234,244]      [247,256]      [256,265]      [265,275]      [275,283]      [284,294]      [294,295]      [295,303]      [303,309]      [309,312]      [312,317]      [317,319]      [319,324]      [327,328]      [328,337]      [337,341]      [342,344]      [349,356]      [356,365]      [365,373]      [373,379]      [379,386]      [386,390]      [390,392]      [393,402]      [402,406]      [406,408]      [425,428]      
Machine 1: job_7_task_0   job_7_task_1   job_5_task_2   job_14_task_1  job_2_task_0   job_2_task_1   job_5_task_4   job_14_task_3  job_5_task_6   job_17_task_1  job_7_task_4   job_15_task_1  job_11_task_4  job_10_task_1  job_17_task_3  job_18_task_1  job_19_task_0  job_3_task_4   job_13_task_4  job_8_task_2   job_17_task_5  job_2_task_6   job_9_task_3   job_3_task_5   job_13_task_6  job_1_task_7   job_6_task_6   job_16_task_6  job_11_task_7  job_13_task_7  job_19_task_3  job_2_task_8   job_0_task_6   job_11_task_9  job_17_task_8  job_10_task_8  job_11_task_10 job_16_task_10 job_4_task_9   job_3_task_8   job_6_task_10  job_7_task_10  job_12_task_8  job_1_task_11  job_17_task_10 job_8_task_8   job_17_task_11 job_8_task_9   job_13_task_11 job_11_task_12 job_10_task_11 job_15_task_11 job_1_task_14  job_6_task_13  job_10_task_13 job_19_task_11 job_4_task_14  job_18_task_12 job_17_task_13 job_17_task_14 job_0_task_14  job_16_task_15 job_19_task_14 job_10_task_15 job_16_task_16 job_13_task_16 job_13_task_17 job_5_task_16  job_9_task_14  job_18_task_16 job_15_task_17 job_15_task_18 job_2_task_17  job_2_task_18  job_8_task_18  job_0_task_18  
           [0,7]          [7,17]         [17,25]        [25,32]        [32,39]        [39,43]        [43,49]        [49,55]        [55,60]        [60,64]        [64,68]        [68,71]        [71,77]        [77,86]        [86,92]        [92,99]        [99,101]       [101,110]      [110,115]      [115,118]      [118,128]      [128,131]      [131,132]      [132,135]      [135,137]      [137,145]      [145,147]      [147,150]      [150,152]      [152,159]      [159,161]      [161,169]      [169,177]      [177,182]      [182,188]      [188,197]      [197,206]      [206,216]      [216,221]      [221,223]      [223,228]      [228,237]      [237,239]      [239,241]      [241,245]      [245,246]      [246,255]      [255,258]      [258,260]      [260,269]      [269,279]      [279,285]      [285,294]      [294,302]      [302,309]      [309,312]      [312,321]      [321,327]      [327,331]      [331,335]      [335,345]      [345,352]      [352,355]      [355,364]      [364,367]      [375,376]      [376,383]      [383,393]      [393,395]      [395,402]      [414,415]      [415,416]      [418,421]      [421,426]      [428,433]      [454,456]      
Machine 2: job_5_task_0   job_14_task_0  job_3_task_0   job_7_task_2   job_6_task_0   job_16_task_0  job_0_task_1   job_5_task_3   job_4_task_1   job_11_task_1  job_1_task_2   job_17_task_0  job_0_task_2   job_9_task_0   job_16_task_2  job_18_task_0  job_12_task_1  job_7_task_6   job_17_task_4  job_12_task_2  job_12_task_3  job_4_task_4   job_16_task_4  job_15_task_4  job_18_task_2  job_8_task_3   job_8_task_4   job_19_task_2  job_2_task_7   job_14_task_8  job_12_task_4  job_17_task_7  job_9_task_6   job_16_task_7  job_9_task_7   job_10_task_7  job_18_task_5  job_19_task_5  job_19_task_6  job_8_task_6   job_15_task_7  job_7_task_9   job_2_task_10  job_19_task_7  job_10_task_10 job_14_task_11 job_14_task_12 job_15_task_10 job_4_task_10  job_4_task_11  job_5_task_13  job_7_task_11  job_14_task_13 job_19_task_9  job_7_task_12  job_9_task_10  job_18_task_11 job_12_task_12 job_17_task_12 job_7_task_13  job_14_task_14 job_2_task_13  job_8_task_13  job_6_task_16  job_7_task_14  job_9_task_12  job_15_task_13 job_13_task_14 job_2_task_14  job_5_task_15  job_18_task_14 job_17_task_15 job_4_task_15  job_9_task_13  job_4_task_16  job_12_task_16 job_2_task_16  job_16_task_17 job_8_task_16  job_3_task_17  job_1_task_17  job_12_task_17 job_7_task_17  job_0_task_17  job_3_task_18  job_17_task_17 job_1_task_18  job_18_task_18 job_10_task_18 job_5_task_18  
           [0,3]          [3,9]          [9,17]         [17,22]        [22,23]        [23,24]        [24,25]        [25,30]        [30,36]        [36,40]        [40,48]        [48,58]        [58,67]        [67,71]        [71,81]        [81,84]        [84,86]        [86,92]        [92,93]        [93,97]        [97,107]       [107,112]      [112,118]      [118,122]      [122,123]      [123,127]      [127,130]      [130,132]      [132,137]      [137,144]      [144,145]      [145,146]      [146,150]      [150,152]      [152,162]      [162,165]      [165,167]      [167,168]      [168,177]      [177,184]      [184,189]      [189,196]      [196,206]      [206,215]      [215,217]      [217,227]      [227,236]      [236,244]      [244,245]      [245,254]      [254,263]      [263,266]      [266,274]      [274,277]      [277,282]      [282,287]      [287,295]      [295,299]      [299,304]      [304,308]      [308,310]      [310,318]      [318,328]      [328,329]      [329,335]      [335,344]      [344,349]      [349,358]      [358,367]      [367,371]      [371,373]      [373,380]      [380,382]      [382,389]      [389,399]      [399,409]      [409,417]      [417,420]      [420,424]      [424,428]      [428,435]      [435,439]      [439,447]      [447,453]      [453,461]      [461,465]      [465,469]      [469,472]      [472,474]      [474,476]      
Machine 3: job_13_task_0  job_5_task_1   job_1_task_1   job_8_task_0   job_6_task_1   job_14_task_2  job_11_task_2  job_2_task_2   job_11_task_3  job_1_task_4   job_6_task_2   job_17_task_2  job_14_task_6  job_4_task_3   job_15_task_2  job_2_task_4   job_15_task_3  job_19_task_1  job_4_task_5   job_4_task_6   job_18_task_3  job_6_task_4   job_9_task_5   job_4_task_7   job_10_task_5  job_11_task_8  job_18_task_4  job_8_task_5   job_15_task_6  job_7_task_8   job_12_task_5  job_1_task_8   job_1_task_9   job_4_task_8   job_13_task_8  job_14_task_10 job_18_task_6  job_12_task_6  job_1_task_10  job_3_task_9   job_11_task_11 job_3_task_10  job_9_task_8   job_18_task_9  job_3_task_11  job_19_task_8  job_4_task_12  job_13_task_12 job_6_task_12  job_2_task_12  job_10_task_12 job_3_task_13  job_5_task_14  job_6_task_14  job_8_task_12  job_16_task_14 job_6_task_15  job_8_task_14  job_8_task_15  job_12_task_15 job_0_task_15  job_19_task_15 job_11_task_15 job_13_task_15 job_2_task_15  job_17_task_16 job_9_task_15  job_12_task_18 job_7_task_18  job_17_task_18 
           [0,7]          [7,10]         [10,13]        [13,22]        [23,32]        [32,36]        [40,43]        [43,52]        [52,62]        [62,66]        [66,74]        [74,80]        [80,90]        [90,92]        [92,98]        [98,100]       [100,104]      [104,112]      [112,118]      [118,127]      [127,132]      [132,136]      [136,143]      [143,146]      [146,152]      [152,158]      [158,165]      [165,174]      [174,178]      [178,187]      [187,191]      [191,192]      [192,195]      [195,203]      [203,211]      [211,214]      [214,218]      [218,219]      [219,227]      [227,232]      [232,241]      [241,245]      [245,252]      [252,258]      [258,261]      [261,264]      [264,268]      [268,275]      [275,276]      [276,277]      [279,285]      [285,295]      [295,305]      [305,312]      [312,313]      [313,318]      [318,325]      [329,332]      [332,341]      [344,345]      [345,348]      [355,361]      [362,365]      [365,375]      [375,376]      [380,390]      [395,398]      [440,446]      [448,450]      [466,468]      
Machine 4: job_11_task_0  job_0_task_0   job_10_task_0  job_15_task_0  job_13_task_1  job_3_task_1   job_3_task_2   job_3_task_3   job_13_task_3  job_5_task_5   job_8_task_1   job_2_task_3   job_16_task_1  job_7_task_5   job_11_task_5  job_9_task_2   job_16_task_3  job_0_task_5   job_1_task_6   job_10_task_4  job_13_task_5  job_11_task_6  job_7_task_7   job_16_task_5  job_5_task_9   job_6_task_7   job_3_task_6   job_19_task_4  job_6_task_8   job_3_task_7   job_0_task_7   job_16_task_9  job_5_task_10  job_6_task_9   job_10_task_9  job_5_task_12  job_12_task_7  job_13_task_9  job_13_task_10 job_12_task_9  job_18_task_8  job_6_task_11  job_2_task_11  job_3_task_12  job_9_task_9   job_0_task_11  job_18_task_10 job_8_task_10  job_12_task_11 job_4_task_13  job_8_task_11  job_9_task_11  job_13_task_13 job_19_task_12 job_14_task_15 job_0_task_13  job_12_task_13 job_1_task_15  job_7_task_15  job_11_task_14 job_3_task_15  job_3_task_16  job_1_task_16  job_19_task_16 job_18_task_15 job_14_task_17 job_0_task_16  job_15_task_16 job_4_task_17  job_19_task_17 job_9_task_17  job_6_task_17  job_16_task_18 job_6_task_18  job_19_task_18 job_14_task_18 job_4_task_18  job_11_task_18 job_9_task_18  job_13_task_18 
           [0,3]          [3,8]          [8,12]         [12,14]        [14,17]        [17,26]        [26,35]        [35,42]        [42,49]        [49,50]        [50,51]        [52,58]        [58,66]        [68,77]        [77,84]        [84,93]        [93,94]        [94,104]       [104,111]      [111,121]      [121,124]      [124,128]      [128,137]      [137,138]      [138,148]      [148,150]      [150,160]      [161,167]      [167,173]      [173,177]      [177,181]      [181,190]      [190,200]      [200,209]      [209,211]      [211,220]      [220,224]      [224,231]      [231,238]      [239,243]      [243,249]      [249,258]      [258,267]      [267,274]      [274,277]      [277,282]      [282,284]      [284,287]      [287,292]      [292,300]      [300,303]      [303,306]      [306,312]      [312,315]      [315,324]      [324,333]      [333,342]      [342,350]      [350,356]      [356,362]      [362,363]      [363,372]      [372,379]      [379,386]      [386,394]      [394,404]      [404,406]      [406,414]      [414,419]      [419,421]      [421,427]      [427,437]      [437,446]      [446,452]      [452,458]      [458,463]      [463,468]      [468,472]      [472,474]      [474,475]      
Optimal Schedule Length: 476.0
Total (Unoptimized Schedule Length): 2100
Statistics
  - conflicts: 0
  - branches : 0
  - wall time: 1.2761387100000001s