
Problem
         task_0   task_1   task_2   task_3   task_4    task_5   task_6   task_7    task_8    task_9 task_10  task_11   task_12  task_13  task_14  task_15  task_16  task_17  task_18
job_0    (1, 3)   (3, 9)  (10, 9)   (6, 6)   (4, 7)   (10, 7)   (1, 3)   (5, 5)    (5, 9)  (10, 10)  (9, 4)   (7, 5)    (7, 4)   (0, 1)  (7, 10)   (6, 2)   (3, 3)   (9, 3)   (0, 6)
job_1   (10, 9)   (0, 4)   (9, 7)   (7, 5)   (1, 3)    (0, 3)   (2, 5)   (0, 4)    (7, 2)    (7, 4)  (6, 3)  (1, 10)    (8, 6)  (4, 10)   (0, 8)   (4, 4)   (3, 5)   (5, 5)   (3, 1)
job_2    (8, 4)   (1, 8)  (9, 10)   (2, 3)   (5, 9)    (8, 3)   (0, 7)   (6, 6)    (7, 8)    (3, 2)  (5, 6)   (9, 7)    (9, 7)   (6, 4)  (4, 10)  (10, 6)   (2, 6)  (0, 10)  (10, 2)
job_3    (3, 6)   (7, 5)   (6, 3)   (9, 9)   (2, 3)    (1, 1)  (10, 1)   (6, 8)    (9, 9)    (4, 1)  (2, 2)  (10, 8)    (6, 6)   (0, 1)   (4, 9)  (10, 5)   (7, 8)   (6, 2)  (3, 10)
job_4   (10, 3)   (9, 6)  (10, 9)   (7, 1)   (8, 1)    (2, 1)   (0, 9)   (6, 1)    (7, 6)    (0, 2)  (4, 4)  (0, 10)    (4, 7)   (6, 2)   (2, 3)   (3, 8)   (7, 1)   (2, 6)  (6, 10)
job_5   (10, 5)  (5, 10)  (10, 8)   (9, 1)   (9, 4)    (9, 7)   (9, 6)   (5, 4)    (9, 6)    (0, 3)  (1, 8)   (4, 1)    (9, 4)   (9, 7)   (9, 5)   (2, 8)   (3, 8)   (6, 9)   (5, 5)
job_6    (9, 8)  (8, 10)   (8, 3)   (4, 6)   (7, 7)   (7, 10)   (9, 5)  (10, 4)   (10, 3)    (3, 7)  (5, 5)   (4, 5)    (9, 1)  (10, 9)  (1, 10)   (7, 6)   (6, 5)   (7, 5)   (2, 6)
job_7   (10, 6)   (9, 9)  (10, 4)   (6, 4)   (2, 7)    (3, 4)   (6, 6)   (6, 3)    (6, 2)    (0, 5)  (0, 1)   (1, 5)    (3, 5)  (10, 4)   (7, 2)   (0, 8)   (7, 8)  (4, 10)   (9, 8)
job_8    (9, 3)   (6, 3)   (2, 7)   (0, 9)   (8, 5)    (0, 6)   (7, 3)   (5, 4)    (6, 9)   (10, 1)  (2, 6)   (3, 7)    (7, 9)   (5, 8)   (4, 1)   (4, 3)   (0, 3)   (1, 9)   (1, 2)
job_9    (8, 8)   (3, 8)   (2, 8)   (2, 8)  (10, 8)    (5, 1)   (3, 5)   (0, 4)   (9, 10)    (3, 6)  (5, 5)   (5, 3)    (1, 9)   (2, 1)   (3, 3)  (10, 1)  (10, 9)   (9, 8)   (7, 9)
job_10   (6, 5)   (9, 8)   (3, 4)   (9, 1)   (8, 9)    (9, 5)  (10, 2)   (5, 1)    (1, 1)    (4, 4)  (3, 2)   (2, 1)    (1, 8)   (2, 8)  (10, 5)   (6, 2)   (9, 9)   (7, 3)   (0, 2)
job_11   (0, 3)   (7, 2)   (8, 5)  (10, 2)  (0, 10)    (9, 3)   (0, 5)   (6, 7)    (1, 1)    (4, 1)  (5, 7)   (9, 4)    (4, 6)   (4, 6)   (8, 4)   (9, 8)   (4, 5)   (6, 2)   (0, 3)
job_12   (2, 4)   (3, 1)   (7, 2)   (0, 6)  (10, 6)    (5, 2)  (10, 5)   (2, 8)    (6, 8)    (0, 6)  (2, 4)   (0, 5)    (2, 5)   (6, 5)   (1, 8)   (5, 2)   (4, 7)   (6, 8)  (10, 1)
job_13   (0, 8)   (6, 2)   (2, 1)   (6, 7)  (2, 10)    (2, 8)  (6, 10)   (3, 5)    (8, 1)    (4, 9)  (9, 4)   (8, 8)  (10, 10)  (9, 10)   (5, 5)   (9, 6)   (9, 8)  (9, 10)   (7, 2)
job_14   (6, 3)   (8, 1)  (10, 1)   (9, 5)   (0, 2)    (0, 8)   (7, 8)   (1, 3)    (3, 1)    (6, 7)  (1, 1)  (10, 8)    (7, 4)   (5, 5)   (5, 7)   (1, 2)   (6, 3)   (7, 1)   (5, 3)
job_15  (8, 10)   (4, 1)   (7, 8)   (3, 7)   (2, 1)    (0, 9)   (1, 8)   (4, 2)  (10, 10)    (5, 9)  (7, 3)  (10, 1)    (1, 7)   (6, 7)   (4, 7)   (8, 8)   (3, 6)   (7, 5)   (6, 5)
job_16   (1, 6)   (4, 1)   (5, 7)   (2, 6)  (2, 10)    (0, 8)   (2, 3)  (2, 10)    (2, 6)    (4, 2)  (5, 9)   (5, 7)    (0, 2)   (1, 4)   (7, 8)   (5, 8)   (3, 3)   (9, 2)  (1, 10)
job_17   (0, 6)   (4, 3)   (0, 4)   (8, 5)  (4, 10)   (10, 6)  (10, 4)   (9, 4)   (7, 10)    (2, 6)  (7, 5)   (8, 4)    (5, 3)  (6, 10)   (3, 6)   (9, 6)   (0, 2)  (1, 10)   (9, 6)
job_18   (9, 8)   (3, 1)   (3, 9)  (10, 7)   (8, 6)    (6, 3)   (9, 3)   (2, 4)    (2, 5)   (10, 3)  (8, 9)   (8, 6)    (5, 7)   (5, 5)   (9, 8)   (9, 3)   (2, 6)   (5, 8)   (3, 5)
job_19   (1, 3)   (0, 1)   (7, 2)   (2, 2)   (5, 9)  (10, 10)   (4, 5)   (6, 7)    (2, 9)    (0, 7)  (2, 5)  (10, 4)    (2, 6)   (0, 7)   (4, 5)   (5, 2)   (1, 3)  (10, 3)   (3, 7)


Solution:
Machine 0: job_13_task_0  job_17_task_0  job_12_task_3  job_17_task_2  job_19_task_1  job_1_task_1   job_11_task_0  job_2_task_6   job_8_task_3   job_16_task_5  job_15_task_5  job_11_task_4  job_8_task_5   job_1_task_5   job_4_task_6   job_9_task_7   job_14_task_4  job_1_task_7   job_14_task_5  job_11_task_6  job_5_task_9   job_7_task_9   job_4_task_9   job_7_task_10  job_12_task_9  job_19_task_9  job_4_task_11  job_12_task_11 job_16_task_12 job_3_task_13  job_7_task_15  job_19_task_13 job_0_task_13  job_1_task_14  job_17_task_16 job_2_task_17  job_8_task_16  job_10_task_18 job_0_task_18  job_11_task_18 
           [0,8]          [8,14]         [14,20]        [20,24]        [24,25]        [25,29]        [29,32]        [57,64]        [64,73]        [73,81]        [81,90]        [90,100]       [100,106]      [106,109]      [109,118]      [118,122]      [122,124]      [124,128]      [128,136]      [136,141]      [141,144]      [144,149]      [149,151]      [151,152]      [152,158]      [158,165]      [165,175]      [175,180]      [180,182]      [182,183]      [183,191]      [191,198]      [198,199]      [199,207]      [210,212]      [216,226]      [238,241]      [258,260]      [261,267]      [267,270]      
Machine 1: job_16_task_0  job_2_task_1   job_0_task_0   job_19_task_0  job_1_task_4   job_0_task_6   job_15_task_6  job_3_task_5   job_5_task_10  job_7_task_11  job_1_task_11  job_11_task_8  job_10_task_8  job_14_task_7  job_15_task_12 job_9_task_12  job_10_task_12 job_16_task_13 job_14_task_10 job_6_task_14  job_12_task_14 job_17_task_17 job_8_task_17  job_19_task_16 job_16_task_18 job_14_task_15 job_8_task_18  
           [0,6]          [6,14]         [14,17]        [17,20]        [63,66]        [85,88]        [90,98]        [98,99]        [144,152]      [152,157]      [157,167]      [167,168]      [168,169]      [169,172]      [172,179]      [179,188]      [188,196]      [196,200]      [200,201]      [201,211]      [211,219]      [219,229]      [241,250]      [250,253]      [253,263]      [263,265]      [265,267]      
Machine 2: job_12_task_0  job_13_task_2  job_13_task_4  job_16_task_3  job_9_task_2   job_2_task_3   job_13_task_5  job_8_task_2   job_16_task_4  job_19_task_3  job_9_task_3   job_15_task_4  job_7_task_4   job_16_task_6  job_3_task_4   job_16_task_7  job_4_task_5   job_18_task_7  job_1_task_6   job_12_task_7  job_18_task_8  job_16_task_8  job_17_task_9  job_19_task_8  job_3_task_10  job_8_task_10  job_12_task_10 job_19_task_10 job_10_task_11 job_19_task_12 job_12_task_12 job_9_task_13  job_5_task_15  job_10_task_13 job_4_task_14  job_2_task_16  job_18_task_16 job_4_task_17  job_6_task_18  
           [0,4]          [10,11]        [18,28]        [28,34]        [34,42]        [42,45]        [45,53]        [53,60]        [60,70]        [70,72]        [72,80]        [80,81]        [81,88]        [88,91]        [91,94]        [94,104]       [104,105]      [105,109]      [109,114]      [114,122]      [122,127]      [127,133]      [133,139]      [139,148]      [148,150]      [150,156]      [158,162]      [165,170]      [176,177]      [179,185]      [185,190]      [190,191]      [191,199]      [199,207]      [207,210]      [210,216]      [216,222]      [236,242]      [242,248]      
Machine 3: job_3_task_0   job_12_task_1  job_9_task_1   job_0_task_1   job_18_task_1  job_18_task_2  job_15_task_3  job_13_task_7  job_10_task_2  job_2_task_9   job_7_task_5   job_9_task_6   job_6_task_9   job_9_task_9   job_8_task_11  job_7_task_12  job_14_task_8  job_10_task_10 job_17_task_14 job_9_task_14  job_5_task_16  job_4_task_15  job_0_task_16  job_15_task_16 job_16_task_16 job_3_task_18  job_1_task_16  job_18_task_18 job_19_task_18 job_1_task_18  
           [0,6]          [6,7]          [12,20]        [20,29]        [29,30]        [30,39]        [39,46]        [65,70]        [80,84]        [84,86]        [88,92]        [96,101]       [127,134]      [134,140]      [156,163]      [163,168]      [172,173]      [174,176]      [177,183]      [191,194]      [199,207]      [210,218]      [218,221]      [221,227]      [229,232]      [237,247]      [249,254]      [254,259]      [259,266]      [266,267]      
Machine 4: job_16_task_1  job_17_task_1  job_15_task_1  job_6_task_3   job_17_task_4  job_0_task_4   job_13_task_9  job_15_task_7  job_19_task_6  job_16_task_9  job_6_task_11  job_3_task_9   job_4_task_10  job_5_task_11  job_2_task_14  job_11_task_9  job_10_task_9  job_1_task_13  job_4_task_12  job_11_task_12 job_3_task_14  job_15_task_14 job_11_task_13 job_19_task_14 job_8_task_14  job_7_task_17  job_8_task_15  job_12_task_16 job_1_task_15  job_11_task_16 
           [6,7]          [14,17]        [22,23]        [35,41]        [41,51]        [51,58]        [71,80]        [98,100]       [103,108]      [133,135]      [139,144]      [144,145]      [151,155]      [155,156]      [159,169]      [169,170]      [170,174]      [174,184]      [184,191]      [191,197]      [197,206]      [206,213]      [213,219]      [219,224]      [224,225]      [225,235]      [235,238]      [238,245]      [245,249]      [249,254]      
Machine 5: job_5_task_1   job_16_task_2  job_2_task_4   job_19_task_4  job_12_task_5  job_5_task_7   job_0_task_7   job_9_task_5   job_2_task_10  job_0_task_8   job_8_task_7   job_15_task_9  job_6_task_10  job_16_task_10 job_9_task_10  job_10_task_7  job_16_task_11 job_9_task_11  job_17_task_12 job_18_task_12 job_11_task_10 job_18_task_13 job_13_task_14 job_8_task_13  job_5_task_18  job_16_task_15 job_14_task_13 job_12_task_15 job_14_task_14 job_19_task_15 job_18_task_17 job_1_task_17  job_14_task_18 
           [5,15]         [15,22]        [45,54]        [72,81]        [81,83]        [86,90]        [90,95]        [95,96]        [96,102]       [102,111]      [111,115]      [120,129]      [134,139]      [139,148]      [148,153]      [153,154]      [154,161]      [161,164]      [164,167]      [167,174]      [174,181]      [181,186]      [186,191]      [191,199]      [216,221]      [221,229]      [229,234]      [234,236]      [236,243]      [243,245]      [245,253]      [254,259]      [271,274]      
Machine 6: job_10_task_0  job_14_task_0  job_13_task_1  job_13_task_3  job_3_task_2   job_8_task_1   job_0_task_3   job_7_task_3   job_13_task_6  job_18_task_5  job_2_task_7   job_7_task_6   job_7_task_7   job_7_task_8   job_19_task_7  job_3_task_7   job_4_task_7   job_12_task_8  job_8_task_8   job_11_task_7  job_1_task_10  job_2_task_13  job_3_task_12  job_17_task_13 job_14_task_9  job_15_task_13 job_12_task_13 job_4_task_13  job_5_task_17  job_0_task_15  job_10_task_15 job_6_task_16  job_3_task_17  job_4_task_18  job_12_task_17 job_11_task_17 job_15_task_18 job_14_task_16 
           [0,5]          [5,8]          [8,10]         [11,18]        [18,21]        [29,32]        [40,46]        [51,55]        [55,65]        [65,68]        [68,74]        [92,98]        [98,101]       [101,103]      [108,115]      [115,123]      [123,124]      [124,132]      [132,141]      [141,148]      [148,151]      [155,159]      [161,167]      [167,177]      [177,184]      [184,191]      [191,196]      [196,198]      [207,216]      [216,218]      [222,224]      [227,232]      [235,237]      [242,252]      [252,260]      [260,262]      [262,267]      [267,270]      
Machine 7: job_3_task_1   job_12_task_2  job_15_task_2  job_19_task_2  job_11_task_1  job_6_task_4   job_6_task_5   job_1_task_3   job_4_task_3   job_2_task_8   job_17_task_8  job_8_task_6   job_4_task_8   job_1_task_8   job_1_task_9   job_14_task_6  job_17_task_10 job_15_task_10 job_8_task_12  job_7_task_14  job_0_task_11  job_0_task_12  job_7_task_16  job_0_task_14  job_16_task_14 job_14_task_12 job_6_task_15  job_3_task_16  job_4_task_16  job_6_task_17  job_15_task_17 job_9_task_18  job_10_task_17 job_13_task_18 job_14_task_17 
           [6,11]         [11,13]        [23,31]        [31,33]        [33,35]        [41,48]        [48,58]        [58,63]        [66,67]        [74,82]        [93,103]       [106,109]      [124,130]      [130,132]      [132,136]      [136,144]      [144,149]      [149,152]      [163,172]      [175,177]      [181,186]      [186,190]      [191,199]      [199,209]      [209,217]      [217,221]      [221,227]      [227,235]      [235,236]      [236,241]      [241,246]      [246,255]      [255,258]      [258,260]      [270,271]      
Machine 8: job_2_task_0   job_9_task_0   job_15_task_0  job_6_task_1   job_6_task_2   job_17_task_3  job_11_task_2  job_14_task_1  job_18_task_4  job_2_task_5   job_4_task_4   job_13_task_8  job_8_task_4   job_10_task_4  job_13_task_11 job_18_task_10 job_18_task_11 job_17_task_11 job_1_task_12  job_15_task_15 job_11_task_14 
           [0,4]          [4,12]         [12,22]        [22,32]        [32,35]        [35,40]        [40,45]        [45,46]        [47,53]        [54,57]        [67,68]        [70,71]        [73,78]        [105,114]      [114,122]      [130,139]      [139,145]      [149,153]      [167,173]      [213,221]      [221,225]      
Machine 9: job_6_task_0   job_18_task_0  job_2_task_2   job_8_task_0   job_7_task_1   job_4_task_1   job_5_task_3   job_5_task_4   job_1_task_2   job_3_task_3   job_5_task_5   job_10_task_1  job_5_task_6   job_18_task_6  job_17_task_7  job_6_task_6   job_5_task_8   job_10_task_3  job_13_task_10 job_11_task_5  job_14_task_3  job_10_task_5  job_9_task_8   job_3_task_8   job_2_task_11  job_2_task_12  job_6_task_12  job_5_task_12  job_5_task_13  job_13_task_13 job_0_task_10  job_11_task_11 job_5_task_14  job_18_task_14 job_13_task_15 job_17_task_15 job_18_task_15 job_13_task_16 job_9_task_17  job_11_task_15 job_10_task_16 job_16_task_17 job_13_task_17 job_0_task_17  job_7_task_18  job_17_task_18 
           [0,8]          [8,16]         [16,26]        [26,29]        [29,38]        [38,44]        [44,45]        [45,49]        [49,56]        [56,65]        [65,72]        [72,80]        [80,86]        [86,89]        [89,93]        [93,98]        [98,104]       [104,105]      [105,109]      [109,112]      [112,117]      [117,122]      [122,132]      [132,141]      [141,148]      [148,155]      [155,156]      [156,160]      [160,167]      [167,177]      [177,181]      [181,185]      [185,190]      [190,198]      [198,204]      [204,210]      [210,213]      [213,221]      [221,229]      [229,237]      [237,246]      [246,248]      [248,258]      [258,261]      [261,269]      [269,275]      
Machine 10: job_5_task_0   job_7_task_0   job_1_task_0   job_5_task_2   job_4_task_0   job_0_task_2   job_18_task_3  job_7_task_2   job_17_task_5  job_4_task_2   job_12_task_4  job_17_task_6  job_11_task_3  job_0_task_5   job_9_task_4   job_19_task_5  job_12_task_6  job_3_task_6   job_14_task_2  job_15_task_8  job_6_task_7   job_6_task_8   job_18_task_9  job_13_task_12 job_10_task_6  job_8_task_9   job_0_task_9   job_3_task_11  job_15_task_11 job_6_task_13  job_7_task_13  job_19_task_11 job_2_task_15  job_9_task_15  job_9_task_16  job_14_task_11 job_3_task_15  job_10_task_14 job_2_task_18  job_19_task_17 job_12_task_18 
           [0,5]          [5,11]         [11,20]        [20,28]        [28,31]        [31,40]        [40,47]        [47,51]        [51,57]        [57,66]        [66,72]        [72,76]        [76,78]        [78,85]        [85,93]        [93,103]       [103,108]      [108,109]      [109,110]      [110,120]      [120,124]      [124,127]      [127,130]      [130,140]      [140,142]      [142,143]      [143,153]      [153,161]      [161,162]      [162,171]      [171,175]      [175,179]      [179,185]      [194,195]      [195,204]      [204,212]      [212,217]      [217,222]      [226,228]      [253,256]      [260,261]      
Optimal Schedule Length: 275.0
Total (Unoptimized Schedule Length): 2039
Statistics
  - conflicts: 0
  - branches : 192
  - wall time: 0.141390119s