
Problem
         task_0   task_1   task_2   task_3   task_4  task_5   task_6   task_7  task_8   task_9  task_10  task_11  task_12 task_13 task_14 task_15  task_16  task_17  task_18  task_19
job_0    (0, 9)   (1, 9)   (0, 2)   (2, 9)   (2, 2)  (0, 4)   (1, 7)   (3, 6)  (3, 4)   (2, 7)  (1, 10)   (0, 1)   (2, 9)  (2, 4)  (3, 2)  (0, 6)  (3, 10)   (3, 5)   (2, 4)   (1, 8)
job_1   (1, 10)   (2, 9)  (1, 10)   (2, 8)   (2, 1)  (3, 1)   (1, 2)  (0, 10)  (0, 8)   (0, 3)   (3, 8)   (1, 9)   (2, 3)  (0, 1)  (3, 6)  (2, 8)   (3, 4)   (2, 6)   (1, 7)   (0, 5)
job_2    (0, 8)   (3, 7)   (2, 8)   (2, 5)   (2, 2)  (1, 7)   (2, 5)   (3, 4)  (3, 8)  (3, 10)   (1, 3)   (0, 3)   (2, 4)  (0, 6)  (1, 5)  (3, 7)   (2, 5)   (3, 7)   (0, 4)   (2, 8)
job_3    (2, 6)   (0, 6)   (1, 1)   (0, 9)   (2, 1)  (2, 4)   (3, 2)   (0, 6)  (3, 1)   (1, 5)   (1, 9)   (0, 8)   (1, 8)  (0, 3)  (1, 7)  (3, 4)   (3, 5)   (1, 9)  (0, 10)   (0, 4)
job_4    (2, 4)   (1, 7)   (3, 2)   (1, 1)  (2, 10)  (1, 8)   (1, 4)   (0, 9)  (2, 6)   (2, 2)   (3, 7)   (0, 9)   (1, 8)  (3, 4)  (3, 1)  (2, 9)   (1, 4)   (0, 7)  (0, 10)   (3, 3)
job_5   (3, 10)   (0, 1)   (1, 4)   (2, 4)   (1, 3)  (3, 3)   (3, 4)   (3, 8)  (3, 1)   (2, 2)   (2, 3)   (2, 6)   (1, 4)  (2, 8)  (1, 6)  (3, 5)   (0, 4)   (0, 8)   (0, 3)  (0, 10)
job_6    (3, 7)   (0, 2)   (1, 1)   (0, 6)   (0, 4)  (2, 7)   (1, 3)   (1, 7)  (3, 9)   (3, 8)   (3, 9)  (3, 10)   (3, 2)  (2, 3)  (2, 7)  (2, 7)   (2, 9)   (1, 2)   (3, 2)  (1, 10)
job_7    (2, 6)   (0, 4)   (2, 6)   (1, 4)   (1, 7)  (2, 4)  (2, 10)   (1, 4)  (1, 6)   (0, 5)   (3, 7)   (3, 5)   (2, 1)  (0, 5)  (2, 6)  (0, 2)   (2, 1)  (1, 10)  (0, 10)   (0, 6)
job_8    (2, 7)  (2, 10)  (2, 10)   (3, 3)   (0, 7)  (1, 6)   (1, 6)   (0, 8)  (3, 6)   (3, 8)   (3, 5)   (2, 8)   (3, 5)  (0, 9)  (0, 2)  (2, 9)   (3, 5)   (3, 6)   (3, 3)   (3, 3)
job_9   (1, 10)   (1, 8)   (2, 3)  (0, 10)   (2, 6)  (2, 1)   (1, 3)   (1, 7)  (1, 8)   (0, 2)   (2, 8)   (2, 3)  (1, 10)  (3, 3)  (0, 1)  (0, 5)   (1, 4)   (0, 2)   (3, 3)   (3, 3)
job_10   (2, 4)   (2, 6)   (1, 7)   (1, 9)   (2, 8)  (1, 9)   (0, 4)  (3, 10)  (3, 5)   (0, 7)   (0, 1)   (2, 8)   (0, 2)  (1, 4)  (2, 9)  (1, 2)   (3, 6)   (3, 2)   (3, 7)   (1, 1)


Solution:
Machine 0: job_0_task_0   job_2_task_0   job_6_task_1   job_0_task_2   job_5_task_1   job_6_task_3   job_6_task_4   job_8_task_4   job_7_task_1   job_3_task_1   job_8_task_7   job_3_task_3   job_9_task_3   job_4_task_7   job_0_task_5   job_3_task_7   job_10_task_6  job_1_task_7   job_1_task_8   job_1_task_9   job_3_task_11  job_2_task_11  job_7_task_9   job_2_task_13  job_0_task_11  job_4_task_11  job_9_task_9   job_10_task_9  job_3_task_13  job_0_task_15  job_7_task_13  job_1_task_13  job_10_task_10 job_8_task_13  job_8_task_14  job_10_task_12 job_5_task_16  job_7_task_15  job_5_task_17  job_5_task_18  job_9_task_14  job_9_task_15  job_5_task_19  job_3_task_18  job_7_task_18  job_7_task_19  job_9_task_17  job_2_task_18  job_4_task_17  job_4_task_18  job_3_task_19  job_1_task_19  
           [0,9]          [9,17]         [17,19]        [19,21]        [21,22]        [22,28]        [28,32]        [53,60]        [60,64]        [64,70]        [72,80]        [89,98]        [121,131]      [132,141]      [141,145]      [147,153]      [153,157]      [157,167]      [167,175]      [175,178]      [178,186]      [186,189]      [189,194]      [195,201]      [201,202]      [202,211]      [211,213]      [214,221]      [221,224]      [224,230]      [230,235]      [235,236]      [236,237]      [238,247]      [247,249]      [249,251]      [251,255]      [255,257]      [257,265]      [265,268]      [268,269]      [269,274]      [274,284]      [284,294]      [294,304]      [304,310]      [310,312]      [312,316]      [316,323]      [323,333]      [333,337]      [337,342]      
Machine 1: job_9_task_0   job_0_task_1   job_6_task_2   job_4_task_1   job_9_task_1   job_1_task_0   job_4_task_3   job_5_task_2   job_2_task_5   job_8_task_5   job_8_task_6   job_10_task_2  job_10_task_3  job_3_task_2   job_7_task_3   job_4_task_5   job_7_task_4   job_6_task_6   job_6_task_7   job_1_task_2   job_4_task_6   job_5_task_4   job_2_task_10  job_1_task_6   job_10_task_5  job_0_task_6   job_3_task_9   job_7_task_7   job_3_task_10  job_7_task_8   job_9_task_6   job_9_task_7   job_0_task_10  job_9_task_8   job_3_task_12  job_1_task_11  job_5_task_12  job_4_task_12  job_5_task_14  job_3_task_14  job_9_task_12  job_2_task_14  job_10_task_13 job_3_task_17  job_7_task_17  job_9_task_16  job_10_task_15 job_6_task_17  job_4_task_16  job_6_task_19  job_10_task_19 job_1_task_18  job_0_task_19  
           [0,10]         [10,19]        [19,20]        [21,28]        [28,36]        [36,46]        [46,47]        [47,51]        [51,58]        [60,66]        [66,72]        [72,79]        [79,88]        [88,89]        [89,93]        [93,101]       [101,108]      [108,111]      [111,118]      [118,128]      [128,132]      [132,135]      [135,138]      [139,141]      [141,150]      [150,157]      [157,162]      [162,166]      [166,175]      [175,181]      [181,184]      [184,191]      [191,201]      [201,209]      [209,217]      [217,226]      [226,230]      [230,238]      [240,246]      [246,253]      [253,263]      [263,268]      [268,272]      [272,281]      [281,291]      [291,295]      [295,297]      [303,305]      [312,316]      [316,326]      [326,327]      [327,334]      [334,342]      
Machine 2: job_8_task_0   job_8_task_1   job_4_task_0   job_10_task_0  job_2_task_2   job_2_task_3   job_2_task_4   job_8_task_2   job_7_task_0   job_3_task_0   job_10_task_1  job_2_task_6   job_4_task_4   job_7_task_2   job_0_task_3   job_6_task_5   job_1_task_1   job_5_task_3   job_9_task_2   job_10_task_4  job_1_task_3   job_1_task_4   job_0_task_4   job_3_task_4   job_3_task_5   job_7_task_5   job_7_task_6   job_4_task_8   job_9_task_4   job_0_task_9   job_4_task_9   job_9_task_5   job_8_task_11  job_5_task_9   job_2_task_12  job_5_task_10  job_5_task_11  job_0_task_12  job_0_task_13  job_9_task_10  job_7_task_12  job_1_task_12  job_9_task_11  job_5_task_13  job_10_task_11 job_7_task_14  job_1_task_15  job_6_task_13  job_6_task_14  job_6_task_15  job_7_task_16  job_2_task_16  job_10_task_14 job_6_task_16  job_4_task_15  job_8_task_15  job_1_task_17  job_0_task_18  job_2_task_19  
           [0,7]          [7,17]         [17,21]        [21,25]        [25,33]        [33,38]        [38,40]        [40,50]        [50,56]        [56,62]        [62,68]        [68,73]        [73,83]        [83,89]        [89,98]        [98,105]       [105,114]      [114,118]      [118,121]      [121,129]      [129,137]      [137,138]      [138,140]      [140,141]      [141,145]      [145,149]      [149,159]      [159,165]      [165,171]      [171,178]      [178,180]      [180,181]      [181,189]      [189,191]      [191,195]      [195,198]      [198,204]      [204,213]      [213,217]      [217,225]      [225,226]      [226,229]      [229,232]      [232,240]      [240,248]      [248,254]      [254,262]      [262,265]      [265,272]      [272,279]      [279,280]      [280,285]      [285,294]      [294,303]      [303,312]      [312,321]      [321,327]      [328,332]      [332,340]      
Machine 3: job_6_task_0   job_5_task_0   job_2_task_1   job_4_task_2   job_8_task_3   job_2_task_7   job_8_task_8   job_8_task_9   job_8_task_10  job_2_task_8   job_2_task_9   job_6_task_8   job_6_task_9   job_5_task_5   job_1_task_5   job_5_task_6   job_3_task_6   job_5_task_7   job_3_task_8   job_5_task_8   job_0_task_7   job_0_task_8   job_10_task_7  job_1_task_10  job_4_task_10  job_6_task_10  job_7_task_10  job_10_task_8  job_7_task_11  job_0_task_14  job_6_task_11  job_8_task_12  job_1_task_14  job_4_task_13  job_5_task_15  job_6_task_12  job_3_task_15  job_3_task_16  job_4_task_14  job_9_task_13  job_1_task_16  job_2_task_15  job_0_task_16  job_0_task_17  job_2_task_17  job_10_task_16 job_6_task_18  job_10_task_17 job_10_task_18 job_9_task_18  job_9_task_19  job_8_task_16  job_8_task_17  job_8_task_18  job_8_task_19  job_4_task_19  
           [0,7]          [7,17]         [17,24]        [28,30]        [50,53]        [73,77]        [80,86]        [86,94]        [94,99]        [99,107]       [107,117]      [118,127]      [127,135]      [135,138]      [138,139]      [139,143]      [145,147]      [147,155]      [155,156]      [156,157]      [157,163]      [163,167]      [167,177]      [178,186]      [186,193]      [193,202]      [202,209]      [209,214]      [214,219]      [219,221]      [221,231]      [231,236]      [236,242]      [242,246]      [246,251]      [251,253]      [253,257]      [257,262]      [262,263]      [263,266]      [266,270]      [270,277]      [277,287]      [287,292]      [292,299]      [299,305]      [305,307]      [307,309]      [309,316]      [316,319]      [319,322]      [322,327]      [327,333]      [333,336]      [336,339]      [339,342]      
Optimal Schedule Length: 342.0
Total (Unoptimized Schedule Length): 1234
Statistics
  - conflicts: 0
  - branches : 0
  - wall time: 4.848330563s