
Problem
         task_0   task_1   task_2   task_3   task_4   task_5  task_6  task_7   task_8   task_9  task_10  task_11  task_12 task_13  task_14  task_15
job_0    (0, 7)   (1, 5)   (1, 1)   (1, 2)   (4, 2)   (4, 6)  (0, 9)  (2, 2)   (5, 4)  (2, 10)   (0, 4)   (1, 7)   (5, 6)  (4, 3)   (0, 5)   (2, 2)
job_1    (4, 4)   (1, 2)   (5, 9)   (1, 4)   (1, 8)   (0, 5)  (5, 9)  (3, 5)  (0, 10)   (3, 9)   (1, 5)  (4, 10)   (3, 3)  (1, 5)   (2, 9)   (4, 3)
job_2    (4, 3)   (1, 9)   (1, 7)   (1, 7)   (5, 2)   (4, 5)  (1, 6)  (4, 7)   (5, 4)   (3, 6)   (3, 8)   (5, 7)   (4, 7)  (1, 5)   (4, 3)  (2, 10)
job_3    (2, 2)  (2, 10)   (2, 6)  (0, 10)   (4, 2)   (1, 8)  (4, 7)  (4, 5)   (2, 6)   (1, 1)   (1, 6)   (2, 7)   (5, 5)  (4, 5)  (0, 10)   (4, 8)
job_4    (3, 6)   (3, 2)   (0, 8)   (0, 4)   (5, 8)   (0, 9)  (2, 5)  (0, 1)   (4, 4)  (1, 10)   (3, 7)   (5, 8)   (3, 1)  (1, 6)   (0, 7)   (0, 9)
job_5    (0, 5)   (5, 2)   (0, 6)   (1, 1)   (0, 5)   (5, 5)  (0, 8)  (2, 5)   (2, 4)  (5, 10)  (4, 10)   (5, 8)   (1, 1)  (2, 1)  (4, 10)  (2, 10)
job_6    (2, 4)   (3, 1)   (2, 6)   (3, 9)   (0, 2)   (1, 5)  (1, 2)  (1, 3)   (2, 9)   (0, 6)   (5, 6)   (1, 1)   (2, 7)  (5, 4)   (0, 8)   (1, 5)
job_7    (0, 7)   (3, 4)   (0, 2)   (4, 7)   (3, 7)   (3, 3)  (2, 6)  (2, 3)   (0, 3)   (4, 9)   (1, 9)   (5, 2)  (3, 10)  (0, 8)   (4, 7)   (0, 6)
job_8    (1, 4)   (0, 4)   (2, 3)   (3, 2)   (3, 3)   (2, 4)  (3, 9)  (0, 9)  (5, 10)  (0, 10)   (5, 6)   (3, 8)   (3, 4)  (3, 2)   (0, 2)   (5, 3)
job_9    (3, 2)   (5, 7)   (2, 7)   (4, 5)   (5, 3)   (2, 9)  (3, 9)  (2, 3)  (4, 10)   (0, 6)   (0, 1)   (5, 2)   (2, 9)  (4, 8)   (4, 1)  (5, 10)
job_10   (3, 5)   (3, 2)   (2, 9)   (0, 9)   (1, 8)   (5, 6)  (4, 7)  (5, 4)   (1, 2)   (1, 2)   (2, 6)   (0, 1)   (5, 7)  (4, 5)   (4, 2)  (5, 10)
job_11   (3, 3)  (3, 10)   (5, 4)   (3, 6)   (3, 9)   (4, 2)  (1, 3)  (3, 3)   (4, 8)   (3, 4)   (1, 1)   (3, 9)   (0, 2)  (1, 5)   (2, 6)  (0, 10)
job_12   (1, 9)   (3, 4)  (4, 10)   (1, 1)   (4, 5)   (2, 9)  (5, 3)  (1, 1)   (4, 6)   (2, 9)   (2, 3)   (1, 8)   (1, 4)  (4, 8)   (5, 5)   (1, 4)
job_13   (4, 6)   (4, 7)   (4, 1)  (0, 10)   (1, 6)   (1, 4)  (4, 8)  (1, 5)   (3, 8)   (0, 7)   (5, 1)   (0, 3)   (1, 2)  (4, 5)   (5, 1)  (3, 10)
job_14  (5, 10)   (1, 3)   (1, 6)  (2, 10)   (4, 3)   (0, 5)  (2, 3)  (0, 7)   (1, 2)   (3, 7)   (1, 1)   (4, 6)   (4, 2)  (4, 8)   (2, 6)   (3, 7)
job_15   (2, 8)   (1, 8)   (1, 6)   (0, 2)   (2, 7)   (5, 9)  (0, 7)  (5, 6)   (5, 9)   (3, 3)  (1, 10)  (5, 10)   (4, 8)  (2, 5)   (0, 9)   (0, 1)
job_16  (3, 10)   (3, 7)   (4, 5)   (2, 3)   (0, 6)   (3, 7)  (3, 8)  (5, 2)   (4, 6)   (1, 1)   (5, 1)   (5, 4)   (2, 4)  (0, 9)   (3, 7)   (5, 5)
job_17   (1, 8)   (0, 9)   (1, 2)   (3, 1)   (5, 2)   (1, 6)  (2, 2)  (1, 2)   (2, 6)   (3, 1)   (4, 6)   (5, 1)   (3, 3)  (1, 3)   (0, 7)   (0, 3)
job_18   (0, 8)   (3, 3)  (0, 10)   (4, 7)  (4, 10)  (3, 10)  (5, 1)  (0, 9)   (0, 7)   (5, 4)   (1, 7)   (0, 6)   (4, 8)  (3, 8)   (5, 5)   (2, 6)


Solution:
Machine 0: job_18_task_0  job_7_task_0   job_18_task_2  job_5_task_0   job_4_task_2   job_15_task_3  job_5_task_2   job_7_task_2   job_3_task_3   job_8_task_1   job_4_task_3   job_5_task_4   job_0_task_0   job_1_task_5   job_13_task_3  job_10_task_3  job_15_task_6  job_5_task_6   job_4_task_5   job_16_task_4  job_18_task_7  job_6_task_4   job_7_task_8   job_14_task_5  job_8_task_7   job_17_task_1  job_1_task_8   job_4_task_7   job_0_task_6   job_18_task_8  job_14_task_7  job_6_task_9   job_9_task_9   job_8_task_9   job_18_task_11 job_9_task_10  job_13_task_9  job_0_task_10  job_10_task_11 job_11_task_12 job_13_task_11 job_7_task_13  job_16_task_13 job_3_task_14  job_4_task_14  job_6_task_14  job_17_task_14 job_15_task_14 job_11_task_15 job_4_task_15  job_0_task_14  job_7_task_15  job_8_task_14  job_17_task_15 job_15_task_15 
           [0,8]          [8,15]         [15,25]        [25,30]        [30,38]        [38,40]        [40,46]        [46,48]        [48,58]        [58,62]        [62,66]        [66,71]        [71,78]        [78,83]        [83,93]        [93,102]       [102,109]      [109,117]      [117,126]      [126,132]      [132,141]      [141,143]      [143,146]      [146,151]      [151,160]      [160,169]      [169,179]      [179,180]      [180,189]      [189,196]      [196,203]      [203,209]      [209,215]      [215,225]      [225,231]      [231,232]      [232,239]      [239,243]      [243,244]      [244,246]      [246,249]      [249,257]      [257,266]      [266,276]      [276,283]      [283,291]      [291,298]      [298,307]      [307,317]      [317,326]      [326,331]      [331,337]      [337,339]      [339,342]      [342,343]      
Machine 1: job_12_task_0  job_15_task_1  job_1_task_1   job_2_task_1   job_15_task_2  job_1_task_3   job_2_task_2   job_8_task_0   job_1_task_4   job_5_task_3   job_2_task_3   job_14_task_1  job_14_task_2  job_3_task_5   job_0_task_1   job_12_task_3  job_0_task_2   job_2_task_6   job_0_task_3   job_17_task_0  job_13_task_4  job_10_task_4  job_13_task_5  job_11_task_6  job_12_task_7  job_13_task_7  job_3_task_9   job_3_task_10  job_6_task_5   job_6_task_6   job_6_task_7   job_15_task_10 job_7_task_10  job_17_task_2  job_10_task_8  job_11_task_10 job_10_task_9  job_12_task_11 job_4_task_9   job_17_task_5  job_18_task_10 job_14_task_8  job_1_task_10  job_17_task_7  job_16_task_9  job_14_task_10 job_6_task_11  job_5_task_12  job_4_task_13  job_12_task_12 job_2_task_13  job_1_task_13  job_0_task_11  job_11_task_13 job_13_task_12 job_17_task_13 job_6_task_15  job_12_task_15 
           [0,9]          [9,17]         [17,19]        [19,28]        [28,34]        [34,38]        [38,45]        [45,49]        [49,57]        [57,58]        [58,65]        [65,68]        [68,74]        [74,82]        [82,87]        [87,88]        [88,89]        [89,95]        [95,97]        [97,105]       [105,111]      [111,119]      [119,123]      [123,126]      [126,127]      [131,136]      [140,141]      [141,147]      [147,152]      [152,154]      [154,157]      [157,167]      [167,176]      [176,178]      [178,180]      [180,181]      [181,183]      [183,191]      [191,201]      [201,207]      [207,214]      [214,216]      [216,221]      [221,223]      [223,224]      [224,225]      [225,226]      [226,227]      [227,233]      [233,237]      [237,242]      [242,247]      [247,254]      [254,259]      [259,261]      [261,264]      [291,296]      [297,301]      
Machine 2: job_15_task_0  job_3_task_0   job_3_task_1   job_3_task_2   job_9_task_2   job_6_task_0   job_15_task_4  job_10_task_2  job_6_task_2   job_8_task_2   job_9_task_5   job_14_task_3  job_8_task_5   job_16_task_3  job_12_task_5  job_7_task_6   job_7_task_7   job_5_task_7   job_5_task_8   job_4_task_6   job_9_task_7   job_3_task_8   job_12_task_9  job_3_task_11  job_14_task_6  job_6_task_8   job_12_task_10 job_10_task_10 job_0_task_7   job_0_task_9   job_17_task_6  job_15_task_13 job_17_task_8  job_6_task_12  job_16_task_12 job_9_task_12  job_5_task_13  job_1_task_14  job_11_task_14 job_14_task_14 job_5_task_15  job_18_task_15 job_2_task_15  job_0_task_15  
           [0,8]          [8,10]         [10,20]        [20,26]        [26,33]        [33,37]        [40,47]        [47,56]        [59,65]        [65,68]        [68,77]        [77,87]        [87,91]        [91,94]        [94,103]       [103,109]      [109,112]      [117,122]      [122,126]      [126,131]      [131,134]      [134,140]      [140,149]      [149,156]      [156,159]      [159,168]      [168,171]      [183,189]      [189,191]      [204,214]      [214,216]      [216,221]      [223,229]      [229,236]      [236,240]      [240,249]      [249,250]      [250,259]      [259,265]      [265,271]      [271,281]      [281,287]      [300,310]      [331,333]      
Machine 3: job_4_task_0   job_9_task_0   job_18_task_1  job_4_task_1   job_11_task_0  job_7_task_1   job_10_task_0  job_16_task_0  job_11_task_1  job_10_task_1  job_12_task_1  job_16_task_1  job_6_task_1   job_7_task_4   job_18_task_5  job_8_task_3   job_8_task_4   job_11_task_3  job_6_task_3   job_7_task_5   job_8_task_6   job_11_task_4  job_1_task_7   job_9_task_6   job_11_task_7  job_16_task_5  job_16_task_6  job_15_task_9  job_2_task_9   job_2_task_10  job_13_task_8  job_11_task_9  job_17_task_3  job_1_task_9   job_11_task_11 job_7_task_12  job_4_task_10  job_14_task_9  job_4_task_12  job_17_task_9  job_1_task_12  job_8_task_11  job_18_task_13 job_8_task_12  job_17_task_12 job_8_task_13  job_16_task_14 job_14_task_15 job_13_task_15 
           [0,6]          [6,8]          [8,11]         [11,13]        [13,16]        [16,20]        [20,25]        [25,35]        [35,45]        [45,47]        [47,51]        [51,58]        [58,59]        [59,66]        [66,76]        [76,78]        [78,81]        [81,87]        [87,96]        [96,99]        [99,108]       [108,117]      [117,122]      [122,131]      [131,134]      [134,141]      [141,149]      [149,152]      [152,158]      [158,166]      [166,174]      [174,178]      [178,179]      [179,188]      [188,197]      [197,207]      [207,214]      [216,223]      [226,227]      [229,230]      [231,234]      [237,245]      [245,253]      [253,257]      [257,260]      [260,262]      [266,273]      [273,280]      [298,308]      
Machine 4: job_1_task_0   job_2_task_0   job_13_task_0  job_13_task_1  job_13_task_2  job_18_task_3  job_18_task_4  job_9_task_3   job_7_task_3   job_12_task_2  job_3_task_4   job_16_task_2  job_2_task_5   job_3_task_6   job_12_task_4  job_14_task_4  job_0_task_4   job_0_task_5   job_2_task_7   job_3_task_7   job_11_task_5  job_13_task_6  job_12_task_8  job_9_task_8   job_7_task_9   job_10_task_6  job_11_task_8  job_5_task_10  job_4_task_8   job_16_task_8  job_3_task_13  job_2_task_12  job_15_task_12 job_1_task_11  job_14_task_11 job_18_task_12 job_14_task_12 job_17_task_10 job_14_task_13 job_5_task_14  job_9_task_13  job_10_task_13 job_12_task_13 job_13_task_13 job_2_task_14  job_7_task_14  job_10_task_14 job_9_task_14  job_0_task_13  job_3_task_15  job_1_task_15  
           [0,4]          [4,7]          [7,13]         [13,20]        [20,21]        [25,32]        [32,42]        [42,47]        [48,55]        [55,65]        [65,67]        [67,72]        [72,77]        [82,89]        [89,94]        [94,97]        [97,99]        [99,105]       [105,112]      [112,117]      [117,119]      [123,131]      [131,137]      [137,147]      [147,156]      [156,163]      [163,171]      [171,181]      [181,185]      [185,191]      [191,196]      [196,203]      [203,211]      [221,231]      [231,237]      [237,245]      [245,247]      [247,253]      [253,261]      [261,271]      [271,279]      [279,284]      [284,292]      [292,297]      [297,300]      [300,307]      [307,309]      [309,310]      [310,313]      [313,321]      [321,324]      
Machine 5: job_14_task_0  job_9_task_1   job_1_task_2   job_5_task_1   job_11_task_2  job_15_task_5  job_9_task_4   job_2_task_4   job_4_task_4   job_5_task_5   job_18_task_6  job_1_task_6   job_12_task_6  job_15_task_7  job_15_task_8  job_10_task_5  job_2_task_8   job_5_task_9   job_16_task_7  job_3_task_12  job_8_task_8   job_10_task_7  job_15_task_11 job_17_task_4  job_7_task_11  job_2_task_11  job_18_task_9  job_0_task_8   job_5_task_11  job_6_task_10  job_4_task_11  job_16_task_10 job_16_task_11 job_8_task_10  job_9_task_11  job_13_task_10 job_6_task_13  job_10_task_12 job_17_task_11 job_0_task_12  job_18_task_14 job_16_task_15 job_12_task_14 job_13_task_14 job_10_task_15 job_9_task_15  job_8_task_15  
           [0,10]         [10,17]        [19,28]        [30,32]        [45,49]        [49,58]        [58,61]        [65,67]        [67,75]        [75,80]        [80,81]        [83,92]        [103,106]      [109,115]      [115,124]      [124,130]      [130,134]      [134,144]      [149,151]      [156,161]      [161,171]      [171,175]      [175,185]      [185,187]      [187,189]      [189,196]      [196,200]      [200,204]      [204,212]      [212,218]      [218,226]      [226,227]      [227,231]      [231,237]      [237,239]      [239,240]      [240,244]      [244,251]      [253,254]      [254,260]      [260,265]      [273,278]      [292,297]      [297,298]      [309,319]      [319,329]      [339,342]      
Optimal Schedule Length: 343.0
Total (Unoptimized Schedule Length): 1694
Statistics
  - conflicts: 0
  - branches : 0
  - wall time: 0.11938837100000001s