
Problem
          task_0   task_1   task_2   task_3   task_4   task_5    task_6   task_7    task_8   task_9   task_10  task_11  task_12  task_13  task_14  task_15  task_16
job_0     (0, 8)  (8, 10)   (5, 4)   (1, 9)   (0, 4)   (5, 3)    (8, 5)  (5, 10)    (3, 2)   (9, 8)    (8, 2)   (5, 6)   (7, 4)   (7, 2)  (10, 9)   (2, 5)   (2, 7)
job_1   (10, 10)   (2, 4)   (9, 4)   (0, 8)  (8, 10)   (4, 9)    (8, 2)  (9, 10)    (1, 5)   (6, 6)    (0, 3)   (7, 8)   (5, 4)   (0, 2)   (3, 5)   (4, 8)   (8, 2)
job_2    (5, 10)   (0, 9)   (1, 8)   (0, 1)   (5, 1)  (9, 10)    (0, 1)   (7, 4)    (7, 4)   (1, 5)   (4, 10)   (2, 5)   (6, 4)   (3, 1)  (6, 10)   (7, 8)   (5, 4)
job_3     (6, 7)   (5, 2)   (5, 5)  (1, 10)   (7, 6)   (2, 3)    (0, 1)   (1, 3)    (4, 7)   (9, 3)   (4, 10)   (3, 6)   (5, 1)  (10, 9)   (7, 7)   (5, 5)   (3, 8)
job_4     (2, 8)   (3, 5)  (10, 1)   (8, 2)   (2, 9)  (10, 5)    (3, 7)   (9, 7)    (2, 4)  (10, 4)    (4, 6)  (10, 4)   (2, 3)   (7, 2)  (10, 5)   (7, 3)   (7, 5)
job_5     (4, 9)   (7, 9)   (1, 9)   (6, 5)   (7, 8)   (7, 5)    (9, 8)   (6, 5)   (0, 10)   (5, 4)   (10, 3)   (0, 5)   (5, 7)  (10, 9)   (3, 8)   (1, 2)  (2, 10)
job_6     (0, 8)   (1, 7)   (3, 2)   (5, 7)   (1, 5)   (2, 6)    (2, 2)   (2, 8)    (8, 4)   (4, 1)    (1, 5)   (8, 9)   (5, 7)   (6, 5)  (10, 8)   (9, 1)   (8, 5)
job_7     (4, 6)  (0, 10)   (4, 4)   (6, 5)   (1, 2)   (5, 1)   (8, 10)  (6, 10)    (6, 9)   (2, 5)  (10, 10)   (0, 6)   (7, 7)   (8, 8)   (1, 9)   (8, 6)   (7, 6)
job_8     (4, 2)   (5, 9)   (1, 6)   (0, 8)   (0, 9)   (9, 1)    (0, 8)   (0, 2)    (7, 1)   (7, 3)    (6, 7)  (10, 2)  (3, 10)  (5, 10)   (4, 5)   (7, 8)   (6, 5)
job_9    (10, 5)   (4, 8)   (5, 7)   (6, 9)   (2, 9)   (9, 2)    (7, 1)   (5, 2)    (4, 1)   (2, 6)    (8, 9)   (8, 2)   (9, 8)   (6, 4)   (0, 9)   (1, 3)   (6, 8)
job_10    (1, 9)   (8, 6)   (4, 5)   (9, 9)   (0, 7)   (0, 9)    (7, 8)   (4, 7)    (1, 8)  (10, 7)    (5, 5)   (1, 6)   (1, 1)   (7, 2)   (3, 3)  (10, 2)   (0, 8)
job_11    (2, 6)   (3, 4)  (2, 10)   (3, 4)   (0, 1)   (4, 7)    (5, 5)   (0, 7)    (5, 6)  (4, 10)    (1, 9)   (8, 1)   (2, 5)  (10, 2)   (1, 1)  (7, 10)  (8, 10)
job_12    (0, 8)   (0, 6)  (10, 4)   (0, 1)   (0, 1)   (2, 8)    (9, 6)   (5, 1)    (0, 6)   (7, 3)   (6, 10)   (8, 1)   (6, 1)   (3, 5)   (6, 9)   (6, 5)  (1, 10)
job_13    (2, 2)  (3, 10)   (4, 7)   (3, 6)   (3, 4)   (4, 7)  (10, 10)  (9, 10)    (6, 6)   (7, 9)    (4, 1)   (0, 5)  (10, 5)   (3, 7)   (0, 1)  (10, 3)   (8, 2)
job_14    (7, 3)   (9, 2)   (1, 5)  (10, 5)   (4, 7)   (4, 4)    (0, 7)   (5, 2)    (1, 2)   (4, 2)    (6, 5)   (8, 9)   (6, 2)   (9, 3)  (10, 3)   (3, 7)   (9, 3)
job_15    (2, 4)   (3, 7)   (1, 8)   (4, 4)   (0, 6)   (3, 5)   (10, 1)   (3, 8)   (0, 10)   (7, 6)    (0, 4)   (3, 3)  (5, 10)   (4, 4)   (3, 6)   (2, 1)   (9, 1)
job_16    (3, 3)  (10, 3)   (0, 4)   (5, 2)   (5, 2)   (1, 7)    (2, 2)   (0, 6)    (4, 8)  (10, 4)    (2, 8)   (5, 8)   (8, 3)   (7, 8)   (6, 8)   (8, 6)   (8, 5)
job_17    (7, 8)   (4, 4)  (10, 8)   (7, 3)   (7, 7)   (6, 5)    (3, 4)   (9, 4)    (0, 1)   (2, 8)    (1, 6)   (0, 2)   (6, 6)   (5, 3)   (1, 9)  (9, 10)   (2, 9)
job_18    (5, 6)  (1, 10)  (10, 9)   (6, 3)   (6, 4)   (4, 2)    (5, 4)  (2, 10)  (10, 10)   (0, 5)   (8, 10)   (7, 1)   (7, 7)   (5, 7)   (3, 5)   (2, 4)   (6, 2)
job_19    (5, 5)   (5, 3)  (0, 10)   (6, 5)   (9, 9)   (4, 9)    (6, 9)   (6, 5)    (9, 5)   (2, 7)    (0, 3)   (1, 4)   (6, 2)   (7, 3)   (6, 5)   (5, 2)   (4, 2)


Solution:
Machine 0: job_0_task_0   job_6_task_0   job_7_task_1   job_12_task_0  job_2_task_1   job_16_task_2  job_10_task_4  job_19_task_2  job_8_task_3   job_11_task_4  job_12_task_1  job_0_task_4   job_10_task_5  job_2_task_3   job_12_task_3  job_12_task_4  job_3_task_6   job_1_task_3   job_2_task_6   job_16_task_7  job_12_task_8  job_18_task_9  job_11_task_7  job_8_task_4   job_17_task_8  job_8_task_6   job_8_task_7   job_15_task_4  job_5_task_8   job_14_task_6  job_5_task_11  job_17_task_11 job_1_task_10  job_15_task_8  job_7_task_11  job_15_task_10 job_1_task_13  job_19_task_10 job_13_task_11 job_9_task_14  job_13_task_14 job_10_task_16 
           [0,8]          [8,16]         [16,26]        [26,34]        [34,43]        [43,47]        [47,54]        [54,64]        [64,72]        [72,73]        [73,79]        [79,83]        [83,92]        [92,93]        [93,94]        [94,95]        [95,96]        [96,104]       [104,105]      [105,111]      [111,117]      [117,122]      [122,129]      [129,138]      [138,139]      [139,147]      [147,149]      [149,155]      [155,165]      [165,172]      [172,177]      [177,179]      [179,182]      [182,192]      [192,198]      [198,202]      [202,204]      [204,207]      [207,212]      [212,221]      [224,225]      [225,233]      
Machine 1: job_10_task_0  job_18_task_1  job_6_task_1   job_5_task_2   job_8_task_2   job_7_task_4   job_3_task_3   job_15_task_2  job_2_task_2   job_0_task_3   job_16_task_5  job_6_task_4   job_14_task_2  job_3_task_7   job_2_task_9   job_6_task_10  job_10_task_8  job_11_task_10 job_17_task_10 job_11_task_14 job_1_task_8   job_10_task_11 job_14_task_8  job_10_task_12 job_12_task_16 job_17_task_14 job_19_task_11 job_5_task_15  job_7_task_14  job_9_task_15  
           [0,9]          [9,19]         [19,26]        [26,35]        [35,41]        [41,43]        [43,53]        [53,61]        [61,69]        [69,78]        [78,85]        [85,90]        [90,95]        [96,99]        [114,119]      [131,136]      [136,144]      [145,154]      [154,160]      [165,166]      [166,171]      [171,177]      [177,179]      [179,180]      [180,190]      [198,207]      [207,211]      [211,213]      [213,222]      [222,225]      
Machine 2: job_13_task_0  job_4_task_0   job_1_task_1   job_15_task_0  job_11_task_0  job_4_task_4   job_11_task_2  job_4_task_8   job_9_task_4   job_3_task_5   job_18_task_7  job_4_task_12  job_16_task_6  job_6_task_5   job_12_task_5  job_6_task_6   job_6_task_7   job_7_task_9   job_9_task_9   job_16_task_10 job_19_task_9  job_17_task_9  job_11_task_12 job_18_task_15 job_2_task_11  job_0_task_15  job_0_task_16  job_5_task_16  job_17_task_16 job_15_task_15 
           [0,2]          [2,10]         [10,14]        [14,18]        [18,24]        [26,35]        [35,45]        [55,59]        [61,70]        [70,73]        [73,83]        [83,86]        [86,88]        [90,96]        [96,104]       [104,106]      [106,114]      [114,119]      [119,125]      [128,136]      [136,143]      [143,151]      [157,162]      [162,166]      [175,180]      [181,186]      [186,193]      [213,223]      [223,232]      [232,233]      
Machine 3: job_16_task_0  job_13_task_1  job_4_task_1   job_15_task_1  job_11_task_1  job_6_task_2   job_13_task_3  job_13_task_4  job_4_task_6   job_11_task_3  job_17_task_6  job_0_task_8   job_12_task_13 job_3_task_11  job_18_task_14 job_15_task_5  job_8_task_12  job_15_task_7  job_10_task_14 job_3_task_16  job_2_task_13  job_5_task_14  job_15_task_11 job_1_task_14  job_14_task_15 job_13_task_13 job_15_task_14 
           [0,3]          [3,13]         [13,18]        [18,25]        [25,29]        [29,31]        [31,37]        [37,41]        [41,48]        [48,52]        [52,56]        [104,106]      [134,139]      [139,145]      [151,156]      [156,161]      [163,173]      [173,181]      [182,185]      [185,193]      [193,194]      [194,202]      [202,205]      [205,210]      [210,217]      [217,224]      [224,230]      
Machine 4: job_5_task_0   job_7_task_0   job_8_task_0   job_17_task_1  job_13_task_2  job_7_task_2   job_10_task_2  job_9_task_1   job_18_task_5  job_13_task_5  job_15_task_3  job_4_task_10  job_9_task_8   job_11_task_5  job_19_task_5  job_3_task_8   job_13_task_10 job_10_task_7  job_16_task_8  job_6_task_9   job_3_task_10  job_11_task_9  job_1_task_5   job_14_task_4  job_14_task_5  job_2_task_10  job_14_task_9  job_8_task_14  job_1_task_15  job_15_task_13 job_19_task_16 
           [0,9]          [9,15]         [15,17]        [17,21]        [21,28]        [28,32]        [32,37]        [37,45]        [45,47]        [47,54]        [61,65]        [68,74]        [76,77]        [77,84]        [92,101]       [101,108]      [108,109]      [109,116]      [116,124]      [124,125]      [125,135]      [135,145]      [145,154]      [154,161]      [161,165]      [165,175]      [179,181]      [194,199]      [210,218]      [218,222]      [225,227]      
Machine 5: job_18_task_0  job_2_task_0   job_19_task_0  job_8_task_1   job_3_task_1   job_3_task_2   job_19_task_1  job_0_task_2   job_7_task_5   job_9_task_2   job_6_task_3   job_16_task_3  job_16_task_4  job_18_task_6  job_9_task_7   job_0_task_5   job_11_task_6  job_2_task_4   job_0_task_7   job_12_task_7  job_0_task_11  job_11_task_8  job_16_task_11 job_18_task_13 job_3_task_12  job_6_task_12  job_10_task_10 job_5_task_9   job_3_task_15  job_14_task_7  job_5_task_12  job_8_task_13  job_17_task_13 job_1_task_12  job_15_task_12 job_19_task_15 job_2_task_16  
           [0,6]          [6,16]         [16,21]        [21,30]        [30,32]        [32,37]        [37,40]        [40,44]        [44,45]        [45,52]        [52,59]        [59,61]        [61,63]        [63,67]        [74,76]        [83,86]        [86,91]        [93,94]        [94,104]       [110,111]      [120,126]      [129,135]      [136,144]      [144,151]      [151,152]      [152,159]      [159,164]      [165,169]      [170,175]      [175,177]      [177,184]      [184,194]      [195,198]      [198,202]      [206,216]      [223,225]      [225,229]      
Machine 6: job_3_task_0   job_18_task_3  job_18_task_4  job_7_task_3   job_5_task_3   job_17_task_5  job_9_task_3   job_7_task_7   job_19_task_3  job_5_task_7   job_13_task_8  job_7_task_8   job_19_task_6  job_19_task_7  job_12_task_10 job_12_task_12 job_12_task_14 job_12_task_15 job_8_task_10  job_6_task_13  job_16_task_14 job_1_task_9   job_2_task_12  job_14_task_10 job_17_task_12 job_9_task_13  job_14_task_12 job_2_task_14  job_19_task_12 job_8_task_16  job_19_task_14 job_18_task_16 job_9_task_16  
           [0,7]          [28,31]        [31,35]        [35,40]        [40,45]        [46,51]        [52,61]        [61,71]        [71,76]        [76,81]        [83,89]        [89,98]        [101,110]      [110,115]      [120,130]      [133,134]      [139,148]      [148,153]      [153,160]      [160,165]      [165,173]      [173,179]      [180,184]      [184,189]      [189,195]      [195,199]      [199,201]      [201,211]      [211,213]      [213,218]      [218,223]      [223,225]      [225,233]      
Machine 7: job_17_task_0  job_14_task_0  job_5_task_1   job_17_task_3  job_17_task_4  job_5_task_4   job_5_task_5   job_3_task_4   job_9_task_6   job_4_task_13  job_13_task_9  job_10_task_6  job_2_task_7   job_2_task_8   job_4_task_15  job_12_task_9  job_0_task_12  job_18_task_11 job_18_task_12 job_4_task_16  job_8_task_8   job_8_task_9   job_16_task_13 job_0_task_13  job_3_task_14  job_11_task_15 job_10_task_13 job_1_task_11  job_15_task_9  job_7_task_12  job_8_task_15  job_19_task_13 job_2_task_15  job_7_task_16  
           [0,8]          [8,11]         [11,20]        [36,39]        [39,46]        [46,54]        [54,59]        [59,65]        [73,74]        [86,88]        [89,98]        [98,106]       [106,110]      [110,114]      [114,117]      [117,120]      [126,130]      [132,133]      [133,140]      [140,145]      [149,150]      [150,153]      [153,161]      [161,163]      [163,170]      [170,180]      [180,182]      [182,190]      [192,198]      [198,205]      [205,213]      [213,216]      [216,224]      [228,234]      
Machine 8: job_0_task_1   job_10_task_1  job_4_task_3   job_7_task_6   job_0_task_6   job_1_task_4   job_6_task_8   job_0_task_10  job_18_task_10 job_12_task_11 job_6_task_11  job_16_task_12 job_1_task_6   job_11_task_11 job_9_task_10  job_9_task_11  job_16_task_15 job_11_task_16 job_14_task_11 job_16_task_16 job_7_task_13  job_6_task_16  job_1_task_16  job_7_task_15  job_13_task_16 
           [8,18]         [18,24]        [24,26]        [45,55]        [86,91]        [104,114]      [114,118]      [118,120]      [122,132]      [132,133]      [136,145]      [145,148]      [154,156]      [156,157]      [157,166]      [166,168]      [173,179]      [180,190]      [190,199]      [199,204]      [205,213]      [213,218]      [218,220]      [222,228]      [228,230]      
Machine 9: job_14_task_1  job_1_task_2   job_10_task_3  job_4_task_7   job_5_task_6   job_17_task_7  job_9_task_5   job_13_task_7  job_19_task_4  job_2_task_5   job_12_task_6  job_0_task_9   job_3_task_9   job_19_task_8  job_8_task_5   job_1_task_7   job_9_task_12  job_14_task_13 job_6_task_15  job_17_task_15 job_14_task_16 job_15_task_16 
           [11,13]        [14,18]        [37,46]        [48,55]        [59,67]        [67,71]        [71,73]        [73,83]        [83,92]        [94,104]       [104,110]      [110,118]      [118,121]      [121,126]      [138,139]      [156,166]      [168,176]      [201,204]      [204,205]      [207,217]      [217,220]      [233,234]      
Machine 10: job_1_task_0   job_9_task_0   job_16_task_1  job_4_task_2   job_18_task_2  job_17_task_2  job_4_task_5   job_13_task_6  job_4_task_9   job_4_task_11  job_12_task_2  job_18_task_8  job_14_task_3  job_4_task_14  job_16_task_9  job_7_task_10  job_10_task_9  job_3_task_13  job_8_task_11  job_11_task_13 job_15_task_6  job_5_task_10  job_0_task_14  job_5_task_13  job_6_task_14  job_14_task_14 job_13_task_12 job_10_task_15 job_13_task_15 
           [0,10]         [10,15]        [15,18]        [18,19]        [19,28]        [28,36]        [36,41]        [54,64]        [64,68]        [74,78]        [79,83]        [83,93]        [95,100]       [100,105]      [124,128]      [128,138]      [144,151]      [152,161]      [161,163]      [163,165]      [165,166]      [169,172]      [172,181]      [184,193]      [193,201]      [204,207]      [212,217]      [220,222]      [225,228]      
Optimal Schedule Length: 234.0
Total (Unoptimized Schedule Length): 1885
Statistics
  - conflicts: 0
  - branches : 0
  - wall time: 4.1755496700000005s