
Problem
         task_0   task_1   task_2  task_3   task_4   task_5  task_6   task_7   task_8  task_9  task_10  task_11  task_12  task_13  task_14  task_15  task_16  task_17
job_0    (7, 5)   (3, 8)   (7, 2)  (1, 6)   (1, 3)   (5, 2)  (6, 9)   (0, 4)   (8, 2)  (8, 8)   (8, 7)   (2, 2)   (3, 8)   (8, 1)   (2, 2)   (6, 7)   (6, 6)   (1, 8)
job_1    (7, 8)   (3, 5)   (0, 5)  (5, 4)  (4, 10)   (4, 3)  (5, 7)   (5, 8)   (1, 3)  (1, 4)   (2, 4)  (4, 10)   (6, 7)   (2, 5)  (8, 10)   (3, 6)   (5, 2)   (0, 1)
job_2   (4, 10)   (4, 5)  (0, 10)  (3, 2)  (6, 10)   (7, 9)  (3, 4)   (6, 5)   (7, 6)  (7, 1)   (5, 2)  (1, 10)   (5, 3)  (8, 10)   (4, 8)   (7, 2)   (5, 7)  (5, 10)
job_3    (7, 7)   (4, 5)  (3, 10)  (1, 5)   (3, 8)   (0, 8)  (8, 4)  (3, 10)  (2, 10)  (8, 1)  (2, 10)   (1, 7)   (1, 9)   (0, 6)  (8, 10)   (4, 9)  (4, 10)   (7, 6)
job_4    (6, 3)   (7, 7)   (0, 4)  (4, 8)   (6, 4)   (5, 4)  (6, 1)   (1, 3)   (4, 3)  (2, 3)   (4, 6)   (4, 7)   (1, 4)   (0, 7)   (5, 5)   (1, 6)   (7, 2)   (0, 5)
job_5    (6, 9)   (6, 1)   (5, 3)  (4, 1)   (2, 1)   (4, 9)  (7, 5)  (2, 10)   (4, 4)  (0, 5)   (5, 2)   (4, 9)   (1, 1)   (7, 3)   (1, 2)   (7, 2)   (2, 5)   (1, 1)
job_6    (6, 1)   (2, 1)   (4, 5)  (5, 7)   (7, 9)  (8, 10)  (0, 7)   (6, 8)   (0, 1)  (2, 5)   (2, 4)  (5, 10)  (4, 10)   (5, 2)   (8, 8)   (7, 1)   (6, 6)   (8, 8)
job_7    (7, 8)   (8, 6)   (0, 6)  (2, 3)   (8, 4)   (5, 5)  (8, 3)   (8, 1)   (4, 2)  (3, 5)   (3, 1)   (4, 2)   (1, 9)   (7, 8)   (1, 2)  (6, 10)   (3, 4)  (7, 10)
job_8    (4, 7)  (1, 10)   (3, 5)  (2, 5)   (3, 8)   (4, 9)  (8, 3)   (0, 6)  (1, 10)  (3, 8)   (7, 3)   (5, 7)   (5, 2)  (3, 10)   (2, 3)   (3, 8)   (3, 9)   (7, 1)
job_9    (1, 3)   (7, 6)   (3, 7)  (6, 8)  (0, 10)   (2, 3)  (4, 7)   (0, 2)   (1, 6)  (0, 6)   (0, 5)  (4, 10)   (4, 3)   (1, 8)   (6, 7)   (5, 5)   (4, 9)   (8, 4)
job_10   (0, 8)   (2, 8)   (5, 8)  (4, 7)   (2, 9)   (4, 6)  (5, 1)   (1, 7)   (3, 4)  (1, 1)   (5, 5)   (1, 3)   (2, 9)   (3, 6)   (5, 2)   (6, 9)   (4, 8)  (0, 10)
job_11   (6, 1)   (2, 2)  (7, 10)  (0, 7)   (8, 3)   (7, 7)  (0, 1)   (1, 8)   (7, 3)  (1, 4)   (0, 9)  (2, 10)   (7, 3)   (8, 1)   (6, 7)   (2, 8)   (4, 2)  (4, 10)
job_12   (1, 3)   (1, 9)   (5, 3)  (3, 9)   (5, 5)   (1, 2)  (3, 9)   (8, 4)   (4, 9)  (7, 3)   (8, 3)   (8, 8)   (2, 2)   (0, 8)   (7, 2)   (2, 7)   (5, 3)   (8, 5)
job_13   (8, 8)   (3, 7)   (4, 7)  (3, 1)   (1, 2)   (8, 6)  (7, 4)   (5, 6)   (4, 1)  (2, 1)   (1, 1)   (6, 7)   (2, 2)   (4, 4)   (2, 8)   (4, 8)   (6, 4)   (1, 7)


Solution:
Machine 0: job_10_task_0  job_2_task_2   job_11_task_3  job_3_task_5   job_9_task_4   job_1_task_2   job_7_task_2   job_9_task_7   job_4_task_2   job_11_task_6  job_6_task_6   job_9_task_9   job_9_task_10  job_8_task_7   job_6_task_8   job_0_task_7   job_11_task_10 job_5_task_9   job_3_task_13  job_12_task_13 job_4_task_13  job_4_task_17  job_1_task_17  job_10_task_17 
           [0,8]          [20,30]        [31,38]        [40,48]        [48,58]        [58,63]        [63,69]        [69,71]        [71,75]        [78,79]        [79,86]        [86,92]        [92,97]        [97,103]       [103,104]      [104,108]      [108,117]      [124,129]      [129,135]      [141,149]      [170,177]      [196,201]      [217,218]      [231,241]      
Machine 1: job_12_task_0  job_12_task_1  job_9_task_0   job_3_task_3   job_8_task_1   job_10_task_7  job_0_task_3   job_0_task_4   job_9_task_8   job_11_task_7  job_11_task_9  job_12_task_5  job_13_task_4  job_3_task_11  job_8_task_8   job_3_task_12  job_4_task_7   job_10_task_9  job_1_task_8   job_2_task_11  job_1_task_9   job_10_task_11 job_7_task_12  job_13_task_10 job_9_task_13  job_4_task_12  job_7_task_14  job_5_task_12  job_0_task_17  job_5_task_14  job_4_task_15  job_5_task_17  job_13_task_17 
           [0,3]          [3,12]         [12,15]        [25,30]        [39,49]        [54,61]        [62,68]        [68,71]        [71,77]        [79,87]        [90,94]        [94,96]        [96,98]        [98,105]       [105,115]      [115,124]      [124,127]      [127,128]      [128,131]      [131,141]      [141,145]      [145,148]      [148,157]      [157,158]      [158,166]      [166,170]      [170,172]      [172,173]      [173,181]      [181,183]      [188,194]      [203,204]      [218,225]      
Machine 2: job_6_task_1   job_11_task_1  job_10_task_1  job_10_task_4  job_5_task_4   job_9_task_5   job_8_task_3   job_3_task_8   job_7_task_3   job_3_task_10  job_5_task_7   job_6_task_9   job_6_task_10  job_11_task_11 job_0_task_11  job_4_task_9   job_13_task_9  job_12_task_12 job_0_task_14  job_1_task_10  job_10_task_12 job_11_task_15 job_12_task_15 job_13_task_12 job_8_task_14  job_1_task_13  job_13_task_14 job_5_task_16  
           [1,2]          [2,4]          [8,16]         [32,41]        [47,48]        [58,61]        [61,66]        [70,80]        [80,83]        [83,93]        [93,103]       [104,109]      [109,113]      [117,127]      [128,130]      [132,135]      [135,136]      [139,141]      [141,143]      [145,149]      [149,158]      [158,166]      [166,173]      [173,175]      [175,178]      [185,190]      [190,198]      [198,203]      
Machine 3: job_13_task_1  job_3_task_2   job_9_task_2   job_3_task_4   job_1_task_1   job_2_task_3   job_0_task_1   job_8_task_2   job_3_task_7   job_8_task_4   job_12_task_3  job_2_task_6   job_13_task_3  job_10_task_8  job_12_task_6  job_7_task_9   job_8_task_9   job_7_task_10  job_0_task_12  job_10_task_13 job_8_task_13  job_8_task_15  job_8_task_16  job_1_task_15  job_7_task_16  
           [8,15]         [15,25]        [25,32]        [32,40]        [40,45]        [45,47]        [47,55]        [55,60]        [60,70]        [70,78]        [78,87]        [87,91]        [91,92]        [92,96]        [96,105]       [111,116]      [116,124]      [124,125]      [130,138]      [158,164]      [164,174]      [178,186]      [186,195]      [201,207]      [207,211]      
Machine 4: job_2_task_0   job_3_task_1   job_2_task_1   job_6_task_2   job_10_task_3  job_8_task_0   job_13_task_2  job_5_task_3   job_10_task_5  job_5_task_5   job_9_task_6   job_1_task_4   job_8_task_5   job_4_task_3   job_1_task_5   job_9_task_11  job_7_task_8   job_12_task_8  job_5_task_8   job_9_task_12  job_7_task_11  job_4_task_8   job_13_task_8  job_5_task_11  job_4_task_10  job_4_task_11  job_1_task_11  job_6_task_12  job_3_task_15  job_13_task_13 job_2_task_14  job_3_task_16  job_13_task_15 job_9_task_16  job_10_task_16 job_11_task_16 job_11_task_17 
           [0,10]         [10,15]        [15,20]        [20,25]        [25,32]        [32,39]        [39,46]        [46,47]        [47,53]        [53,62]        [62,69]        [69,79]        [79,88]        [88,96]        [96,99]        [99,109]       [109,111]      [111,120]      [120,124]      [124,127]      [127,129]      [129,132]      [132,133]      [133,142]      [142,148]      [148,155]      [155,165]      [165,175]      [175,184]      [184,188]      [188,196]      [196,206]      [206,214]      [214,223]      [223,231]      [231,233]      [233,243]      
Machine 5: job_12_task_2  job_10_task_2  job_5_task_2   job_6_task_3   job_10_task_6  job_1_task_3   job_0_task_5   job_12_task_4  job_7_task_5   job_1_task_6   job_1_task_7   job_4_task_5   job_2_task_10  job_13_task_7  job_5_task_10  job_10_task_10 job_6_task_11  job_2_task_12  job_8_task_11  job_8_task_12  job_10_task_14 job_12_task_16 job_6_task_13  job_9_task_15  job_4_task_14  job_2_task_16  job_2_task_17  job_1_task_16  
           [12,15]        [16,24]        [24,27]        [27,34]        [53,54]        [63,67]        [71,73]        [87,92]        [92,97]        [99,106]       [106,114]      [114,118]      [118,120]      [120,126]      [129,131]      [131,136]      [136,146]      [146,149]      [149,156]      [156,158]      [164,166]      [173,176]      [176,178]      [178,183]      [183,188]      [198,205]      [205,215]      [215,217]      
Machine 6: job_6_task_0   job_11_task_0  job_4_task_0   job_5_task_0   job_5_task_1   job_9_task_3   job_2_task_4   job_0_task_6   job_6_task_7   job_2_task_7   job_4_task_4   job_4_task_6   job_0_task_15  job_11_task_14 job_0_task_16  job_13_task_11 job_9_task_14  job_1_task_12  job_10_task_15 job_7_task_15  job_6_task_16  job_13_task_16 
           [0,1]          [1,2]          [2,5]          [5,14]         [14,15]        [32,40]        [47,57]        [73,82]        [86,94]        [94,99]        [99,103]       [118,119]      [143,150]      [151,158]      [158,164]      [164,171]      [171,178]      [178,185]      [185,194]      [194,204]      [204,210]      [214,218]      
Machine 7: job_3_task_0   job_1_task_0   job_9_task_1   job_11_task_2  job_0_task_0   job_7_task_0   job_6_task_4   job_4_task_1   job_0_task_2   job_2_task_5   job_11_task_5  job_5_task_6   job_11_task_8  job_2_task_8   job_2_task_9   job_13_task_6  job_12_task_9  job_8_task_10  job_11_task_12 job_12_task_14 job_7_task_13  job_5_task_13  job_5_task_15  job_6_task_15  job_4_task_16  job_2_task_15  job_8_task_17  job_3_task_17  job_7_task_17  
           [0,7]          [7,15]         [15,21]        [21,31]        [31,36]        [36,44]        [44,53]        [53,60]        [60,62]        [62,71]        [71,78]        [78,83]        [87,90]        [99,105]       [105,106]      [106,110]      [120,123]      [124,127]      [127,130]      [149,151]      [157,165]      [173,176]      [183,185]      [186,187]      [194,196]      [196,198]      [198,199]      [206,212]      [212,222]      
Machine 8: job_13_task_0  job_11_task_4  job_7_task_1   job_3_task_6   job_6_task_5   job_3_task_9   job_7_task_4   job_8_task_6   job_7_task_6   job_13_task_5  job_7_task_7   job_12_task_7  job_0_task_8   job_0_task_9   job_0_task_10  job_12_task_10 job_12_task_11 job_0_task_13  job_3_task_14  job_11_task_13 job_2_task_13  job_6_task_14  job_12_task_17 job_1_task_14  job_6_task_17  job_9_task_17  
           [0,8]          [38,41]        [44,50]        [50,54]        [54,64]        [80,81]        [83,87]        [88,91]        [97,100]       [100,106]      [106,107]      [107,111]      [111,113]      [113,121]      [121,128]      [128,131]      [131,139]      [139,140]      [140,150]      [150,151]      [151,161]      [178,186]      [186,191]      [191,201]      [210,218]      [223,227]      
Optimal Schedule Length: 243.0
Total (Unoptimized Schedule Length): 1396
Statistics
  - conflicts: 0
  - branches : 0
  - wall time: 0.164095991s