
Problem
         task_0    task_1   task_2    task_3    task_4   task_5    task_6    task_7    task_8    task_9  task_10   task_11  task_12   task_13  task_14   task_15   task_16   task_17
job_0    (1, 1)    (6, 2)   (0, 2)    (1, 1)   (15, 2)  (12, 5)    (7, 9)    (2, 9)   (12, 5)    (4, 5)  (6, 10)    (8, 9)   (1, 4)   (1, 10)  (12, 7)    (9, 2)   (18, 3)   (18, 9)
job_1    (0, 1)    (2, 3)  (15, 3)   (16, 2)    (5, 6)   (6, 6)   (4, 10)   (17, 6)    (8, 8)   (12, 1)   (0, 6)    (4, 9)  (19, 7)   (19, 8)   (4, 1)   (13, 9)   (19, 4)    (3, 5)
job_2    (8, 6)    (2, 8)   (5, 8)    (2, 1)   (14, 9)  (17, 7)   (17, 3)   (19, 9)   (15, 5)   (16, 6)   (2, 2)    (5, 8)   (7, 7)    (1, 6)   (6, 4)    (6, 5)   (11, 2)   (11, 4)
job_3    (0, 9)    (5, 5)  (16, 3)   (19, 4)    (4, 7)  (12, 4)    (5, 9)   (5, 10)   (11, 9)    (5, 7)  (19, 5)    (1, 3)  (19, 9)    (0, 8)   (8, 3)   (19, 5)    (3, 9)   (9, 10)
job_4    (9, 4)   (10, 5)   (0, 2)   (6, 10)   (15, 6)   (6, 1)    (5, 8)    (3, 6)   (13, 9)    (3, 5)   (5, 5)  (17, 10)  (11, 5)    (8, 4)   (4, 7)  (19, 10)   (11, 2)    (8, 8)
job_5   (19, 1)    (5, 9)  (11, 6)   (18, 9)    (0, 9)  (11, 2)   (16, 1)    (1, 1)    (8, 7)   (18, 3)  (15, 2)   (14, 9)  (13, 9)   (12, 8)   (6, 7)   (12, 6)   (13, 9)  (16, 10)
job_6    (0, 5)   (13, 5)   (0, 7)   (11, 3)    (0, 4)  (9, 10)    (7, 7)   (10, 4)  (11, 10)   (19, 4)  (3, 10)   (14, 8)  (14, 1)    (1, 5)   (2, 8)   (12, 5)    (0, 9)    (9, 9)
job_7    (4, 1)    (0, 3)   (0, 9)   (19, 4)    (9, 2)  (19, 6)    (4, 8)   (18, 1)    (6, 5)    (0, 9)   (8, 1)   (13, 2)   (2, 7)   (8, 10)   (7, 4)   (11, 3)    (5, 2)   (16, 5)
job_8   (12, 2)   (18, 9)  (10, 6)    (0, 4)   (4, 10)   (4, 3)   (18, 4)   (12, 7)   (19, 9)   (11, 7)  (13, 8)   (18, 9)   (4, 1)    (3, 1)  (2, 10)    (4, 5)  (13, 10)    (3, 7)
job_9    (1, 4)   (18, 8)  (19, 8)   (13, 1)   (16, 6)   (9, 8)    (2, 7)    (4, 4)    (2, 5)   (15, 7)  (10, 3)    (2, 2)   (6, 6)   (17, 6)   (6, 8)   (10, 7)    (3, 1)   (11, 1)
job_10  (12, 5)    (7, 2)   (0, 3)   (15, 4)   (18, 2)   (1, 1)    (8, 9)    (0, 2)   (15, 6)    (9, 2)   (6, 9)   (15, 8)  (14, 4)    (6, 2)  (13, 8)    (2, 3)    (5, 8)    (3, 9)
job_11   (2, 1)    (2, 6)   (1, 9)   (14, 9)  (16, 10)  (15, 9)   (14, 3)   (18, 7)    (7, 5)    (2, 5)  (18, 2)    (5, 9)  (16, 6)  (13, 10)   (5, 1)   (15, 9)  (10, 10)   (10, 8)
job_12  (15, 8)   (13, 8)  (7, 10)  (12, 10)   (14, 4)  (14, 7)   (11, 3)    (5, 7)  (13, 10)    (6, 1)   (7, 2)    (3, 5)  (11, 6)    (3, 6)  (12, 5)   (14, 8)    (7, 1)   (13, 2)
job_13  (18, 8)   (19, 9)   (9, 8)   (9, 10)    (0, 5)  (10, 3)   (15, 7)  (13, 10)    (1, 8)   (13, 1)  (12, 5)    (0, 7)  (14, 4)   (14, 3)   (8, 3)   (16, 9)    (1, 2)    (5, 8)
job_14  (11, 3)   (13, 3)  (14, 1)   (17, 7)   (10, 7)  (19, 3)    (5, 9)    (4, 9)    (2, 1)   (13, 1)   (1, 2)    (3, 2)  (13, 3)   (10, 9)   (2, 8)   (10, 4)   (14, 8)    (4, 3)
job_15  (10, 7)  (19, 10)   (4, 3)    (3, 2)   (16, 4)   (0, 7)  (12, 10)    (2, 1)    (8, 2)   (15, 3)  (16, 8)    (0, 7)  (19, 6)    (2, 9)   (0, 1)   (17, 7)    (8, 6)   (10, 5)
job_16   (3, 1)   (19, 3)   (8, 8)    (9, 1)    (1, 4)   (0, 4)    (9, 8)   (17, 7)    (2, 5)  (11, 10)   (4, 7)    (7, 8)  (13, 8)    (9, 7)   (9, 4)   (12, 1)    (3, 6)   (17, 6)
job_17   (2, 6)    (3, 2)   (7, 1)   (15, 7)   (11, 3)  (5, 10)    (1, 6)   (10, 9)   (12, 1)   (18, 7)  (13, 6)    (9, 7)  (19, 6)   (15, 8)   (1, 8)    (8, 8)   (14, 4)    (4, 2)
job_18   (8, 6)   (12, 2)  (13, 5)   (8, 10)    (3, 6)  (18, 6)   (19, 4)    (5, 9)    (0, 5)    (1, 7)   (9, 5)   (4, 10)   (0, 5)    (7, 7)   (0, 9)    (7, 1)    (1, 9)    (0, 3)
job_19  (12, 3)   (19, 6)   (0, 6)    (7, 8)   (10, 7)   (0, 5)    (3, 2)   (0, 10)    (3, 9)  (14, 10)  (16, 1)    (8, 7)   (5, 4)   (10, 9)  (15, 7)    (1, 5)   (10, 6)    (8, 2)


Solution:
Machine 0: job_1_task_0   job_6_task_0   job_3_task_0   job_10_task_2  job_4_task_2   job_0_task_2   job_6_task_2   job_8_task_3   job_7_task_1   job_13_task_4  job_5_task_4   job_10_task_7  job_19_task_2  job_16_task_5  job_6_task_4   job_7_task_2   job_19_task_5  job_15_task_5  job_19_task_7  job_18_task_8  job_7_task_9   job_1_task_10  job_15_task_11 job_18_task_12 job_3_task_13  job_13_task_11 job_18_task_14 job_15_task_14 job_6_task_16  job_18_task_17 
           [0,1]          [1,6]          [6,15]         [15,18]        [18,20]        [20,22]        [22,29]        [29,33]        [33,36]        [36,41]        [41,50]        [50,52]        [52,58]        [58,62]        [62,66]        [66,75]        [75,80]        [80,87]        [87,97]        [97,102]       [102,111]      [111,117]      [117,124]      [124,129]      [129,137]      [137,144]      [144,153]      [153,154]      [154,163]      [170,173]      
Machine 1: job_0_task_0   job_9_task_0   job_16_task_4  job_0_task_3   job_10_task_5  job_11_task_2  job_17_task_6  job_5_task_7   job_13_task_8  job_14_task_10 job_0_task_12  job_3_task_11  job_18_task_9  job_17_task_14 job_0_task_13  job_6_task_13  job_2_task_13  job_19_task_15 job_18_task_16 job_13_task_16 
           [0,1]          [1,5]          [15,19]        [22,23]        [28,29]        [29,38]        [39,45]        [53,54]        [61,69]        [87,89]        [90,94]        [94,97]        [102,109]      [111,119]      [119,129]      [131,136]      [136,142]      [149,154]      [154,163]      [163,165]      
Machine 2: job_11_task_0  job_1_task_1   job_17_task_0  job_2_task_1   job_11_task_1  job_2_task_3   job_0_task_7   job_9_task_6   job_9_task_8   job_16_task_8  job_14_task_8  job_11_task_9  job_15_task_7  job_9_task_11  job_10_task_15 job_2_task_10  job_14_task_14 job_7_task_12  job_8_task_14  job_6_task_14  job_15_task_13 
           [0,1]          [1,4]          [4,10]         [10,18]        [18,24]        [29,30]        [42,51]        [51,58]        [66,71]        [77,82]        [84,85]        [92,97]        [97,98]        [98,100]       [106,109]      [109,111]      [111,119]      [119,126]      [126,136]      [136,144]      [144,153]      
Machine 3: job_16_task_0  job_17_task_1  job_18_task_4  job_4_task_7   job_15_task_3  job_4_task_9   job_19_task_6  job_14_task_11 job_19_task_8  job_6_task_10  job_8_task_13  job_12_task_11 job_10_task_17 job_12_task_13 job_3_task_16  job_9_task_16  job_16_task_16 job_8_task_17  job_1_task_17  
           [0,1]          [10,12]        [48,54]        [54,60]        [60,62]        [70,75]        [80,82]        [89,91]        [97,106]       [112,122]      [122,123]      [125,130]      [130,139]      [139,145]      [145,154]      [154,155]      [155,161]      [161,168]      [168,173]      
Machine 4: job_7_task_0   job_3_task_4   job_8_task_4   job_8_task_5   job_15_task_2  job_1_task_6   job_9_task_7   job_0_task_9   job_14_task_7  job_7_task_6   job_16_task_10 job_4_task_14  job_8_task_12  job_18_task_11 job_1_task_11  job_8_task_15  job_14_task_17 job_1_task_14  job_17_task_17 
           [0,1]          [28,35]        [35,45]        [45,48]        [48,51]        [51,61]        [62,66]        [66,71]        [75,84]        [88,96]        [96,103]       [104,111]      [111,112]      [114,124]      [124,133]      [136,141]      [141,144]      [154,155]      [155,157]      
Machine 5: job_5_task_1   job_1_task_4   job_3_task_1   job_2_task_2   job_17_task_5  job_4_task_6   job_3_task_6   job_3_task_7   job_14_task_6  job_4_task_10  job_3_task_9   job_18_task_7  job_12_task_7  job_11_task_11 job_2_task_11  job_10_task_16 job_19_task_12 job_11_task_14 job_7_task_16  job_13_task_17 
           [1,10]         [10,16]        [16,21]        [21,29]        [29,39]        [39,47]        [47,56]        [56,66]        [66,75]        [75,80]        [80,87]        [87,96]        [96,103]       [103,112]      [112,120]      [120,128]      [128,132]      [132,133]      [143,145]      [165,173]      
Machine 6: job_0_task_1   job_4_task_3   job_4_task_5   job_1_task_5   job_10_task_10 job_0_task_10  job_10_task_13 job_7_task_8   job_9_task_12  job_5_task_14  job_12_task_9  job_9_task_14  job_2_task_14  job_2_task_15  
           [1,3]          [20,30]        [36,37]        [44,50]        [60,69]        [71,81]        [87,89]        [97,102]       [102,108]      [108,115]      [116,117]      [117,125]      [155,159]      [159,164]      
Machine 7: job_10_task_1  job_17_task_2  job_12_task_2  job_0_task_6   job_19_task_3  job_6_task_6   job_11_task_8  job_16_task_11 job_12_task_10 job_2_task_12  job_18_task_13 job_7_task_14  job_18_task_15 job_12_task_16 
           [10,12]        [12,13]        [23,33]        [33,42]        [58,66]        [80,87]        [87,92]        [109,117]      [120,122]      [122,129]      [129,136]      [136,140]      [153,154]      [164,165]      
Machine 8: job_2_task_0   job_16_task_2  job_18_task_0  job_10_task_6  job_18_task_3  job_5_task_8   job_1_task_8   job_0_task_11  job_15_task_8  job_4_task_13  job_7_task_10  job_19_task_11 job_7_task_13  job_3_task_14  job_17_task_15 job_13_task_14 job_4_task_17  job_15_task_16 job_19_task_17 
           [0,6]          [6,14]         [14,20]        [29,38]        [38,48]        [54,61]        [67,75]        [81,90]        [98,100]       [100,104]      [111,112]      [119,126]      [126,136]      [137,140]      [140,148]      [151,154]      [154,162]      [162,168]      [168,170]      
Machine 9: job_4_task_0   job_16_task_3  job_13_task_2  job_13_task_3  job_9_task_5   job_10_task_9  job_16_task_6  job_6_task_5   job_7_task_4   job_17_task_11 job_18_task_10 job_16_task_13 job_16_task_14 job_0_task_15  job_3_task_17  job_6_task_17  
           [0,4]          [14,15]        [17,25]        [25,35]        [43,51]        [58,60]        [62,70]        [70,80]        [80,82]        [82,89]        [109,114]      [136,143]      [143,147]      [151,153]      [154,164]      [164,173]      
Machine 10: job_15_task_0  job_4_task_1   job_8_task_2   job_14_task_4  job_13_task_5  job_17_task_7  job_19_task_4  job_6_task_7   job_9_task_10  job_14_task_13 job_14_task_15 job_9_task_15  job_19_task_13 job_11_task_16 job_19_task_16 job_11_task_17 job_15_task_17 
           [0,7]          [7,12]         [17,23]        [23,30]        [41,44]        [45,54]        [66,73]        [87,91]        [91,94]        [98,107]       [119,123]      [125,132]      [132,141]      [142,152]      [154,160]      [160,168]      [168,173]      
Machine 11: job_14_task_0  job_5_task_2   job_17_task_4  job_6_task_3   job_5_task_5   job_12_task_6  job_3_task_8   job_8_task_9   job_16_task_9  job_4_task_12  job_6_task_8   job_12_task_12 job_7_task_15  job_4_task_16  job_9_task_17  job_2_task_16  job_2_task_17  
           [0,3]          [10,16]        [22,25]        [29,32]        [50,52]        [62,65]        [66,75]        [75,82]        [82,92]        [92,97]        [97,107]       [133,139]      [140,143]      [145,147]      [155,156]      [166,168]      [168,172]      
Machine 12: job_19_task_0  job_8_task_0   job_10_task_0  job_18_task_1  job_0_task_5   job_3_task_5   job_12_task_3  job_8_task_7   job_17_task_8  job_0_task_8   job_1_task_9   job_13_task_10 job_15_task_6  job_5_task_13  job_5_task_15  job_0_task_14  job_6_task_15  job_16_task_15 job_12_task_14 
           [0,3]          [3,5]          [5,10]         [20,22]        [28,33]        [37,41]        [41,51]        [52,59]        [59,60]        [60,65]        [80,81]        [82,87]        [87,97]        [99,107]       [125,131]      [131,138]      [144,149]      [149,150]      [150,155]      
Machine 13: job_14_task_1  job_6_task_1   job_12_task_1  job_18_task_2  job_9_task_3   job_13_task_7  job_4_task_8   job_13_task_9  job_17_task_10 job_5_task_12  job_14_task_9  job_8_task_10  job_14_task_12 job_10_task_14 job_12_task_8  job_7_task_11  job_11_task_13 job_16_task_12 job_5_task_16  job_8_task_16  job_1_task_15  job_12_task_17 
           [3,6]          [6,11]         [15,23]        [23,28]        [36,37]        [51,61]        [61,70]        [70,71]        [71,77]        [77,86]        [86,87]        [87,95]        [95,98]        [98,106]       [106,116]      [116,118]      [118,128]      [128,136]      [136,145]      [145,155]      [155,164]      [165,167]      
Machine 14: job_14_task_2  job_2_task_4   job_11_task_3  job_12_task_4  job_12_task_5  job_5_task_11  job_11_task_6  job_10_task_12 job_19_task_9  job_6_task_11  job_6_task_12  job_14_task_16 job_13_task_12 job_13_task_13 job_17_task_16 job_12_task_15 
           [6,7]          [31,40]        [40,49]        [51,55]        [55,62]        [66,75]        [75,78]        [83,87]        [106,116]      [122,130]      [130,131]      [131,139]      [144,148]      [148,151]      [151,155]      [155,163]      
Machine 15: job_1_task_2   job_12_task_0  job_17_task_3  job_10_task_3  job_0_task_4   job_4_task_4   job_13_task_6  job_10_task_8  job_5_task_10  job_11_task_5  job_10_task_11 job_9_task_9   job_2_task_8   job_15_task_9  job_17_task_13 job_11_task_15 job_19_task_14 
           [4,7]          [7,15]         [15,22]        [22,26]        [26,28]        [30,36]        [44,51]        [52,58]        [64,66]        [66,75]        [75,83]        [83,90]        [92,97]        [100,103]      [103,111]      [133,142]      [142,149]      
Machine 16: job_1_task_3   job_3_task_2   job_9_task_4   job_5_task_6   job_11_task_4  job_15_task_4  job_2_task_9   job_15_task_10 job_11_task_12 job_19_task_10 job_7_task_17  job_13_task_15 job_5_task_17  
           [7,9]          [21,24]        [37,43]        [52,53]        [53,63]        [63,67]        [98,104]       [104,112]      [112,118]      [118,119]      [145,150]      [154,163]      [163,173]      
Machine 17: job_14_task_3  job_2_task_5   job_2_task_6   job_1_task_7   job_16_task_7  job_4_task_11  job_9_task_13  job_15_task_15 job_16_task_17 
           [7,14]         [40,47]        [47,50]        [61,67]        [70,77]        [80,90]        [108,114]      [154,161]      [167,173]      
Machine 18: job_13_task_0  job_8_task_1   job_9_task_1   job_10_task_4  job_5_task_3   job_8_task_6   job_18_task_5  job_5_task_9   job_17_task_9  job_11_task_7  job_7_task_7   job_11_task_10 job_8_task_11  job_0_task_16  job_0_task_17  
           [0,8]          [8,17]         [18,26]        [26,28]        [28,37]        [48,52]        [54,60]        [61,64]        [64,71]        [78,85]        [96,97]        [97,99]        [99,108]       [160,163]      [163,172]      
Machine 19: job_5_task_0   job_16_task_1  job_13_task_1  job_19_task_1  job_3_task_3   job_9_task_2   job_15_task_1  job_14_task_5  job_2_task_7   job_8_task_8   job_18_task_6  job_7_task_3   job_7_task_5   job_3_task_10  job_17_task_12 job_3_task_12  job_6_task_9   job_4_task_15  job_15_task_12 job_1_task_12  job_3_task_15  job_1_task_13  job_1_task_16  
           [0,1]          [1,4]          [8,17]         [17,23]        [24,28]        [28,36]        [36,46]        [46,49]        [51,60]        [60,69]        [69,73]        [75,79]        [82,88]        [88,93]        [93,99]        [99,108]       [108,112]      [112,122]      [126,132]      [133,140]      [140,145]      [145,153]      [164,168]      
Optimal Schedule Length: 173.0
Total (Unoptimized Schedule Length): 2039
Statistics
  - conflicts: 0
  - branches : 0
  - wall time: 6.783627516s