
Problem
          task_0   task_1   task_2    task_3   task_4   task_5   task_6   task_7   task_8    task_9  task_10  task_11  task_12  task_13   task_14   task_15  task_16  task_17  task_18
job_0    (13, 6)  (11, 5)   (1, 6)    (4, 7)   (1, 1)   (5, 8)   (9, 8)  (11, 7)   (2, 2)    (1, 4)   (0, 7)  (13, 2)  (11, 7)   (8, 1)    (0, 4)    (1, 9)  (1, 10)   (9, 1)   (7, 7)
job_1     (8, 4)   (4, 8)   (8, 1)    (5, 5)   (8, 9)   (1, 7)  (2, 10)   (9, 7)   (3, 2)    (3, 7)   (4, 6)   (0, 3)  (13, 4)  (13, 4)    (4, 2)   (12, 3)   (6, 1)   (7, 2)   (5, 4)
job_2     (3, 6)   (9, 6)  (8, 10)    (3, 1)  (10, 7)  (5, 10)  (10, 7)   (3, 4)  (10, 3)    (1, 6)   (6, 9)   (9, 7)   (5, 3)   (5, 5)   (1, 10)    (4, 1)   (6, 3)  (10, 8)   (1, 4)
job_3     (8, 3)   (6, 5)   (7, 1)    (3, 7)  (13, 1)   (1, 9)   (8, 3)   (7, 2)   (1, 9)  (10, 10)   (5, 8)  (13, 8)   (2, 6)  (12, 5)    (2, 6)    (0, 4)   (1, 1)   (5, 5)   (0, 2)
job_4    (13, 4)  (10, 9)  (12, 7)   (10, 9)  (2, 10)   (5, 6)   (1, 7)   (8, 3)   (8, 6)   (13, 5)   (6, 1)   (3, 7)   (7, 7)   (1, 2)    (5, 4)   (10, 5)   (5, 1)   (6, 8)  (12, 6)
job_5     (3, 8)   (3, 2)  (11, 5)    (8, 3)   (5, 5)   (0, 4)   (3, 6)  (9, 10)  (12, 6)   (13, 6)   (7, 4)   (6, 6)  (6, 10)   (2, 6)    (3, 9)    (3, 2)  (12, 9)  (11, 3)   (5, 6)
job_6    (8, 10)  (6, 10)   (9, 7)    (6, 9)   (7, 2)  (10, 2)   (7, 3)   (2, 6)   (1, 4)    (5, 8)  (13, 7)   (1, 6)   (1, 7)   (7, 4)    (8, 5)   (11, 2)  (11, 2)   (7, 4)   (6, 6)
job_7    (10, 4)   (0, 8)  (13, 7)    (5, 2)   (8, 4)   (0, 1)   (0, 2)  (13, 6)  (11, 6)    (2, 3)  (8, 10)   (9, 9)   (6, 5)   (8, 5)    (3, 4)    (9, 2)  (10, 9)   (8, 6)  (12, 8)
job_8   (10, 10)  (12, 4)   (1, 8)   (11, 9)   (9, 4)   (7, 4)   (6, 4)  (13, 6)  (10, 9)   (12, 3)   (1, 5)  (11, 2)  (11, 3)  (11, 4)   (13, 1)    (3, 2)  (13, 6)   (2, 5)   (7, 5)
job_9     (0, 4)   (4, 3)   (5, 6)   (11, 8)   (1, 6)  (11, 4)   (6, 4)  (11, 1)   (3, 9)    (5, 8)  (13, 6)   (6, 7)  (10, 3)   (1, 7)  (11, 10)  (11, 10)  (11, 9)  (12, 1)   (4, 9)
job_10    (0, 9)   (8, 6)   (5, 4)    (5, 5)   (9, 5)   (9, 7)   (9, 1)   (4, 1)   (7, 1)   (12, 2)   (9, 2)   (2, 5)   (8, 9)  (1, 10)    (5, 3)    (6, 2)   (3, 1)   (2, 4)   (0, 6)
job_11   (13, 2)  (13, 3)   (5, 6)    (0, 2)  (13, 8)   (8, 6)  (13, 4)  (13, 5)   (1, 3)   (12, 1)   (1, 8)   (4, 3)   (2, 9)   (5, 4)   (10, 5)   (9, 10)   (1, 7)  (13, 7)   (6, 9)
job_12    (9, 5)   (7, 9)  (13, 9)    (0, 8)   (6, 7)  (13, 5)  (12, 1)   (8, 2)   (6, 9)    (4, 7)   (4, 8)  (13, 3)   (9, 4)   (6, 1)    (1, 2)   (12, 3)   (3, 4)  (12, 5)   (3, 9)
job_13    (3, 5)  (3, 10)   (2, 1)  (11, 10)  (12, 3)   (6, 1)  (12, 3)  (13, 2)  (2, 10)    (1, 3)   (2, 6)   (6, 9)  (13, 2)   (6, 1)  (12, 10)    (1, 3)  (10, 5)   (8, 5)   (6, 8)
job_14    (6, 9)   (7, 1)   (0, 1)    (0, 5)   (2, 4)  (13, 9)   (4, 1)   (8, 2)  (11, 9)   (13, 5)   (2, 2)  (8, 10)  (11, 2)   (1, 5)    (7, 1)    (0, 1)   (8, 8)  (11, 8)   (7, 8)
job_15  (12, 10)   (4, 3)  (11, 4)   (11, 9)   (6, 1)   (5, 9)  (13, 6)   (3, 3)  (13, 9)   (13, 9)   (1, 4)  (13, 7)   (2, 4)   (5, 3)    (5, 4)    (3, 8)   (5, 3)  (11, 2)   (2, 3)


Solution:
Machine 0: job_9_task_0   job_10_task_0  job_14_task_2  job_14_task_3  job_11_task_3  job_7_task_1   job_5_task_5   job_12_task_3  job_7_task_5   job_7_task_6   job_1_task_11  job_0_task_10  job_14_task_15 job_0_task_14  job_10_task_18 job_3_task_15  job_3_task_18  
           [0,4]          [4,13]         [16,17]        [17,22]        [22,24]        [24,32]        [32,36]        [36,44]        [66,67]        [67,69]        [89,92]        [115,122]      [126,127]      [136,140]      [161,167]      [167,171]      [185,187]      
Machine 1: job_0_task_2   job_8_task_2   job_3_task_5   job_9_task_4   job_3_task_8   job_1_task_5   job_6_task_8   job_4_task_6   job_11_task_8  job_0_task_4   job_11_task_10 job_6_task_11  job_6_task_12  job_10_task_13 job_2_task_9   job_13_task_9  job_0_task_9   job_8_task_10  job_14_task_13 job_9_task_13  job_11_task_16 job_15_task_10 job_4_task_13  job_2_task_14  job_13_task_15 job_12_task_14 job_0_task_15  job_0_task_16  job_3_task_16  job_2_task_18  
           [11,17]        [17,25]        [25,34]        [34,40]        [40,49]        [49,56]        [56,60]        [60,67]        [67,70]        [70,71]        [71,79]        [79,85]        [85,92]        [92,102]       [102,108]      [108,111]      [111,115]      [115,120]      [120,125]      [125,132]      [132,139]      [139,143]      [143,145]      [145,155]      [155,158]      [158,160]      [160,169]      [169,179]      [179,180]      [180,184]      
Machine 2: job_14_task_4  job_4_task_4   job_13_task_2  job_6_task_7   job_1_task_6   job_10_task_11 job_11_task_12 job_13_task_8  job_14_task_10 job_7_task_9   job_0_task_8   job_5_task_13  job_13_task_10 job_3_task_12  job_15_task_12 job_10_task_17 job_3_task_14  job_8_task_17  job_15_task_18 
           [22,26]        [35,45]        [45,46]        [47,53]        [56,66]        [76,81]        [82,91]        [91,101]       [101,103]      [103,106]      [109,111]      [111,117]      [117,123]      [141,147]      [153,157]      [157,161]      [161,167]      [170,175]      [182,185]      
Machine 3: job_5_task_0   job_5_task_1   job_2_task_0   job_3_task_3   job_13_task_0  job_13_task_1  job_5_task_6   job_15_task_7  job_2_task_3   job_9_task_8   job_1_task_8   job_1_task_9   job_2_task_7   job_5_task_14  job_5_task_15  job_4_task_11  job_10_task_16 job_7_task_14  job_8_task_15  job_12_task_16 job_15_task_15 job_12_task_18 
           [0,8]          [8,10]         [10,16]        [16,23]        [23,28]        [28,38]        [38,44]        [56,59]        [62,63]        [65,74]        [74,76]        [76,83]        [93,97]        [117,126]      [126,128]      [129,136]      [153,154]      [155,159]      [162,164]      [164,168]      [168,176]      [177,186]      
Machine 4: job_9_task_1   job_15_task_1  job_1_task_1   job_0_task_3   job_14_task_6  job_10_task_7  job_11_task_11 job_1_task_10  job_12_task_9  job_12_task_10 job_2_task_15  job_1_task_14  job_9_task_18  
           [4,7]          [10,13]        [17,25]        [25,32]        [42,43]        [67,68]        [79,82]        [83,89]        [112,119]      [119,127]      [155,156]      [161,163]      [178,187]      
Machine 5: job_9_task_2   job_11_task_2  job_5_task_4   job_10_task_2  job_1_task_3   job_10_task_3  job_15_task_5  job_4_task_5   job_7_task_3   job_6_task_9   job_3_task_10  job_2_task_5   job_0_task_5   job_9_task_9   job_11_task_13 job_10_task_14 job_2_task_12  job_2_task_13  job_4_task_14  job_4_task_16  job_15_task_13 job_15_task_14 job_5_task_18  job_1_task_18  job_15_task_16 job_3_task_17  
           [7,13]         [15,21]        [21,26]        [26,30]        [30,35]        [35,40]        [41,50]        [50,56]        [56,58]        [60,68]        [68,76]        [76,86]        [86,94]        [94,102]       [102,106]      [106,109]      [135,138]      [138,143]      [145,149]      [154,155]      [157,160]      [160,164]      [167,173]      [173,177]      [177,180]      [180,185]      
Machine 6: job_14_task_0  job_3_task_1   job_6_task_1   job_6_task_3   job_15_task_4  job_12_task_4  job_9_task_6   job_13_task_5  job_8_task_6   job_5_task_11  job_5_task_12  job_12_task_8  job_9_task_11  job_2_task_10  job_4_task_10  job_13_task_11 job_6_task_18  job_13_task_13 job_7_task_12  job_12_task_13 job_10_task_15 job_4_task_17  job_2_task_16  job_1_task_16  job_13_task_18 job_11_task_18 
           [0,9]          [9,14]         [14,24]        [31,40]        [40,41]        [44,51]        [60,64]        [64,65]        [65,69]        [75,81]        [81,91]        [103,112]      [112,119]      [119,128]      [128,129]      [129,138]      [138,144]      [144,145]      [145,150]      [150,151]      [151,153]      [155,163]      [163,166]      [166,167]      [168,176]      [177,186]      
Machine 7: job_12_task_1  job_3_task_2   job_14_task_1  job_3_task_7   job_6_task_4   job_6_task_6   job_8_task_5   job_10_task_8  job_5_task_10  job_6_task_13  job_6_task_17  job_14_task_14 job_4_task_12  job_14_task_18 job_1_task_17  job_8_task_18  job_0_task_18  
           [5,14]         [14,15]        [15,16]        [37,39]        [40,42]        [44,47]        [59,63]        [68,69]        [71,75]        [92,96]        [113,117]      [125,126]      [136,143]      [150,158]      [167,169]      [175,180]      [180,187]      
Machine 8: job_3_task_0   job_6_task_0   job_1_task_0   job_5_task_3   job_10_task_1  job_1_task_2   job_3_task_6   job_1_task_4   job_11_task_5  job_2_task_2   job_7_task_4   job_14_task_7  job_4_task_7   job_4_task_8   job_10_task_12 job_6_task_14  job_12_task_7  job_14_task_11 job_7_task_10  job_14_task_16 job_0_task_13  job_7_task_13  job_13_task_17 job_7_task_17  
           [0,3]          [3,13]         [13,17]        [17,20]        [20,26]        [26,27]        [34,37]        [37,46]        [46,52]        [52,62]        [62,66]        [66,68]        [68,71]        [71,77]        [81,90]        [96,101]       [101,103]      [103,113]      [113,123]      [127,135]      [135,136]      [150,155]      [163,168]      [172,178]      
Machine 9: job_12_task_0  job_2_task_1   job_6_task_2   job_10_task_4  job_5_task_7   job_8_task_4   job_10_task_5  job_10_task_6  job_1_task_7   job_10_task_10 job_0_task_6   job_11_task_15 job_2_task_11  job_7_task_11  job_12_task_12 job_7_task_15  job_0_task_17  
           [0,5]          [16,22]        [24,31]        [40,45]        [45,55]        [55,59]        [59,66]        [66,67]        [67,74]        [74,76]        [94,102]       [116,126]      [128,135]      [135,144]      [146,150]      [159,161]      [179,180]      
Machine 10: job_8_task_0   job_4_task_1   job_7_task_0   job_4_task_3   job_6_task_5   job_3_task_9   job_2_task_4   job_2_task_6   job_2_task_8   job_8_task_8   job_11_task_14 job_9_task_12  job_4_task_15  job_13_task_16 job_7_task_16  job_2_task_17  
           [0,10]         [10,19]        [19,23]        [26,35]        [42,44]        [49,59]        [63,70]        [86,93]        [97,100]       [102,111]      [111,116]      [119,122]      [149,154]      [158,163]      [163,172]      [172,180]      
Machine 11: job_0_task_1   job_5_task_2   job_9_task_3   job_15_task_2  job_15_task_3  job_8_task_3   job_13_task_3  job_9_task_5   job_9_task_7   job_14_task_8  job_7_task_8   job_0_task_7   job_6_task_15  job_6_task_16  job_14_task_12 job_8_task_11  job_8_task_12  job_0_task_12  job_9_task_14  job_14_task_17 job_8_task_13  job_9_task_15  job_5_task_17  job_9_task_16  job_15_task_17 
           [6,11]         [11,16]        [16,24]        [24,28]        [28,37]        [37,46]        [46,56]        [56,60]        [64,65]        [68,77]        [91,97]        [102,109]      [109,111]      [111,113]      [113,115]      [120,122]      [122,125]      [125,132]      [132,142]      [142,150]      [150,154]      [154,164]      [164,167]      [167,176]      [180,182]      
Machine 12: job_15_task_0  job_8_task_1   job_4_task_2   job_5_task_8   job_13_task_4  job_13_task_6  job_11_task_9  job_10_task_9  job_12_task_6  job_8_task_9   job_5_task_16  job_13_task_14 job_3_task_13  job_12_task_15 job_1_task_15  job_4_task_18  job_12_task_17 job_9_task_17  job_7_task_18  
           [0,10]         [10,14]        [19,26]        [55,61]        [61,64]        [65,68]        [70,71]        [71,73]        [96,97]        [111,114]      [128,137]      [145,155]      [155,160]      [160,163]      [163,166]      [166,172]      [172,177]      [177,178]      [178,186]      
Machine 13: job_0_task_0   job_4_task_0   job_11_task_0  job_11_task_1  job_12_task_2  job_3_task_4   job_11_task_4  job_14_task_5  job_7_task_2   job_15_task_6  job_11_task_6  job_11_task_7  job_5_task_9   job_6_task_10  job_14_task_9  job_13_task_7  job_7_task_7   job_12_task_5  job_8_task_7   job_9_task_10  job_15_task_8  job_4_task_9   job_0_task_11  job_15_task_9  job_3_task_11  job_13_task_12 job_12_task_11 job_15_task_11 job_1_task_12  job_1_task_13  job_8_task_14  job_8_task_16  job_11_task_17 
           [0,6]          [6,10]         [10,12]        [12,15]        [15,24]        [24,25]        [25,33]        [33,42]        [42,49]        [50,56]        [56,60]        [60,65]        [65,71]        [71,78]        [78,83]        [83,85]        [85,91]        [91,96]        [96,102]       [102,108]      [108,117]      [117,122]      [122,124]      [124,133]      [133,141]      [141,143]      [143,146]      [146,153]      [153,157]      [157,161]      [161,162]      [164,170]      [170,177]      
Optimal Schedule Length: 187.0
Total (Unoptimized Schedule Length): 1602
Statistics
  - conflicts: 0
  - branches : 0
  - wall time: 1.825695937s