
Problem
         task_0   task_1   task_2  task_3   task_4  task_5   task_6   task_7   task_8   task_9  task_10 task_11  task_12  task_13 task_14 task_15
job_0    (1, 3)   (1, 5)   (1, 8)  (4, 4)   (2, 1)  (3, 3)   (0, 2)   (2, 5)   (4, 6)   (0, 7)   (2, 4)  (4, 7)   (3, 6)   (2, 1)  (4, 9)  (4, 9)
job_1    (3, 3)   (1, 4)  (4, 10)  (3, 4)   (2, 9)  (1, 7)   (4, 5)   (1, 2)   (0, 2)   (3, 6)   (4, 5)  (0, 9)   (0, 9)   (1, 1)  (3, 9)  (0, 2)
job_2    (1, 5)  (3, 10)   (0, 1)  (2, 9)   (2, 4)  (4, 8)   (4, 2)   (0, 5)   (0, 5)   (2, 2)   (2, 2)  (4, 9)   (4, 8)  (1, 10)  (1, 5)  (1, 5)
job_3    (2, 3)   (2, 4)   (2, 3)  (0, 4)   (2, 3)  (1, 3)   (3, 4)   (0, 9)   (4, 7)   (2, 9)   (1, 5)  (0, 5)   (0, 1)   (2, 9)  (0, 5)  (1, 2)
job_4    (1, 7)   (0, 4)  (0, 10)  (4, 4)   (0, 7)  (1, 4)   (4, 1)   (0, 7)   (2, 5)   (0, 4)   (4, 7)  (2, 2)   (2, 1)   (0, 8)  (4, 5)  (1, 5)
job_5    (1, 9)   (2, 8)   (4, 5)  (4, 8)   (3, 5)  (1, 2)   (0, 9)   (3, 4)   (0, 9)   (0, 5)   (3, 5)  (3, 6)   (2, 2)   (1, 4)  (4, 4)  (0, 2)
job_6   (1, 10)   (1, 3)   (0, 7)  (3, 9)   (4, 2)  (3, 3)   (2, 1)   (2, 8)   (1, 7)   (0, 7)   (2, 2)  (4, 8)   (4, 2)  (3, 10)  (0, 5)  (4, 4)
job_7   (3, 10)   (2, 4)   (0, 2)  (3, 7)  (3, 10)  (1, 2)   (1, 7)   (2, 2)   (4, 5)  (3, 10)   (1, 1)  (3, 7)   (0, 6)   (3, 5)  (3, 3)  (4, 5)
job_8    (2, 1)  (2, 10)  (0, 10)  (4, 7)   (0, 2)  (0, 6)   (1, 3)   (1, 5)   (3, 1)   (4, 5)   (0, 2)  (2, 1)   (2, 4)   (0, 5)  (4, 6)  (3, 5)
job_9    (0, 3)   (4, 2)   (3, 3)  (3, 2)   (2, 8)  (3, 5)  (3, 10)   (4, 4)  (4, 10)   (3, 3)   (1, 1)  (3, 9)   (4, 9)  (0, 10)  (3, 7)  (0, 3)
job_10   (3, 5)   (3, 1)   (3, 9)  (2, 5)   (3, 8)  (2, 9)   (0, 1)   (1, 5)   (2, 8)   (3, 6)   (1, 3)  (1, 9)   (1, 9)   (2, 2)  (1, 7)  (3, 4)
job_11   (3, 6)   (2, 1)   (1, 3)  (1, 2)   (2, 2)  (4, 3)   (1, 6)   (4, 7)   (3, 3)   (4, 8)  (4, 10)  (3, 8)   (4, 9)   (1, 5)  (2, 3)  (1, 3)
job_12   (0, 7)   (2, 1)  (3, 10)  (4, 5)   (2, 1)  (1, 5)   (1, 6)   (0, 1)   (0, 2)   (3, 5)  (1, 10)  (1, 4)  (1, 10)   (2, 7)  (4, 3)  (3, 1)
job_13  (4, 10)   (4, 9)   (0, 7)  (3, 6)   (0, 5)  (0, 3)   (2, 2)  (0, 10)   (3, 2)   (0, 2)   (2, 7)  (2, 1)   (1, 5)   (3, 3)  (4, 2)  (2, 5)
job_14   (1, 4)  (1, 10)   (4, 2)  (1, 6)   (2, 7)  (1, 7)   (4, 6)   (1, 5)   (0, 3)   (4, 1)   (0, 4)  (0, 6)   (4, 8)   (1, 9)  (3, 6)  (4, 8)
job_15   (2, 1)   (1, 5)   (0, 5)  (3, 9)   (4, 4)  (2, 9)   (4, 3)   (2, 6)   (2, 3)   (0, 3)   (1, 8)  (2, 3)   (1, 8)   (2, 4)  (2, 6)  (1, 4)
job_16   (4, 1)   (4, 1)  (4, 10)  (2, 6)  (1, 10)  (4, 1)   (2, 9)   (4, 4)   (2, 5)  (3, 10)   (1, 8)  (3, 8)  (1, 10)  (2, 10)  (2, 7)  (1, 3)
job_17   (4, 5)   (3, 8)   (1, 8)  (3, 8)   (3, 9)  (3, 2)   (4, 7)   (0, 6)   (4, 8)   (0, 7)   (4, 5)  (0, 9)   (4, 9)  (3, 10)  (1, 4)  (3, 6)


Solution:
Machine 0: job_9_task_0   job_12_task_0  job_8_task_2   job_3_task_3   job_7_task_2   job_13_task_2  job_8_task_4   job_8_task_5   job_2_task_2   job_4_task_1   job_4_task_2   job_15_task_2  job_6_task_2   job_17_task_7  job_10_task_6  job_4_task_4   job_17_task_9  job_2_task_7   job_0_task_6   job_14_task_8  job_2_task_8   job_12_task_7  job_5_task_6   job_3_task_7   job_4_task_7   job_13_task_4  job_15_task_9  job_1_task_8   job_0_task_9   job_12_task_8  job_13_task_5  job_14_task_10 job_6_task_9   job_17_task_11 job_14_task_11 job_5_task_8   job_13_task_7  job_4_task_9   job_1_task_11  job_5_task_9   job_13_task_9  job_3_task_11  job_8_task_10  job_1_task_12  job_9_task_13  job_7_task_12  job_4_task_13  job_3_task_12  job_8_task_13  job_6_task_14  job_3_task_14  job_9_task_15  job_1_task_15  job_5_task_15  
           [0,3]          [3,10]         [19,29]        [29,33]        [33,35]        [38,45]        [47,49]        [49,55]        [55,56]        [57,61]        [61,71]        [75,80]        [80,87]        [87,93]        [93,94]        [94,101]       [102,109]      [135,140]      [141,143]      [144,147]      [147,152]      [152,153]      [153,162]      [163,172]      [172,179]      [179,184]      [184,187]      [187,189]      [189,196]      [196,198]      [198,201]      [201,205]      [205,212]      [212,221]      [221,227]      [227,236]      [236,246]      [246,250]      [250,259]      [259,264]      [264,266]      [266,271]      [271,273]      [273,282]      [282,292]      [292,298]      [298,306]      [306,307]      [307,312]      [312,317]      [317,322]      [322,325]      [325,327]      [332,334]      
Machine 1: job_14_task_0  job_2_task_0   job_14_task_1  job_17_task_2  job_5_task_0   job_16_task_4  job_1_task_1   job_4_task_0   job_6_task_0   job_0_task_0   job_15_task_1  job_6_task_1   job_0_task_1   job_14_task_3  job_11_task_2  job_0_task_2   job_11_task_3  job_3_task_5   job_14_task_5  job_11_task_6  job_1_task_5   job_10_task_7  job_4_task_5   job_12_task_5  job_14_task_7  job_12_task_6  job_5_task_5   job_8_task_6   job_1_task_7   job_7_task_5   job_7_task_6   job_8_task_7   job_6_task_8   job_16_task_10 job_9_task_10  job_15_task_10 job_10_task_10 job_10_task_11 job_3_task_10  job_16_task_12 job_12_task_10 job_12_task_11 job_7_task_10  job_10_task_12 job_14_task_13 job_12_task_12 job_15_task_12 job_10_task_14 job_2_task_13  job_13_task_12 job_1_task_13  job_11_task_13 job_17_task_14 job_5_task_13  job_2_task_14  job_2_task_15  job_4_task_15  job_15_task_15 job_11_task_15 job_16_task_15 job_3_task_15  
           [0,4]          [4,9]          [9,19]         [19,27]        [27,36]        [36,46]        [46,50]        [50,57]        [57,67]        [67,70]        [70,75]        [75,78]        [78,83]        [83,89]        [89,92]        [92,100]       [100,102]      [102,105]      [105,112]      [112,118]      [118,125]      [125,130]      [130,134]      [134,139]      [139,144]      [144,150]      [150,152]      [152,155]      [155,157]      [157,159]      [159,166]      [166,171]      [171,178]      [178,186]      [186,187]      [187,195]      [195,198]      [198,207]      [207,212]      [212,222]      [222,232]      [232,236]      [236,237]      [237,246]      [246,255]      [255,265]      [265,273]      [273,280]      [280,290]      [290,295]      [295,296]      [296,301]      [301,305]      [305,309]      [309,314]      [314,319]      [319,324]      [324,328]      [328,331]      [331,334]      [334,336]      
Machine 2: job_15_task_0  job_3_task_0   job_8_task_0   job_3_task_1   job_8_task_1   job_16_task_3  job_12_task_1  job_3_task_2   job_7_task_1   job_3_task_4   job_5_task_1   job_10_task_3  job_16_task_6  job_2_task_3   job_2_task_4   job_11_task_1  job_9_task_4   job_10_task_5  job_14_task_4  job_11_task_4  job_1_task_4   job_0_task_4   job_15_task_5  job_12_task_4  job_16_task_8  job_10_task_8  job_0_task_7   job_2_task_9   job_2_task_10  job_6_task_6   job_6_task_7   job_7_task_7   job_15_task_7  job_15_task_8  job_4_task_8   job_3_task_9   job_15_task_11 job_0_task_10  job_13_task_6  job_6_task_10  job_16_task_13 job_16_task_14 job_10_task_13 job_0_task_13  job_13_task_10 job_8_task_11  job_4_task_11  job_8_task_12  job_4_task_12  job_13_task_11 job_15_task_13 job_5_task_12  job_12_task_13 job_15_task_14 job_11_task_14 job_3_task_13  job_13_task_15 
           [0,1]          [1,4]          [4,5]          [5,9]          [9,19]         [19,25]        [25,26]        [26,29]        [29,33]        [33,36]        [36,44]        [44,49]        [49,58]        [58,67]        [67,71]        [72,73]        [76,84]        [84,93]        [93,100]       [102,104]      [104,113]      [113,114]      [114,123]      [124,125]      [125,130]      [130,138]      [143,148]      [152,154]      [154,156]      [159,160]      [160,168]      [168,170]      [170,176]      [176,179]      [179,184]      [184,193]      [195,198]      [198,202]      [202,204]      [212,214]      [222,232]      [232,239]      [246,248]      [255,256]      [266,273]      [273,274]      [274,276]      [276,280]      [280,281]      [281,282]      [282,286]      [286,288]      [288,295]      [295,301]      [301,304]      [307,316]      [328,333]      
Machine 3: job_10_task_0  job_17_task_1  job_1_task_0   job_7_task_0   job_9_task_2   job_10_task_1  job_10_task_2  job_2_task_1   job_17_task_3  job_17_task_4  job_11_task_0  job_17_task_5  job_9_task_3   job_10_task_4  job_9_task_5   job_1_task_3   job_7_task_3   job_15_task_3  job_12_task_2  job_6_task_3   job_9_task_6   job_0_task_5   job_5_task_4   job_7_task_4   job_6_task_5   job_3_task_6   job_16_task_9  job_13_task_3  job_11_task_8  job_9_task_9   job_5_task_7   job_10_task_9  job_1_task_9   job_16_task_11 job_12_task_9  job_9_task_11  job_7_task_9   job_8_task_8   job_11_task_11 job_7_task_11  job_0_task_12  job_13_task_8  job_17_task_13 job_14_task_14 job_5_task_10  job_5_task_11  job_6_task_13  job_10_task_15 job_9_task_14  job_7_task_13  job_1_task_14  job_13_task_13 job_7_task_14  job_17_task_15 job_8_task_15  job_12_task_15 
           [0,5]          [5,13]         [13,16]        [16,26]        [26,29]        [29,30]        [30,39]        [39,49]        [49,57]        [57,66]        [66,72]        [72,74]        [74,76]        [76,84]        [84,89]        [89,93]        [93,100]       [100,109]      [109,119]      [119,128]      [128,138]      [138,141]      [141,146]      [146,156]      [156,159]      [159,163]      [163,173]      [173,179]      [179,182]      [182,185]      [185,189]      [189,195]      [195,201]      [201,209]      [209,214]      [214,223]      [223,233]      [233,234]      [234,242]      [242,249]      [249,255]      [255,257]      [257,267]      [267,273]      [273,278]      [278,284]      [284,294]      [294,298]      [298,305]      [305,310]      [310,319]      [319,322]      [322,325]      [325,331]      [331,336]      [336,337]      
Machine 4: job_17_task_0  job_16_task_0  job_16_task_1  job_16_task_2  job_9_task_1   job_13_task_0  job_13_task_1  job_14_task_2  job_8_task_3   job_16_task_5  job_5_task_2   job_1_task_2   job_16_task_7  job_5_task_3   job_17_task_6  job_2_task_5   job_4_task_3   job_17_task_8  job_0_task_3   job_11_task_5  job_15_task_4  job_14_task_6  job_12_task_3  job_11_task_7  job_6_task_4   job_2_task_6   job_1_task_6   job_9_task_7   job_9_task_8   job_15_task_6  job_17_task_10 job_0_task_8   job_4_task_6   job_14_task_9  job_7_task_8   job_3_task_8   job_11_task_9  job_11_task_10 job_2_task_11  job_1_task_10  job_0_task_11  job_6_task_11  job_14_task_12 job_17_task_12 job_9_task_12  job_8_task_9   job_4_task_10  job_2_task_12  job_6_task_12  job_11_task_12 job_0_task_14  job_0_task_15  job_12_task_14 job_4_task_14  job_14_task_15 job_8_task_14  job_13_task_14 job_5_task_14  job_7_task_15  job_6_task_15  
           [0,5]          [5,6]          [6,7]          [7,17]         [17,19]        [19,29]        [29,38]        [38,40]        [40,47]        [47,48]        [48,53]        [53,63]        [63,67]        [67,75]        [75,82]        [82,90]        [90,94]        [94,102]       [102,106]      [106,109]      [109,113]      [113,119]      [119,124]      [124,131]      [131,133]      [133,135]      [135,140]      [140,144]      [144,154]      [154,157]      [157,162]      [162,168]      [168,169]      [169,170]      [170,175]      [175,182]      [182,190]      [190,200]      [200,209]      [209,214]      [214,221]      [221,229]      [229,237]      [237,246]      [246,255]      [255,260]      [260,267]      [267,275]      [275,277]      [277,286]      [286,295]      [295,304]      [304,307]      [307,312]      [312,320]      [320,326]      [326,328]      [328,332]      [332,337]      [337,341]      
Optimal Schedule Length: 341.0
Total (Unoptimized Schedule Length): 1551
Statistics
  - conflicts: 0
  - branches : 0
  - wall time: 0.497506284s