
Problem
         task_0   task_1   task_2   task_3   task_4   task_5   task_6   task_7   task_8   task_9  task_10  task_11 task_12  task_13  task_14  task_15  task_16
job_0    (5, 2)   (7, 8)   (5, 7)   (6, 9)   (4, 5)   (3, 5)   (0, 1)   (4, 1)   (3, 7)   (3, 8)   (1, 3)   (8, 9)  (5, 3)   (3, 9)   (1, 3)   (7, 6)  (3, 10)
job_1    (8, 4)   (5, 9)   (4, 9)   (8, 2)  (8, 10)  (2, 10)   (7, 3)   (3, 6)   (2, 5)   (0, 1)   (7, 3)   (1, 6)  (4, 5)   (6, 6)   (5, 3)   (0, 7)   (1, 6)
job_2    (8, 8)   (3, 3)   (2, 4)   (1, 1)   (7, 6)   (0, 7)   (4, 1)   (2, 1)   (8, 4)   (1, 5)   (6, 2)   (3, 6)  (8, 5)  (7, 10)   (6, 9)   (1, 6)   (7, 1)
job_3    (5, 7)  (1, 10)   (6, 3)   (1, 4)   (1, 3)   (4, 5)   (0, 5)   (3, 2)  (7, 10)   (1, 7)   (2, 5)   (1, 9)  (1, 4)   (6, 4)   (7, 5)   (8, 2)   (0, 2)
job_4    (2, 4)   (8, 2)   (4, 6)  (6, 10)   (1, 9)   (8, 2)   (8, 5)   (0, 6)   (4, 8)   (6, 2)   (2, 2)   (5, 8)  (6, 9)   (2, 2)   (7, 2)   (4, 1)   (3, 3)
job_5   (1, 10)  (4, 10)   (6, 6)   (3, 3)   (3, 1)   (7, 9)   (8, 4)  (8, 10)   (7, 2)   (1, 3)   (0, 2)   (1, 5)  (7, 4)   (1, 5)   (8, 8)   (3, 3)   (7, 6)
job_6    (5, 8)   (4, 4)   (5, 3)   (8, 8)   (7, 2)   (2, 8)   (3, 6)   (4, 6)   (3, 1)   (6, 3)   (3, 7)   (5, 4)  (4, 3)   (5, 4)   (8, 3)   (2, 5)   (8, 7)
job_7    (3, 3)  (0, 10)   (4, 8)   (4, 8)   (4, 4)   (0, 3)   (1, 1)   (2, 1)   (0, 3)  (3, 10)   (1, 5)   (4, 4)  (5, 9)   (2, 7)  (4, 10)   (0, 8)   (6, 3)
job_8    (8, 3)   (8, 5)  (4, 10)   (3, 5)   (3, 4)   (7, 8)   (8, 9)   (3, 3)   (4, 2)   (1, 8)  (2, 10)   (2, 4)  (5, 4)   (3, 1)   (1, 8)   (3, 3)   (3, 4)
job_9    (8, 5)   (7, 8)   (5, 7)   (6, 2)   (7, 4)   (2, 9)   (2, 4)   (6, 8)   (4, 8)   (5, 5)   (5, 2)   (3, 9)  (8, 8)   (5, 1)   (0, 5)   (0, 3)   (8, 5)
job_10  (4, 10)   (3, 2)   (0, 1)  (2, 10)   (1, 3)   (2, 7)   (3, 1)   (1, 3)   (4, 6)   (0, 8)   (2, 9)   (4, 8)  (5, 7)   (7, 1)   (8, 7)   (2, 6)  (5, 10)
job_11   (1, 1)   (6, 5)   (4, 6)   (4, 2)  (0, 10)   (4, 9)   (0, 6)   (4, 5)   (8, 4)   (0, 8)   (1, 2)   (4, 1)  (0, 4)   (1, 2)   (1, 3)   (5, 2)   (3, 4)
job_12  (5, 10)  (1, 10)   (3, 1)   (7, 7)   (2, 7)   (2, 4)  (0, 10)   (3, 8)   (7, 7)   (4, 7)   (5, 4)   (1, 2)  (8, 9)   (6, 9)   (0, 7)   (4, 5)   (2, 9)
job_13   (6, 1)   (4, 4)   (7, 1)   (1, 8)   (8, 2)  (6, 10)   (0, 6)   (4, 3)   (1, 7)   (0, 6)   (7, 7)   (4, 9)  (6, 9)   (5, 5)   (5, 9)   (0, 1)   (3, 7)
job_14   (1, 5)   (8, 9)   (1, 4)   (5, 6)   (7, 8)   (6, 5)   (2, 2)   (3, 3)   (3, 8)   (3, 5)   (8, 4)   (5, 7)  (8, 8)  (8, 10)  (1, 10)  (2, 10)   (1, 6)
job_15   (3, 6)   (7, 1)   (3, 3)   (8, 8)   (8, 3)   (7, 3)   (7, 8)   (0, 8)   (8, 2)   (1, 2)   (5, 8)   (7, 7)  (4, 3)   (4, 2)   (6, 2)   (3, 5)   (2, 6)
job_16   (4, 6)   (4, 7)   (7, 5)  (3, 10)  (1, 10)   (7, 1)   (1, 4)   (1, 4)   (5, 4)   (7, 9)   (7, 9)  (8, 10)  (8, 8)   (6, 2)   (8, 3)  (8, 10)   (4, 6)
job_17   (6, 3)   (8, 5)   (0, 4)   (2, 6)   (2, 5)  (5, 10)   (4, 6)  (3, 10)   (3, 7)   (7, 8)   (3, 6)   (5, 7)  (2, 6)   (8, 8)   (1, 7)   (4, 7)   (3, 3)
job_18   (0, 2)   (2, 9)   (7, 2)   (7, 1)   (5, 9)   (4, 2)   (6, 1)   (5, 7)   (0, 1)   (8, 8)   (2, 6)   (2, 8)  (6, 5)  (0, 10)   (1, 1)   (8, 6)   (4, 2)


Solution:
Machine 0: job_18_task_0  job_7_task_1   job_17_task_2  job_10_task_2  job_12_task_6  job_13_task_6  job_15_task_7  job_2_task_5   job_18_task_8  job_13_task_9  job_7_task_5   job_0_task_6   job_3_task_6   job_11_task_4  job_7_task_8   job_10_task_9  job_4_task_7   job_11_task_6  job_1_task_9   job_18_task_13 job_5_task_10  job_12_task_14 job_11_task_9  job_7_task_15  job_11_task_12 job_13_task_15 job_1_task_15  job_9_task_14  job_9_task_15  job_3_task_16  
           [0,2]          [3,13]         [13,17]        [25,26]        [51,61]        [64,70]        [72,80]        [80,87]        [92,93]        [94,100]       [103,106]      [110,111]      [114,119]      [119,129]      [129,132]      [132,140]      [140,146]      [146,152]      [152,153]      [153,163]      [163,165]      [186,193]      [193,201]      [207,215]      [215,219]      [219,220]      [221,228]      [228,233]      [233,236]      [245,247]      
Machine 1: job_14_task_0  job_5_task_0   job_12_task_1  job_14_task_2  job_3_task_1   job_10_task_4  job_13_task_3  job_16_task_4  job_11_task_0  job_3_task_3   job_16_task_6  job_2_task_3   job_3_task_4   job_16_task_7  job_10_task_7  job_13_task_8  job_2_task_9   job_15_task_9  job_4_task_4   job_7_task_6   job_14_task_14 job_12_task_11 job_0_task_10  job_3_task_9   job_7_task_10  job_5_task_9   job_8_task_9   job_1_task_11  job_5_task_11  job_3_task_11  job_3_task_12  job_5_task_13  job_0_task_14  job_17_task_14 job_11_task_10 job_18_task_14 job_14_task_16 job_2_task_15  job_8_task_14  job_11_task_13 job_11_task_14 job_1_task_16  
           [0,5]          [5,15]         [15,25]        [25,29]        [29,39]        [39,42]        [42,50]        [50,60]        [60,61]        [61,65]        [65,69]        [69,70]        [70,73]        [73,77]        [77,80]        [87,94]        [94,99]        [99,101]       [104,113]      [113,114]      [119,129]      [134,136]      [139,142]      [142,149]      [149,154]      [154,157]      [157,165]      [165,171]      [171,176]      [176,185]      [185,189]      [189,194]      [194,197]      [197,204]      [204,206]      [206,207]      [207,213]      [213,219]      [219,227]      [227,229]      [229,232]      [232,238]      
Machine 2: job_4_task_0   job_18_task_1  job_17_task_3  job_17_task_4  job_10_task_3  job_12_task_4  job_12_task_5  job_10_task_5  job_14_task_6  job_2_task_2   job_1_task_5   job_2_task_7   job_9_task_5   job_9_task_6   job_6_task_5   job_18_task_10 job_7_task_7   job_18_task_11 job_1_task_8   job_14_task_15 job_10_task_10 job_3_task_10  job_8_task_10  job_17_task_12 job_7_task_13  job_4_task_10  job_8_task_11  job_10_task_15 job_12_task_16 job_4_task_13  job_15_task_16 job_6_task_15  
           [0,4]          [4,13]         [17,23]        [23,28]        [28,38]        [40,47]        [47,51]        [51,58]        [58,60]        [60,64]        [66,76]        [88,89]        [89,98]        [98,102]       [102,110]      [110,116]      [116,117]      [117,125]      [125,130]      [130,140]      [140,149]      [149,154]      [165,175]      [175,181]      [181,188]      [188,190]      [190,194]      [200,206]      [218,227]      [227,229]      [229,235]      [238,243]      
Machine 3: job_7_task_0   job_15_task_0  job_15_task_2  job_10_task_1  job_12_task_2  job_16_task_3  job_2_task_1   job_8_task_3   job_8_task_4   job_10_task_6  job_14_task_7  job_14_task_8  job_14_task_9  job_12_task_7  job_17_task_7  job_5_task_3   job_5_task_4   job_17_task_8  job_0_task_5   job_6_task_6   job_1_task_7   job_3_task_7   job_0_task_8   job_0_task_9   job_7_task_9   job_8_task_7   job_17_task_10 job_6_task_8   job_2_task_11  job_6_task_10  job_9_task_11  job_0_task_13  job_0_task_16  job_8_task_13  job_5_task_15  job_15_task_15 job_8_task_15  job_13_task_16 job_8_task_16  job_11_task_16 job_4_task_16  job_17_task_16 
           [0,3]          [3,9]          [10,13]        [23,25]        [25,26]        [26,36]        [39,42]        [45,50]        [50,54]        [58,59]        [60,63]        [63,71]        [71,76]        [76,84]        [84,94]        [94,97]        [97,98]        [98,105]       [105,110]      [110,116]      [116,122]      [122,124]      [124,131]      [131,139]      [139,149]      [149,152]      [152,158]      [158,159]      [159,165]      [165,172]      [172,181]      [181,190]      [205,215]      [215,216]      [219,222]      [222,227]      [227,230]      [230,237]      [237,241]      [241,245]      [245,248]      [248,251]      
Machine 4: job_16_task_0  job_16_task_1  job_10_task_0  job_13_task_1  job_7_task_2   job_8_task_2   job_1_task_2   job_5_task_1   job_6_task_1   job_7_task_3   job_17_task_6  job_18_task_5  job_13_task_7  job_2_task_6   job_4_task_2   job_0_task_4   job_7_task_4   job_11_task_2  job_3_task_5   job_11_task_3  job_10_task_8  job_0_task_7   job_12_task_9  job_11_task_5  job_9_task_8   job_6_task_7   job_8_task_8   job_7_task_11  job_13_task_11 job_10_task_11 job_4_task_8   job_11_task_7  job_1_task_12  job_6_task_12  job_7_task_14  job_15_task_12 job_11_task_11 job_15_task_13 job_12_task_15 job_17_task_15 job_16_task_16 job_4_task_15  job_18_task_16 
           [0,6]          [6,13]         [13,23]        [23,27]        [27,35]        [35,45]        [45,54]        [54,64]        [64,68]        [68,76]        [76,82]        [82,84]        [84,87]        [87,88]        [88,94]        [94,99]        [99,103]       [103,109]      [109,114]      [114,116]      [116,122]      [122,123]      [123,130]      [130,139]      [139,147]      [147,153]      [153,155]      [155,159]      [159,168]      [168,176]      [176,184]      [184,189]      [189,194]      [194,197]      [197,207]      [207,210]      [210,211]      [211,213]      [213,218]      [218,225]      [229,235]      [235,236]      [236,238]      
Machine 5: job_12_task_0  job_0_task_0   job_1_task_1   job_3_task_0   job_0_task_2   job_14_task_3  job_17_task_5  job_6_task_0   job_9_task_2   job_6_task_2   job_18_task_4  job_16_task_8  job_18_task_7  job_14_task_11 job_15_task_10 job_12_task_10 job_9_task_9   job_9_task_10  job_17_task_11 job_7_task_12  job_0_task_12  job_10_task_12 job_6_task_11  job_13_task_13 job_4_task_11  job_8_task_12  job_6_task_13  job_13_task_14 job_1_task_14  job_9_task_13  job_10_task_16 job_11_task_15 
           [0,10]         [10,12]        [12,21]        [21,28]        [28,35]        [35,41]        [41,51]        [51,59]        [59,66]        [68,71]        [71,80]        [80,84]        [85,92]        [92,99]        [101,109]      [130,134]      [147,152]      [152,154]      [158,165]      [165,174]      [174,177]      [177,184]      [184,188]      [188,193]      [193,201]      [201,205]      [205,209]      [209,218]      [218,221]      [221,222]      [222,232]      [232,234]      
Machine 6: job_17_task_0  job_13_task_0  job_0_task_3   job_3_task_2   job_14_task_5  job_13_task_5  job_11_task_1  job_9_task_3   job_5_task_2   job_18_task_6  job_4_task_3   job_9_task_7   job_2_task_10  job_18_task_12 job_6_task_9   job_13_task_12 job_12_task_13 job_4_task_9   job_16_task_13 job_3_task_13  job_1_task_13  job_2_task_14  job_4_task_12  job_15_task_14 job_7_task_16  
           [0,3]          [3,4]          [35,44]        [44,47]        [49,54]        [54,64]        [64,69]        [69,71]        [71,77]        [84,85]        [94,104]       [104,112]      [112,114]      [125,130]      [159,162]      [168,177]      [177,186]      [186,188]      [188,190]      [190,194]      [194,200]      [200,209]      [209,218]      [218,220]      [220,223]      
Machine 7: job_15_task_1  job_0_task_1   job_16_task_2  job_9_task_1   job_12_task_3  job_13_task_2  job_14_task_4  job_18_task_2  job_18_task_3  job_15_task_5  job_8_task_5   job_16_task_5  job_15_task_6  job_2_task_4   job_9_task_4   job_1_task_6   job_6_task_4   job_12_task_8  job_16_task_9  job_5_task_5   job_17_task_9  job_16_task_10 job_3_task_8   job_13_task_10 job_5_task_8   job_15_task_11 job_1_task_10  job_2_task_13  job_5_task_12  job_10_task_13 job_3_task_14  job_0_task_15  job_2_task_16  job_5_task_16  job_4_task_14  
           [9,10]         [12,20]        [20,25]        [25,33]        [33,40]        [40,41]        [41,49]        [49,51]        [51,52]        [52,55]        [55,63]        [63,64]        [64,72]        [72,78]        [78,82]        [82,85]        [85,87]        [87,94]        [94,103]       [103,112]      [112,120]      [120,129]      [129,139]      [139,146]      [146,148]      [148,155]      [155,158]      [173,183]      [183,187]      [187,188]      [194,199]      [199,205]      [219,220]      [222,228]      [229,231]      
Machine 8: job_1_task_0   job_17_task_1  job_14_task_1  job_9_task_0   job_8_task_0   job_8_task_1   job_2_task_0   job_15_task_3  job_15_task_4  job_4_task_1   job_13_task_4  job_1_task_3   job_1_task_4   job_8_task_6   job_6_task_3   job_14_task_10 job_15_task_8  job_2_task_8   job_18_task_9  job_14_task_12 job_14_task_13 job_5_task_6   job_4_task_5   job_4_task_6   job_5_task_7   job_16_task_11 job_0_task_11  job_12_task_12 job_2_task_12  job_16_task_12 job_17_task_13 job_11_task_8  job_10_task_14 job_9_task_12  job_16_task_14 job_5_task_14  job_16_task_15 job_18_task_15 job_6_task_14  job_9_task_16  job_3_task_15  job_6_task_16  
           [0,4]          [4,9]          [9,18]         [18,23]        [23,26]        [26,31]        [31,39]        [39,47]        [47,50]        [50,52]        [52,54]        [54,56]        [56,66]        [66,75]        [75,83]        [83,87]        [87,89]        [89,93]        [93,101]       [101,109]      [109,119]      [119,123]      [123,125]      [125,130]      [130,140]      [140,150]      [150,159]      [159,168]      [168,173]      [173,181]      [181,189]      [189,193]      [193,200]      [200,208]      [208,211]      [211,219]      [219,229]      [229,235]      [235,238]      [238,243]      [243,245]      [245,252]      
Optimal Schedule Length: 252.0
Total (Unoptimized Schedule Length): 1759
Statistics
  - conflicts: 0
  - branches : 0
  - wall time: 0.342419405s