
Problem
         task_0   task_1   task_2   task_3   task_4   task_5  task_6   task_7   task_8   task_9  task_10  task_11  task_12  task_13  task_14  task_15
job_0    (6, 7)  (1, 10)   (5, 3)  (5, 10)   (8, 3)  (9, 10)  (6, 6)   (3, 3)   (4, 5)   (9, 6)   (7, 8)   (5, 6)  (1, 10)   (1, 4)   (5, 9)   (6, 7)
job_1    (0, 8)   (3, 6)  (2, 10)   (9, 3)   (0, 6)   (2, 1)  (3, 8)   (0, 6)   (4, 5)   (5, 2)   (9, 1)   (7, 7)   (6, 8)   (5, 1)   (1, 2)   (5, 3)
job_2    (3, 9)   (2, 3)   (9, 5)   (8, 3)   (9, 8)   (9, 6)  (0, 9)   (3, 7)   (1, 6)   (6, 6)   (9, 3)   (1, 3)   (7, 9)   (6, 9)   (2, 3)   (6, 4)
job_3    (8, 7)   (9, 2)   (6, 6)   (0, 3)  (0, 10)   (9, 7)  (0, 4)   (1, 1)   (9, 7)   (0, 2)   (7, 2)   (5, 2)   (3, 3)  (6, 10)   (9, 7)   (6, 3)
job_4    (1, 7)   (3, 4)   (0, 6)   (5, 3)   (1, 8)   (5, 2)  (0, 8)   (6, 5)   (2, 7)   (4, 3)   (1, 6)   (1, 5)  (4, 10)   (4, 4)   (2, 6)   (7, 4)
job_5    (5, 8)   (3, 6)   (6, 4)  (5, 10)   (6, 4)  (0, 10)  (5, 3)   (2, 9)   (4, 3)   (6, 9)   (7, 3)   (8, 5)   (1, 4)   (8, 4)   (7, 3)   (6, 5)
job_6   (5, 10)   (0, 8)   (3, 5)   (9, 4)   (5, 1)   (2, 7)  (8, 2)   (2, 5)   (2, 4)   (3, 8)  (6, 10)   (2, 3)   (4, 7)   (4, 7)   (3, 4)   (7, 3)
job_7    (7, 3)   (9, 5)   (3, 5)   (1, 6)   (6, 5)   (2, 4)  (1, 6)   (8, 4)   (9, 5)   (5, 6)   (9, 6)   (7, 1)   (1, 5)   (3, 4)   (9, 6)   (3, 3)
job_8    (6, 2)   (6, 2)  (5, 10)  (2, 10)   (9, 7)   (8, 9)  (0, 3)   (2, 6)   (9, 1)   (9, 5)   (5, 4)  (6, 10)   (5, 8)   (8, 5)   (7, 6)   (8, 1)
job_9    (7, 5)   (3, 2)   (1, 7)   (1, 3)   (2, 4)   (6, 9)  (0, 8)   (2, 5)   (4, 4)   (9, 2)   (1, 4)   (0, 5)   (0, 8)   (4, 7)   (3, 5)   (2, 4)
job_10   (5, 2)   (5, 7)   (7, 5)   (6, 3)   (0, 5)  (6, 10)  (6, 5)  (4, 10)   (8, 7)   (6, 5)   (5, 2)   (9, 8)   (2, 3)   (4, 1)   (3, 4)   (4, 9)
job_11   (0, 1)   (7, 6)   (1, 4)   (5, 6)   (1, 7)   (8, 9)  (1, 8)   (3, 4)  (5, 10)   (4, 4)   (6, 1)   (7, 8)   (0, 9)   (9, 6)   (8, 1)   (5, 2)
job_12   (2, 6)   (2, 2)   (5, 5)   (4, 4)   (9, 4)   (8, 4)  (2, 2)   (7, 2)   (1, 2)   (7, 6)   (9, 3)   (4, 6)   (5, 1)   (5, 6)   (7, 6)   (9, 8)
job_13   (0, 2)   (3, 3)  (0, 10)   (7, 1)   (0, 9)   (4, 3)  (6, 3)   (2, 8)   (0, 2)   (9, 6)   (5, 4)   (6, 5)   (3, 7)   (7, 5)   (4, 7)   (3, 6)
job_14   (6, 9)   (3, 8)   (3, 9)   (5, 8)  (0, 10)   (2, 9)  (9, 3)   (7, 7)   (3, 7)   (5, 6)   (5, 4)   (7, 4)  (9, 10)  (6, 10)  (1, 10)   (4, 9)
job_15   (0, 1)   (8, 8)   (6, 9)   (9, 2)   (1, 7)   (8, 1)  (3, 4)   (5, 3)   (0, 4)   (1, 4)   (6, 6)   (1, 7)   (0, 4)   (9, 3)   (4, 8)  (5, 10)
job_16   (2, 5)   (2, 1)   (9, 9)   (6, 3)   (9, 2)   (6, 2)  (7, 2)   (3, 3)   (1, 2)   (7, 5)   (9, 1)   (0, 6)   (6, 6)   (7, 5)  (9, 10)   (4, 3)
job_17  (6, 10)   (7, 3)  (7, 10)  (1, 10)   (1, 4)   (4, 8)  (7, 1)   (3, 8)   (0, 3)   (0, 2)   (0, 4)  (2, 10)   (2, 3)   (9, 3)   (7, 2)   (0, 6)
job_18   (6, 3)   (8, 8)   (2, 3)   (4, 2)   (2, 8)   (8, 3)  (1, 5)   (3, 3)   (0, 5)  (3, 10)   (0, 6)   (0, 5)   (8, 5)   (5, 7)   (9, 1)   (3, 7)
job_19   (7, 7)  (1, 10)  (9, 10)  (9, 10)   (4, 9)  (3, 10)  (0, 4)   (0, 1)   (9, 5)   (9, 9)   (2, 7)   (9, 2)   (2, 9)   (2, 1)  (1, 10)   (2, 4)


Solution:
Machine 0: job_11_task_0  job_15_task_0  job_13_task_0  job_1_task_0   job_6_task_1   job_13_task_2  job_14_task_4  job_4_task_2   job_3_task_3   job_13_task_4  job_10_task_4  job_3_task_4   job_2_task_6   job_4_task_6   job_5_task_5   job_19_task_6  job_19_task_7  job_9_task_6   job_1_task_4   job_8_task_6   job_18_task_8  job_15_task_8  job_3_task_6   job_13_task_8  job_1_task_7   job_17_task_8  job_16_task_11 job_3_task_9   job_18_task_10 job_17_task_9  job_17_task_10 job_15_task_12 job_9_task_11  job_18_task_11 job_9_task_12  job_11_task_12 job_17_task_15 
           [0,1]          [1,2]          [2,4]          [4,12]         [18,26]        [29,39]        [39,49]        [49,55]        [55,58]        [58,67]        [67,72]        [72,82]        [82,91]        [91,99]        [99,109]       [109,113]      [113,114]      [114,122]      [122,128]      [128,131]      [131,136]      [136,140]      [140,144]      [144,146]      [146,152]      [152,155]      [155,161]      [161,163]      [163,169]      [169,171]      [171,175]      [175,179]      [179,184]      [184,189]      [189,197]      [197,206]      [218,224]      
Machine 1: job_4_task_0   job_19_task_1  job_0_task_1   job_11_task_2  job_9_task_2   job_9_task_3   job_7_task_3   job_17_task_3  job_11_task_4  job_15_task_4  job_4_task_4   job_11_task_6  job_18_task_6  job_2_task_8   job_17_task_4  job_7_task_6   job_0_task_12  job_4_task_10  job_16_task_8  job_4_task_11  job_15_task_9  job_3_task_7   job_12_task_8  job_2_task_11  job_0_task_13  job_15_task_11 job_14_task_14 job_9_task_10  job_5_task_12  job_7_task_12  job_19_task_14 job_1_task_14  
           [0,7]          [10,20]        [20,30]        [30,34]        [41,48]        [48,51]        [51,57]        [57,67]        [67,74]        [74,81]        [81,89]        [89,97]        [97,102]       [102,108]      [108,112]      [112,118]      [121,131]      [131,137]      [137,139]      [139,144]      [144,148]      [148,149]      [149,151]      [151,154]      [154,158]      [158,165]      [165,175]      [175,179]      [179,183]      [184,189]      [202,212]      [213,215]      
Machine 2: job_16_task_0  job_16_task_1  job_12_task_0  job_2_task_1   job_12_task_1  job_8_task_3   job_18_task_2  job_14_task_5  job_18_task_4  job_9_task_4   job_1_task_2   job_6_task_5   job_7_task_5   job_6_task_7   job_6_task_8   job_4_task_8   job_13_task_7  job_5_task_7   job_1_task_5   job_9_task_7   job_6_task_11  job_8_task_7   job_12_task_6  job_19_task_10 job_10_task_12 job_4_task_14  job_17_task_11 job_17_task_12 job_19_task_12 job_19_task_13 job_2_task_14  job_9_task_15  job_19_task_15 
           [0,5]          [5,6]          [6,12]         [12,15]        [15,17]        [30,40]        [41,44]        [49,58]        [58,66]        [66,70]        [70,80]        [80,87]        [87,91]        [95,100]       [100,104]      [105,112]      [112,120]      [120,129]      [129,130]      [130,135]      [135,138]      [138,144]      [144,146]      [146,153]      [153,156]      [173,179]      [179,189]      [189,192]      [192,201]      [201,202]      [202,205]      [211,215]      [215,219]      
Machine 3: job_2_task_0   job_14_task_1  job_14_task_2  job_13_task_1  job_5_task_1   job_4_task_1   job_9_task_1   job_7_task_2   job_6_task_2   job_1_task_1   job_19_task_5  job_0_task_7   job_14_task_8  job_15_task_6  job_2_task_7   job_11_task_7  job_18_task_7  job_6_task_9   job_17_task_7  job_16_task_7  job_1_task_6   job_18_task_9  job_13_task_12 job_6_task_14  job_10_task_14 job_3_task_12  job_7_task_13  job_7_task_15  job_9_task_14  job_18_task_15 job_13_task_15 
           [0,9]          [9,17]         [17,26]        [26,29]        [29,35]        [35,39]        [39,41]        [41,46]        [46,51]        [51,57]        [57,67]        [72,75]        [75,82]        [84,88]        [91,98]        [98,102]       [102,105]      [105,113]      [121,129]      [129,132]      [132,140]      [140,150]      [161,168]      [168,172]      [172,176]      [177,180]      [189,193]      [199,202]      [206,211]      [211,218]      [218,224]      
Machine 4: job_19_task_4  job_18_task_3  job_13_task_5  job_0_task_8   job_12_task_3  job_10_task_7  job_17_task_5  job_4_task_9   job_11_task_9  job_5_task_8   job_9_task_8   job_6_task_12  job_4_task_12  job_1_task_8   job_6_task_13  job_10_task_13 job_4_task_13  job_12_task_11 job_10_task_15 job_16_task_15 job_15_task_14 job_9_task_13  job_13_task_14 job_14_task_15 
           [42,51]        [51,53]        [67,70]        [75,80]        [83,87]        [100,110]      [112,120]      [120,123]      [123,127]      [129,132]      [135,139]      [139,146]      [146,156]      [156,161]      [161,168]      [168,169]      [169,173]      [173,179]      [179,188]      [188,191]      [191,199]      [199,206]      [206,213]      [213,222]      
Machine 5: job_5_task_0   job_6_task_0   job_10_task_0  job_8_task_2   job_14_task_3  job_0_task_2   job_0_task_3   job_10_task_1  job_11_task_3  job_5_task_3   job_4_task_3   job_6_task_4   job_12_task_2  job_14_task_9  job_4_task_5   job_15_task_7  job_14_task_10 job_11_task_8  job_5_task_6   job_0_task_11  job_10_task_10 job_7_task_9   job_13_task_10 job_0_task_14  job_8_task_10  job_1_task_9   job_3_task_11  job_12_task_12 job_12_task_13 job_8_task_12  job_18_task_13 job_15_task_15 job_1_task_13  job_11_task_15 job_1_task_15  
           [0,8]          [8,18]         [18,20]        [20,30]        [30,38]        [38,41]        [41,51]        [51,58]        [58,64]        [64,74]        [74,77]        [77,78]        [78,83]        [83,89]        [89,91]        [91,94]        [94,98]        [102,112]      [112,115]      [115,121]      [131,133]      [135,141]      [152,156]      [158,167]      [167,171]      [171,173]      [175,177]      [179,180]      [180,186]      [187,195]      [195,202]      [202,212]      [212,213]      [214,216]      [216,219]      
Machine 6: job_14_task_0  job_0_task_0   job_8_task_0   job_8_task_1   job_17_task_0  job_18_task_0  job_15_task_2  job_5_task_2   job_3_task_2   job_16_task_3  job_7_task_4   job_10_task_3  job_0_task_6   job_10_task_5  job_9_task_5   job_5_task_4   job_10_task_6  job_4_task_7   job_13_task_6  job_2_task_9   job_6_task_10  job_16_task_5  job_10_task_9  job_14_task_13 job_5_task_9   job_15_task_10 job_13_task_11 job_16_task_12 job_11_task_10 job_2_task_13  job_8_task_11  job_3_task_13  job_0_task_15  job_1_task_12  job_5_task_15  job_2_task_15  job_3_task_15  
           [0,9]          [9,16]         [16,18]        [18,20]        [20,30]        [30,33]        [33,42]        [42,46]        [46,52]        [52,55]        [57,62]        [63,66]        [66,72]        [72,82]        [82,91]        [91,95]        [95,100]       [100,105]      [105,108]      [108,114]      [114,124]      [124,126]      [126,131]      [131,141]      [141,150]      [150,156]      [156,161]      [161,167]      [167,168]      [168,177]      [177,187]      [187,197]      [197,204]      [204,212]      [212,217]      [217,221]      [221,224]      
Machine 7: job_7_task_0   job_19_task_0  job_11_task_1  job_9_task_0   job_17_task_1  job_17_task_2  job_13_task_3  job_10_task_2  job_14_task_7  job_14_task_11 job_0_task_10  job_17_task_6  job_16_task_6  job_16_task_9  job_12_task_7  job_5_task_10  job_12_task_9  job_2_task_12  job_16_task_13 job_3_task_10  job_11_task_11 job_7_task_11  job_13_task_13 job_12_task_14 job_1_task_11  job_5_task_14  job_8_task_14  job_4_task_15  job_17_task_14 job_6_task_15  
           [0,3]          [3,10]         [10,16]        [16,21]        [30,33]        [33,43]        [43,44]        [58,63]        [67,74]        [98,102]       [102,110]      [120,121]      [126,128]      [139,144]      [146,148]      [150,153]      [153,159]      [159,168]      [168,173]      [173,175]      [175,183]      [183,184]      [184,189]      [189,195]      [195,202]      [202,205]      [205,211]      [211,215]      [216,218]      [218,221]      
Machine 8: job_3_task_0   job_15_task_1  job_2_task_3   job_18_task_1  job_0_task_4   job_18_task_5  job_11_task_5  job_15_task_5  job_8_task_5   job_6_task_6   job_12_task_5  job_10_task_8  job_7_task_7   job_5_task_11  job_5_task_13  job_18_task_12 job_8_task_13  job_8_task_15  job_11_task_14 
           [0,7]          [7,15]         [22,25]        [33,41]        [51,54]        [66,69]        [74,83]        [83,84]        [84,93]        [93,95]        [104,108]      [110,117]      [118,122]      [153,158]      [183,187]      [189,194]      [195,200]      [211,212]      [213,214]      
Machine 9: job_7_task_1   job_16_task_2  job_2_task_2   job_19_task_2  job_19_task_3  job_3_task_1   job_2_task_4   job_15_task_3  job_0_task_5   job_14_task_6  job_6_task_3   job_2_task_5   job_8_task_4   job_1_task_3   job_3_task_5   job_0_task_9   job_12_task_4  job_14_task_12 job_16_task_4  job_19_task_8  job_19_task_9  job_7_task_8   job_2_task_10  job_10_task_11 job_13_task_9  job_16_task_10 job_3_task_8   job_8_task_8   job_8_task_9   job_9_task_9   job_12_task_10 job_7_task_10  job_16_task_14 job_15_task_13 job_19_task_11 job_1_task_10  job_7_task_14  job_3_task_14  job_18_task_14 job_11_task_13 job_17_task_13 job_12_task_15 
           [3,8]          [8,17]         [17,22]        [22,32]        [32,42]        [42,44]        [44,52]        [52,54]        [54,64]        [64,67]        [67,71]        [71,77]        [77,84]        [84,87]        [87,94]        [94,100]       [100,104]      [104,114]      [114,116]      [116,121]      [121,130]      [130,135]      [135,138]      [138,146]      [146,152]      [152,153]      [153,160]      [160,161]      [161,166]      [166,168]      [168,171]      [171,177]      [177,187]      [187,190]      [190,192]      [192,193]      [193,199]      [199,206]      [206,207]      [207,213]      [213,216]      [216,224]      
Optimal Schedule Length: 224.0
Total (Unoptimized Schedule Length): 1729
Statistics
  - conflicts: 0
  - branches : 0
  - wall time: 0.711489233s