
Problem
          task_0   task_1    task_2   task_3    task_4    task_5   task_6   task_7   task_8   task_9  task_10  task_11  task_12  task_13  task_14  task_15   task_16   task_17  task_18  task_19
job_0    (14, 5)   (9, 4)    (3, 7)  (11, 1)   (12, 6)    (4, 1)   (1, 4)   (8, 1)   (9, 6)  (15, 1)   (6, 6)   (8, 5)  (10, 3)   (4, 3)  (12, 7)  (13, 9)    (1, 7)    (8, 5)  (11, 9)  (12, 4)
job_1    (4, 10)  (13, 5)    (3, 3)   (5, 1)    (0, 3)    (3, 9)  (15, 2)   (8, 3)   (6, 1)  (12, 1)  (15, 8)   (6, 9)   (4, 9)   (7, 7)  (14, 5)   (3, 2)   (12, 8)    (6, 4)   (7, 3)   (9, 8)
job_2     (0, 4)   (5, 3)   (15, 5)  (12, 5)   (14, 6)    (6, 2)   (3, 1)   (0, 7)   (9, 9)   (2, 6)   (6, 6)  (10, 6)   (3, 3)  (0, 10)   (5, 5)   (0, 8)   (11, 7)   (14, 2)   (7, 4)  (8, 10)
job_3    (12, 5)   (0, 8)   (10, 8)  (14, 6)    (8, 5)    (1, 2)   (1, 7)   (7, 9)  (15, 2)   (4, 4)  (15, 8)   (2, 3)  (10, 3)   (1, 7)   (9, 5)  (10, 2)    (3, 3)   (12, 1)   (3, 5)   (3, 8)
job_4    (14, 8)   (8, 4)  (15, 10)  (15, 4)    (2, 3)   (15, 2)   (8, 3)  (15, 2)  (4, 10)  (14, 8)   (2, 1)  (15, 2)  (11, 4)   (2, 2)   (2, 1)   (1, 8)    (6, 7)   (12, 8)  (9, 10)   (4, 5)
job_5     (6, 7)   (8, 3)   (10, 8)  (11, 5)    (9, 4)    (8, 2)  (10, 4)   (8, 7)   (6, 6)  (10, 3)  (15, 7)   (6, 2)  (13, 7)   (2, 4)  (11, 2)   (3, 6)    (3, 8)    (7, 7)  (6, 10)   (3, 5)
job_6     (5, 5)  (14, 7)    (1, 3)   (7, 3)    (3, 2)    (9, 4)  (12, 1)  (10, 9)   (2, 7)   (3, 9)   (1, 5)  (14, 3)  (13, 6)  (13, 6)   (8, 1)   (8, 4)   (15, 4)   (13, 4)   (0, 2)  (15, 4)
job_7    (10, 2)   (7, 8)   (15, 4)  (15, 4)    (7, 4)   (15, 7)  (14, 7)  (15, 5)  (12, 1)  (12, 2)   (5, 7)   (2, 3)   (8, 4)  (13, 1)   (2, 5)  (15, 6)    (2, 5)    (2, 9)   (7, 6)  (6, 10)
job_8    (7, 10)   (9, 5)    (9, 1)   (2, 7)    (9, 9)   (13, 4)   (2, 1)   (9, 3)   (6, 3)   (8, 4)  (11, 7)   (2, 8)   (6, 3)   (6, 1)  (10, 1)  (4, 10)    (2, 3)    (7, 5)   (6, 1)   (1, 3)
job_9    (14, 6)   (8, 5)   (14, 1)   (3, 5)   (11, 8)   (12, 5)   (9, 9)   (6, 8)   (6, 6)   (0, 2)  (14, 4)   (2, 3)   (5, 8)   (6, 1)  (13, 5)   (7, 4)    (8, 7)    (6, 9)  (12, 5)   (7, 1)
job_10   (11, 6)   (6, 4)    (9, 3)   (2, 9)    (2, 1)    (0, 6)   (6, 6)   (7, 5)  (10, 7)   (6, 9)  (14, 5)   (2, 3)   (7, 5)  (15, 1)  (11, 3)  (14, 8)   (5, 10)    (9, 6)   (3, 8)   (9, 8)
job_11    (2, 1)   (2, 8)    (4, 4)  (12, 4)   (10, 4)    (3, 5)  (11, 2)   (3, 2)   (9, 2)  (11, 5)   (7, 5)   (4, 3)  (10, 2)  (0, 10)  (10, 8)   (8, 2)    (5, 3)    (7, 2)   (6, 9)   (4, 5)
job_12   (14, 1)   (1, 3)   (10, 8)   (5, 3)    (6, 6)    (2, 2)  (15, 9)   (2, 4)  (14, 7)   (5, 1)  (10, 5)   (9, 2)  (12, 5)  (7, 10)  (15, 2)  (12, 3)    (1, 8)   (14, 7)  (2, 10)  (13, 7)
job_13    (8, 1)   (8, 3)    (5, 5)   (9, 7)  (14, 10)    (5, 1)  (15, 4)  (11, 9)  (13, 2)  (1, 10)  (14, 3)   (6, 7)   (7, 6)  (15, 3)  (11, 5)   (7, 5)   (12, 8)   (12, 9)  (12, 5)   (7, 4)
job_14    (5, 5)  (5, 10)   (15, 5)  (15, 1)   (15, 5)  (13, 10)  (15, 8)  (14, 2)   (2, 1)   (2, 4)  (12, 5)   (4, 3)  (13, 4)   (2, 9)   (0, 8)  (12, 7)   (14, 6)    (7, 8)  (10, 9)   (6, 9)
job_15   (14, 9)   (7, 7)   (10, 2)  (15, 4)    (8, 5)    (3, 6)  (14, 4)  (11, 9)  (10, 5)   (5, 2)   (0, 2)   (4, 3)   (6, 7)   (9, 4)  (14, 1)   (9, 5)  (14, 10)   (7, 10)   (2, 7)  (6, 10)
job_16    (1, 4)  (11, 3)    (5, 7)  (14, 6)    (8, 1)    (2, 8)   (0, 1)  (11, 3)   (7, 8)   (0, 9)   (0, 6)   (9, 1)   (3, 1)  (12, 9)  (11, 7)   (1, 7)   (13, 8)    (5, 5)   (4, 3)  (15, 5)
job_17  (12, 10)   (0, 9)    (1, 9)   (7, 5)   (15, 9)   (10, 6)   (7, 1)   (4, 8)   (2, 4)  (6, 10)   (0, 7)   (1, 7)   (9, 4)  (13, 3)   (2, 5)  (15, 3)    (9, 3)  (10, 10)  (15, 2)  (14, 2)
job_18    (8, 1)   (9, 4)   (15, 3)   (9, 5)    (8, 7)   (15, 3)  (11, 4)   (8, 2)   (7, 3)  (11, 6)   (3, 1)   (5, 7)   (7, 6)  (15, 3)   (7, 7)  (15, 6)    (7, 3)    (1, 6)  (10, 6)   (2, 7)


Solution:
Machine 0: job_2_task_0   job_3_task_1   job_10_task_5  job_2_task_7   job_1_task_4   job_16_task_6  job_17_task_1  job_16_task_9  job_11_task_13 job_9_task_9   job_16_task_10 job_15_task_10 job_2_task_13  job_2_task_15  job_14_task_14 job_17_task_10 job_6_task_18  
           [0,4]          [5,13]         [25,31]        [31,38]        [39,42]        [43,44]        [44,53]        [56,65]        [66,76]        [76,78]        [78,84]        [91,93]        [107,117]      [122,130]      [130,138]      [139,146]      [163,165]      
Machine 1: job_12_task_1  job_16_task_0  job_0_task_6   job_6_task_2   job_17_task_2  job_3_task_5   job_3_task_6   job_0_task_16  job_16_task_15 job_6_task_10  job_13_task_9  job_4_task_15  job_3_task_13  job_17_task_11 job_12_task_16 job_18_task_17 job_8_task_19  
           [1,4]          [4,8]          [25,29]        [49,52]        [53,62]        [71,73]        [73,80]        [95,102]       [113,120]      [120,125]      [125,135]      [135,143]      [143,150]      [150,157]      [157,165]      [165,171]      [181,184]      
Machine 2: job_11_task_0  job_11_task_1  job_10_task_3  job_10_task_4  job_8_task_3   job_12_task_5  job_16_task_5  job_12_task_7  job_2_task_9   job_10_task_11 job_4_task_4   job_5_task_13  job_8_task_6   job_9_task_11  job_14_task_8  job_14_task_9  job_6_task_8   job_8_task_11  job_14_task_13 job_4_task_10  job_17_task_8  job_7_task_11  job_4_task_13  job_4_task_14  job_3_task_11  job_7_task_14  job_15_task_18 job_7_task_16  job_7_task_17  job_17_task_14 job_8_task_16  job_12_task_18 job_18_task_19 
           [0,1]          [1,9]          [15,24]        [24,25]        [26,33]        [33,35]        [35,43]        [58,62]        [64,70]        [73,76]        [76,79]        [82,86]        [86,87]        [88,91]        [91,92]        [92,96]        [98,105]       [106,114]      [114,123]      [123,124]      [125,129]      [129,132]      [132,134]      [134,135]      [137,140]      [140,145]      [145,152]      [152,157]      [157,166]      [166,171]      [171,174]      [174,184]      [184,191]      
Machine 3: job_0_task_2   job_1_task_2   job_9_task_3   job_2_task_6   job_11_task_5  job_11_task_7  job_1_task_5   job_15_task_5  job_18_task_10 job_6_task_4   job_16_task_12 job_5_task_15  job_5_task_16  job_2_task_12  job_6_task_9   job_5_task_19  job_10_task_18 job_1_task_15  job_3_task_16  job_3_task_18  job_3_task_19  
           [10,17]        [17,20]        [24,29]        [30,31]        [32,37]        [39,41]        [46,55]        [56,62]        [62,63]        [64,66]        [85,86]        [88,94]        [94,102]       [104,107]      [107,116]      [120,125]      [126,134]      [144,146]      [157,160]      [163,168]      [168,176]      
Machine 4: job_1_task_0   job_11_task_2  job_0_task_5   job_11_task_11 job_0_task_13  job_1_task_12  job_15_task_11 job_14_task_11 job_4_task_8   job_17_task_7  job_3_task_9   job_11_task_19 job_16_task_18 job_8_task_15  job_4_task_19  
           [0,10]         [10,14]        [24,25]        [61,64]        [64,67]        [90,99]        [99,102]       [102,105]      [105,115]      [117,125]      [125,129]      [129,134]      [138,141]      [158,168]      [172,177]      
Machine 5: job_14_task_0  job_2_task_1   job_14_task_1  job_12_task_3  job_16_task_2  job_13_task_2  job_6_task_0   job_1_task_3   job_18_task_11 job_12_task_9  job_13_task_5  job_11_task_16 job_15_task_9  job_9_task_12  job_10_task_16 job_2_task_14  job_7_task_10  job_16_task_17 
           [0,5]          [5,8]          [8,18]         [18,21]        [21,28]        [28,33]        [33,38]        [38,39]        [63,70]        [70,71]        [84,85]        [86,89]        [89,91]        [91,99]        [101,111]      [117,122]      [122,129]      [133,138]      
Machine 6: job_5_task_0   job_10_task_1  job_12_task_4  job_2_task_5   job_10_task_6  job_0_task_10  job_5_task_8   job_10_task_9  job_9_task_7   job_1_task_8   job_9_task_8   job_5_task_11  job_2_task_10  job_1_task_11  job_8_task_8   job_11_task_18 job_9_task_13  job_15_task_12 job_5_task_18  job_9_task_17  job_17_task_9  job_13_task_11 job_4_task_16  job_8_task_12  job_8_task_13  job_15_task_19 job_1_task_17  job_14_task_19 job_8_task_18  job_7_task_19  
           [0,7]          [7,11]         [22,28]        [28,30]        [31,37]        [37,43]        [43,49]        [49,58]        [58,66]        [66,67]        [67,73]        [73,75]        [75,81]        [81,90]        [90,93]        [93,102]       [102,103]      [103,110]      [110,120]      [120,129]      [129,139]      [139,146]      [146,153]      [153,156]      [156,157]      [157,167]      [167,171]      [171,180]      [180,181]      [181,191]      
Machine 7: job_7_task_1   job_8_task_0   job_15_task_1  job_7_task_4   job_10_task_7  job_18_task_8  job_16_task_8  job_11_task_10 job_6_task_3   job_17_task_3  job_18_task_12 job_10_task_12 job_3_task_7   job_11_task_17 job_12_task_13 job_5_task_17  job_9_task_15  job_17_task_6  job_1_task_13  job_18_task_14 job_15_task_17 job_18_task_16 job_13_task_12 job_14_task_17 job_13_task_15 job_2_task_18  job_7_task_18  job_8_task_17  job_1_task_18  job_9_task_19  job_13_task_19 
           [2,10]         [10,20]        [23,30]        [33,37]        [37,42]        [45,48]        [48,56]        [56,61]        [61,64]        [64,69]        [70,76]        [76,81]        [81,90]        [90,92]        [92,102]       [102,109]      [109,113]      [116,117]      [117,124]      [124,131]      [133,143]      [143,146]      [146,152]      [152,160]      [160,165]      [165,169]      [169,175]      [175,180]      [180,183]      [183,184]      [187,191]      
Machine 8: job_18_task_0  job_13_task_0  job_13_task_1  job_5_task_1   job_9_task_1   job_18_task_4  job_0_task_7   job_5_task_5   job_16_task_4  job_5_task_7   job_18_task_7  job_4_task_1   job_15_task_4  job_0_task_11  job_1_task_7   job_3_task_4   job_11_task_15 job_4_task_6   job_8_task_9   job_0_task_17  job_9_task_16  job_7_task_12  job_6_task_14  job_6_task_15  job_2_task_19  
           [0,1]          [1,2]          [2,5]          [7,10]         [14,19]        [20,27]        [29,30]        [30,32]        [34,35]        [36,43]        [43,45]        [45,49]        [51,56]        [56,61]        [63,66]        [66,71]        [84,86]        [92,95]        [95,99]        [102,107]      [113,120]      [132,136]      [149,150]      [150,154]      [169,179]      
Machine 9: job_18_task_1  job_0_task_1   job_10_task_2  job_18_task_3  job_8_task_1   job_8_task_2   job_5_task_4   job_0_task_8   job_13_task_3  job_11_task_8  job_9_task_6   job_2_task_8   job_8_task_4   job_6_task_5   job_12_task_11 job_16_task_11 job_8_task_7   job_15_task_13 job_15_task_15 job_10_task_17 job_10_task_19 job_3_task_14  job_17_task_12 job_4_task_18  job_17_task_16 job_1_task_19  
           [1,5]          [6,10]         [12,15]        [15,20]        [20,25]        [25,26]        [26,30]        [30,36]        [36,43]        [43,45]        [45,54]        [55,64]        [64,73]        [73,77]        [77,79]        [84,85]        [87,90]        [110,114]      [115,120]      [120,126]      [134,142]      [150,155]      [157,161]      [162,172]      [174,177]      [183,191]      
Machine 10: job_7_task_0   job_12_task_2  job_5_task_2   job_3_task_2   job_11_task_4  job_5_task_6   job_15_task_2  job_10_task_8  job_5_task_9   job_0_task_12  job_11_task_12 job_12_task_10 job_11_task_14 job_15_task_8  job_6_task_7   job_2_task_11  job_17_task_5  job_3_task_12  job_3_task_15  job_8_task_14  job_14_task_18 job_18_task_18 job_17_task_17 
           [0,2]          [4,12]         [12,20]        [20,28]        [28,32]        [32,36]        [36,38]        [42,49]        [50,53]        [61,64]        [64,66]        [71,76]        [76,84]        [84,89]        [89,98]        [98,104]       [110,116]      [140,143]      [155,157]      [157,158]      [160,169]      [171,177]      [177,187]      
Machine 11: job_10_task_0  job_16_task_1  job_0_task_3   job_5_task_3   job_9_task_4   job_11_task_6  job_18_task_6  job_16_task_7  job_11_task_9  job_18_task_9  job_15_task_7  job_5_task_14  job_10_task_14 job_8_task_10  job_16_task_14 job_13_task_7  job_4_task_12  job_2_task_16  job_0_task_18  job_13_task_14 
           [0,6]          [8,11]         [17,18]        [20,25]        [29,37]        [37,39]        [39,43]        [44,47]        [47,52]        [52,58]        [74,83]        [86,88]        [90,93]        [99,106]       [106,113]      [114,123]      [126,130]      [130,137]      [137,146]      [155,160]      
Machine 12: job_3_task_0   job_2_task_3   job_0_task_4   job_11_task_3  job_17_task_0  job_9_task_5   job_1_task_9   job_0_task_14  job_6_task_6   job_12_task_12 job_16_task_13 job_14_task_10 job_7_task_8   job_7_task_9   job_12_task_15 job_9_task_18  job_14_task_15 job_1_task_16  job_4_task_17  job_3_task_17  job_13_task_16 job_13_task_17 job_13_task_18 job_0_task_19  
           [0,5]          [13,18]        [18,24]        [24,28]        [28,38]        [38,43]        [69,70]        [70,77]        [77,78]        [79,84]        [87,96]        [96,101]       [119,120]      [120,122]      [128,131]      [131,136]      [138,145]      [146,154]      [154,162]      [162,163]      [165,173]      [173,182]      [182,187]      [187,191]      
Machine 13: job_1_task_1   job_14_task_5  job_5_task_12  job_8_task_5   job_0_task_15  job_9_task_14  job_14_task_12 job_13_task_8  job_16_task_16 job_7_task_13  job_6_task_12  job_6_task_13  job_6_task_17  job_17_task_13 job_12_task_19 
           [10,15]        [30,40]        [75,82]        [82,86]        [86,95]        [103,108]      [108,112]      [123,125]      [125,133]      [136,137]      [137,143]      [143,149]      [159,163]      [163,166]      [184,191]      
Machine 14: job_12_task_0  job_0_task_0   job_9_task_0   job_15_task_0  job_9_task_2   job_2_task_4   job_16_task_3  job_4_task_0   job_6_task_1   job_3_task_3   job_10_task_10 job_12_task_8  job_15_task_6  job_13_task_4  job_9_task_10  job_14_task_7  job_10_task_15 job_7_task_6   job_15_task_14 job_4_task_9   job_15_task_16 job_6_task_11  job_13_task_10 job_1_task_14  job_2_task_17  job_14_task_16 job_12_task_17 job_17_task_19 
           [0,1]          [1,6]          [6,12]         [12,21]        [21,22]        [22,28]        [28,34]        [34,42]        [42,49]        [49,55]        [58,63]        [63,70]        [70,74]        [74,84]        [84,88]        [89,91]        [93,101]       [101,108]      [114,115]      [115,123]      [123,133]      [133,136]      [136,139]      [139,144]      [144,146]      [146,152]      [165,172]      [189,191]      
Machine 15: job_18_task_2  job_2_task_2   job_7_task_2   job_14_task_2  job_14_task_3  job_14_task_4  job_7_task_3   job_18_task_5  job_0_task_9   job_12_task_6  job_15_task_3  job_4_task_2   job_1_task_6   job_5_task_10  job_4_task_3   job_1_task_10  job_14_task_6  job_10_task_13 job_4_task_5   job_7_task_5   job_4_task_7   job_17_task_4  job_13_task_6  job_7_task_7   job_3_task_8   job_18_task_13 job_4_task_11  job_12_task_14 job_3_task_10  job_18_task_15 job_7_task_15  job_13_task_13 job_6_task_16  job_16_task_19 job_6_task_19  job_17_task_15 job_17_task_18 
           [5,8]          [8,13]         [13,17]        [18,23]        [23,24]        [24,29]        [29,33]        [33,36]        [36,37]        [37,46]        [46,50]        [50,60]        [60,62]        [62,69]        [69,73]        [73,81]        [81,89]        [89,90]        [90,92]        [92,99]        [99,101]       [101,110]      [110,114]      [114,119]      [119,121]      [121,124]      [124,126]      [126,128]      [129,137]      [137,143]      [145,151]      [152,155]      [155,159]      [159,164]      [165,169]      [171,174]      [187,189]      
Optimal Schedule Length: 191.0
Total (Unoptimized Schedule Length): 1943
Statistics
  - conflicts: 0
  - branches : 177
  - wall time: 9.449087228s