
Problem
         task_0   task_1   task_2    task_3   task_4   task_5   task_6   task_7    task_8    task_9   task_10  task_11  task_12   task_13  task_14  task_15  task_16   task_17   task_18  task_19
job_0    (4, 6)   (5, 9)   (9, 9)    (2, 8)   (1, 2)  (10, 6)   (5, 7)   (7, 5)    (4, 3)    (9, 3)    (2, 3)  (10, 2)   (9, 6)    (3, 2)  (13, 9)  (11, 4)   (4, 7)   (13, 6)    (1, 4)  (10, 6)
job_1    (5, 8)   (3, 9)   (3, 9)    (4, 6)   (9, 8)   (9, 8)  (10, 5)   (4, 9)   (7, 10)    (9, 7)    (4, 6)  (10, 8)  (5, 10)  (11, 10)   (9, 3)   (8, 6)   (0, 5)    (2, 8)    (2, 1)   (5, 9)
job_2    (3, 3)   (5, 1)   (4, 2)    (3, 5)  (12, 4)   (3, 7)   (7, 5)   (9, 9)  (12, 10)    (0, 1)   (11, 4)   (2, 6)   (4, 6)    (6, 5)   (5, 5)  (12, 4)   (4, 1)   (10, 7)    (4, 3)   (1, 4)
job_3   (10, 1)  (12, 8)   (7, 4)   (12, 9)   (9, 8)  (12, 4)   (2, 3)  (10, 2)    (7, 9)    (0, 2)   (10, 9)   (1, 3)   (9, 9)    (3, 1)  (11, 6)   (3, 8)   (0, 8)   (10, 9)   (12, 3)   (9, 8)
job_4    (3, 7)  (13, 3)   (9, 3)    (9, 8)   (5, 3)   (2, 2)   (8, 3)   (5, 8)    (5, 1)    (1, 3)    (1, 7)   (9, 3)   (7, 6)   (10, 8)  (11, 7)   (0, 5)   (4, 1)    (0, 9)   (2, 10)   (4, 9)
job_5    (4, 5)   (9, 5)   (6, 8)    (8, 4)   (9, 7)  (13, 2)  (10, 5)   (0, 6)    (3, 9)    (4, 1)    (2, 6)  (10, 4)   (0, 8)    (0, 7)  (10, 9)   (3, 5)  (11, 2)    (9, 8)   (12, 6)   (4, 2)
job_6    (3, 4)   (1, 3)   (2, 6)    (0, 5)   (1, 7)   (3, 6)   (7, 6)  (12, 3)    (5, 8)   (13, 1)   (12, 7)   (4, 3)   (5, 7)    (5, 9)   (2, 1)   (8, 4)  (4, 10)    (4, 3)   (10, 3)   (9, 8)
job_7    (5, 3)   (5, 2)   (4, 3)   (10, 5)   (3, 1)   (3, 1)  (10, 4)   (3, 7)   (12, 5)    (6, 9)   (12, 6)   (1, 3)  (12, 3)    (5, 3)   (2, 6)   (4, 1)   (2, 5)    (1, 4)    (1, 1)   (8, 8)
job_8   (13, 3)  (11, 7)   (9, 4)   (13, 4)  (6, 10)   (3, 1)   (0, 8)   (4, 7)    (5, 4)    (9, 1)   (11, 2)   (4, 1)  (13, 3)    (8, 5)  (3, 10)   (2, 4)  (12, 7)    (6, 1)    (3, 5)   (4, 7)
job_9    (0, 7)   (1, 8)  (12, 9)   (11, 6)   (7, 8)   (6, 9)   (9, 9)  (11, 1)    (0, 4)   (10, 4)   (11, 6)   (2, 9)  (7, 10)    (1, 6)   (2, 3)   (9, 9)  (13, 7)   (12, 1)  (11, 10)   (6, 6)
job_10   (7, 5)   (5, 4)   (9, 8)    (0, 7)   (1, 8)  (13, 5)   (4, 4)   (6, 7)    (9, 5)   (7, 10)   (10, 7)   (3, 9)  (11, 8)    (8, 7)   (7, 9)  (11, 7)  (13, 5)   (10, 9)   (12, 6)   (7, 5)
job_11  (13, 4)   (5, 9)   (1, 7)  (10, 10)  (12, 9)  (12, 7)  (1, 10)   (5, 3)   (11, 8)    (4, 1)    (1, 5)   (0, 3)   (4, 5)   (13, 1)   (1, 6)  (10, 2)   (5, 4)    (5, 8)   (10, 1)   (6, 7)
job_12  (12, 4)  (10, 3)   (4, 9)    (4, 2)   (4, 7)   (9, 6)   (8, 5)   (4, 6)    (3, 8)  (12, 10)    (1, 8)   (9, 6)   (8, 2)    (5, 9)  (11, 6)   (3, 5)   (4, 4)    (8, 6)    (3, 6)  (11, 7)
job_13   (0, 9)  (10, 5)  (10, 5)    (6, 8)   (5, 4)   (8, 7)   (7, 6)  (11, 1)   (12, 5)    (2, 9)  (13, 10)  (12, 5)   (9, 8)    (1, 7)  (0, 10)   (8, 1)  (12, 6)  (12, 10)    (8, 3)  (3, 10)
job_14   (4, 3)   (6, 7)   (8, 2)   (5, 10)   (2, 1)   (9, 1)   (8, 6)  (9, 10)    (5, 7)    (9, 5)    (6, 5)   (0, 8)   (0, 2)    (1, 6)   (0, 2)   (4, 5)   (2, 9)    (7, 1)    (0, 2)  (11, 7)


Solution:
Machine 0: job_9_task_0   job_13_task_0  job_6_task_3   job_10_task_3  job_5_task_7   job_9_task_8   job_8_task_6   job_11_task_11 job_3_task_9   job_5_task_12  job_5_task_13  job_4_task_15  job_4_task_17  job_2_task_9   job_14_task_11 job_14_task_12 job_13_task_14 job_14_task_14 job_3_task_16  job_1_task_16  job_14_task_18 
           [0,7]          [7,16]         [24,29]        [29,36]        [66,72]        [82,86]        [86,94]        [94,97]        [97,99]        [107,115]      [115,122]      [126,131]      [132,141]      [141,142]      [143,151]      [151,153]      [153,163]      [163,165]      [171,179]      [179,184]      [185,187]      
Machine 1: job_9_task_1   job_6_task_1   job_11_task_2  job_6_task_4   job_10_task_4  job_11_task_6  job_4_task_9   job_4_task_10  job_11_task_10 job_12_task_10 job_7_task_11  job_0_task_4   job_11_task_14 job_3_task_11  job_9_task_13  job_13_task_13 job_14_task_13 job_7_task_17  job_7_task_18  job_0_task_18  job_2_task_19  
           [7,15]         [15,18]        [18,25]        [29,36]        [36,44]        [52,62]        [62,65]        [65,72]        [83,88]        [88,96]        [98,101]       [102,104]      [117,123]      [135,138]      [139,145]      [146,153]      [153,159]      [169,173]      [173,174]      [189,193]      [198,202]      
Machine 2: job_6_task_2   job_14_task_4  job_4_task_5   job_3_task_6   job_13_task_9  job_5_task_10  job_0_task_3   job_6_task_14  job_9_task_11  job_7_task_14  job_0_task_10  job_4_task_18  job_8_task_15  job_9_task_14  job_2_task_11  job_7_task_16  job_14_task_16 job_1_task_17  job_1_task_18  
           [18,24]        [36,37]        [39,41]        [71,74]        [74,83]        [83,89]        [94,102]       [102,103]      [103,112]      [128,134]      [136,139]      [141,151]      [151,155]      [155,158]      [158,164]      [164,169]      [175,184]      [184,192]      [192,193]      
Machine 3: job_4_task_0   job_6_task_0   job_1_task_1   job_1_task_2   job_2_task_0   job_6_task_5   job_7_task_4   job_7_task_5   job_7_task_7   job_2_task_3   job_12_task_8  job_5_task_8   job_8_task_5   job_2_task_5   job_10_task_11 job_12_task_15 job_8_task_14  job_5_task_15  job_3_task_13  job_0_task_13  job_3_task_15  job_12_task_18 job_8_task_18  job_13_task_19 
           [0,7]          [7,11]         [11,20]        [20,29]        [29,32]        [36,42]        [42,43]        [43,44]        [48,55]        [55,60]        [60,68]        [72,81]        [85,86]        [92,99]        [102,111]      [134,139]      [139,149]      [149,154]      [155,156]      [161,163]      [163,171]      [171,177]      [177,182]      [190,200]      
Machine 4: job_5_task_0   job_14_task_0  job_12_task_2  job_12_task_3  job_12_task_4  job_7_task_2   job_1_task_3   job_0_task_0   job_12_task_7  job_2_task_2   job_10_task_6  job_1_task_7   job_6_task_11  job_5_task_9   job_11_task_9  job_8_task_7   job_1_task_10  job_11_task_12 job_0_task_8   job_8_task_11  job_4_task_16  job_6_task_16  job_12_task_16 job_6_task_17  job_4_task_19  job_7_task_15  job_2_task_12  job_14_task_15 job_0_task_16  job_2_task_16  job_8_task_19  job_2_task_18  job_5_task_19  
           [0,5]          [5,8]          [8,17]         [17,19]        [19,26]        [26,29]        [29,35]        [35,41]        [41,47]        [47,49]        [49,53]        [57,66]        [78,81]        [81,82]        [82,83]        [94,101]       [101,107]      [107,112]      [127,130]      [130,131]      [131,132]      [132,142]      [142,146]      [149,152]      [152,161]      [161,162]      [164,170]      [170,175]      [176,183]      [185,186]      [186,193]      [195,198]      [200,202]      
Machine 5: job_1_task_0   job_11_task_1  job_10_task_1  job_7_task_0   job_7_task_1   job_14_task_3  job_4_task_4   job_2_task_1   job_13_task_4  job_0_task_1   job_4_task_7   job_4_task_8   job_6_task_8   job_11_task_7  job_6_task_12  job_6_task_13  job_8_task_8   job_7_task_13  job_0_task_6   job_12_task_13 job_14_task_8  job_1_task_12  job_11_task_16 job_11_task_17 job_2_task_14  job_1_task_19  
           [0,8]          [8,17]         [17,21]        [21,24]        [24,26]        [26,36]        [36,39]        [39,40]        [40,44]        [44,53]        [53,61]        [61,62]        [62,70]        [70,73]        [81,88]        [88,97]        [101,105]      [106,109]      [110,117]      [117,126]      [126,133]      [133,143]      [149,153]      [153,161]      [175,180]      [193,202]      
Machine 6: job_14_task_1  job_5_task_2   job_13_task_3  job_9_task_5   job_10_task_7  job_7_task_9   job_8_task_4   job_14_task_10 job_11_task_19 job_8_task_17  job_2_task_13  job_9_task_19  
           [8,15]         [15,23]        [27,35]        [38,47]        [53,60]        [60,69]        [75,85]        [138,143]      [162,169]      [169,170]      [170,175]      [195,201]      
Machine 7: job_10_task_0  job_3_task_2   job_9_task_4   job_6_task_6   job_13_task_6  job_1_task_8   job_3_task_8   job_10_task_9  job_2_task_6   job_4_task_12  job_9_task_12  job_0_task_7   job_10_task_14 job_14_task_17 job_10_task_19 
           [0,5]          [12,16]        [30,38]        [42,48]        [51,57]        [66,76]        [76,85]        [85,95]        [99,104]       [104,110]      [112,122]      [122,127]      [127,136]      [184,185]      [191,196]      
Machine 8: job_14_task_2  job_5_task_3   job_12_task_6  job_4_task_6   job_13_task_5  job_14_task_6  job_6_task_15  job_12_task_12 job_10_task_13 job_8_task_13  job_12_task_17 job_13_task_15 job_1_task_15  job_7_task_19  job_13_task_18 
           [15,17]        [23,27]        [35,40]        [41,44]        [44,51]        [51,57]        [103,107]      [110,112]      [120,127]      [134,139]      [146,152]      [163,164]      [173,179]      [179,187]      [187,190]      
Machine 9: job_5_task_1   job_4_task_2   job_4_task_3   job_10_task_2  job_12_task_5  job_1_task_4   job_14_task_5  job_1_task_5   job_5_task_4   job_3_task_4   job_8_task_2   job_9_task_6   job_10_task_8  job_0_task_2   job_1_task_9   job_4_task_11  job_12_task_11 job_14_task_7  job_8_task_9   job_2_task_7   job_0_task_9   job_14_task_9  job_13_task_12 job_3_task_12  job_0_task_12  job_9_task_15  job_1_task_14  job_6_task_19  job_5_task_17  job_3_task_19  
           [5,10]         [10,13]        [13,21]        [21,29]        [29,35]        [35,43]        [43,44]        [44,52]        [52,59]        [59,67]        [67,71]        [71,80]        [80,85]        [85,94]        [94,101]       [101,104]      [104,110]      [110,120]      [120,121]      [121,130]      [130,133]      [133,138]      [138,146]      [146,155]      [155,161]      [161,170]      [170,173]      [174,182]      [182,190]      [194,202]      
Machine 10: job_3_task_0   job_12_task_1  job_13_task_1  job_13_task_2  job_11_task_3  job_7_task_3   job_7_task_6   job_1_task_6   job_5_task_6   job_3_task_7   job_9_task_9   job_5_task_11  job_10_task_10 job_0_task_5   job_4_task_13  job_1_task_11  job_3_task_10  job_5_task_14  job_11_task_15 job_0_task_11  job_11_task_18 job_6_task_18  job_10_task_17 job_3_task_17  job_2_task_17  job_0_task_19  
           [0,1]          [4,7]          [16,21]        [21,26]        [26,36]        [36,41]        [44,48]        [52,57]        [61,66]        [74,76]        [86,90]        [90,94]        [95,102]       [104,110]      [110,118]      [118,126]      [126,135]      [135,144]      [144,146]      [146,148]      [161,162]      [162,165]      [165,174]      [179,188]      [188,195]      [195,201]      
Machine 11: job_8_task_1   job_9_task_3   job_13_task_7  job_11_task_8  job_9_task_7   job_9_task_10  job_10_task_12 job_4_task_14  job_8_task_10  job_12_task_14 job_10_task_15 job_1_task_13  job_2_task_10  job_3_task_14  job_5_task_16  job_0_task_15  job_12_task_19 job_9_task_18  job_14_task_19 
           [7,14]         [24,30]        [57,58]        [73,81]        [81,82]        [90,96]        [111,119]      [119,126]      [126,128]      [128,134]      [136,143]      [143,153]      [153,157]      [157,163]      [166,168]      [172,176]      [177,184]      [184,194]      [194,201]      
Machine 12: job_12_task_0  job_3_task_1   job_9_task_2   job_3_task_3   job_11_task_4  job_11_task_5  job_6_task_7   job_7_task_8   job_13_task_8  job_3_task_5   job_6_task_10  job_12_task_9  job_2_task_4   job_7_task_10  job_13_task_11 job_7_task_12  job_2_task_8   job_8_task_16  job_13_task_16 job_13_task_17 job_9_task_17  job_2_task_15  job_10_task_18 job_3_task_18  job_5_task_18  
           [0,4]          [4,12]         [15,24]        [24,33]        [36,45]        [45,52]        [52,55]        [55,60]        [60,65]        [67,71]        [71,78]        [78,88]        [88,92]        [92,98]        [98,103]       [103,106]      [130,140]      [155,162]      [164,170]      [170,180]      [180,181]      [181,185]      [185,191]      [191,194]      [194,200]      
Machine 13: job_11_task_0  job_8_task_0   job_4_task_1   job_10_task_5  job_5_task_5   job_6_task_9   job_8_task_3   job_13_task_10 job_11_task_13 job_8_task_12  job_10_task_16 job_0_task_14  job_9_task_16  job_0_task_17  
           [0,4]          [4,7]          [7,10]         [44,49]        [59,61]        [70,71]        [71,75]        [83,93]        [112,113]      [131,134]      [149,154]      [163,172]      [172,179]      [183,189]      
Optimal Schedule Length: 202.0
Total (Unoptimized Schedule Length): 1675
Statistics
  - conflicts: 0
  - branches : 0
  - wall time: 1.2442378470000002s