
 Problem
         task_0  task_1  task_2  task_3  task_4  task_5  task_6  task_7  task_8  task_9 task_10 task_11 task_12 task_13 task_14 task_15
job_0   (1, 8)  (1, 4)  (0, 1)  (6, 0)  (3, 2)  (5, 2)  (6, 6)  (2, 0)  (6, 6)  (5, 7)  (5, 7)  (6, 7)  (3, 7)  (3, 9)  (4, 7)  (4, 8)
job_1   (3, 4)  (6, 1)  (6, 1)  (6, 5)  (2, 6)  (3, 1)  (6, 9)  (4, 1)  (2, 2)  (4, 0)  (3, 4)  (1, 4)  (2, 1)  (0, 2)  (2, 1)  (2, 4)
job_2   (1, 2)  (6, 9)  (0, 0)  (0, 8)  (1, 6)  (0, 9)  (6, 4)  (0, 9)  (2, 4)  (0, 3)  (2, 1)  (2, 0)  (6, 0)  (4, 2)  (2, 9)  (3, 9)
job_3   (1, 9)  (3, 6)  (6, 9)  (2, 7)  (5, 1)  (4, 4)  (5, 3)  (1, 4)  (6, 5)  (1, 1)  (3, 5)  (5, 6)  (4, 0)  (6, 0)  (5, 8)  (1, 7)
job_4   (2, 7)  (2, 8)  (2, 7)  (5, 0)  (3, 5)  (3, 0)  (6, 2)  (4, 4)  (6, 5)  (6, 7)  (6, 3)  (3, 2)  (6, 4)  (6, 1)  (0, 0)  (5, 9)
job_5   (3, 5)  (5, 3)  (1, 2)  (3, 6)  (6, 8)  (5, 4)  (2, 1)  (4, 4)  (2, 1)  (2, 5)  (3, 9)  (4, 3)  (6, 8)  (6, 2)  (2, 8)  (5, 9)
job_6   (2, 9)  (2, 4)  (3, 5)  (1, 9)  (4, 1)  (2, 1)  (1, 3)  (3, 5)  (6, 0)  (2, 7)  (4, 0)  (6, 6)  (3, 6)  (3, 3)  (3, 5)  (3, 5)
job_7   (5, 5)  (2, 9)  (5, 3)  (6, 5)  (5, 5)  (1, 1)  (1, 0)  (4, 0)  (4, 7)  (2, 8)  (1, 2)  (3, 5)  (6, 7)  (4, 3)  (4, 0)  (1, 6)
job_8   (0, 0)  (2, 7)  (5, 1)  (6, 8)  (2, 3)  (4, 2)  (2, 5)  (3, 2)  (6, 2)  (5, 5)  (6, 8)  (3, 7)  (4, 2)  (3, 8)  (5, 2)  (0, 6)
job_9   (4, 7)  (4, 1)  (6, 9)  (2, 4)  (1, 1)  (4, 5)  (4, 3)  (4, 2)  (5, 2)  (6, 6)  (5, 6)  (4, 5)  (1, 1)  (3, 8)  (0, 2)  (1, 4)
job_10  (4, 1)  (5, 0)  (6, 8)  (2, 9)  (0, 9)  (6, 2)  (6, 4)  (0, 1)  (4, 5)  (6, 4)  (2, 6)  (1, 5)  (5, 1)  (5, 7)  (5, 0)  (4, 4)
job_11  (3, 3)  (5, 3)  (0, 9)  (5, 2)  (5, 5)  (3, 6)  (2, 0)  (4, 9)  (5, 7)  (6, 0)  (1, 5)  (3, 0)  (0, 6)  (2, 3)  (4, 8)  (6, 0)
job_12  (3, 5)  (1, 6)  (1, 2)  (5, 2)  (3, 9)  (0, 6)  (0, 2)  (3, 6)  (4, 5)  (5, 8)  (0, 6)  (4, 9)  (4, 7)  (4, 6)  (2, 1)  (4, 6)
job_13  (3, 7)  (6, 5)  (1, 1)  (5, 5)  (3, 5)  (2, 2)  (0, 7)  (2, 3)  (4, 2)  (1, 0)  (6, 0)  (2, 4)  (4, 6)  (6, 8)  (2, 6)  (6, 6)
job_14  (0, 5)  (5, 9)  (4, 2)  (1, 3)  (3, 6)  (6, 3)  (6, 1)  (4, 5)  (0, 2)  (4, 0)  (6, 3)  (6, 9)  (0, 1)  (3, 1)  (4, 5)  (2, 2)
job_15  (0, 8)  (0, 4)  (3, 6)  (4, 1)  (6, 1)  (1, 2)  (6, 1)  (4, 3)  (4, 2)  (0, 1)  (1, 4)  (4, 4)  (0, 9)  (4, 0)  (2, 5)  (3, 3)
job_16  (3, 9)  (0, 9)  (1, 6)  (5, 4)  (3, 3)  (2, 6)  (6, 9)  (3, 7)  (6, 1)  (3, 4)  (3, 7)  (6, 2)  (2, 3)  (6, 9)  (4, 0)  (4, 3)
job_17  (3, 5)  (5, 1)  (6, 6)  (0, 8)  (0, 8)  (2, 6)  (2, 0)  (0, 1)  (0, 7)  (3, 1)  (3, 4)  (6, 9)  (6, 4)  (2, 4)  (5, 9)  (6, 3)
job_18  (2, 3)  (3, 3)  (2, 8)  (2, 6)  (1, 5)  (2, 8)  (1, 8)  (6, 7)  (0, 3)  (2, 8)  (2, 0)  (2, 7)  (4, 8)  (3, 3)  (1, 7)  (6, 2)

Solution:
Machine 0: job_8_task_0   job_14_task_0  job_15_task_0  job_15_task_1  job_16_task_1  job_0_task_2   job_2_task_2   job_2_task_3   job_17_task_3  job_17_task_4  job_12_task_5  job_2_task_5   job_10_task_4  job_11_task_2  job_12_task_6  job_18_task_8  job_2_task_7   job_17_task_7  job_17_task_8  job_13_task_6  job_10_task_7  job_11_task_12 job_12_task_10 job_14_task_8  job_15_task_9  job_2_task_9   job_15_task_12 job_14_task_12 job_9_task_14  job_8_task_15  job_1_task_13  job_4_task_14  
           [1,1]          [1,6]          [6,14]         [14,18]        [24,33]        [36,37]        [36,36]        [37,45]        [50,58]        [58,66]        [66,72]        [72,81]        [81,90]        [90,99]        [99,101]       [101,104]      [104,113]      [113,114]      [114,121]      [121,128]      [134,135]      [153,159]      [159,165]      [165,167]      [167,168]      [187,190]      [201,210]      [229,230]      [230,232]      [232,238]      [240,242]      [252,252]      
Machine 1: job_3_task_0   job_0_task_0   job_2_task_0   job_12_task_1  job_12_task_2  job_0_task_1   job_5_task_2   job_18_task_4  job_16_task_2  job_2_task_4   job_18_task_6  job_15_task_5  job_14_task_3  job_13_task_2  job_6_task_3   job_7_task_5   job_7_task_6   job_9_task_4   job_3_task_7   job_6_task_6   job_3_task_9   job_11_task_10 job_13_task_9  job_15_task_10 job_7_task_10  job_3_task_15  job_9_task_12  job_1_task_11  job_9_task_15  job_10_task_11 job_18_task_14 job_7_task_15  
           [0,9]          [9,17]         [17,19]        [19,25]        [25,27]        [28,32]        [32,34]        [34,39]        [39,45]        [45,51]        [51,59]        [59,61]        [61,64]        [70,71]        [72,81]        [98,99]        [99,99]        [100,101]      [123,127]      [127,130]      [144,145]      [148,153]      [154,154]      [168,172]      [176,178]      [187,194]      [211,212]      [213,217]      [232,236]      [239,244]      [244,251]      [254,260]      
Machine 2: job_18_task_0  job_6_task_0   job_18_task_2  job_18_task_3  job_8_task_1   job_4_task_0   job_18_task_5  job_7_task_1   job_6_task_1   job_4_task_1   job_0_task_7   job_10_task_3  job_8_task_4   job_16_task_5  job_3_task_3   job_5_task_6   job_9_task_3   job_4_task_2   job_17_task_5  job_8_task_6   job_17_task_6  job_5_task_8   job_13_task_5  job_5_task_9   job_6_task_5   job_11_task_6  job_1_task_4   job_13_task_7  job_18_task_9  job_18_task_10 job_6_task_9   job_13_task_11 job_7_task_9   job_18_task_11 job_2_task_8   job_11_task_13 job_2_task_10  job_2_task_11  job_1_task_8   job_2_task_14  job_17_task_13 job_13_task_14 job_5_task_14  job_10_task_10 job_1_task_12  job_12_task_14 job_16_task_12 job_15_task_14 job_1_task_14  job_1_task_15  job_14_task_15 
           [1,4]          [4,13]         [13,21]        [21,27]        [27,34]        [34,41]        [41,49]        [49,58]        [58,62]        [62,70]        [70,70]        [70,79]        [79,82]        [82,88]        [88,95]        [95,96]        [96,100]       [100,107]      [107,113]      [113,118]      [113,113]      [118,119]      [119,121]      [121,126]      [126,127]      [126,126]      [127,133]      [133,136]      [136,144]      [144,144]      [157,164]      [164,168]      [168,176]      [176,183]      [183,187]      [187,190]      [190,191]      [191,191]      [204,206]      [206,215]      [215,219]      [219,225]      [225,233]      [233,239]      [239,240]      [240,241]      [242,245]      [245,250]      [250,251]      [251,255]      [255,257]      
Machine 3: job_12_task_0  job_18_task_1  job_3_task_1   job_16_task_0  job_5_task_0   job_15_task_2  job_17_task_0  job_5_task_3   job_13_task_0  job_0_task_4   job_12_task_4  job_16_task_4  job_6_task_2   job_11_task_0  job_13_task_4  job_1_task_0   job_14_task_4  job_12_task_7  job_4_task_4   job_4_task_5   job_8_task_7   job_11_task_5  job_16_task_7  job_5_task_10  job_17_task_9  job_17_task_10 job_6_task_7   job_1_task_5   job_0_task_12  job_11_task_11 job_3_task_10  job_16_task_9  job_8_task_11  job_0_task_13  job_7_task_11  job_16_task_10 job_6_task_12  job_1_task_10  job_8_task_13  job_9_task_13  job_4_task_11  job_18_task_13 job_14_task_13 job_6_task_13  job_6_task_14  job_2_task_15  job_6_task_15  job_15_task_15 
           [1,6]          [6,9]          [9,15]         [15,24]        [24,29]        [29,35]        [35,40]        [40,46]        [46,53]        [53,55]        [55,64]        [64,67]        [67,72]        [72,75]        [76,81]        [81,85]        [96,102]       [102,108]      [112,117]      [117,117]      [118,120]      [120,126]      [126,133]      [133,142]      [142,143]      [143,147]      [147,152]      [152,153]      [153,160]      [153,153]      [160,165]      [165,169]      [169,176]      [176,185]      [185,190]      [190,197]      [203,209]      [209,213]      [213,221]      [221,229]      [229,231]      [231,234]      [234,235]      [235,238]      [238,243]      [243,252]      [252,257]      [257,260]      
Machine 4: job_10_task_0  job_9_task_0   job_9_task_1   job_14_task_2  job_15_task_3  job_6_task_4   job_8_task_5   job_5_task_7   job_7_task_7   job_9_task_5   job_3_task_5   job_9_task_6   job_7_task_8   job_11_task_7  job_9_task_7   job_12_task_8  job_4_task_7   job_10_task_8  job_13_task_8  job_15_task_7  job_15_task_8  job_14_task_7  job_5_task_11  job_6_task_10  job_12_task_11 job_3_task_12  job_13_task_12 job_14_task_9  job_12_task_12 job_18_task_12 job_15_task_11 job_8_task_12  job_1_task_7   job_2_task_13  job_1_task_9   job_9_task_11  job_0_task_14  job_15_task_13 job_11_task_14 job_0_task_15  job_12_task_13 job_14_task_14 job_12_task_15 job_7_task_13  job_7_task_14  job_10_task_15 job_16_task_14 job_16_task_15 
           [0,1]          [1,8]          [8,9]          [16,18]        [35,36]        [81,82]        [82,84]        [104,108]      [104,104]      [108,113]      [113,117]      [117,120]      [120,127]      [127,136]      [136,138]      [138,143]      [143,147]      [147,152]      [152,154]      [154,157]      [157,159]      [159,164]      [164,167]      [164,164]      [167,176]      [176,176]      [176,182]      [176,176]      [182,189]      [189,197]      [197,201]      [201,203]      [203,204]      [204,206]      [206,206]      [206,211]      [211,218]      [211,211]      [218,226]      [226,234]      [234,240]      [240,245]      [245,251]      [251,254]      [254,254]      [254,258]      [258,258]      [258,261]      
Machine 5: job_10_task_1  job_7_task_0   job_14_task_1  job_12_task_3  job_5_task_1   job_8_task_2   job_17_task_1  job_16_task_3  job_0_task_5   job_7_task_2   job_5_task_5   job_13_task_3  job_11_task_1  job_0_task_9   job_0_task_10  job_7_task_4   job_3_task_4   job_11_task_3  job_11_task_4  job_4_task_3   job_3_task_6   job_8_task_9   job_9_task_8   job_11_task_8  job_12_task_9  job_9_task_10  job_3_task_11  job_3_task_14  job_17_task_14 job_8_task_14  job_5_task_15  job_10_task_12 job_10_task_13 job_4_task_15  job_10_task_14 
           [1,1]          [2,7]          [7,16]         [27,29]        [29,32]        [34,35]        [40,41]        [47,51]        [55,57]        [58,61]        [61,65]        [71,76]        [76,79]        [79,86]        [86,93]        [93,98]        [98,99]        [99,101]       [101,106]      [112,112]      [117,120]      [122,127]      [138,140]      [140,147]      [147,155]      [155,161]      [165,171]      [179,187]      [219,228]      [228,230]      [233,242]      [244,245]      [245,252]      [252,261]      [252,252]      
Machine 6: job_10_task_2  job_9_task_2   job_3_task_2   job_2_task_1   job_8_task_3   job_0_task_3   job_17_task_2  job_5_task_4   job_15_task_4  job_0_task_6   job_13_task_1  job_15_task_6  job_0_task_8   job_7_task_3   job_18_task_7  job_16_task_6  job_1_task_1   job_1_task_2   job_2_task_6   job_1_task_3   job_10_task_5  job_0_task_11  job_4_task_6   job_8_task_8   job_10_task_6  job_14_task_5  job_3_task_8   job_8_task_10  job_9_task_9   job_11_task_9  job_17_task_11 job_6_task_8   job_13_task_10 job_14_task_6  job_4_task_8   job_16_task_8  job_6_task_11  job_1_task_6   job_3_task_13  job_14_task_10 job_14_task_11 job_2_task_12  job_5_task_12  job_4_task_9   job_17_task_12 job_13_task_13 job_5_task_13  job_10_task_9  job_4_task_10  job_11_task_15 job_13_task_15 job_7_task_12  job_16_task_11 job_4_task_12  job_4_task_13  job_16_task_13 job_18_task_15 job_17_task_15 
           [1,9]          [9,18]         [18,27]        [27,36]        [36,44]        [44,44]        [44,50]        [50,58]        [58,59]        [59,65]        [65,70]        [70,71]        [71,77]        [77,82]        [82,89]        [89,98]        [98,99]        [99,100]       [100,104]      [104,109]      [109,111]      [111,118]      [118,120]      [120,122]      [122,126]      [126,129]      [129,134]      [134,142]      [142,148]      [148,148]      [148,157]      [157,157]      [157,157]      [157,158]      [158,163]      [163,164]      [164,170]      [170,179]      [179,179]      [179,182]      [182,191]      [191,191]      [191,199]      [199,206]      [206,210]      [210,218]      [218,220]      [220,224]      [224,227]      [227,227]      [227,233]      [233,240]      [240,242]      [242,246]      [246,247]      [247,256]      [256,258]      [258,261]      
Optimal Schedule Length: 261.0
Total (Unoptimized Schedule Length): 1328
Statistics
  - conflicts: 0
  - branches : 0
  - wall time: 0.085230047s