
Problem
         task_0   task_1  task_2  task_3   task_4   task_5   task_6   task_7   task_8  task_9  task_10  task_11  task_12
job_0    (0, 7)   (0, 2)  (1, 5)  (2, 7)   (1, 6)   (1, 7)   (2, 7)   (2, 9)   (2, 1)  (2, 9)   (2, 4)   (1, 9)   (0, 8)
job_1    (1, 8)   (0, 2)  (1, 4)  (0, 5)   (2, 9)   (0, 7)  (1, 10)   (2, 5)  (2, 10)  (1, 8)   (2, 7)   (0, 6)   (0, 8)
job_2    (0, 2)   (1, 7)  (1, 3)  (0, 2)   (1, 2)   (2, 1)   (2, 2)   (1, 8)   (0, 1)  (1, 3)   (1, 1)   (0, 3)   (2, 7)
job_3    (2, 6)  (0, 10)  (0, 1)  (0, 4)   (1, 2)   (2, 3)   (0, 4)   (1, 9)  (2, 10)  (0, 5)   (2, 5)   (0, 9)   (1, 7)
job_4    (0, 5)   (1, 6)  (1, 5)  (1, 7)   (0, 7)   (1, 2)  (1, 10)   (0, 9)   (1, 7)  (2, 4)   (1, 8)   (2, 4)   (0, 4)
job_5    (1, 5)  (0, 10)  (1, 1)  (2, 7)   (0, 5)  (0, 10)   (0, 1)   (0, 7)   (1, 1)  (1, 4)   (1, 1)   (1, 6)  (0, 10)
job_6    (1, 5)   (2, 1)  (2, 7)  (0, 1)   (1, 9)   (2, 7)   (0, 9)   (2, 7)   (0, 4)  (2, 9)   (2, 2)   (0, 9)   (1, 7)
job_7   (0, 10)   (0, 4)  (1, 7)  (0, 8)   (2, 8)   (2, 1)   (2, 3)  (2, 10)   (0, 6)  (0, 1)   (1, 7)   (0, 4)   (1, 4)
job_8    (2, 9)   (1, 2)  (0, 8)  (2, 8)   (0, 4)   (0, 7)   (0, 7)   (0, 3)   (0, 9)  (1, 4)   (0, 5)   (2, 1)   (2, 6)
job_9    (1, 9)   (1, 8)  (1, 5)  (0, 5)  (1, 10)   (1, 1)   (0, 3)   (1, 5)   (2, 2)  (2, 6)   (1, 6)   (0, 5)   (0, 1)
job_10   (1, 7)   (1, 5)  (0, 6)  (1, 7)   (2, 6)  (1, 10)   (1, 6)  (0, 10)   (2, 4)  (2, 3)   (1, 2)   (0, 1)   (2, 5)
job_11   (0, 3)   (0, 3)  (1, 5)  (0, 7)  (0, 10)   (2, 3)   (0, 9)   (1, 1)   (2, 8)  (2, 5)   (2, 6)   (0, 7)   (2, 5)
job_12   (2, 9)  (0, 10)  (2, 6)  (2, 7)   (2, 8)  (2, 10)   (0, 2)   (0, 6)   (1, 5)  (2, 8)   (0, 5)   (1, 5)  (1, 10)
job_13   (2, 3)   (0, 7)  (1, 7)  (1, 5)  (0, 10)   (1, 1)   (1, 3)  (2, 10)   (0, 6)  (0, 5)  (0, 10)  (1, 10)   (1, 5)
job_14   (0, 4)   (0, 8)  (2, 8)  (0, 9)   (2, 8)   (1, 1)   (2, 9)   (1, 7)   (1, 4)  (0, 9)   (1, 5)   (2, 4)  (1, 10)
job_15   (2, 1)   (1, 3)  (1, 6)  (1, 8)   (0, 2)  (2, 10)   (2, 6)   (1, 7)   (2, 4)  (1, 6)   (1, 1)   (1, 6)   (0, 9)


Solution:
Machine 0: job_14_task_0  job_14_task_1  job_12_task_1  job_1_task_1   job_0_task_0   job_13_task_1  job_4_task_0   job_1_task_3   job_0_task_1   job_7_task_0   job_11_task_0  job_11_task_1  job_3_task_1   job_14_task_3  job_6_task_3   job_7_task_1   job_5_task_1   job_8_task_2   job_1_task_5   job_11_task_3  job_10_task_2  job_13_task_4  job_3_task_2   job_3_task_3   job_4_task_4   job_11_task_4  job_7_task_3   job_15_task_4  job_3_task_6   job_6_task_6   job_8_task_4   job_5_task_4   job_9_task_3   job_2_task_0   job_8_task_5   job_12_task_6  job_11_task_6  job_5_task_5   job_12_task_7  job_13_task_8  job_4_task_7   job_8_task_6   job_6_task_8   job_5_task_6   job_2_task_3   job_13_task_9  job_5_task_7   job_8_task_7   job_9_task_6   job_14_task_9  job_3_task_9   job_8_task_8   job_10_task_7  job_13_task_10 job_7_task_8   job_12_task_10 job_7_task_9   job_6_task_11  job_3_task_11  job_2_task_8   job_1_task_11  job_8_task_10  job_11_task_11 job_5_task_12  job_2_task_11  job_15_task_12 job_7_task_11  job_1_task_12  job_0_task_12  job_10_task_11 job_9_task_11  job_4_task_12  job_9_task_12  
           [0,4]          [4,12]         [12,22]        [22,24]        [24,31]        [31,38]        [38,43]        [43,48]        [48,50]        [50,60]        [60,63]        [63,66]        [66,76]        [76,85]        [85,86]        [86,90]        [90,100]       [100,108]      [108,115]      [115,122]      [122,128]      [128,138]      [138,139]      [139,143]      [143,150]      [150,160]      [160,168]      [168,170]      [170,174]      [174,183]      [183,187]      [187,192]      [192,197]      [197,199]      [199,206]      [206,208]      [208,217]      [217,227]      [227,233]      [233,239]      [239,248]      [248,255]      [255,259]      [259,260]      [260,262]      [262,267]      [267,274]      [274,277]      [277,280]      [280,289]      [289,294]      [294,303]      [303,313]      [313,323]      [323,329]      [329,334]      [334,335]      [335,344]      [344,353]      [353,354]      [354,360]      [360,365]      [365,372]      [372,382]      [382,385]      [385,394]      [394,398]      [398,406]      [406,414]      [414,415]      [415,420]      [420,424]      [424,425]      
Machine 1: job_1_task_0   job_6_task_0   job_10_task_0  job_5_task_0   job_1_task_2   job_9_task_0   job_13_task_2  job_4_task_1   job_0_task_2   job_4_task_2   job_15_task_1  job_10_task_1  job_11_task_2  job_13_task_3  job_15_task_2  job_8_task_1   job_6_task_4   job_4_task_3   job_0_task_4   job_7_task_2   job_15_task_3  job_9_task_1   job_10_task_3  job_0_task_5   job_3_task_4   job_1_task_6   job_5_task_2   job_13_task_5  job_14_task_5  job_13_task_6  job_9_task_2   job_4_task_5   job_4_task_6   job_3_task_7   job_10_task_5  job_2_task_1   job_14_task_7  job_9_task_4   job_2_task_2   job_15_task_7  job_12_task_8  job_11_task_7  job_14_task_8  job_10_task_6  job_9_task_5   job_1_task_9   job_4_task_8   job_2_task_4   job_5_task_8   job_5_task_9   job_5_task_10  job_9_task_7   job_5_task_11  job_14_task_10 job_8_task_9   job_2_task_7   job_15_task_9  job_0_task_11  job_15_task_10 job_15_task_11 job_4_task_10  job_12_task_11 job_7_task_10  job_13_task_11 job_2_task_9   job_9_task_10  job_2_task_10  job_14_task_12 job_12_task_12 job_10_task_10 job_6_task_12  job_3_task_12  job_13_task_12 job_7_task_12  
           [0,8]          [8,13]         [13,20]        [20,25]        [25,29]        [29,38]        [38,45]        [45,51]        [51,56]        [56,61]        [61,64]        [64,69]        [69,74]        [74,79]        [79,85]        [85,87]        [87,96]        [96,103]       [103,109]      [109,116]      [116,124]      [124,132]      [132,139]      [139,146]      [146,148]      [148,158]      [158,159]      [159,160]      [160,161]      [161,164]      [164,169]      [169,171]      [171,181]      [181,190]      [190,200]      [200,207]      [207,214]      [214,224]      [224,227]      [227,234]      [234,239]      [239,240]      [240,244]      [244,250]      [250,251]      [251,259]      [259,266]      [266,268]      [274,275]      [275,279]      [279,280]      [280,285]      [285,291]      [291,296]      [303,307]      [307,315]      [315,321]      [321,330]      [330,331]      [331,337]      [337,345]      [345,350]      [350,357]      [357,367]      [367,370]      [370,376]      [376,377]      [377,387]      [387,397]      [397,399]      [399,406]      [406,413]      [413,418]      [418,422]      
Machine 2: job_12_task_0  job_13_task_0  job_3_task_0   job_14_task_2  job_8_task_0   job_6_task_1   job_12_task_2  job_6_task_2   job_1_task_4   job_15_task_0  job_0_task_3   job_12_task_3  job_12_task_4  job_12_task_5  job_14_task_4  job_6_task_5   job_8_task_3   job_10_task_4  job_0_task_6   job_3_task_5   job_0_task_7   job_5_task_3   job_15_task_5  job_14_task_6  job_13_task_7  job_11_task_5  job_1_task_7   job_7_task_4   job_15_task_6  job_1_task_8   job_6_task_7   job_7_task_5   job_3_task_8   job_7_task_6   job_7_task_7   job_0_task_8   job_11_task_8  job_0_task_9   job_12_task_9  job_6_task_9   job_2_task_5   job_15_task_8  job_2_task_6   job_11_task_9  job_0_task_10  job_3_task_10  job_1_task_10  job_9_task_8   job_4_task_9   job_6_task_10  job_11_task_10 job_9_task_9   job_10_task_8  job_14_task_11 job_10_task_9  job_4_task_11  job_8_task_11  job_8_task_12  job_11_task_12 job_2_task_12  job_10_task_12 
           [0,9]          [9,12]         [12,18]        [18,26]        [26,35]        [35,36]        [36,42]        [42,49]        [49,58]        [58,59]        [59,66]        [66,73]        [73,81]        [81,91]        [91,99]        [99,106]       [108,116]      [139,145]      [146,153]      [153,156]      [156,165]      [165,172]      [172,182]      [182,191]      [191,201]      [201,204]      [204,209]      [209,217]      [217,223]      [223,233]      [233,240]      [240,241]      [241,251]      [251,254]      [254,264]      [264,265]      [265,273]      [273,282]      [282,290]      [290,299]      [299,300]      [300,304]      [304,306]      [306,311]      [311,315]      [315,320]      [320,327]      [327,329]      [329,333]      [333,335]      [335,341]      [341,347]      [347,351]      [351,355]      [355,358]      [358,362]      [365,366]      [366,372]      [372,377]      [385,392]      [415,420]      
Optimal Schedule Length: 425.0
Total (Unoptimized Schedule Length): 1194
Statistics
  - conflicts: 0
  - branches : 79
  - wall time: 0.08573586700000001s