
Problem
         task_0   task_1   task_2   task_3   task_4   task_5   task_6   task_7   task_8   task_9  task_10  task_11  task_12  task_13  task_14  task_15  task_16
job_0    (1, 5)   (2, 4)  (4, 10)  (5, 10)   (0, 5)   (5, 4)   (4, 5)   (3, 3)   (3, 9)   (4, 1)   (2, 4)   (6, 4)   (4, 1)   (4, 1)   (6, 3)   (1, 8)   (1, 8)
job_1    (4, 7)   (4, 6)   (1, 8)   (2, 1)   (2, 8)   (2, 6)   (1, 5)   (6, 2)   (4, 1)   (4, 2)   (3, 9)   (4, 3)   (0, 8)   (0, 1)   (4, 2)   (1, 6)   (2, 1)
job_2    (2, 4)   (3, 8)   (3, 9)   (2, 1)   (6, 8)   (0, 9)   (6, 3)   (4, 4)   (6, 1)   (3, 3)  (2, 10)   (4, 4)   (2, 5)   (3, 4)  (6, 10)   (4, 3)   (6, 3)
job_3   (0, 10)   (1, 1)   (1, 8)   (4, 1)   (2, 5)   (4, 4)   (2, 6)   (6, 2)   (3, 3)  (6, 10)   (0, 7)   (6, 2)   (0, 6)   (5, 4)   (1, 5)  (3, 10)   (3, 7)
job_4    (5, 8)   (1, 4)   (1, 7)  (6, 10)   (5, 8)  (3, 10)  (2, 10)   (0, 2)   (1, 3)   (4, 4)   (1, 9)   (2, 6)   (3, 9)   (6, 1)   (4, 5)   (4, 8)   (6, 5)
job_5    (0, 8)  (5, 10)   (4, 3)   (3, 3)  (4, 10)   (3, 6)   (3, 5)   (5, 1)   (2, 6)   (6, 9)   (5, 3)  (1, 10)   (2, 1)   (6, 9)   (3, 7)   (2, 4)   (6, 5)
job_6    (5, 8)  (5, 10)   (6, 9)   (2, 3)  (4, 10)   (6, 1)   (4, 8)   (2, 2)   (3, 6)   (0, 7)   (3, 8)   (4, 4)   (2, 2)  (6, 10)   (2, 5)   (1, 1)   (3, 2)
job_7    (4, 1)  (4, 10)   (4, 4)   (6, 7)   (4, 1)   (6, 4)   (1, 4)   (2, 2)  (1, 10)   (2, 1)   (6, 6)   (3, 2)   (4, 9)   (1, 8)   (3, 3)   (1, 7)   (2, 1)
job_8   (1, 10)   (0, 5)  (1, 10)   (1, 9)   (3, 5)   (3, 7)   (4, 6)   (1, 1)   (1, 7)   (0, 9)   (5, 5)   (2, 4)  (5, 10)   (4, 8)   (3, 6)   (2, 3)   (5, 6)
job_9    (6, 5)   (4, 7)   (6, 2)   (5, 1)   (0, 8)   (2, 3)   (4, 7)   (2, 9)   (2, 8)   (2, 5)   (3, 9)   (2, 8)   (4, 9)   (0, 4)   (0, 7)   (2, 7)   (5, 2)
job_10  (0, 10)   (4, 8)   (6, 3)   (2, 1)   (0, 1)   (0, 9)   (2, 8)   (6, 4)   (4, 7)   (3, 7)   (6, 7)   (3, 9)   (2, 3)   (6, 5)   (0, 1)   (5, 1)  (1, 10)
job_11   (5, 2)  (6, 10)   (4, 7)   (5, 6)   (5, 6)   (6, 2)   (6, 3)   (1, 8)   (0, 9)   (1, 3)  (3, 10)   (5, 6)   (4, 4)   (6, 2)  (1, 10)   (5, 5)   (5, 6)
job_12  (5, 10)   (6, 6)   (3, 2)   (2, 7)   (1, 9)   (6, 9)   (4, 7)   (3, 1)   (1, 5)   (6, 6)  (3, 10)   (4, 5)   (0, 9)   (1, 9)   (1, 7)   (4, 1)  (1, 10)
job_13   (0, 1)   (1, 2)   (1, 1)   (6, 4)   (0, 3)   (5, 3)   (6, 8)  (6, 10)  (1, 10)   (0, 6)   (0, 4)   (1, 9)   (5, 2)   (2, 5)  (0, 10)   (4, 6)   (4, 9)
job_14   (0, 6)   (4, 9)  (3, 10)   (2, 7)   (1, 6)   (1, 8)   (0, 2)   (5, 2)   (2, 1)   (0, 5)   (4, 8)   (4, 5)   (3, 6)   (0, 7)  (3, 10)   (5, 7)   (5, 7)
job_15   (1, 5)   (1, 3)   (6, 2)   (4, 1)   (2, 5)   (0, 6)   (0, 2)   (0, 4)   (0, 2)   (2, 1)   (3, 9)   (1, 9)   (2, 8)   (6, 5)   (3, 6)   (3, 6)  (3, 10)


Solution:
Machine 0: job_14_task_0  job_5_task_0   job_8_task_1   job_10_task_0  job_13_task_0  job_3_task_0   job_2_task_5   job_9_task_4   job_13_task_4  job_0_task_4   job_4_task_7   job_14_task_6  job_10_task_4  job_11_task_8  job_10_task_5  job_15_task_5  job_15_task_6  job_15_task_7  job_15_task_8  job_14_task_9  job_13_task_9  job_8_task_9   job_13_task_10 job_6_task_9   job_3_task_10  job_12_task_12 job_3_task_12  job_14_task_13 job_1_task_12  job_13_task_14 job_1_task_13  job_9_task_13  job_9_task_14  job_10_task_14 
           [0,6]          [6,14]         [14,19]        [19,29]        [29,30]        [30,40]        [40,49]        [56,64]        [64,67]        [86,91]        [91,93]        [96,98]        [111,112]      [112,121]      [121,130]      [130,136]      [136,138]      [138,142]      [142,144]      [144,149]      [149,155]      [155,164]      [164,168]      [168,175]      [175,182]      [182,191]      [191,197]      [197,204]      [204,212]      [212,222]      [222,223]      [223,227]      [227,234]      [237,238]      
Machine 1: job_8_task_0   job_0_task_0   job_15_task_0  job_4_task_1   job_4_task_2   job_8_task_2   job_13_task_1  job_13_task_2  job_12_task_4  job_8_task_3   job_3_task_1   job_3_task_2   job_15_task_1  job_14_task_4  job_1_task_2   job_14_task_5  job_4_task_8   job_12_task_8  job_11_task_7  job_1_task_6   job_7_task_6   job_11_task_9  job_13_task_8  job_7_task_8   job_8_task_7   job_8_task_8   job_4_task_10  job_15_task_11 job_13_task_11 job_5_task_11  job_11_task_14 job_12_task_13 job_7_task_13  job_3_task_14  job_12_task_14 job_1_task_15  job_0_task_15  job_7_task_15  job_12_task_16 job_10_task_16 job_6_task_15  job_0_task_16  
           [0,10]         [10,15]        [15,20]        [20,24]        [24,31]        [31,41]        [41,43]        [43,44]        [44,53]        [53,62]        [62,63]        [63,71]        [71,74]        [74,80]        [80,88]        [88,96]        [96,99]        [99,104]       [104,112]      [112,117]      [117,121]      [121,124]      [124,134]      [134,144]      [144,145]      [145,152]      [152,161]      [161,170]      [170,179]      [179,189]      [189,199]      [199,208]      [208,216]      [216,221]      [221,228]      [228,234]      [234,242]      [242,249]      [249,259]      [259,269]      [269,270]      [270,278]      
Machine 2: job_2_task_0   job_0_task_1   job_2_task_3   job_12_task_3  job_14_task_3  job_9_task_5   job_2_task_10  job_6_task_3   job_4_task_6   job_2_task_12  job_1_task_3   job_1_task_4   job_1_task_5   job_10_task_3  job_15_task_4  job_3_task_4   job_9_task_7   job_7_task_7   job_3_task_6   job_14_task_8  job_5_task_8   job_15_task_9  job_6_task_7   job_9_task_8   job_9_task_9   job_10_task_6  job_7_task_9   job_8_task_11  job_9_task_11  job_15_task_12 job_4_task_11  job_13_task_13 job_0_task_10  job_5_task_12  job_6_task_12  job_8_task_15  job_10_task_12 job_6_task_14  job_9_task_15  job_1_task_16  job_7_task_16  job_5_task_15  
           [0,4]          [15,19]        [21,22]        [23,30]        [33,40]        [64,67]        [67,77]        [77,80]        [80,90]        [90,95]        [95,96]        [96,104]       [104,110]      [110,111]      [111,116]      [116,121]      [121,130]      [130,132]      [132,138]      [138,139]      [139,145]      [145,146]      [146,148]      [148,156]      [156,161]      [161,169]      [169,170]      [170,174]      [174,182]      [182,190]      [190,196]      [196,201]      [201,205]      [205,206]      [206,208]      [208,211]      [217,220]      [228,233]      [234,241]      [241,242]      [249,250]      [259,263]      
Machine 3: job_2_task_1   job_2_task_2   job_12_task_2  job_14_task_2  job_5_task_3   job_2_task_9   job_8_task_4   job_4_task_5   job_8_task_5   job_5_task_5   job_5_task_6   job_12_task_7  job_2_task_13  job_0_task_7   job_0_task_8   job_12_task_10 job_11_task_10 job_1_task_10  job_3_task_8   job_15_task_10 job_6_task_8   job_9_task_10  job_14_task_12 job_6_task_10  job_10_task_9  job_7_task_11  job_8_task_14  job_4_task_12  job_10_task_11 job_14_task_14 job_15_task_14 job_7_task_14  job_3_task_15  job_15_task_15 job_5_task_14  job_15_task_16 job_3_task_16  job_6_task_16  
           [4,12]         [12,21]        [21,23]        [23,33]        [52,55]        [61,64]        [64,69]        [69,79]        [79,86]        [86,92]        [92,97]        [97,98]        [98,102]       [102,105]      [105,114]      [114,124]      [124,134]      [134,143]      [143,146]      [146,155]      [155,161]      [161,170]      [170,176]      [176,184]      [184,191]      [191,193]      [193,199]      [199,208]      [208,217]      [217,227]      [227,233]      [233,236]      [236,246]      [246,252]      [252,259]      [259,269]      [269,276]      [276,278]      
Machine 4: job_7_task_0   job_7_task_1   job_14_task_1  job_9_task_1   job_1_task_0   job_10_task_1  job_11_task_2  job_5_task_2   job_7_task_2   job_2_task_7   job_1_task_1   job_0_task_2   job_5_task_4   job_2_task_11  job_12_task_6  job_0_task_6   job_9_task_6   job_7_task_4   job_15_task_3  job_3_task_3   job_6_task_4   job_3_task_5   job_1_task_8   job_1_task_9   job_8_task_6   job_6_task_6   job_4_task_9   job_12_task_11 job_14_task_10 job_14_task_11 job_0_task_9   job_1_task_11  job_11_task_12 job_10_task_8  job_2_task_15  job_8_task_13  job_6_task_11  job_7_task_12  job_9_task_12  job_0_task_12  job_0_task_13  job_1_task_14  job_13_task_15 job_4_task_14  job_4_task_15  job_12_task_15 job_13_task_16 
           [0,1]          [1,11]         [11,20]        [20,27]        [27,34]        [34,42]        [42,49]        [49,52]        [52,56]        [56,60]        [60,66]        [66,76]        [76,86]        [86,90]        [90,97]        [97,102]       [102,109]      [109,110]      [110,111]      [111,112]      [112,122]      [122,126]      [126,127]      [127,129]      [129,135]      [135,143]      [143,147]      [147,152]      [152,160]      [160,165]      [165,166]      [166,169]      [169,173]      [173,180]      [180,183]      [184,192]      [192,196]      [196,205]      [205,214]      [214,215]      [215,216]      [223,225]      [225,231]      [231,236]      [236,244]      [244,245]      [245,254]      
Machine 5: job_12_task_0  job_4_task_0   job_6_task_0   job_11_task_0  job_6_task_1   job_5_task_1   job_11_task_3  job_9_task_3   job_4_task_4   job_11_task_4  job_13_task_5  job_0_task_3   job_0_task_5   job_5_task_7   job_14_task_7  job_11_task_11 job_5_task_10  job_8_task_10  job_8_task_12  job_13_task_12 job_3_task_13  job_11_task_15 job_11_task_16 job_8_task_16  job_14_task_15 job_14_task_16 job_10_task_15 job_9_task_16  
           [0,10]         [10,18]        [18,26]        [26,28]        [28,38]        [38,48]        [49,55]        [55,56]        [56,64]        [64,70]        [70,73]        [76,86]        [91,95]        [97,98]        [98,100]       [134,140]      [154,157]      [164,169]      [174,184]      [184,186]      [197,201]      [201,206]      [206,212]      [212,218]      [227,234]      [234,241]      [241,242]      [242,244]      
Machine 6: job_9_task_0   job_12_task_1  job_2_task_4   job_11_task_1  job_4_task_3   job_2_task_6   job_9_task_2   job_13_task_3  job_2_task_8   job_6_task_2   job_12_task_5  job_13_task_6  job_15_task_2  job_10_task_2  job_7_task_3   job_11_task_5  job_11_task_6  job_12_task_9  job_7_task_5   job_13_task_7  job_1_task_7   job_6_task_5   job_2_task_14  job_3_task_7   job_5_task_9   job_3_task_9   job_10_task_7  job_7_task_10  job_11_task_13 job_3_task_11  job_2_task_16  job_15_task_13 job_10_task_10 job_0_task_11  job_5_task_13  job_6_task_13  job_4_task_13  job_0_task_14  job_10_task_13 job_4_task_16  job_5_task_16  
           [0,5]          [10,16]        [22,30]        [30,40]        [40,50]        [50,53]        [53,55]        [55,59]        [60,61]        [61,70]        [70,79]        [79,87]        [87,89]        [89,92]        [92,99]        [99,101]       [101,104]      [104,110]      [110,114]      [114,124]      [124,126]      [126,127]      [127,137]      [138,140]      [145,154]      [154,164]      [169,173]      [173,179]      [179,181]      [182,184]      [184,187]      [190,195]      [195,202]      [205,209]      [209,218]      [218,228]      [228,229]      [229,232]      [232,237]      [244,249]      [263,268]      
Optimal Schedule Length: 278.0
Total (Unoptimized Schedule Length): 1527
Statistics
  - conflicts: 0
  - branches : 194
  - wall time: 0.8620157540000001s