
Problem
        task_0   task_1  task_2   task_3   task_4   task_5   task_6   task_7   task_8   task_9  task_10 task_11  task_12 task_13  task_14  task_15  task_16  task_17
job_0   (3, 4)   (0, 7)  (2, 1)   (4, 3)   (1, 1)   (3, 1)   (3, 2)   (0, 6)   (1, 7)   (2, 1)   (4, 9)  (3, 9)   (1, 1)  (3, 4)   (3, 8)   (2, 1)  (1, 10)   (3, 9)
job_1   (1, 7)   (3, 9)  (0, 7)   (2, 3)  (2, 10)   (2, 2)   (3, 4)   (1, 2)   (2, 8)   (3, 4)   (0, 5)  (2, 8)   (1, 7)  (4, 8)  (2, 10)   (2, 9)   (2, 1)   (3, 2)
job_2   (2, 1)   (3, 9)  (1, 9)   (4, 7)   (3, 2)   (2, 8)   (4, 6)   (3, 6)   (2, 6)   (4, 1)  (1, 10)  (3, 5)   (2, 7)  (0, 2)   (4, 8)   (0, 2)   (4, 1)  (3, 10)
job_3   (1, 4)   (3, 6)  (0, 9)   (1, 5)   (0, 9)   (1, 7)   (0, 9)   (3, 2)   (4, 7)   (3, 1)   (4, 2)  (3, 4)   (2, 6)  (1, 2)   (0, 2)  (3, 10)   (4, 5)   (1, 4)
job_4   (4, 7)   (4, 4)  (2, 7)   (4, 7)   (0, 5)   (4, 8)   (0, 5)   (2, 5)   (4, 1)   (4, 7)   (1, 6)  (0, 9)  (1, 10)  (3, 7)   (3, 4)   (4, 8)   (0, 8)   (3, 3)
job_5   (2, 2)   (4, 6)  (4, 9)   (1, 9)   (1, 5)  (4, 10)   (3, 4)   (3, 4)   (1, 4)  (1, 10)   (4, 4)  (2, 1)   (3, 3)  (4, 1)   (0, 3)   (4, 7)   (4, 6)   (1, 8)
job_6   (1, 9)   (1, 1)  (4, 4)   (1, 2)   (0, 3)   (4, 5)   (4, 7)   (4, 6)   (4, 3)   (3, 2)   (3, 3)  (1, 5)   (3, 8)  (4, 4)   (2, 1)  (2, 10)   (4, 5)   (2, 5)
job_7   (4, 1)   (0, 9)  (0, 7)   (4, 2)   (0, 4)   (2, 4)   (3, 8)   (3, 7)   (1, 1)   (0, 3)   (0, 2)  (2, 7)   (4, 2)  (2, 3)   (4, 9)   (4, 4)   (4, 4)   (0, 4)
job_8   (2, 9)   (3, 8)  (2, 8)   (0, 9)   (3, 4)   (0, 5)   (4, 5)   (3, 3)  (0, 10)  (1, 10)   (4, 3)  (2, 9)   (0, 4)  (2, 8)   (1, 7)   (1, 2)   (0, 1)   (0, 6)
job_9   (4, 3)  (3, 10)  (0, 5)   (3, 7)  (1, 10)   (1, 6)  (1, 10)   (0, 4)   (1, 4)   (2, 4)   (3, 3)  (1, 4)   (4, 5)  (0, 4)   (1, 1)   (3, 7)   (2, 8)   (0, 4)
job_10  (1, 3)   (0, 8)  (2, 6)   (0, 5)  (0, 10)   (2, 7)   (0, 5)   (2, 5)   (0, 3)   (1, 4)  (2, 10)  (1, 6)   (1, 3)  (1, 7)   (4, 6)  (4, 10)   (2, 2)   (4, 1)
job_11  (3, 5)   (3, 6)  (2, 6)   (0, 2)  (1, 10)   (4, 6)   (4, 9)  (4, 10)  (2, 10)   (0, 4)   (2, 3)  (4, 6)   (1, 1)  (1, 2)   (3, 3)   (3, 8)   (4, 6)   (3, 8)
job_12  (2, 9)   (2, 6)  (3, 7)  (1, 10)   (1, 7)   (4, 2)   (3, 5)   (4, 9)   (1, 7)   (4, 4)   (4, 3)  (3, 4)   (4, 6)  (1, 9)   (1, 6)   (4, 2)   (2, 7)   (3, 4)


Solution:
Machine 0: job_10_task_1  job_7_task_1   job_7_task_2   job_4_task_4   job_11_task_3  job_1_task_2   job_6_task_4   job_9_task_2   job_8_task_3   job_10_task_3  job_3_task_2   job_0_task_1   job_10_task_4  job_4_task_6   job_8_task_5   job_3_task_4   job_11_task_9  job_0_task_7   job_7_task_4   job_10_task_6  job_8_task_8   job_3_task_6   job_10_task_8  job_1_task_10  job_4_task_11  job_9_task_7   job_7_task_9   job_7_task_10  job_8_task_12  job_2_task_13  job_2_task_15  job_5_task_14  job_9_task_13  job_3_task_14  job_4_task_16  job_8_task_16  job_9_task_17  job_8_task_17  job_7_task_17  
           [3,11]         [15,24]        [24,31]        [31,36]        [36,38]        [38,45]        [45,48]        [48,53]        [53,62]        [62,67]        [67,76]        [76,83]        [83,93]        [93,98]        [98,103]       [103,112]      [112,116]      [116,122]      [122,126]      [126,131]      [131,141]      [141,150]      [150,153]      [153,158]      [158,167]      [167,171]      [171,174]      [174,176]      [189,193]      [196,198]      [208,210]      [212,215]      [217,221]      [242,244]      [244,252]      [268,269]      [269,273]      [273,279]      [283,287]      
Machine 1: job_10_task_0  job_3_task_0   job_1_task_0   job_6_task_0   job_6_task_1   job_2_task_2   job_6_task_3   job_11_task_4  job_5_task_3   job_12_task_3  job_12_task_4  job_3_task_3   job_9_task_4   job_1_task_7   job_9_task_5   job_0_task_4   job_5_task_4   job_12_task_8  job_3_task_5   job_9_task_6   job_0_task_8   job_4_task_10  job_8_task_9   job_5_task_8   job_10_task_9  job_2_task_10  job_7_task_8   job_9_task_8   job_5_task_9   job_1_task_12  job_0_task_12  job_4_task_12  job_6_task_11  job_9_task_11  job_10_task_11 job_10_task_12 job_11_task_12 job_12_task_13 job_11_task_13 job_10_task_13 job_3_task_13  job_9_task_14  job_12_task_14 job_0_task_16  job_8_task_14  job_8_task_15  job_5_task_17  job_3_task_17  
           [0,3]          [3,7]          [7,14]         [14,23]        [23,24]        [24,33]        [33,35]        [38,48]        [48,57]        [57,67]        [67,74]        [76,81]        [81,91]        [91,93]        [93,99]        [99,100]       [100,105]      [105,112]      [112,119]      [119,129]      [129,136]      [136,142]      [142,152]      [152,156]      [156,160]      [160,170]      [170,171]      [171,175]      [175,185]      [185,192]      [192,193]      [193,203]      [203,208]      [208,212]      [212,218]      [218,221]      [221,222]      [222,231]      [231,233]      [233,240]      [240,242]      [242,243]      [243,249]      [249,259]      [259,266]      [266,268]      [268,276]      [279,283]      
Machine 2: job_2_task_0   job_12_task_0  job_5_task_0   job_4_task_2   job_8_task_0   job_11_task_2  job_12_task_1  job_8_task_2   job_10_task_2  job_1_task_3   job_1_task_4   job_1_task_5   job_2_task_5   job_0_task_2   job_11_task_8  job_10_task_5  job_4_task_7   job_1_task_8   job_2_task_8   job_11_task_10 job_7_task_5   job_10_task_7  job_0_task_9   job_1_task_11  job_10_task_10 job_9_task_9   job_8_task_11  job_2_task_12  job_5_task_11  job_7_task_11  job_3_task_12  job_8_task_13  job_1_task_14  job_7_task_13  job_6_task_14  job_0_task_15  job_6_task_15  job_1_task_15  job_1_task_16  job_9_task_16  job_12_task_16 job_6_task_17  job_10_task_16 
           [0,1]          [1,10]         [10,12]        [12,19]        [19,28]        [28,34]        [34,40]        [40,48]        [48,54]        [54,57]        [57,67]        [67,69]        [77,85]        [85,86]        [86,96]        [96,103]       [103,108]      [108,116]      [116,122]      [122,125]      [126,130]      [131,136]      [137,138]      [158,166]      [166,176]      [176,180]      [180,189]      [189,196]      [196,197]      [197,204]      [204,210]      [210,218]      [218,228]      [228,231]      [231,232]      [232,233]      [233,243]      [243,252]      [252,253]      [258,266]      [266,273]      [273,278]      [293,295]      
Machine 3: job_11_task_0  job_11_task_1  job_2_task_1   job_1_task_1   job_8_task_1   job_9_task_1   job_12_task_2  job_3_task_1   job_0_task_0   job_9_task_3   job_8_task_4   job_2_task_4   job_1_task_6   job_12_task_6  job_2_task_7   job_0_task_5   job_0_task_6   job_8_task_7   job_1_task_9   job_5_task_6   job_5_task_7   job_7_task_6   job_7_task_7   job_3_task_7   job_0_task_11  job_6_task_9   job_6_task_10  job_3_task_9   job_2_task_11  job_12_task_11 job_9_task_10  job_3_task_11  job_0_task_13  job_5_task_12  job_4_task_13  job_6_task_12  job_4_task_14  job_0_task_14  job_2_task_17  job_11_task_14 job_11_task_15 job_9_task_15  job_3_task_15  job_0_task_17  job_11_task_17 job_12_task_17 job_4_task_17  job_1_task_17  
           [0,5]          [5,11]         [11,20]        [20,29]        [29,37]        [37,47]        [47,54]        [54,60]        [60,64]        [64,71]        [71,75]        [75,77]        [77,81]        [85,90]        [91,97]        [100,101]      [101,103]      [108,111]      [116,120]      [120,124]      [124,128]      [130,138]      [138,145]      [150,152]      [154,163]      [163,165]      [165,168]      [168,169]      [170,175]      [175,179]      [180,183]      [183,187]      [193,197]      [197,200]      [203,210]      [210,218]      [218,222]      [222,230]      [230,240]      [240,243]      [243,251]      [251,258]      [258,268]      [268,277]      [277,285]      [285,289]      [289,292]      [292,294]      
Machine 4: job_4_task_0   job_4_task_1   job_9_task_0   job_7_task_0   job_5_task_1   job_4_task_3   job_6_task_2   job_5_task_2   job_4_task_5   job_2_task_3   job_7_task_3   job_11_task_5  job_11_task_6  job_11_task_7  job_12_task_5  job_2_task_6   job_0_task_3   job_12_task_7  job_8_task_6   job_5_task_5   job_4_task_8   job_4_task_9   job_6_task_5   job_6_task_6   job_6_task_7   job_2_task_9   job_0_task_10  job_6_task_8   job_12_task_9  job_3_task_8   job_12_task_10 job_11_task_11 job_8_task_10  job_3_task_10  job_12_task_12 job_5_task_10  job_1_task_13  job_2_task_14  job_7_task_12  job_2_task_16  job_5_task_13  job_9_task_12  job_5_task_15  job_6_task_13  job_4_task_15  job_7_task_14  job_10_task_14 job_5_task_16  job_11_task_16 job_12_task_15 job_6_task_16  job_7_task_15  job_3_task_16  job_7_task_16  job_10_task_15 job_10_task_17 
           [0,7]          [7,11]         [11,14]        [14,15]        [15,21]        [21,28]        [28,32]        [32,41]        [41,49]        [49,56]        [56,58]        [58,64]        [64,73]        [73,83]        [83,85]        [85,91]        [91,94]        [94,103]       [103,108]      [108,118]      [118,119]      [119,126]      [126,131]      [131,138]      [138,144]      [144,145]      [145,154]      [154,157]      [157,161]      [161,168]      [168,171]      [171,177]      [177,180]      [180,182]      [182,188]      [188,192]      [192,200]      [200,208]      [208,210]      [210,211]      [211,212]      [212,217]      [217,224]      [224,228]      [228,236]      [236,245]      [245,251]      [251,257]      [257,263]      [263,265]      [265,270]      [270,274]      [274,279]      [279,283]      [283,293]      [295,296]      
Optimal Schedule Length: 296.0
Total (Unoptimized Schedule Length): 1278
Statistics
  - conflicts: 0
  - branches : 0
  - wall time: 0.4036537s