
Problem
         task_0    task_1    task_2    task_3   task_4    task_5   task_6   task_7   task_8    task_9   task_10   task_11  task_12   task_13   task_14  task_15  task_16
job_0    (5, 7)   (14, 4)   (12, 1)    (7, 7)   (2, 8)    (3, 8)  (13, 4)   (9, 1)   (8, 7)    (2, 3)   (10, 8)   (10, 6)   (9, 8)  (15, 10)   (10, 3)   (5, 4)   (1, 2)
job_1    (7, 8)    (1, 9)   (11, 3)   (12, 3)   (1, 7)    (5, 4)  (12, 3)   (7, 7)   (1, 7)    (4, 3)    (1, 8)    (0, 8)  (4, 10)   (11, 3)    (3, 5)   (8, 7)   (5, 9)
job_2    (4, 1)    (6, 4)    (3, 1)  (14, 10)   (2, 9)    (2, 9)  (10, 5)  (2, 10)  (14, 2)    (0, 6)    (1, 9)    (1, 2)  (14, 4)   (10, 3)   (13, 4)   (0, 5)  (13, 3)
job_3   (12, 1)    (0, 4)    (0, 9)   (13, 6)   (2, 6)    (7, 5)   (7, 4)   (8, 1)   (1, 9)    (2, 6)  (14, 10)   (14, 9)  (4, 10)    (8, 9)   (14, 2)   (4, 9)  (10, 6)
job_4    (7, 6)    (0, 3)    (7, 8)   (11, 7)  (15, 4)   (12, 1)  (12, 3)  (13, 8)   (0, 6)  (14, 10)    (2, 6)    (6, 2)   (9, 4)   (10, 3)    (7, 8)   (8, 7)  (10, 2)
job_5   (0, 10)    (8, 4)    (3, 7)    (8, 9)   (1, 9)   (15, 6)   (2, 5)   (1, 7)   (7, 7)   (13, 9)    (2, 3)    (7, 2)   (1, 7)    (9, 1)   (15, 1)   (4, 1)   (4, 7)
job_6    (2, 6)   (10, 4)   (13, 5)   (14, 6)   (8, 4)    (2, 9)   (2, 3)   (3, 5)   (3, 2)    (9, 5)    (6, 9)    (3, 4)   (2, 9)    (1, 2)   (2, 10)   (9, 7)   (2, 3)
job_7    (1, 3)    (4, 2)    (0, 5)    (6, 8)  (11, 7)   (10, 1)  (10, 4)  (10, 6)  (15, 4)    (3, 8)   (13, 8)    (7, 4)  (10, 8)    (8, 7)    (2, 8)   (3, 6)   (0, 8)
job_8   (10, 6)   (0, 10)  (11, 10)    (1, 4)  (13, 2)   (12, 2)  (13, 1)   (8, 1)   (2, 6)    (0, 4)    (0, 8)    (2, 9)   (2, 9)   (15, 5)  (12, 10)  (13, 1)  (12, 3)
job_9    (2, 2)   (10, 1)   (3, 10)   (11, 9)   (6, 1)   (11, 9)   (8, 3)   (1, 8)   (4, 6)    (7, 4)   (13, 2)   (11, 9)   (5, 2)    (4, 3)    (4, 7)   (0, 4)   (0, 8)
job_10  (5, 10)   (12, 1)    (7, 7)    (2, 1)  (1, 10)    (1, 1)   (8, 1)  (2, 10)   (5, 3)  (14, 10)   (9, 10)    (7, 7)   (9, 8)   (14, 7)    (4, 4)  (13, 2)  (12, 9)
job_11   (2, 7)    (7, 9)    (6, 8)    (9, 4)   (6, 7)   (11, 1)  (13, 5)  (11, 7)  (14, 4)    (4, 5)   (11, 1)    (1, 9)  (10, 4)   (14, 6)   (11, 1)  (4, 10)  (10, 4)
job_12   (1, 8)   (14, 2)    (4, 7)    (1, 3)  (10, 7)  (13, 10)   (0, 9)   (0, 6)   (7, 4)    (9, 8)    (0, 3)    (4, 3)  (15, 2)    (9, 9)    (9, 5)   (4, 6)  (12, 2)
job_13  (13, 5)    (5, 7)    (9, 5)    (1, 3)   (8, 4)   (14, 2)   (4, 6)   (4, 4)   (8, 5)   (10, 9)    (8, 9)    (5, 7)   (0, 7)    (7, 3)   (11, 7)   (6, 7)  (12, 9)
job_14  (10, 1)   (15, 2)    (8, 9)    (4, 9)   (4, 1)    (3, 3)   (8, 8)   (9, 9)   (2, 5)   (11, 4)   (1, 10)    (4, 7)  (10, 9)   (12, 6)   (15, 6)   (4, 4)   (2, 7)
job_15   (0, 1)    (9, 4)   (12, 2)   (13, 9)   (0, 2)    (2, 8)   (8, 6)  (1, 10)  (14, 4)    (9, 2)    (6, 9)  (14, 10)  (14, 4)    (4, 2)    (8, 9)   (0, 2)  (15, 5)
job_16  (15, 7)  (12, 10)   (15, 5)   (13, 7)   (7, 3)    (4, 2)   (5, 7)   (7, 6)   (1, 2)    (8, 9)   (14, 5)   (10, 5)  (15, 3)    (7, 8)  (14, 10)  (13, 1)   (6, 6)
job_17  (0, 10)   (4, 10)  (13, 10)    (3, 3)  (11, 7)   (10, 8)   (5, 2)   (7, 6)   (7, 1)    (8, 8)   (13, 8)   (10, 8)  (10, 2)   (12, 6)    (3, 5)  (11, 3)  (10, 8)


Solution:
Machine 0: job_17_task_0  job_3_task_1   job_3_task_2   job_7_task_2   job_5_task_0   job_15_task_0  job_8_task_1   job_4_task_1   job_15_task_4  job_1_task_11  job_12_task_6  job_12_task_7  job_8_task_9   job_8_task_10  job_12_task_10 job_4_task_8   job_13_task_12 job_2_task_9   job_9_task_15  job_9_task_16  job_7_task_16  job_15_task_15 job_2_task_15  
           [0,10]         [10,14]        [14,23]        [23,28]        [28,38]        [38,39]        [39,49]        [49,52]        [54,56]        [67,75]        [75,84]        [84,90]        [96,100]       [100,108]      [108,111]      [111,117]      [118,125]      [125,131]      [134,138]      [138,146]      [152,160]      [165,167]      [170,175]      
Machine 1: job_7_task_0   job_12_task_0  job_1_task_1   job_13_task_3  job_1_task_4   job_10_task_4  job_12_task_3  job_10_task_5  job_1_task_8   job_1_task_10  job_8_task_3   job_16_task_8  job_3_task_8   job_14_task_10 job_9_task_7   job_15_task_7  job_5_task_4   job_11_task_11 job_5_task_7   job_2_task_10  job_2_task_11  job_6_task_13  job_0_task_16  job_5_task_12  
           [0,3]          [3,11]         [11,20]        [22,25]        [26,33]        [35,45]        [45,48]        [48,49]        [49,56]        [59,67]        [67,71]        [72,74]        [74,83]        [83,93]        [93,101]       [101,111]      [111,120]      [120,129]      [132,139]      [139,148]      [148,150]      [155,157]      [157,159]      [160,167]      
Machine 2: job_11_task_0  job_6_task_0   job_9_task_0   job_2_task_4   job_2_task_5   job_10_task_3  job_6_task_5   job_3_task_4   job_0_task_4   job_10_task_7  job_14_task_8  job_15_task_5  job_6_task_6   job_3_task_9   job_8_task_8   job_2_task_7   job_0_task_9   job_8_task_11  job_8_task_12  job_5_task_6   job_4_task_10  job_7_task_14  job_6_task_12  job_5_task_10  job_6_task_14  job_14_task_16 job_6_task_16  
           [0,7]          [7,13]         [13,15]        [16,25]        [25,34]        [34,35]        [35,44]        [44,50]        [50,58]        [58,68]        [68,73]        [73,81]        [81,84]        [84,90]        [90,96]        [96,106]       [106,109]      [109,118]      [118,127]      [127,132]      [132,138]      [138,146]      [146,155]      [155,158]      [158,168]      [168,175]      [175,178]      
Machine 3: job_2_task_2   job_9_task_2   job_17_task_3  job_14_task_5  job_5_task_2   job_0_task_5   job_7_task_9   job_1_task_14  job_6_task_7   job_6_task_8   job_6_task_11  job_7_task_15  job_17_task_14 
           [5,6]          [18,28]        [32,35]        [37,40]        [42,49]        [58,66]        [75,83]        [88,93]        [93,98]        [98,100]       [135,139]      [146,152]      [154,159]      
Machine 4: job_2_task_0   job_7_task_1   job_17_task_1  job_14_task_3  job_12_task_2  job_14_task_4  job_13_task_6  job_13_task_7  job_16_task_5  job_1_task_9   job_1_task_12  job_11_task_9  job_14_task_11 job_9_task_8   job_12_task_11 job_3_task_12  job_9_task_13  job_9_task_14  job_12_task_15 job_14_task_15 job_11_task_15 job_15_task_13 job_10_task_14 job_3_task_15  job_5_task_15  job_5_task_16  
           [0,1]          [3,5]          [10,20]        [20,29]        [29,36]        [36,37]        [37,43]        [43,47]        [50,52]        [56,59]        [75,85]        [85,90]        [93,100]       [101,107]      [111,114]      [114,124]      [124,127]      [127,134]      [134,140]      [140,144]      [144,154]      [154,156]      [156,160]      [160,169]      [169,170]      [170,177]      
Machine 5: job_10_task_0  job_13_task_1  job_0_task_0   job_1_task_5   job_17_task_6  job_16_task_6  job_10_task_8  job_13_task_11 job_9_task_12  job_1_task_16  job_0_task_15  
           [0,10]         [10,17]        [17,24]        [33,37]        [53,55]        [55,62]        [68,71]        [111,118]      [122,124]      [124,133]      [152,156]      
Machine 6: job_2_task_1   job_11_task_2  job_7_task_3   job_9_task_4   job_11_task_4  job_15_task_10 job_6_task_10  job_13_task_15 job_4_task_11  job_16_task_16 
           [1,5]          [23,31]        [31,39]        [39,40]        [40,47]        [117,126]      [126,135]      [135,142]      [142,144]      [171,177]      
Machine 7: job_1_task_0   job_4_task_0   job_11_task_1  job_10_task_2  job_0_task_3   job_1_task_7   job_16_task_4  job_3_task_5   job_3_task_6   job_17_task_7  job_17_task_8  job_16_task_7  job_4_task_2   job_7_task_11  job_12_task_8  job_10_task_11 job_9_task_9   job_16_task_13 job_13_task_13 job_5_task_8   job_5_task_11  job_4_task_14  
           [0,8]          [8,14]         [14,23]        [23,30]        [33,40]        [40,47]        [47,50]        [50,55]        [55,59]        [59,65]        [65,66]        [66,72]        [72,80]        [91,95]        [95,99]        [99,106]       [107,111]      [111,119]      [125,128]      [139,146]      [158,160]      [160,168]      
Machine 8: job_14_task_2  job_13_task_4  job_6_task_4   job_5_task_1   job_14_task_6  job_13_task_8  job_10_task_6  job_5_task_3   job_3_task_7   job_17_task_9  job_8_task_7   job_16_task_9  job_9_task_6   job_15_task_6  job_0_task_8   job_13_task_10 job_1_task_15  job_7_task_13  job_3_task_13  job_15_task_14 job_4_task_15  
           [9,18]         [25,29]        [29,33]        [38,42]        [42,50]        [50,55]        [55,56]        [57,66]        [66,67]        [67,75]        [76,77]        [77,86]        [86,89]        [89,95]        [95,102]       [102,111]      [117,124]      [125,132]      [145,154]      [156,165]      [168,175]      
Machine 9: job_13_task_2  job_11_task_3  job_15_task_1  job_14_task_7  job_0_task_7   job_10_task_10 job_12_task_9  job_6_task_9   job_15_task_9  job_12_task_13 job_12_task_14 job_0_task_12  job_10_task_12 job_4_task_12  job_5_task_13  job_6_task_15  
           [17,22]        [31,35]        [39,43]        [50,59]        [83,84]        [84,94]        [99,107]       [107,112]      [115,117]      [117,126]      [126,131]      [131,139]      [139,147]      [147,151]      [167,168]      [168,175]      
Machine 10: job_14_task_0  job_8_task_0   job_6_task_1   job_9_task_1   job_2_task_6   job_17_task_5  job_12_task_4  job_7_task_5   job_7_task_6   job_7_task_7   job_13_task_9  job_16_task_11 job_14_task_12 job_0_task_10  job_7_task_12  job_0_task_11  job_11_task_12 job_17_task_11 job_17_task_12 job_0_task_14  job_4_task_13  job_11_task_16 job_2_task_13  job_17_task_16 job_3_task_16  job_4_task_16  
           [0,1]          [1,7]          [13,17]        [17,18]        [34,39]        [45,53]        [53,60]        [60,61]        [61,65]        [65,71]        [71,80]        [91,96]        [100,109]      [109,117]      [117,125]      [125,131]      [131,135]      [135,143]      [143,145]      [149,152]      [152,155]      [155,159]      [159,162]      [162,170]      [170,176]      [176,178]      
Machine 11: job_1_task_2   job_9_task_3   job_17_task_4  job_7_task_4   job_11_task_5  job_8_task_2   job_9_task_5   job_11_task_7  job_14_task_9  job_1_task_13  job_4_task_3   job_11_task_10 job_9_task_11  job_13_task_14 job_11_task_14 job_17_task_15 
           [20,23]        [28,37]        [37,44]        [44,51]        [51,52]        [53,63]        [63,72]        [72,79]        [79,83]        [85,88]        [88,95]        [95,96]        [113,122]      [128,135]      [143,144]      [159,162]      
Machine 12: job_3_task_0   job_16_task_1  job_10_task_1  job_1_task_3   job_0_task_2   job_1_task_6   job_15_task_2  job_8_task_5   job_4_task_5   job_4_task_6   job_14_task_13 job_8_task_14  job_8_task_16  job_12_task_16 job_17_task_13 job_13_task_16 job_10_task_16 
           [0,1]          [7,17]         [17,18]        [23,26]        [32,33]        [37,40]        [43,45]        [73,75]        [99,100]       [100,103]      [109,115]      [132,142]      [143,146]      [146,148]      [148,154]      [154,163]      [163,172]      
Machine 13: job_13_task_0  job_6_task_2   job_17_task_2  job_3_task_3   job_16_task_3  job_15_task_3  job_11_task_6  job_12_task_5  job_8_task_4   job_8_task_6   job_0_task_6   job_7_task_10  job_17_task_10 job_4_task_7   job_9_task_10  job_8_task_15  job_5_task_9   job_10_task_15 job_2_task_14  job_16_task_15 job_2_task_16  
           [0,5]          [17,22]        [22,32]        [32,38]        [38,45]        [45,54]        [54,59]        [60,70]        [71,73]        [75,76]        [79,83]        [83,91]        [91,99]        [103,111]      [111,113]      [142,143]      [146,155]      [160,162]      [166,170]      [170,171]      [175,178]      
Machine 14: job_2_task_3   job_12_task_1  job_6_task_3   job_0_task_1   job_13_task_5  job_10_task_9  job_11_task_8  job_16_task_10 job_3_task_10  job_3_task_11  job_15_task_8  job_2_task_8   job_4_task_9   job_15_task_11 job_11_task_13 job_15_task_12 job_10_task_13 job_2_task_12  job_3_task_14  job_16_task_14 
           [6,16]         [16,18]        [22,28]        [28,32]        [32,34]        [71,81]        [81,85]        [86,91]        [91,101]       [101,110]      [111,115]      [115,117]      [117,127]      [127,137]      [137,143]      [143,147]      [147,154]      [154,158]      [158,160]      [160,170]      
Machine 15: job_16_task_0  job_14_task_1  job_16_task_2  job_7_task_8   job_4_task_4   job_16_task_12 job_12_task_12 job_5_task_5   job_8_task_13  job_14_task_14 job_0_task_13  job_5_task_14  job_15_task_16 
           [0,7]          [7,9]          [17,22]        [71,75]        [95,99]        [99,102]       [114,116]      [120,126]      [127,132]      [132,138]      [139,149]      [168,169]      [169,174]      
Optimal Schedule Length: 178.0
Total (Unoptimized Schedule Length): 1716
Statistics
  - conflicts: 0
  - branches : 0
  - wall time: 0.25533869200000003s