
Problem
         task_0   task_1   task_2   task_3   task_4   task_5   task_6   task_7   task_8   task_9  task_10  task_11
job_0    (2, 7)   (1, 2)   (4, 3)  (1, 10)   (1, 8)   (0, 7)   (2, 6)   (2, 3)   (4, 1)   (0, 8)   (1, 8)   (1, 7)
job_1    (4, 6)   (1, 1)  (0, 10)   (1, 7)   (0, 4)   (2, 8)   (1, 9)   (5, 6)   (2, 6)   (3, 4)   (4, 4)   (3, 5)
job_2    (3, 1)  (2, 10)   (5, 2)   (2, 7)   (4, 7)   (3, 6)   (2, 8)   (3, 2)   (5, 1)   (0, 2)   (5, 8)   (4, 1)
job_3    (3, 5)   (1, 1)   (5, 7)   (4, 7)   (2, 2)   (0, 7)   (4, 5)   (5, 1)   (2, 3)   (2, 1)   (0, 1)   (3, 1)
job_4    (4, 5)   (1, 6)   (0, 1)   (4, 4)   (0, 7)   (3, 1)   (4, 8)   (0, 1)   (0, 7)   (2, 5)   (4, 5)   (3, 9)
job_5    (4, 2)   (1, 4)   (0, 5)   (0, 7)   (4, 1)  (0, 10)   (4, 2)   (3, 8)   (0, 3)   (0, 4)   (4, 9)   (4, 5)
job_6    (0, 7)   (1, 4)   (0, 3)   (1, 9)  (2, 10)   (1, 4)   (3, 6)   (0, 1)   (4, 7)   (3, 9)   (4, 7)  (5, 10)
job_7    (0, 9)   (3, 9)   (0, 9)  (0, 10)   (5, 3)  (1, 10)   (1, 9)   (1, 8)   (3, 5)   (0, 1)   (5, 7)   (0, 2)
job_8    (3, 2)   (5, 8)   (2, 4)   (4, 1)   (3, 9)   (2, 3)   (0, 2)   (1, 6)   (4, 9)   (1, 8)   (4, 9)   (2, 1)
job_9    (3, 7)   (1, 6)   (3, 5)   (0, 2)   (1, 4)  (4, 10)   (2, 9)   (3, 4)   (0, 5)   (5, 4)   (0, 2)   (1, 9)
job_10   (2, 5)   (3, 9)  (3, 10)   (2, 5)   (2, 8)   (2, 4)   (3, 2)   (3, 2)   (3, 3)   (0, 9)   (5, 9)   (2, 8)
job_11  (3, 10)  (4, 10)   (2, 3)   (5, 6)  (0, 10)   (0, 2)   (3, 5)   (0, 8)   (5, 9)   (0, 5)  (3, 10)   (0, 5)
job_12   (3, 7)   (1, 1)  (3, 10)  (4, 10)   (5, 7)   (0, 1)  (4, 10)  (4, 10)   (0, 4)  (2, 10)   (4, 2)   (2, 4)
job_13   (4, 7)   (5, 7)   (3, 6)   (4, 4)   (4, 9)   (4, 8)   (0, 8)   (3, 2)  (5, 10)   (2, 5)   (2, 9)  (3, 10)
job_14   (5, 7)   (4, 3)   (3, 6)  (3, 10)   (5, 9)  (1, 10)   (2, 4)   (0, 1)   (0, 7)   (4, 4)  (0, 10)   (1, 8)
job_15   (0, 1)   (4, 9)   (5, 5)   (5, 8)   (5, 5)  (4, 10)   (4, 9)   (3, 8)   (1, 1)  (0, 10)   (2, 9)  (0, 10)
job_16   (5, 7)   (3, 2)   (2, 4)   (2, 3)   (3, 2)   (1, 7)   (4, 6)   (3, 3)   (5, 1)   (4, 9)   (0, 7)   (2, 3)
job_17   (2, 3)   (3, 1)   (1, 6)   (3, 6)   (2, 9)   (4, 1)   (4, 2)  (5, 10)   (5, 5)   (0, 6)   (5, 9)   (5, 6)


Solution:
Machine 0: job_15_task_0  job_6_task_0   job_7_task_0   job_6_task_2   job_9_task_3   job_5_task_2   job_5_task_3   job_7_task_2   job_7_task_3   job_1_task_2   job_0_task_5   job_1_task_4   job_11_task_4  job_11_task_5  job_4_task_2   job_13_task_6  job_12_task_5  job_11_task_7  job_5_task_5   job_4_task_4   job_11_task_9  job_0_task_9   job_8_task_6   job_6_task_7   job_12_task_8  job_15_task_9  job_14_task_7  job_14_task_8  job_4_task_7   job_4_task_8   job_10_task_9  job_9_task_8   job_17_task_9  job_3_task_5   job_5_task_8   job_5_task_9   job_14_task_10 job_2_task_9   job_9_task_10  job_7_task_9   job_16_task_10 job_15_task_11 job_11_task_11 job_3_task_10  job_7_task_11  
           [0,1]          [1,8]          [8,17]         [17,20]        [20,22]        [22,27]        [27,34]        [34,43]        [43,53]        [53,63]        [63,70]        [70,74]        [74,84]        [84,86]        [86,87]        [87,95]        [95,96]        [96,104]       [104,114]      [114,121]      [121,126]      [126,134]      [134,136]      [136,137]      [137,141]      [141,151]      [151,152]      [152,159]      [159,160]      [160,167]      [167,176]      [176,181]      [181,187]      [187,194]      [194,197]      [197,201]      [201,211]      [211,213]      [213,215]      [215,216]      [216,223]      [223,233]      [233,238]      [238,239]      [239,241]      
Machine 1: job_9_task_1   job_6_task_1   job_12_task_1  job_5_task_1   job_0_task_1   job_6_task_3   job_0_task_3   job_1_task_1   job_0_task_4   job_6_task_5   job_9_task_4   job_1_task_3   job_4_task_1   job_17_task_2  job_14_task_5  job_7_task_5   job_3_task_1   job_1_task_6   job_7_task_6   job_7_task_7   job_15_task_8  job_0_task_10  job_0_task_11  job_16_task_5  job_8_task_7   job_8_task_9   job_14_task_11 job_9_task_11  
           [7,13]         [13,17]        [17,18]        [18,22]        [22,24]        [24,33]        [33,43]        [43,44]        [44,52]        [52,56]        [56,60]        [63,70]        [70,76]        [76,82]        [82,92]        [92,102]       [109,110]      [110,119]      [119,128]      [128,136]      [136,137]      [137,145]      [145,152]      [152,159]      [159,165]      [181,189]      [211,219]      [219,228]      
Machine 2: job_10_task_0  job_0_task_0   job_17_task_0  job_6_task_4   job_11_task_2  job_8_task_2   job_0_task_6   job_0_task_7   job_1_task_5   job_2_task_1   job_17_task_4  job_10_task_3  job_16_task_2  job_10_task_4  job_8_task_5   job_2_task_3   job_16_task_3  job_10_task_5  job_14_task_6  job_9_task_6   job_13_task_9  job_1_task_8   job_3_task_4   job_2_task_6   job_4_task_9   job_13_task_10 job_15_task_10 job_12_task_9  job_10_task_11 job_16_task_11 job_3_task_8   job_3_task_9   job_8_task_11  job_12_task_11 
           [0,5]          [5,12]         [12,15]        [33,43]        [63,66]        [66,70]        [70,76]        [76,79]        [79,87]        [87,97]        [97,106]       [106,111]      [111,115]      [115,123]      [123,126]      [126,133]      [133,136]      [136,140]      [140,144]      [144,153]      [153,158]      [158,164]      [166,168]      [169,177]      [177,182]      [182,191]      [191,200]      [200,210]      [210,218]      [223,226]      [226,229]      [229,230]      [230,231]      [235,239]      
Machine 3: job_9_task_0   job_12_task_0  job_9_task_2   job_13_task_2  job_7_task_1   job_14_task_2  job_11_task_0  job_8_task_0   job_12_task_2  job_14_task_3  job_17_task_1  job_10_task_1  job_2_task_0   job_17_task_3  job_11_task_6  job_10_task_2  job_3_task_0   job_16_task_1  job_8_task_4   job_6_task_6   job_15_task_7  job_4_task_5   job_13_task_7  job_16_task_4  job_5_task_7   job_6_task_9   job_10_task_6  job_10_task_7  job_10_task_8  job_2_task_5   job_9_task_7   job_16_task_7  job_7_task_8   job_2_task_7   job_11_task_10 job_1_task_9   job_13_task_11 job_4_task_11  job_1_task_11  job_3_task_11  
           [0,7]          [7,14]         [14,19]        [19,25]        [25,34]        [34,40]        [40,50]        [50,52]        [52,62]        [62,72]        [72,73]        [73,82]        [82,83]        [83,89]        [89,94]        [94,104]       [104,109]      [109,111]      [111,120]      [120,126]      [126,134]      [134,135]      [135,137]      [137,139]      [139,147]      [147,156]      [156,158]      [158,160]      [160,163]      [163,169]      [169,173]      [173,176]      [176,181]      [181,183]      [183,193]      [193,197]      [197,207]      [207,216]      [233,238]      [239,240]      
Machine 4: job_13_task_0  job_15_task_1  job_5_task_0   job_1_task_0   job_0_task_2   job_13_task_3  job_14_task_1  job_13_task_4  job_15_task_5  job_11_task_1  job_4_task_0   job_12_task_3  job_13_task_5  job_15_task_6  job_4_task_3   job_5_task_4   job_12_task_6  job_8_task_3   job_9_task_5   job_5_task_6   job_0_task_8   job_17_task_5  job_17_task_6  job_12_task_7  job_6_task_8   job_2_task_4   job_4_task_6   job_3_task_3   job_16_task_6  job_8_task_8   job_14_task_9  job_16_task_9  job_6_task_10  job_4_task_10  job_5_task_10  job_3_task_6   job_8_task_10  job_1_task_10  job_12_task_10 job_5_task_11  job_2_task_11  
           [0,7]          [7,16]         [16,18]        [18,24]        [24,27]        [27,31]        [31,34]        [34,43]        [43,53]        [53,63]        [63,68]        [68,78]        [78,86]        [86,95]        [95,99]        [99,100]       [100,110]      [110,111]      [111,121]      [121,123]      [123,124]      [124,125]      [125,127]      [127,137]      [137,144]      [144,151]      [151,159]      [159,166]      [166,172]      [172,181]      [181,185]      [185,194]      [194,201]      [201,206]      [206,215]      [215,220]      [220,229]      [229,233]      [233,235]      [235,240]      [240,241]      
Machine 5: job_14_task_0  job_13_task_1  job_16_task_0  job_15_task_2  job_15_task_3  job_15_task_4  job_7_task_4   job_8_task_1   job_11_task_3  job_14_task_4  job_12_task_4  job_2_task_2   job_11_task_8  job_3_task_2   job_1_task_7   job_17_task_7  job_13_task_8  job_17_task_8  job_16_task_8  job_10_task_10 job_9_task_9   job_17_task_10 job_2_task_8   job_17_task_11 job_6_task_11  job_7_task_10  job_3_task_7   job_2_task_10  
           [0,7]          [7,14]         [14,21]        [21,26]        [26,34]        [34,39]        [53,56]        [56,64]        [66,72]        [72,81]        [81,88]        [97,99]        [104,113]      [113,120]      [120,126]      [127,137]      [137,147]      [147,152]      [176,177]      [177,186]      [186,190]      [190,199]      [199,200]      [200,206]      [206,216]      [216,223]      [223,224]      [230,238]      
Optimal Schedule Length: 241.0
Total (Unoptimized Schedule Length): 1243
Statistics
  - conflicts: 0
  - branches : 0
  - wall time: 0.18093810800000001s