
Problem
         task_0    task_1   task_2    task_3   task_4    task_5    task_6   task_7    task_8   task_9   task_10  task_11  task_12  task_13  task_14  task_15  task_16
job_0    (3, 8)    (8, 9)  (12, 9)   (2, 10)  (7, 10)    (1, 2)    (9, 3)   (3, 2)   (12, 9)  (11, 1)    (1, 6)   (9, 5)   (4, 6)   (8, 4)  (1, 10)  (11, 2)   (1, 3)
job_1    (2, 8)    (1, 5)   (3, 5)    (2, 1)  (12, 4)    (0, 8)    (0, 4)   (9, 1)  (12, 10)  (10, 2)   (13, 6)   (1, 5)   (7, 1)  (10, 1)   (0, 9)   (1, 1)  (6, 10)
job_2    (9, 8)    (8, 1)   (7, 3)    (9, 9)  (12, 7)    (1, 1)    (7, 6)   (8, 3)    (6, 1)   (9, 4)    (7, 6)   (4, 3)   (1, 4)   (3, 8)  (11, 4)  (11, 1)   (7, 6)
job_3    (5, 8)    (8, 3)  (12, 3)   (13, 5)  (11, 2)   (11, 9)    (3, 9)  (13, 9)    (3, 1)   (3, 4)    (4, 6)   (1, 7)   (9, 1)   (5, 5)   (6, 9)   (4, 1)  (10, 4)
job_4   (10, 8)   (13, 8)   (6, 7)    (2, 4)  (13, 8)    (2, 2)    (9, 9)   (4, 9)   (12, 9)  (10, 2)  (13, 10)   (7, 9)   (2, 4)   (1, 1)   (5, 3)  (8, 10)   (9, 9)
job_5    (6, 7)    (8, 4)  (11, 9)    (2, 9)   (6, 6)   (11, 4)   (13, 5)   (0, 6)   (12, 8)   (6, 8)   (10, 5)   (5, 8)  (3, 10)  (13, 1)   (0, 8)   (5, 8)   (2, 4)
job_6    (8, 2)    (4, 4)  (11, 9)    (3, 6)  (4, 10)   (11, 6)    (3, 4)  (10, 1)    (4, 8)   (1, 8)    (8, 9)   (1, 7)   (4, 9)  (12, 1)   (2, 2)   (0, 1)   (4, 6)
job_7    (0, 3)   (13, 7)   (8, 8)    (7, 5)  (10, 6)   (8, 10)    (6, 6)   (5, 6)    (7, 5)  (7, 10)    (8, 7)   (8, 7)   (7, 6)   (2, 3)   (8, 3)  (3, 10)  (10, 3)
job_8    (1, 3)   (9, 10)   (9, 6)   (13, 4)  (11, 7)    (1, 5)   (12, 4)   (3, 1)   (8, 10)  (13, 6)    (3, 6)   (3, 2)   (2, 2)  (11, 9)  (10, 9)  (13, 4)   (5, 6)
job_9    (5, 8)   (12, 7)   (2, 9)    (0, 1)   (0, 1)    (9, 5)    (2, 6)   (6, 5)    (7, 8)   (6, 6)    (6, 6)   (8, 1)   (2, 5)   (3, 6)   (4, 1)   (9, 6)  (11, 4)
job_10   (7, 2)    (5, 1)   (3, 1)    (0, 6)   (5, 8)   (11, 3)   (6, 10)  (0, 10)    (3, 9)  (12, 2)   (10, 7)   (5, 1)   (3, 7)  (11, 2)   (6, 5)  (11, 6)  (13, 7)
job_11   (8, 8)   (10, 3)   (3, 8)  (13, 10)  (11, 9)   (12, 3)   (13, 8)  (13, 4)   (12, 3)   (0, 7)   (1, 10)   (9, 5)   (1, 1)   (7, 7)   (5, 7)  (13, 6)   (0, 9)
job_12   (8, 7)  (12, 10)  (13, 2)    (0, 8)   (8, 7)   (2, 10)    (1, 4)  (11, 4)    (6, 3)   (6, 9)    (1, 1)  (11, 7)   (9, 8)  (6, 10)   (7, 2)  (12, 5)   (4, 5)
job_13   (0, 3)    (8, 2)   (7, 4)  (13, 10)   (0, 4)    (9, 6)  (12, 10)  (13, 9)    (2, 3)   (7, 3)    (5, 1)  (10, 4)   (4, 2)   (5, 3)  (12, 5)   (1, 4)   (1, 4)
job_14   (7, 8)  (13, 10)   (4, 2)   (1, 10)   (8, 4)    (2, 3)    (3, 7)   (7, 4)    (2, 6)  (12, 4)    (8, 4)   (0, 9)   (6, 6)  (11, 1)  (10, 6)  (13, 7)   (4, 9)
job_15   (5, 3)   (2, 10)  (11, 6)    (1, 6)   (6, 4)   (10, 9)  (12, 10)   (4, 7)   (10, 3)  (11, 5)   (9, 10)  (11, 6)   (0, 1)   (4, 3)  (11, 5)   (1, 7)   (4, 7)
job_16   (1, 2)    (8, 2)   (6, 6)   (3, 10)  (10, 7)   (1, 10)    (9, 5)   (6, 2)    (8, 7)  (13, 5)   (11, 6)   (3, 5)  (11, 4)   (2, 4)  (11, 6)   (3, 8)   (2, 4)
job_17  (13, 4)    (5, 9)   (8, 5)    (8, 3)   (4, 9)  (11, 10)    (4, 9)   (5, 2)    (9, 8)  (11, 3)    (0, 8)   (1, 2)  (8, 10)   (8, 8)   (7, 9)   (0, 5)   (1, 9)


Solution:
Machine 0: job_7_task_0   job_13_task_0  job_10_task_3  job_1_task_5   job_9_task_3   job_9_task_4   job_1_task_6   job_12_task_3  job_13_task_4  job_10_task_7  job_11_task_9  job_5_task_7   job_15_task_12 job_17_task_10 job_14_task_11 job_1_task_14  job_6_task_15  job_5_task_14  job_17_task_15 job_11_task_16 
           [1,4]          [4,7]          [14,20]        [30,38]        [38,39]        [41,42]        [42,46]        [47,55]        [55,59]        [59,69]        [86,93]        [93,99]        [99,100]       [110,118]      [118,127]      [127,136]      [141,142]      [142,150]      [150,155]      [156,165]      
Machine 1: job_16_task_0  job_8_task_0   job_1_task_1   job_15_task_3  job_14_task_3  job_2_task_5   job_8_task_5   job_16_task_5  job_6_task_9   job_12_task_6  job_0_task_5   job_2_task_12  job_1_task_11  job_6_task_11  job_11_task_10 job_12_task_10 job_15_task_15 job_11_task_12 job_17_task_11 job_0_task_10  job_13_task_15 job_3_task_11  job_1_task_15  job_13_task_16 job_4_task_13  job_0_task_14  job_17_task_16 job_0_task_16  
           [0,2]          [5,8]          [8,13]         [30,36]        [37,47]        [47,48]        [50,55]        [57,67]        [67,75]        [75,79]        [79,81]        [81,85]        [86,91]        [91,98]        [98,108]       [109,110]      [110,117]      [117,118]      [120,122]      [122,128]      [128,132]      [132,139]      [139,140]      [140,144]      [144,145]      [145,155]      [155,164]      [164,167]      
Machine 2: job_1_task_0   job_15_task_1  job_1_task_3   job_9_task_2   job_5_task_3   job_4_task_3   job_9_task_6   job_0_task_3   job_4_task_5   job_12_task_5  job_14_task_5  job_14_task_8  job_13_task_8  job_9_task_12  job_8_task_12  job_7_task_13  job_6_task_14  job_16_task_13 job_4_task_12  job_16_task_16 job_5_task_16  
           [0,8]          [12,22]        [22,23]        [23,32]        [32,41]        [43,47]        [47,53]        [53,63]        [63,65]        [65,75]        [75,78]        [98,104]       [104,107]      [116,121]      [121,123]      [131,134]      [134,136]      [136,140]      [140,144]      [154,158]      [158,162]      
Machine 3: job_0_task_0   job_10_task_2  job_1_task_2   job_6_task_3   job_11_task_2  job_16_task_3  job_6_task_6   job_10_task_8  job_14_task_6  job_2_task_13  job_8_task_7   job_3_task_6   job_10_task_12 job_0_task_7   job_8_task_10  job_8_task_11  job_3_task_8   job_3_task_9   job_16_task_11 job_5_task_12  job_9_task_13  job_16_task_15 job_7_task_15  
           [5,13]         [13,14]        [14,19]        [19,25]        [27,35]        [35,45]        [45,49]        [69,78]        [78,85]        [85,93]        [93,94]        [94,103]       [103,110]      [110,112]      [112,118]      [118,120]      [120,121]      [121,125]      [125,130]      [130,140]      [140,146]      [146,154]      [154,164]      
Machine 4: job_6_task_1   job_6_task_4   job_14_task_2  job_17_task_4  job_6_task_8   job_15_task_7  job_2_task_11  job_17_task_6  job_4_task_7   job_15_task_13 job_6_task_12  job_13_task_12 job_15_task_16 job_3_task_10  job_0_task_12  job_6_task_16  job_9_task_14  job_14_task_16 job_3_task_15  job_12_task_16 
           [2,6]          [25,35]        [35,37]        [46,55]        [55,63]        [63,70]        [70,73]        [73,82]        [82,91]        [100,103]      [103,112]      [115,117]      [117,124]      [126,132]      [134,140]      [142,148]      [148,149]      [150,159]      [159,160]      [160,165]      
Machine 5: job_9_task_0   job_10_task_1  job_15_task_0  job_3_task_0   job_10_task_4  job_17_task_1  job_17_task_7  job_7_task_7   job_10_task_11 job_13_task_10 job_13_task_13 job_5_task_11  job_11_task_14 job_3_task_13  job_4_task_14  job_5_task_15  job_8_task_16  
           [0,8]          [8,9]          [9,12]         [13,21]        [21,29]        [29,38]        [82,84]        [84,90]        [102,103]      [110,111]      [117,120]      [122,130]      [130,137]      [140,145]      [145,148]      [150,158]      [160,166]      
Machine 6: job_5_task_0   job_16_task_2  job_4_task_2   job_15_task_4  job_5_task_4   job_10_task_6  job_2_task_8   job_9_task_7   job_16_task_7  job_7_task_6   job_12_task_8  job_9_task_9   job_9_task_10  job_12_task_9  job_5_task_9   job_14_task_12 job_12_task_13 job_10_task_14 job_3_task_14  job_1_task_16  
           [4,11]         [11,17]        [29,36]        [36,40]        [41,47]        [47,57]        [57,58]        [71,76]        [76,78]        [78,84]        [84,87]        [87,93]        [93,99]        [100,109]      [109,117]      [127,133]      [133,143]      [143,148]      [148,157]      [157,167]      
Machine 7: job_10_task_0  job_14_task_0  job_2_task_2   job_13_task_2  job_2_task_6   job_7_task_3   job_2_task_10  job_0_task_4   job_9_task_8   job_14_task_7  job_7_task_8   job_7_task_9   job_1_task_12  job_13_task_9  job_11_task_13 job_7_task_12  job_4_task_11  job_17_task_14 job_12_task_14 job_2_task_16  
           [0,2]          [2,10]         [21,24]        [41,45]        [48,54]        [57,62]        [62,68]        [68,78]        [78,86]        [86,90]        [90,95]        [95,105]       [106,107]      [107,110]      [118,125]      [125,131]      [131,140]      [141,150]      [150,152]      [159,165]      
Machine 8: job_6_task_0   job_16_task_1  job_12_task_0  job_5_task_1   job_2_task_1   job_11_task_0  job_13_task_1  job_3_task_1   job_0_task_1   job_17_task_2  job_17_task_3  job_7_task_2   job_2_task_7   job_12_task_4  job_14_task_4  job_7_task_5   job_6_task_10  job_16_task_8  job_8_task_8   job_9_task_11  job_7_task_10  job_14_task_10 job_7_task_11  job_17_task_12 job_17_task_13 job_0_task_13  job_7_task_14  job_4_task_15  
           [0,2]          [2,4]          [4,11]         [11,15]        [15,16]        [16,24]        [24,26]        [26,29]        [29,38]        [38,43]        [43,46]        [46,54]        [54,57]        [57,64]        [64,68]        [68,78]        [78,87]        [87,94]        [94,104]       [104,105]      [105,112]      [112,116]      [116,123]      [123,133]      [133,141]      [141,145]      [145,148]      [148,158]      
Machine 9: job_2_task_0   job_8_task_1   job_8_task_2   job_2_task_3   job_9_task_5   job_1_task_7   job_2_task_9   job_13_task_5  job_16_task_6  job_4_task_6   job_15_task_10 job_17_task_8  job_0_task_6   job_11_task_11 job_12_task_12 job_0_task_11  job_3_task_12  job_9_task_15  job_4_task_16  
           [0,8]          [8,18]         [18,24]        [24,33]        [42,47]        [57,58]        [58,62]        [62,68]        [68,73]        [73,82]        [82,92]        [92,100]       [100,103]      [112,117]      [121,129]      [129,134]      [139,140]      [152,158]      [158,167]      
Machine 10: job_4_task_0   job_11_task_1  job_15_task_5  job_6_task_7   job_16_task_4  job_7_task_4   job_15_task_8  job_1_task_9   job_10_task_10 job_1_task_13  job_13_task_11 job_4_task_9   job_5_task_10  job_14_task_14 job_8_task_14  job_3_task_16  job_7_task_16  
           [0,8]          [24,27]        [40,49]        [49,50]        [50,57]        [62,68]        [70,73]        [78,80]        [95,102]       [110,111]      [111,115]      [115,117]      [117,122]      [137,143]      [143,152]      [160,164]      [164,167]      
Machine 11: job_6_task_2   job_5_task_2   job_15_task_2  job_10_task_5  job_6_task_5   job_8_task_4   job_11_task_4  job_5_task_5   job_17_task_5  job_15_task_9  job_3_task_4   job_12_task_7  job_3_task_5   job_15_task_11 job_17_task_9  job_15_task_14 job_16_task_10 job_12_task_11 job_0_task_9   job_8_task_13  job_16_task_12 job_14_task_13 job_10_task_13 job_16_task_14 job_10_task_15 job_2_task_14  job_2_task_15  job_0_task_15  job_9_task_16  
           [6,15]         [15,24]        [24,30]        [34,37]        [37,43]        [43,50]        [50,59]        [59,63]        [63,73]        [73,78]        [78,80]        [80,84]        [84,93]        [93,99]        [100,103]      [103,108]      [108,114]      [114,121]      [121,122]      [123,132]      [132,136]      [136,137]      [138,140]      [140,146]      [148,154]      [154,158]      [158,159]      [159,161]      [161,165]      
Machine 12: job_9_task_1   job_12_task_1  job_1_task_4   job_3_task_2   job_2_task_4   job_0_task_2   job_15_task_6  job_11_task_5  job_1_task_8   job_13_task_6  job_11_task_8  job_8_task_6   job_10_task_9  job_4_task_8   job_5_task_8   job_14_task_9  job_0_task_8   job_13_task_14 job_6_task_13  job_12_task_15 
           [8,15]         [16,26]        [26,30]        [30,33]        [33,40]        [40,49]        [49,59]        [59,62]        [62,72]        [72,82]        [82,85]        [85,89]        [89,91]        [91,100]       [100,108]      [108,112]      [112,121]      [121,126]      [126,127]      [152,157]      
Machine 13: job_17_task_0  job_7_task_1   job_4_task_1   job_14_task_1  job_8_task_3   job_12_task_2  job_11_task_3  job_13_task_3  job_4_task_4   job_11_task_6  job_3_task_3   job_11_task_7  job_1_task_10  job_5_task_6   job_13_task_7  job_16_task_9  job_8_task_9   job_3_task_7   job_4_task_10  job_5_task_13  job_14_task_15 job_11_task_15 job_8_task_15  job_10_task_16 
           [0,4]          [4,11]         [11,19]        [19,29]        [29,33]        [33,35]        [35,45]        [45,55]        [55,63]        [63,71]        [71,76]        [76,80]        [80,86]        [86,91]        [91,100]       [100,105]      [105,111]      [111,120]      [120,130]      [141,142]      [143,150]      [150,156]      [156,160]      [160,167]      
Optimal Schedule Length: 167.0
Total (Unoptimized Schedule Length): 1722
Statistics
  - conflicts: 0
  - branches : 0
  - wall time: 55.022980355s