
Problem
         task_0   task_1  task_2   task_3   task_4   task_5   task_6   task_7   task_8  task_9 task_10  task_11 task_12 task_13 task_14  task_15 task_16
job_0    (1, 2)   (2, 6)  (1, 7)   (2, 7)   (2, 3)   (2, 2)   (2, 4)   (2, 1)  (0, 10)  (1, 6)  (2, 4)   (2, 7)  (0, 7)  (1, 6)  (2, 8)   (0, 5)  (1, 5)
job_1    (1, 4)   (0, 6)  (0, 4)   (1, 4)   (1, 4)   (2, 5)   (0, 4)   (2, 3)  (2, 10)  (2, 2)  (0, 9)   (0, 8)  (1, 5)  (1, 1)  (2, 8)   (1, 3)  (2, 4)
job_2    (0, 2)  (1, 10)  (1, 7)   (0, 3)   (0, 7)   (0, 3)   (2, 4)   (0, 8)   (1, 6)  (0, 8)  (2, 3)   (2, 5)  (2, 4)  (0, 8)  (2, 9)   (1, 6)  (1, 9)
job_3    (1, 8)   (0, 2)  (0, 3)  (1, 10)   (1, 3)   (2, 5)   (1, 6)  (0, 10)   (0, 7)  (1, 6)  (0, 3)  (0, 10)  (0, 7)  (1, 6)  (0, 3)  (1, 10)  (0, 1)
job_4    (2, 5)   (1, 2)  (0, 5)   (2, 5)   (2, 1)   (0, 8)   (2, 5)   (1, 1)   (0, 5)  (2, 8)  (2, 2)  (0, 10)  (0, 4)  (0, 5)  (0, 6)   (1, 4)  (1, 7)
job_5    (1, 5)   (2, 7)  (2, 5)  (1, 10)  (2, 10)   (0, 5)  (2, 10)   (2, 1)   (2, 5)  (0, 8)  (0, 5)   (0, 1)  (2, 1)  (1, 5)  (1, 2)   (0, 6)  (0, 4)
job_6    (2, 5)   (1, 1)  (0, 8)  (2, 10)   (2, 8)   (1, 4)   (2, 9)   (1, 3)   (1, 1)  (2, 3)  (2, 8)   (0, 5)  (0, 4)  (0, 6)  (0, 9)   (2, 8)  (2, 3)
job_7    (2, 1)   (1, 8)  (0, 7)   (2, 9)   (0, 4)   (1, 3)   (1, 5)   (0, 1)   (2, 6)  (2, 9)  (1, 9)   (2, 7)  (1, 1)  (2, 5)  (0, 5)   (1, 5)  (1, 1)
job_8    (2, 3)   (0, 6)  (0, 9)  (0, 10)   (0, 8)   (1, 7)   (1, 1)   (1, 1)  (2, 10)  (1, 1)  (2, 9)   (0, 5)  (0, 2)  (1, 3)  (1, 5)   (1, 8)  (0, 8)
job_9    (0, 5)   (0, 1)  (0, 5)   (2, 2)   (1, 5)   (2, 7)   (0, 2)   (1, 1)   (0, 5)  (0, 8)  (2, 8)   (0, 1)  (0, 2)  (0, 8)  (1, 3)   (1, 5)  (0, 5)
job_10   (0, 9)   (0, 7)  (1, 7)   (0, 2)   (2, 6)   (2, 6)   (0, 4)   (0, 7)   (1, 8)  (1, 6)  (0, 2)   (2, 3)  (1, 5)  (1, 6)  (0, 2)   (2, 4)  (0, 2)
job_11  (2, 10)   (1, 3)  (2, 1)   (2, 7)   (2, 6)  (1, 10)   (1, 3)   (2, 1)   (0, 3)  (0, 1)  (0, 8)   (2, 2)  (0, 6)  (1, 9)  (1, 2)   (0, 5)  (1, 8)
job_12   (0, 9)   (2, 5)  (1, 4)   (1, 7)   (0, 5)  (0, 10)   (0, 2)   (2, 4)   (1, 9)  (2, 3)  (0, 8)   (0, 4)  (1, 3)  (0, 9)  (0, 1)   (1, 7)  (2, 3)


Solution:
Machine 0: job_2_task_0   job_12_task_0  job_8_task_1   job_3_task_1   job_3_task_2   job_6_task_2   job_8_task_2   job_10_task_0  job_2_task_3   job_2_task_4   job_1_task_1   job_8_task_3   job_7_task_2   job_10_task_1  job_4_task_2   job_1_task_2   job_2_task_5   job_9_task_0   job_9_task_1   job_12_task_4  job_8_task_4   job_9_task_2   job_2_task_7   job_4_task_5   job_10_task_3  job_3_task_7   job_12_task_5  job_7_task_4   job_0_task_8   job_1_task_6   job_12_task_6  job_5_task_5   job_3_task_8   job_2_task_9   job_4_task_8   job_7_task_7   job_10_task_6  job_9_task_6   job_10_task_7  job_9_task_8   job_11_task_8  job_11_task_9  job_3_task_10  job_9_task_9   job_11_task_10 job_3_task_11  job_1_task_10  job_4_task_11  job_6_task_11  job_12_task_10 job_5_task_9   job_2_task_13  job_8_task_11  job_8_task_12  job_0_task_12  job_6_task_12  job_11_task_12 job_1_task_11  job_12_task_11 job_3_task_12  job_4_task_12  job_6_task_13  job_9_task_11  job_10_task_10 job_5_task_10  job_9_task_12  job_4_task_13  job_9_task_13  job_12_task_13 job_5_task_11  job_6_task_14  job_4_task_14  job_3_task_14  job_12_task_14 job_11_task_15 job_7_task_14  job_0_task_15  job_5_task_15  job_10_task_14 job_8_task_16  job_9_task_16  job_5_task_16  job_10_task_16 job_3_task_16  
           [0,2]          [2,11]         [11,17]        [17,19]        [19,22]        [22,30]        [30,39]        [39,48]        [48,51]        [51,58]        [58,64]        [64,74]        [74,81]        [81,88]        [88,93]        [93,97]        [97,100]       [100,105]      [105,106]      [106,111]      [111,119]      [119,124]      [124,132]      [132,140]      [140,142]      [142,152]      [152,162]      [162,166]      [166,176]      [176,180]      [180,182]      [182,187]      [187,194]      [194,202]      [202,207]      [207,208]      [208,212]      [212,214]      [214,221]      [221,226]      [226,229]      [229,230]      [230,233]      [233,241]      [241,249]      [249,259]      [259,268]      [268,278]      [278,283]      [283,291]      [291,299]      [299,307]      [307,312]      [312,314]      [314,321]      [321,325]      [325,331]      [331,339]      [339,343]      [343,350]      [350,354]      [354,360]      [360,361]      [361,363]      [363,368]      [368,370]      [370,375]      [375,383]      [383,392]      [392,393]      [393,402]      [402,408]      [408,411]      [411,412]      [412,417]      [417,422]      [422,427]      [427,433]      [433,435]      [435,443]      [443,448]      [448,452]      [452,454]      [454,455]      
Machine 1: job_3_task_0   job_2_task_1   job_6_task_1   job_0_task_0   job_5_task_0   job_2_task_2   job_3_task_3   job_7_task_1   job_1_task_0   job_0_task_2   job_12_task_2  job_4_task_1   job_3_task_4   job_11_task_1  job_12_task_3  job_5_task_3   job_10_task_2  job_1_task_3   job_3_task_6   job_1_task_4   job_6_task_5   job_11_task_5  job_8_task_5   job_9_task_4   job_2_task_8   job_8_task_6   job_8_task_7   job_6_task_7   job_11_task_6  job_6_task_8   job_4_task_7   job_7_task_5   job_7_task_6   job_0_task_9   job_8_task_9   job_12_task_8  job_3_task_9   job_9_task_7   job_10_task_8  job_10_task_9  job_7_task_10  job_7_task_12  job_8_task_13  job_8_task_14  job_0_task_13  job_8_task_15  job_11_task_13 job_12_task_12 job_1_task_12  job_3_task_13  job_1_task_13  job_11_task_14 job_2_task_15  job_2_task_16  job_10_task_12 job_10_task_13 job_9_task_14  job_9_task_15  job_5_task_13  job_5_task_14  job_1_task_15  job_4_task_15  job_12_task_15 job_3_task_15  job_11_task_16 job_4_task_16  job_7_task_15  job_0_task_16  job_7_task_16  
           [0,8]          [8,18]         [18,19]        [19,21]        [21,26]        [26,33]        [33,43]        [43,51]        [51,55]        [55,62]        [62,66]        [66,68]        [68,71]        [71,74]        [74,81]        [81,91]        [91,98]        [98,102]       [102,108]      [108,112]      [112,116]      [116,126]      [126,133]      [133,138]      [138,144]      [144,145]      [145,146]      [146,149]      [149,152]      [152,153]      [157,158]      [166,169]      [169,174]      [176,182]      [182,183]      [187,196]      [196,202]      [214,215]      [221,229]      [229,235]      [249,258]      [304,305]      [314,317]      [317,322]      [322,328]      [328,336]      [336,345]      [345,348]      [348,353]      [353,359]      [359,360]      [360,362]      [362,368]      [368,377]      [377,382]      [382,388]      [388,391]      [391,396]      [396,401]      [401,403]      [403,406]      [408,412]      [412,419]      [419,429]      [429,437]      [437,444]      [444,449]      [449,454]      [454,455]      
Machine 2: job_8_task_0   job_6_task_0   job_7_task_0   job_11_task_0  job_12_task_1  job_0_task_1   job_5_task_1   job_4_task_0   job_6_task_3   job_5_task_2   job_6_task_4   job_0_task_3   job_3_task_5   job_11_task_2  job_11_task_3  job_7_task_3   job_4_task_3   job_0_task_4   job_2_task_6   job_4_task_4   job_0_task_5   job_11_task_4  job_0_task_6   job_5_task_4   job_9_task_3   job_1_task_5   job_0_task_7   job_6_task_6   job_10_task_4  job_4_task_6   job_10_task_5  job_9_task_5   job_8_task_8   job_1_task_7   job_12_task_7  job_1_task_8   job_5_task_6   job_6_task_9   job_7_task_8   job_4_task_9   job_11_task_7  job_2_task_10  job_6_task_10  job_0_task_10  job_7_task_9   job_2_task_11  job_1_task_9   job_8_task_10  job_5_task_7   job_4_task_10  job_12_task_9  job_0_task_11  job_5_task_8   job_2_task_12  job_11_task_11 job_9_task_10  job_7_task_11  job_7_task_13  job_2_task_14  job_0_task_14  job_1_task_14  job_10_task_11 job_5_task_12  job_6_task_15  job_1_task_16  job_6_task_16  job_12_task_16 job_10_task_15 
           [0,3]          [3,8]          [8,9]          [9,19]         [19,24]        [24,30]        [30,37]        [37,42]        [42,52]        [52,57]        [57,65]        [65,72]        [72,77]        [77,78]        [78,85]        [85,94]        [94,99]        [99,102]       [102,106]      [106,107]      [107,109]      [109,115]      [115,119]      [119,129]      [129,131]      [131,136]      [136,137]      [137,146]      [146,152]      [152,157]      [157,163]      [163,170]      [170,180]      [180,183]      [183,187]      [187,197]      [197,207]      [207,210]      [210,216]      [216,224]      [224,225]      [225,228]      [228,236]      [236,240]      [240,249]      [249,254]      [254,256]      [256,265]      [265,266]      [266,268]      [268,271]      [271,278]      [278,283]      [283,287]      [287,289]      [289,297]      [297,304]      [305,310]      [310,319]      [328,336]      [360,368]      [368,371]      [393,394]      [402,410]      [410,414]      [414,417]      [419,422]      [435,439]      
Optimal Schedule Length: 455.0
Total (Unoptimized Schedule Length): 1163
Statistics
  - conflicts: 0
  - branches : 0
  - wall time: 0.214510891s