
Problem
          task_0   task_1    task_2   task_3    task_4   task_5   task_6   task_7   task_8   task_9   task_10  task_11  task_12  task_13  task_14   task_15   task_16  task_17  task_18
job_0    (11, 8)   (6, 1)    (5, 9)  (10, 9)    (5, 3)  (4, 10)  (11, 9)   (8, 6)  (8, 10)   (8, 5)    (1, 3)   (1, 2)   (7, 4)   (2, 4)   (6, 1)    (8, 2)    (9, 9)   (7, 2)  (2, 10)
job_1     (5, 2)   (2, 1)   (10, 2)  (11, 2)    (7, 6)   (1, 1)   (4, 6)   (2, 2)   (7, 6)  (9, 10)   (10, 8)   (8, 3)   (7, 9)   (6, 6)  (10, 9)   (2, 10)    (6, 6)   (5, 5)  (0, 10)
job_2     (5, 5)   (5, 2)    (2, 2)  (5, 10)    (4, 4)   (9, 4)   (1, 5)  (10, 3)  (6, 10)   (8, 9)   (10, 4)  (11, 9)   (7, 5)   (8, 6)  (3, 10)    (5, 4)    (2, 8)   (7, 7)   (6, 5)
job_3    (4, 10)   (0, 6)    (6, 6)   (8, 5)  (11, 10)   (6, 7)   (4, 3)   (4, 1)   (7, 3)   (3, 8)    (5, 7)   (9, 5)   (6, 5)   (9, 5)   (7, 7)    (7, 7)    (3, 2)   (4, 8)   (4, 8)
job_4    (4, 10)  (11, 8)    (3, 5)   (2, 3)    (7, 4)   (6, 2)   (3, 4)  (10, 1)  (5, 10)   (4, 9)    (3, 2)   (3, 9)   (7, 5)   (1, 9)  (11, 2)    (9, 1)    (7, 2)   (8, 1)  (10, 5)
job_5     (2, 5)  (10, 5)    (2, 5)   (8, 6)    (8, 1)   (1, 5)   (1, 6)  (10, 1)   (4, 4)   (8, 3)    (6, 1)  (10, 4)   (9, 8)   (0, 5)   (7, 5)    (4, 9)    (8, 1)   (6, 2)  (11, 7)
job_6     (6, 2)   (5, 3)    (8, 3)  (11, 5)   (11, 7)   (5, 2)   (6, 2)   (7, 3)   (3, 9)  (11, 9)  (10, 10)   (7, 9)  (10, 9)  (11, 9)  (10, 7)   (1, 10)   (11, 2)   (6, 1)   (8, 9)
job_7   (11, 10)   (2, 2)    (2, 7)   (8, 4)   (10, 9)  (0, 10)   (8, 9)   (5, 5)   (9, 1)   (2, 6)   (7, 10)  (11, 4)   (2, 8)   (3, 6)   (3, 8)   (2, 10)    (4, 6)  (11, 9)   (9, 8)
job_8     (9, 5)   (6, 2)    (7, 5)   (8, 2)    (6, 9)   (8, 6)   (5, 9)  (10, 3)  (11, 6)   (1, 7)    (2, 6)  (11, 4)   (5, 4)  (10, 4)   (1, 8)  (11, 10)    (5, 8)   (0, 7)   (5, 8)
job_9     (2, 3)   (8, 1)  (11, 10)   (6, 7)    (0, 6)   (7, 2)   (3, 6)  (11, 8)   (9, 5)   (5, 3)    (9, 6)   (2, 6)  (10, 5)   (3, 6)   (3, 4)   (11, 7)  (10, 10)   (9, 2)   (5, 5)
job_10    (2, 7)   (9, 6)    (2, 6)   (9, 9)    (7, 6)  (11, 2)  (0, 10)   (1, 1)   (9, 9)   (0, 8)   (11, 7)   (8, 2)   (8, 7)   (8, 5)   (9, 5)   (11, 3)    (0, 5)   (9, 7)   (3, 5)
job_11    (7, 6)  (11, 3)    (8, 4)   (0, 7)    (9, 1)   (1, 4)   (3, 8)   (2, 8)  (8, 10)   (3, 6)    (4, 5)  (9, 10)  (11, 2)   (1, 8)   (4, 5)   (0, 10)    (8, 7)   (5, 7)  (8, 10)
job_12   (11, 9)   (3, 5)    (9, 1)   (0, 2)   (0, 10)  (11, 9)   (1, 9)   (1, 6)  (0, 10)   (0, 9)    (4, 7)   (1, 4)  (2, 10)   (2, 4)   (8, 2)    (1, 5)    (1, 9)   (6, 3)  (11, 5)
job_13    (8, 9)   (4, 6)   (10, 9)  (11, 6)    (3, 2)   (8, 5)  (11, 3)   (2, 6)   (7, 4)   (3, 6)    (2, 7)   (6, 5)   (6, 8)  (6, 10)   (5, 2)    (9, 5)    (6, 4)  (9, 10)   (3, 2)
job_14    (2, 9)   (7, 5)    (2, 2)   (9, 7)    (3, 3)   (2, 2)  (5, 10)   (7, 2)   (8, 7)   (5, 7)    (5, 8)   (1, 3)  (11, 1)   (5, 3)   (3, 9)    (1, 9)    (2, 1)   (4, 8)   (0, 7)
job_15   (6, 10)   (9, 8)  (11, 10)   (7, 1)    (7, 2)   (1, 7)  (10, 4)  (11, 1)   (0, 6)   (5, 1)    (5, 5)   (1, 4)   (7, 3)   (2, 7)   (3, 3)    (8, 3)    (6, 8)   (0, 9)   (6, 1)
job_16    (6, 5)   (7, 6)   (11, 1)   (0, 4)    (8, 5)  (2, 10)   (4, 9)   (4, 8)   (1, 5)  (10, 5)    (5, 6)  (10, 7)  (11, 2)   (1, 6)   (8, 6)    (3, 3)   (10, 2)   (6, 7)   (9, 6)
job_17   (10, 2)   (8, 6)    (0, 3)  (0, 10)    (7, 8)  (10, 9)   (4, 1)   (6, 4)   (7, 3)   (4, 6)    (5, 4)   (5, 1)   (7, 2)   (1, 3)   (9, 1)    (2, 1)    (3, 3)   (0, 6)  (1, 10)
job_18    (3, 6)   (8, 3)    (3, 7)  (11, 8)  (11, 10)  (10, 9)   (3, 8)   (7, 2)  (10, 3)   (9, 2)    (1, 3)   (4, 1)   (4, 8)  (3, 10)  (1, 10)   (10, 7)    (7, 8)  (10, 8)   (1, 4)
job_19    (6, 6)   (7, 9)   (10, 5)  (11, 1)    (5, 6)   (0, 3)   (2, 2)   (5, 9)   (8, 3)   (3, 1)    (0, 1)   (9, 7)   (1, 9)   (6, 7)   (0, 9)    (1, 2)    (9, 5)   (5, 3)   (8, 9)


Solution:
Machine 0: job_17_task_2  job_3_task_1   job_17_task_3  job_12_task_3  job_12_task_4  job_7_task_5   job_11_task_3  job_16_task_3  job_12_task_8  job_12_task_9  job_9_task_4   job_17_task_17 job_19_task_5  job_10_task_6  job_19_task_10 job_5_task_13  job_19_task_14 job_10_task_9  job_11_task_15 job_15_task_8  job_1_task_18  job_14_task_18 job_10_task_16 job_8_task_17  job_15_task_17 
           [8,11]         [11,17]        [17,27]        [27,29]        [29,39]        [39,49]        [49,56]        [56,60]        [68,78]        [78,87]        [87,93]        [96,102]       [102,105]      [109,119]      [120,121]      [121,126]      [148,157]      [157,165]      [166,176]      [184,190]      [190,200]      [207,214]      [214,219]      [219,226]      [228,237]      
Machine 1: job_2_task_6   job_12_task_6  job_11_task_5  job_1_task_5   job_12_task_7  job_5_task_5   job_5_task_6   job_14_task_11 job_17_task_13 job_12_task_11 job_17_task_18 job_18_task_10 job_8_task_9   job_10_task_7  job_16_task_8  job_19_task_12 job_0_task_10  job_12_task_15 job_11_task_13 job_0_task_11  job_15_task_5  job_16_task_13 job_19_task_15 job_8_task_14  job_18_task_14 job_14_task_15 job_15_task_11 job_4_task_13  job_6_task_15  job_12_task_16 job_18_task_18 
           [37,42]        [48,57]        [57,61]        [61,62]        [62,68]        [70,75]        [75,81]        [84,87]        [87,90]        [96,100]       [102,112]      [112,115]      [115,122]      [122,123]      [123,128]      [128,137]      [137,140]      [140,145]      [145,153]      [153,155]      [155,162]      [162,168]      [168,170]      [170,178]      [178,188]      [188,197]      [197,201]      [201,210]      [210,220]      [220,229]      [229,233]      
Machine 2: job_14_task_0  job_1_task_1   job_7_task_1   job_2_task_2   job_14_task_2  job_7_task_2   job_9_task_0   job_14_task_5  job_5_task_0   job_10_task_0  job_5_task_2   job_10_task_2  job_1_task_7   job_11_task_7  job_7_task_9   job_4_task_3   job_17_task_15 job_16_task_5  job_19_task_6  job_13_task_7  job_12_task_12 job_7_task_12  job_12_task_13 job_8_task_10  job_13_task_10 job_1_task_15  job_0_task_13  job_7_task_15  job_9_task_11  job_14_task_16 job_15_task_13 job_2_task_16  job_0_task_18  
           [0,9]          [9,10]         [10,12]        [12,14]        [14,16]        [16,23]        [23,26]        [27,29]        [29,34]        [34,41]        [50,55]        [55,61]        [68,70]        [70,78]        [78,84]        [84,87]        [91,92]        [92,102]       [105,107]      [107,113]      [113,123]      [123,131]      [131,135]      [135,141]      [141,148]      [148,158]      [159,163]      [163,173]      [173,179]      [198,199]      [206,213]      [217,225]      [225,235]      
Machine 3: job_18_task_0  job_18_task_2  job_12_task_1  job_14_task_4  job_11_task_6  job_4_task_2   job_18_task_6  job_13_task_4  job_17_task_16 job_4_task_6   job_11_task_9  job_3_task_9   job_19_task_9  job_9_task_6   job_13_task_9  job_7_task_13  job_7_task_14  job_4_task_10  job_6_task_8   job_4_task_11  job_18_task_13 job_16_task_15 job_14_task_14 job_9_task_13  job_9_task_14  job_2_task_14  job_15_task_14 job_13_task_18 job_3_task_16  job_10_task_18 
           [0,6]          [11,18]        [19,24]        [24,27]        [61,69]        [78,83]        [83,91]        [91,93]        [93,96]        [96,100]       [100,106]      [111,119]      [119,120]      [120,126]      [126,132]      [132,138]      [138,146]      [146,148]      [148,157]      [157,166]      [166,176]      [176,179]      [179,188]      [191,197]      [197,201]      [203,213]      [213,216]      [217,219]      [219,221]      [231,236]      
Machine 4: job_3_task_0   job_4_task_0   job_13_task_1  job_2_task_4   job_17_task_6  job_17_task_9  job_1_task_6   job_0_task_5   job_12_task_10 job_5_task_8   job_3_task_6   job_3_task_7   job_16_task_6  job_16_task_7  job_18_task_11 job_11_task_10 job_4_task_9   job_18_task_12 job_11_task_14 job_5_task_15  job_14_task_17 job_7_task_16  job_3_task_17  job_3_task_18  
           [0,10]         [10,20]        [20,26]        [26,30]        [45,46]        [53,59]        [62,68]        [76,86]        [89,96]        [96,100]       [101,104]      [104,105]      [105,114]      [114,122]      [122,123]      [123,128]      [135,144]      [153,161]      [161,166]      [166,175]      [199,207]      [208,214]      [221,229]      [229,237]      
Machine 5: job_2_task_0   job_2_task_1   job_1_task_0   job_2_task_3   job_14_task_6  job_8_task_6   job_0_task_2   job_14_task_9  job_7_task_7   job_17_task_10 job_0_task_4   job_14_task_10 job_17_task_11 job_6_task_1   job_19_task_4  job_19_task_7  job_4_task_8   job_6_task_5   job_16_task_10 job_3_task_10  job_8_task_12  job_9_task_9   job_1_task_17  job_14_task_13 job_19_task_17 job_13_task_14 job_15_task_9  job_15_task_10 job_11_task_17 job_8_task_16  job_2_task_15  job_9_task_18  job_8_task_18  
           [0,5]          [5,7]          [7,9]          [14,24]        [29,39]        [39,48]        [48,57]        [57,64]        [64,69]        [69,73]        [73,76]        [76,84]        [84,85]        [85,88]        [95,101]       [107,116]      [116,126]      [136,138]      [138,144]      [144,151]      [155,159]      [164,167]      [169,174]      [176,179]      [179,182]      [188,190]      [190,191]      [191,196]      [196,203]      [203,211]      [213,217]      [223,228]      [228,236]      
Machine 6: job_16_task_0  job_8_task_1   job_19_task_0  job_3_task_2   job_8_task_4   job_0_task_1   job_6_task_0   job_17_task_7  job_2_task_8   job_9_task_3   job_15_task_0  job_4_task_5   job_3_task_5   job_5_task_10  job_1_task_13  job_6_task_6   job_19_task_13 job_13_task_11 job_1_task_16  job_0_task_14  job_13_task_12 job_3_task_12  job_13_task_13 job_5_task_17  job_13_task_16 job_16_task_17 job_15_task_16 job_6_task_17  job_12_task_17 job_2_task_18  job_15_task_18 
           [0,5]          [5,7]          [7,13]         [17,23]        [23,32]        [32,33]        [39,41]        [46,50]        [53,63]        [63,70]        [70,80]        [92,94]        [94,101]       [103,104]      [126,132]      [139,141]      [141,148]      [148,153]      [158,164]      [164,165]      [165,173]      [173,178]      [178,188]      [194,196]      [197,201]      [204,211]      [220,228]      [228,229]      [229,232]      [232,237]      [237,238]      
Machine 7: job_11_task_0  job_14_task_1  job_8_task_2   job_16_task_1  job_17_task_4  job_14_task_7  job_19_task_1  job_17_task_8  job_1_task_4   job_10_task_4  job_1_task_8   job_17_task_12 job_4_task_4   job_18_task_7  job_7_task_10  job_9_task_5   job_3_task_8   job_13_task_8  job_1_task_12  job_5_task_14  job_15_task_3  job_15_task_4  job_6_task_7   job_0_task_12  job_4_task_12  job_6_task_11  job_3_task_14  job_2_task_12  job_0_task_17  job_15_task_12 job_3_task_15  job_18_task_16 job_4_task_16  job_2_task_17  
           [0,6]          [9,14]         [14,19]        [19,25]        [27,35]        [39,41]        [41,50]        [50,53]        [53,59]        [70,76]        [79,85]        [85,87]        [88,92]        [92,94]        [94,104]       [104,106]      [106,109]      [113,117]      [117,126]      [132,137]      [141,142]      [142,144]      [145,148]      [155,159]      [166,171]      [176,185]      [185,192]      [192,197]      [197,199]      [203,206]      [206,213]      [213,221]      [221,223]      [225,232]      
Machine 8: job_17_task_1  job_18_task_1  job_13_task_0  job_8_task_3   job_7_task_3   job_9_task_1   job_3_task_3   job_8_task_5   job_11_task_2  job_14_task_8  job_7_task_6   job_5_task_3   job_5_task_4   job_2_task_9   job_16_task_4  job_11_task_8  job_6_task_2   job_13_task_5  job_5_task_9   job_0_task_7   job_1_task_11  job_19_task_8  job_0_task_8   job_0_task_9   job_12_task_14 job_0_task_15  job_16_task_14 job_5_task_16  job_11_task_16 job_10_task_11 job_10_task_12 job_10_task_13 job_2_task_13  job_11_task_18 job_15_task_15 job_19_task_18 job_4_task_17  job_6_task_18  
           [2,8]          [8,11]         [11,20]        [20,22]        [23,27]        [27,28]        [28,33]        [33,39]        [39,43]        [43,50]        [50,59]        [59,65]        [65,66]        [66,75]        [75,80]        [80,90]        [92,95]        [95,100]       [100,103]      [104,110]      [110,113]      [116,119]      [119,129]      [129,134]      [135,137]      [167,169]      [169,175]      [175,176]      [176,183]      [183,185]      [185,192]      [192,197]      [197,203]      [203,213]      [216,219]      [219,228]      [228,229]      [229,238]      
Machine 9: job_8_task_0   job_14_task_3  job_12_task_2  job_2_task_5   job_10_task_1  job_11_task_4  job_10_task_3  job_7_task_8   job_15_task_1  job_17_task_14 job_1_task_9   job_18_task_9  job_5_task_12  job_19_task_11 job_11_task_11 job_10_task_8  job_3_task_11  job_9_task_8   job_9_task_10  job_19_task_16 job_3_task_13  job_0_task_16  job_13_task_15 job_10_task_14 job_13_task_17 job_16_task_18 job_4_task_15  job_9_task_17  job_10_task_17 job_7_task_18  
           [0,5]          [16,23]        [24,25]        [33,37]        [41,47]        [56,57]        [61,70]        [70,71]        [80,88]        [90,91]        [91,101]       [101,103]      [113,121]      [121,128]      [128,138]      [145,154]      [154,159]      [159,164]      [167,173]      [173,178]      [178,183]      [183,192]      [192,197]      [197,202]      [202,212]      [212,218]      [218,219]      [220,222]      [222,229]      [229,237]      
Machine 10: job_17_task_0  job_1_task_2   job_7_task_4   job_17_task_5  job_5_task_1   job_2_task_7   job_13_task_2  job_0_task_3   job_18_task_5  job_19_task_2  job_2_task_10  job_8_task_7   job_5_task_7   job_18_task_8  job_4_task_7   job_1_task_10  job_5_task_11  job_16_task_9  job_1_task_14  job_16_task_11 job_8_task_13  job_6_task_10  job_15_task_6  job_9_task_12  job_6_task_12  job_18_task_15 job_16_task_16 job_6_task_14  job_9_task_16  job_18_task_17 job_4_task_18  
           [0,2]          [10,12]        [27,36]        [36,45]        [45,50]        [50,53]        [53,62]        [62,71]        [71,80]        [80,85]        [85,89]        [89,92]        [92,93]        [94,97]        [100,101]      [101,109]      [109,113]      [128,133]      [134,143]      [144,151]      [161,165]      [166,176]      [176,180]      [180,185]      [185,194]      [194,201]      [201,203]      [203,210]      [210,220]      [221,229]      [229,234]      
Machine 11: job_7_task_0   job_12_task_0  job_11_task_1  job_0_task_0   job_18_task_3  job_16_task_2  job_12_task_5  job_1_task_3   job_9_task_2   job_18_task_4  job_4_task_1   job_13_task_3  job_3_task_4   job_19_task_3  job_0_task_6   job_13_task_6  job_10_task_5  job_8_task_8   job_7_task_11  job_6_task_3   job_6_task_4   job_15_task_2  job_11_task_12 job_8_task_11  job_9_task_7   job_16_task_12 job_6_task_9   job_2_task_11  job_14_task_12 job_10_task_10 job_15_task_7  job_8_task_15  job_6_task_13  job_9_task_15  job_10_task_15 job_4_task_14  job_7_task_17  job_6_task_16  job_5_task_18  job_12_task_18 
           [0,10]         [10,19]        [19,22]        [22,30]        [30,38]        [38,39]        [39,48]        [48,50]        [50,60]        [60,70]        [70,78]        [78,84]        [84,94]        [94,95]        [95,104]       [104,107]      [107,109]      [109,115]      [115,119]      [119,124]      [124,131]      [131,141]      [141,143]      [143,147]      [147,155]      [155,157]      [157,166]      [166,175]      [175,176]      [176,183]      [183,184]      [184,194]      [194,203]      [203,210]      [210,213]      [213,215]      [215,224]      [224,226]      [226,233]      [233,238]      
Optimal Schedule Length: 238.0
Total (Unoptimized Schedule Length): 2124
Statistics
  - conflicts: 0
  - branches : 69
  - wall time: 6.882401869000001s