
 Problem
         task_0  task_1  task_2  task_3  task_4  task_5  task_6  task_7  task_8  task_9 task_10 task_11 task_12 task_13 task_14 task_15
job_0   (2, 5)  (1, 2)  (4, 2)  (4, 7)  (0, 2)  (4, 4)  (1, 4)  (4, 5)  (3, 2)  (1, 5)  (3, 5)  (0, 7)  (0, 1)  (4, 7)  (2, 8)  (2, 7)
job_1   (0, 1)  (1, 1)  (2, 1)  (0, 8)  (0, 4)  (0, 1)  (0, 4)  (0, 5)  (4, 0)  (0, 6)  (1, 3)  (2, 0)  (3, 1)  (1, 8)  (2, 1)  (1, 3)
job_2   (0, 2)  (3, 5)  (2, 6)  (0, 4)  (1, 1)  (2, 5)  (1, 8)  (3, 4)  (3, 1)  (1, 8)  (2, 5)  (3, 6)  (2, 9)  (4, 8)  (3, 4)  (2, 7)
job_3   (2, 9)  (3, 3)  (3, 5)  (4, 4)  (0, 6)  (1, 7)  (2, 2)  (1, 5)  (2, 7)  (2, 2)  (3, 3)  (0, 3)  (0, 2)  (2, 1)  (2, 8)  (0, 8)
job_4   (4, 4)  (4, 4)  (2, 6)  (3, 0)  (0, 4)  (4, 1)  (2, 5)  (3, 5)  (4, 8)  (2, 5)  (3, 7)  (2, 6)  (1, 9)  (0, 3)  (0, 4)  (0, 7)
job_5   (2, 5)  (4, 1)  (2, 4)  (2, 9)  (0, 5)  (4, 0)  (1, 6)  (4, 7)  (3, 5)  (0, 8)  (4, 2)  (1, 6)  (2, 1)  (0, 2)  (2, 8)  (1, 9)
job_6   (2, 8)  (3, 7)  (4, 4)  (3, 1)  (1, 9)  (0, 7)  (2, 9)  (4, 1)  (0, 1)  (1, 2)  (0, 6)  (3, 6)  (4, 3)  (4, 6)  (2, 1)  (2, 8)
job_7   (4, 7)  (1, 5)  (3, 9)  (3, 7)  (0, 9)  (3, 1)  (3, 7)  (4, 3)  (4, 2)  (0, 1)  (0, 5)  (3, 9)  (2, 8)  (1, 8)  (0, 6)  (0, 5)
job_8   (2, 3)  (1, 7)  (3, 3)  (0, 8)  (0, 8)  (0, 1)  (0, 9)  (2, 4)  (0, 0)  (3, 9)  (2, 3)  (0, 1)  (1, 2)  (1, 3)  (3, 4)  (3, 3)
job_9   (3, 1)  (2, 2)  (2, 3)  (4, 9)  (2, 3)  (0, 9)  (3, 1)  (3, 1)  (0, 2)  (3, 2)  (4, 6)  (0, 6)  (1, 0)  (4, 2)  (1, 6)  (1, 7)
job_10  (0, 0)  (2, 8)  (1, 0)  (0, 4)  (0, 4)  (3, 1)  (0, 3)  (4, 7)  (3, 3)  (4, 4)  (0, 5)  (1, 0)  (1, 3)  (4, 8)  (3, 5)  (1, 2)
job_11  (0, 0)  (2, 8)  (2, 9)  (3, 0)  (0, 3)  (4, 7)  (2, 7)  (2, 7)  (0, 7)  (4, 2)  (1, 7)  (3, 6)  (2, 9)  (2, 4)  (3, 2)  (2, 1)
job_12  (1, 0)  (3, 8)  (4, 9)  (4, 9)  (0, 8)  (0, 4)  (0, 4)  (3, 7)  (3, 6)  (4, 9)  (3, 4)  (4, 7)  (0, 4)  (1, 3)  (4, 1)  (0, 8)
job_13  (0, 5)  (4, 9)  (1, 7)  (0, 6)  (0, 7)  (1, 9)  (2, 9)  (2, 4)  (3, 1)  (1, 0)  (4, 3)  (0, 9)  (1, 5)  (0, 0)  (3, 2)  (4, 6)
job_14  (2, 6)  (2, 7)  (3, 6)  (2, 1)  (4, 2)  (4, 4)  (3, 9)  (4, 6)  (3, 3)  (4, 1)  (3, 3)  (3, 1)  (0, 3)  (3, 2)  (1, 3)  (2, 4)
job_15  (1, 2)  (3, 4)  (1, 7)  (1, 9)  (0, 8)  (1, 5)  (1, 7)  (4, 6)  (4, 0)  (0, 7)  (0, 5)  (3, 6)  (2, 5)  (0, 6)  (4, 7)  (4, 2)
job_16  (3, 2)  (1, 2)  (4, 4)  (3, 5)  (2, 2)  (1, 9)  (1, 3)  (2, 4)  (2, 4)  (1, 4)  (4, 2)  (3, 2)  (3, 2)  (3, 6)  (2, 6)  (4, 8)
job_17  (2, 4)  (2, 9)  (4, 4)  (1, 7)  (4, 4)  (3, 7)  (3, 6)  (2, 7)  (4, 6)  (3, 5)  (4, 2)  (0, 1)  (4, 8)  (0, 4)  (1, 4)  (2, 8)

Solution:
Machine 0: job_2_task_0   job_10_task_0  job_11_task_0  job_13_task_0  job_1_task_0   job_15_task_4  job_13_task_3  job_2_task_3   job_12_task_4  job_7_task_4   job_12_task_5  job_0_task_4   job_13_task_4  job_11_task_4  job_4_task_4   job_3_task_4   job_5_task_4   job_8_task_3   job_12_task_6  job_6_task_5   job_8_task_4   job_10_task_3  job_10_task_4  job_7_task_9   job_7_task_10  job_1_task_3   job_9_task_5   job_10_task_6  job_8_task_5   job_11_task_8  job_15_task_9  job_8_task_6   job_1_task_4   job_5_task_9   job_6_task_8   job_1_task_5   job_9_task_8   job_1_task_6   job_15_task_10 job_6_task_10  job_8_task_8   job_0_task_11  job_1_task_7   job_17_task_11 job_0_task_12  job_10_task_10 job_3_task_11  job_1_task_9   job_13_task_11 job_9_task_11  job_3_task_12  job_5_task_13  job_17_task_13 job_12_task_12 job_13_task_13 job_15_task_13 job_4_task_13  job_8_task_11  job_14_task_12 job_4_task_14  job_7_task_14  job_12_task_15 job_3_task_15  job_4_task_15  job_7_task_15  
           [0,2]          [0,0]          [0,0]          [2,7]          [7,8]          [28,36]        [36,42]        [42,46]        [46,54]        [54,63]        [63,67]        [67,69]        [69,76]        [76,79]        [79,83]        [83,89]        [89,94]        [94,102]       [102,106]      [106,113]      [113,121]      [121,125]      [125,129]      [129,130]      [130,135]      [135,143]      [143,152]      [152,155]      [155,156]      [156,163]      [163,170]      [170,179]      [179,183]      [183,191]      [191,192]      [192,193]      [193,195]      [195,199]      [199,204]      [204,210]      [204,204]      [210,217]      [217,222]      [222,223]      [223,224]      [224,229]      [229,232]      [232,238]      [238,247]      [247,253]      [253,255]      [255,257]      [257,261]      [261,265]      [261,261]      [265,271]      [271,274]      [274,275]      [275,278]      [278,282]      [282,288]      [288,296]      [296,304]      [304,311]      [311,316]      
Machine 1: job_12_task_0  job_15_task_0  job_7_task_1   job_15_task_2  job_15_task_3  job_1_task_1   job_13_task_2  job_15_task_5  job_15_task_6  job_17_task_3  job_0_task_1   job_2_task_4   job_16_task_1  job_6_task_4   job_8_task_1   job_0_task_6   job_13_task_5  job_2_task_6   job_5_task_6   job_3_task_5   job_0_task_9   job_10_task_2  job_2_task_9   job_16_task_5  job_16_task_6  job_3_task_7   job_11_task_10 job_16_task_9  job_6_task_9   job_5_task_11  job_13_task_9  job_4_task_12  job_7_task_13  job_10_task_11 job_10_task_12 job_1_task_10  job_1_task_13  job_9_task_12  job_13_task_12 job_9_task_14  job_12_task_13 job_17_task_14 job_5_task_15  job_8_task_12  job_8_task_13  job_14_task_14 job_9_task_15  job_10_task_15 job_1_task_15  
           [0,0]          [0,2]          [7,12]         [12,19]        [19,28]        [28,29]        [29,36]        [36,41]        [41,48]        [48,55]        [55,57]        [57,58]        [58,60]        [60,69]        [76,83]        [83,87]        [87,96]        [96,104]       [104,110]      [110,117]      [117,122]      [117,117]      [122,130]      [130,139]      [139,142]      [160,165]      [171,178]      [187,191]      [192,194]      [194,200]      [200,200]      [208,217]      [227,235]      [235,235]      [235,238]      [238,241]      [246,254]      [254,254]      [254,259]      [259,265]      [265,268]      [268,272]      [272,281]      [281,283]      [283,286]      [286,289]      [289,296]      [296,298]      [312,315]      
Machine 2: job_17_task_0  job_17_task_1  job_6_task_0   job_11_task_1  job_5_task_0   job_2_task_2   job_3_task_0   job_0_task_0   job_5_task_2   job_11_task_2  job_4_task_2   job_8_task_0   job_5_task_3   job_2_task_5   job_14_task_0  job_9_task_1   job_4_task_6   job_9_task_2   job_10_task_1  job_14_task_1  job_16_task_4  job_11_task_6  job_1_task_2   job_9_task_4   job_17_task_7  job_11_task_7  job_6_task_6   job_14_task_3  job_3_task_6   job_4_task_9   job_2_task_10  job_13_task_6  job_16_task_7  job_16_task_8  job_3_task_8   job_13_task_7  job_8_task_7   job_4_task_11  job_2_task_12  job_3_task_9   job_7_task_12  job_5_task_12  job_15_task_12 job_8_task_10  job_11_task_12 job_0_task_14  job_1_task_11  job_16_task_14 job_3_task_13  job_5_task_14  job_3_task_14  job_6_task_14  job_17_task_15 job_6_task_15  job_11_task_13 job_0_task_15  job_2_task_15  job_1_task_14  job_14_task_15 job_11_task_15 
           [0,4]          [4,13]         [13,21]        [21,29]        [29,34]        [34,40]        [40,49]        [49,54]        [54,58]        [58,67]        [67,73]        [73,76]        [76,85]        [85,90]        [90,96]        [96,98]        [98,103]       [103,106]      [106,114]      [114,121]      [121,123]      [123,130]      [130,131]      [131,134]      [134,141]      [141,148]      [148,157]      [157,158]      [158,160]      [160,165]      [165,170]      [170,179]      [179,183]      [183,187]      [187,194]      [194,198]      [198,202]      [202,208]      [208,217]      [217,219]      [219,227]      [227,228]      [228,233]      [233,236]      [236,245]      [245,253]      [245,245]      [253,259]      [259,260]      [260,268]      [268,276]      [276,277]      [277,285]      [285,293]      [293,297]      [297,304]      [304,311]      [311,312]      [312,316]      [316,317]      
Machine 3: job_12_task_1  job_15_task_1  job_2_task_1   job_7_task_2   job_6_task_1   job_7_task_3   job_16_task_0  job_9_task_0   job_3_task_1   job_3_task_2   job_6_task_3   job_7_task_5   job_7_task_6   job_11_task_3  job_17_task_5  job_4_task_3   job_16_task_3  job_8_task_2   job_17_task_6  job_0_task_8   job_4_task_7   job_2_task_7   job_12_task_7  job_2_task_8   job_12_task_8  job_14_task_2  job_10_task_5  job_5_task_8   job_7_task_11  job_0_task_10  job_9_task_6   job_9_task_7   job_17_task_9  job_12_task_10 job_10_task_8  job_4_task_10  job_14_task_6  job_2_task_11  job_11_task_11 job_14_task_8  job_9_task_9   job_13_task_8  job_16_task_11 job_16_task_12 job_15_task_11 job_8_task_9   job_3_task_10  job_6_task_11  job_16_task_13 job_14_task_10 job_14_task_11 job_2_task_14  job_1_task_12  job_10_task_14 job_13_task_14 job_14_task_13 job_8_task_14  job_8_task_15  job_11_task_14 
           [0,8]          [8,12]         [12,17]        [17,26]        [26,33]        [33,40]        [40,42]        [42,43]        [49,52]        [52,57]        [57,58]        [63,64]        [64,71]        [71,71]        [71,78]        [78,78]        [78,83]        [83,86]        [86,92]        [98,100]       [103,108]      [108,112]      [112,119]      [119,120]      [120,126]      [126,132]      [132,133]      [133,138]      [138,147]      [147,152]      [152,153]      [153,154]      [154,159]      [159,163]      [163,166]      [166,173]      [173,182]      [182,188]      [188,194]      [194,197]      [197,199]      [199,200]      [200,202]      [202,204]      [204,210]      [210,219]      [219,222]      [222,228]      [228,234]      [234,237]      [237,238]      [238,242]      [245,246]      [257,262]      [262,264]      [278,280]      [286,290]      [290,293]      [297,299]      
Machine 4: job_7_task_0   job_4_task_0   job_12_task_2  job_13_task_1  job_4_task_1   job_12_task_3  job_5_task_1   job_17_task_2  job_6_task_2   job_15_task_7  job_0_task_2   job_15_task_8  job_0_task_3   job_17_task_4  job_16_task_2  job_3_task_3   job_0_task_5   job_11_task_5  job_4_task_5   job_7_task_7   job_0_task_7   job_5_task_5   job_7_task_8   job_9_task_3   job_4_task_8   job_5_task_7   job_12_task_9  job_17_task_8  job_10_task_7  job_14_task_4  job_14_task_5  job_6_task_7   job_11_task_9  job_17_task_10 job_10_task_9  job_12_task_11 job_14_task_7  job_5_task_10  job_16_task_10 job_14_task_9  job_9_task_10  job_13_task_10 job_2_task_13  job_1_task_8   job_17_task_12 job_0_task_13  job_6_task_12  job_6_task_13  job_10_task_13 job_9_task_13  job_16_task_15 job_13_task_15 job_12_task_14 job_15_task_14 job_15_task_15 
           [0,7]          [7,11]         [11,20]        [20,29]        [29,33]        [33,42]        [42,43]        [43,47]        [47,51]        [51,57]        [57,59]        [57,57]        [59,66]        [66,70]        [70,74]        [74,78]        [78,82]        [82,89]        [89,90]        [90,93]        [93,98]        [98,98]        [98,100]       [106,115]      [115,123]      [123,130]      [130,139]      [141,147]      [155,162]      [162,164]      [164,168]      [168,169]      [169,171]      [171,173]      [173,177]      [177,184]      [184,190]      [191,193]      [193,195]      [197,198]      [199,205]      [205,208]      [217,225]      [225,225]      [225,233]      [233,240]      [240,243]      [243,249]      [249,257]      [257,259]      [259,267]      [267,273]      [273,274]      [274,281]      [281,283]      
Optimal Schedule Length: 317.0
Total (Unoptimized Schedule Length): 1340
Statistics
  - conflicts: 1
  - branches : 289
  - wall time: 0.032691208s