
Problem
          task_0   task_1    task_2   task_3   task_4   task_5    task_6   task_7   task_8    task_9  task_10  task_11   task_12  task_13  task_14  task_15  task_16  task_17
job_0    (9, 10)  (7, 10)   (11, 8)  (0, 10)   (2, 3)   (2, 7)    (2, 2)   (5, 9)  (10, 8)    (6, 5)   (1, 8)   (6, 3)    (3, 1)  (10, 4)   (8, 3)  (11, 8)   (1, 9)   (9, 8)
job_1     (1, 7)   (0, 4)   (5, 10)   (7, 9)   (4, 5)   (0, 1)    (4, 9)   (5, 6)   (3, 9)    (2, 8)   (2, 7)  (10, 9)    (5, 3)   (5, 3)   (0, 5)   (7, 2)   (3, 9)   (5, 5)
job_2    (2, 10)   (3, 5)   (11, 8)   (8, 2)  (11, 3)   (3, 4)    (6, 8)   (6, 7)   (8, 4)    (7, 6)   (0, 5)  (11, 7)    (7, 9)  (5, 10)   (4, 9)   (2, 1)   (1, 9)   (4, 4)
job_3     (4, 3)   (4, 4)    (5, 5)   (2, 1)   (8, 5)   (6, 2)   (11, 7)   (5, 5)   (8, 6)    (7, 5)   (5, 8)   (0, 9)    (6, 8)  (11, 9)   (2, 3)  (11, 5)  (5, 10)   (3, 3)
job_4     (6, 1)   (9, 8)    (7, 7)  (0, 10)   (3, 2)  (9, 10)   (10, 7)   (9, 8)   (3, 6)    (4, 3)   (2, 4)   (8, 6)    (6, 2)   (8, 3)   (8, 4)   (2, 1)  (11, 1)  (8, 10)
job_5    (5, 10)   (9, 1)  (10, 10)   (5, 1)   (5, 1)   (3, 2)    (4, 9)  (4, 10)   (0, 1)    (9, 2)   (2, 9)   (3, 4)    (0, 1)  (11, 5)   (8, 2)   (6, 7)  (3, 10)   (9, 4)
job_6     (5, 8)   (4, 6)    (3, 5)   (1, 5)   (4, 5)   (8, 2)    (0, 2)   (3, 3)   (1, 9)   (11, 1)   (0, 3)  (10, 3)    (7, 1)   (9, 4)  (4, 10)   (0, 7)  (10, 7)   (1, 9)
job_7     (5, 1)   (2, 7)    (2, 5)   (5, 6)   (4, 7)   (3, 5)    (4, 9)   (1, 1)   (2, 2)   (11, 4)   (7, 6)  (11, 4)    (5, 6)   (1, 2)   (0, 7)  (10, 6)   (6, 9)   (2, 6)
job_8     (3, 4)   (6, 5)    (1, 5)   (3, 4)   (2, 6)  (1, 10)   (10, 6)  (1, 10)  (10, 8)    (9, 1)   (5, 6)   (2, 6)  (10, 10)   (0, 8)   (0, 2)   (3, 2)   (1, 2)   (1, 7)
job_9   (10, 10)  (10, 6)   (11, 2)   (1, 1)   (0, 4)   (1, 6)   (11, 4)   (4, 3)   (1, 5)    (7, 3)   (8, 2)   (1, 7)   (2, 10)   (0, 6)  (10, 7)  (11, 9)  (10, 6)   (7, 2)
job_10    (8, 8)   (6, 3)    (3, 1)   (7, 6)  (6, 10)   (1, 5)    (0, 8)   (1, 1)   (0, 4)  (11, 10)   (4, 5)   (4, 7)    (0, 3)   (9, 8)   (9, 8)   (5, 5)   (4, 6)   (0, 2)
job_11    (6, 9)   (2, 3)   (10, 1)   (9, 5)  (0, 10)   (4, 4)  (11, 10)   (9, 9)  (11, 1)    (9, 2)  (10, 1)   (1, 7)    (6, 8)  (11, 8)   (3, 2)   (6, 9)   (3, 9)   (7, 3)
job_12    (6, 2)   (9, 7)    (7, 3)   (3, 4)   (3, 6)  (11, 7)    (3, 7)   (4, 5)   (4, 3)    (1, 5)   (9, 5)   (9, 5)    (1, 3)   (4, 3)   (6, 7)   (1, 4)  (11, 5)   (7, 3)
job_13    (3, 4)  (9, 10)    (5, 3)   (2, 3)   (4, 7)   (1, 6)   (9, 10)   (2, 5)   (7, 6)    (5, 7)   (8, 1)   (4, 8)    (9, 7)   (8, 8)  (11, 3)   (7, 8)   (7, 4)   (7, 8)
job_14   (10, 9)  (2, 10)    (0, 7)   (7, 4)   (8, 2)   (1, 3)    (5, 4)   (2, 1)   (1, 5)    (5, 8)   (5, 6)   (9, 8)  (10, 10)  (5, 10)  (0, 10)   (5, 6)   (4, 5)   (0, 6)
job_15   (6, 10)   (0, 1)    (0, 1)   (7, 8)   (3, 3)   (0, 3)   (10, 3)   (3, 7)   (8, 5)   (9, 10)   (5, 4)   (7, 7)    (2, 4)   (3, 9)   (1, 8)   (6, 2)  (3, 10)   (1, 9)
job_16   (11, 2)  (10, 6)    (1, 1)   (8, 4)   (0, 6)  (11, 7)    (0, 5)   (6, 9)   (0, 7)    (4, 8)   (7, 9)   (9, 8)    (4, 9)   (0, 6)   (0, 9)   (5, 9)   (5, 5)   (0, 2)
job_17    (2, 1)   (6, 1)    (4, 1)   (9, 5)  (6, 10)  (11, 5)    (4, 9)   (2, 7)   (2, 9)    (0, 5)  (10, 3)   (9, 7)    (1, 3)   (6, 6)   (5, 3)  (6, 10)   (7, 5)   (1, 2)
job_18    (0, 3)   (7, 2)   (10, 2)   (0, 4)   (5, 5)   (6, 3)    (5, 3)   (3, 7)  (10, 5)    (0, 9)   (0, 3)  (10, 1)   (10, 2)  (7, 10)  (11, 6)   (7, 8)   (2, 1)   (6, 3)
job_19    (9, 7)   (4, 7)    (8, 8)  (10, 5)   (9, 2)  (10, 9)    (2, 9)   (2, 8)  (5, 10)    (0, 1)   (5, 5)   (4, 9)    (5, 9)   (9, 1)   (5, 7)   (9, 3)   (0, 4)   (1, 4)


Solution:
Machine 0: job_18_task_0  job_1_task_1   job_15_task_1  job_15_task_2  job_18_task_3  job_14_task_2  job_16_task_4  job_0_task_3   job_16_task_6  job_15_task_5  job_11_task_4  job_4_task_3   job_1_task_5   job_16_task_8  job_9_task_4   job_10_task_6  job_6_task_6   job_2_task_10  job_10_task_8  job_3_task_11  job_19_task_9  job_17_task_9  job_18_task_9  job_5_task_8   job_18_task_10 job_6_task_10  job_14_task_14 job_9_task_13  job_16_task_13 job_10_task_12 job_5_task_12  job_7_task_14  job_16_task_14 job_8_task_13  job_8_task_14  job_6_task_15  job_1_task_14  job_14_task_17 job_19_task_16 job_16_task_17 job_10_task_17 
           [0,3]          [7,11]         [11,12]        [12,13]        [13,17]        [20,27]        [27,33]        [33,43]        [43,48]        [48,51]        [51,61]        [61,71]        [71,72]        [72,79]        [79,83]        [83,91]        [91,93]        [94,99]        [99,103]       [103,112]      [112,113]      [113,118]      [118,127]      [127,128]      [128,131]      [135,138]      [138,148]      [148,154]      [154,160]      [160,163]      [163,164]      [164,171]      [171,180]      [180,188]      [188,190]      [190,197]      [197,202]      [202,208]      [213,217]      [217,219]      [219,221]      
Machine 1: job_1_task_0   job_16_task_2  job_8_task_2   job_6_task_3   job_14_task_5  job_9_task_3   job_10_task_5  job_13_task_5  job_8_task_5   job_14_task_8  job_8_task_7   job_7_task_7   job_9_task_5   job_0_task_10  job_10_task_7  job_6_task_8   job_9_task_8   job_9_task_11  job_11_task_11 job_12_task_9  job_7_task_13  job_17_task_12 job_0_task_16  job_15_task_14 job_2_task_16  job_12_task_12 job_15_task_17 job_17_task_17 job_8_task_16  job_8_task_17  job_12_task_15 job_6_task_17  job_19_task_17 
           [0,7]          [17,18]        [18,23]        [23,28]        [40,43]        [43,44]        [44,49]        [49,55]        [55,65]        [65,70]        [71,81]        [81,82]        [83,89]        [89,97]        [97,98]        [100,109]      [110,115]      [127,134]      [135,142]      [142,147]      [147,149]      [149,152]      [152,161]      [161,169]      [169,178]      [178,181]      [185,194]      [194,196]      [196,198]      [198,205]      [205,209]      [209,218]      [218,222]      
Machine 2: job_2_task_0   job_14_task_1  job_17_task_0  job_7_task_1   job_3_task_3   job_7_task_2   job_11_task_1  job_13_task_3  job_8_task_4   job_0_task_4   job_0_task_5   job_0_task_6   job_14_task_7  job_19_task_6  job_13_task_7  job_19_task_7  job_17_task_7  job_17_task_8  job_7_task_8   job_1_task_9   job_1_task_10  job_15_task_12 job_9_task_12  job_5_task_10  job_8_task_11  job_3_task_14  job_18_task_16 job_2_task_15  job_4_task_10  job_4_task_15  job_7_task_17  
           [0,10]         [10,20]        [20,21]        [21,28]        [28,29]        [29,34]        [34,37]        [37,40]        [40,46]        [46,49]        [49,56]        [56,58]        [58,59]        [59,68]        [68,73]        [73,81]        [81,88]        [88,97]        [97,99]        [110,118]      [118,125]      [132,136]      [136,146]      [146,155]      [155,161]      [161,164]      [164,165]      [166,167]      [178,182]      [208,209]      [210,216]      
Machine 3: job_13_task_0  job_8_task_0   job_2_task_1   job_10_task_2  job_6_task_2   job_8_task_3   job_2_task_5   job_15_task_4  job_12_task_3  job_12_task_4  job_7_task_5   job_15_task_7  job_4_task_4   job_5_task_5   job_12_task_6  job_18_task_7  job_6_task_7   job_0_task_12  job_1_task_8   job_4_task_8   job_15_task_13 job_5_task_11  job_11_task_14 job_15_task_16 job_11_task_16 job_8_task_15  job_5_task_16  job_1_task_16  job_3_task_17  
           [0,4]          [4,8]          [10,15]        [15,16]        [16,21]        [23,27]        [34,38]        [38,41]        [57,61]        [61,67]        [67,72]        [72,79]        [79,81]        [81,83]        [83,90]        [90,97]        [97,100]       [100,101]      [101,110]      [136,142]      [142,151]      [155,159]      [162,164]      [175,185]      [185,194]      [194,196]      [196,206]      [206,215]      [215,218]      
Machine 4: job_3_task_0   job_3_task_1   job_6_task_1   job_19_task_1  job_17_task_2  job_6_task_4   job_13_task_4  job_1_task_4   job_7_task_4   job_17_task_6  job_11_task_5  job_7_task_6   job_1_task_6   job_16_task_9  job_5_task_6   job_9_task_7   job_5_task_7   job_12_task_7  job_10_task_10 job_13_task_11 job_12_task_8  job_16_task_12 job_10_task_11 job_2_task_14  job_19_task_11 job_4_task_9   job_6_task_14  job_12_task_13 job_14_task_16 job_2_task_17  job_10_task_16 
           [0,3]          [3,7]          [9,15]         [17,24]        [29,30]        [30,35]        [40,47]        [47,52]        [52,59]        [59,68]        [68,72]        [72,81]        [81,90]        [90,98]        [98,107]       [107,110]      [110,120]      [120,125]      [125,130]      [130,138]      [138,141]      [141,150]      [150,157]      [157,166]      [166,175]      [175,178]      [178,188]      [188,191]      [191,196]      [196,200]      [212,218]      
Machine 5: job_7_task_0   job_6_task_0   job_3_task_2   job_1_task_2   job_5_task_0   job_13_task_2  job_7_task_3   job_14_task_6  job_18_task_4  job_3_task_7   job_18_task_6  job_0_task_7   job_5_task_3   job_14_task_9  job_5_task_4   job_14_task_10 job_3_task_10  job_1_task_7   job_19_task_8  job_13_task_9  job_15_task_10 job_19_task_10 job_14_task_13 job_7_task_12  job_8_task_10  job_2_task_13  job_14_task_15 job_1_task_12  job_1_task_13  job_17_task_14 job_3_task_16  job_19_task_12 job_16_task_15 job_19_task_14 job_10_task_15 job_16_task_16 job_1_task_17  
           [0,1]          [1,9]          [9,14]         [14,24]        [24,34]        [34,37]        [37,43]        [43,47]        [47,52]        [52,57]        [57,60]        [60,69]        [69,70]        [70,78]        [78,79]        [79,85]        [85,93]        [93,99]        [99,109]       [109,116]      [116,120]      [120,125]      [125,135]      [135,141]      [141,147]      [147,157]      [157,163]      [163,166]      [166,169]      [169,172]      [172,182]      [182,191]      [191,200]      [200,207]      [207,212]      [212,217]      [217,222]      
Machine 6: job_15_task_0  job_10_task_1  job_8_task_1   job_4_task_0   job_11_task_0  job_17_task_1  job_12_task_0  job_10_task_4  job_3_task_5   job_17_task_4  job_18_task_5  job_16_task_7  job_2_task_6   job_2_task_7   job_0_task_9   job_0_task_11  job_3_task_12  job_11_task_12 job_17_task_13 job_11_task_15 job_15_task_15 job_17_task_15 job_5_task_15  job_12_task_14 job_4_task_12  job_7_task_16  job_18_task_17 
           [0,10]         [10,13]        [13,18]        [18,19]        [19,28]        [28,29]        [29,31]        [31,41]        [41,43]        [43,53]        [53,56]        [56,65]        [65,73]        [73,80]        [80,85]        [97,100]       [112,120]      [142,150]      [152,158]      [164,173]      [173,175]      [175,185]      [185,192]      [192,199]      [199,201]      [201,210]      [210,213]      
Machine 7: job_18_task_1  job_0_task_1   job_10_task_3  job_15_task_3  job_14_task_3  job_1_task_3   job_4_task_2   job_12_task_2  job_3_task_9   job_13_task_8  job_2_task_9   job_16_task_10 job_7_task_10  job_2_task_12  job_9_task_9   job_15_task_11 job_18_task_13 job_6_task_12  job_18_task_15 job_13_task_15 job_13_task_16 job_13_task_17 job_17_task_16 job_9_task_17  job_11_task_17 job_1_task_15  job_12_task_17 
           [3,5]          [10,20]        [20,26]        [26,34]        [34,38]        [38,47]        [47,54]        [54,57]        [63,68]        [73,79]        [88,94]        [98,107]       [107,113]      [113,122]      [122,125]      [125,132]      [138,148]      [148,149]      [154,162]      [165,173]      [173,177]      [177,185]      [185,190]      [190,192]      [194,197]      [202,204]      [215,218]      
Machine 8: job_10_task_0  job_16_task_3  job_2_task_3   job_19_task_2  job_3_task_4   job_14_task_4  job_6_task_5   job_3_task_8   job_15_task_8  job_2_task_8   job_0_task_14  job_13_task_10 job_9_task_10  job_13_task_13 job_5_task_14  job_4_task_11  job_4_task_13  job_4_task_14  job_4_task_17  
           [0,8]          [18,22]        [23,25]        [25,33]        [33,38]        [38,40]        [40,42]        [57,63]        [79,84]        [84,88]        [107,110]      [116,117]      [125,127]      [153,161]      [175,177]      [182,188]      [201,204]      [204,208]      [210,220]      
Machine 9: job_0_task_0   job_19_task_0  job_13_task_1  job_4_task_1   job_17_task_3  job_19_task_4  job_11_task_3  job_12_task_1  job_5_task_1   job_13_task_6  job_4_task_5   job_15_task_9  job_14_task_11 job_11_task_7  job_16_task_11 job_11_task_9  job_4_task_7   job_8_task_9   job_5_task_9   job_17_task_11 job_13_task_12 job_6_task_13  job_12_task_10 job_12_task_11 job_10_task_13 job_10_task_14 job_0_task_17  job_19_task_13 job_5_task_17  job_19_task_15 
           [0,10]         [10,17]        [17,27]        [27,35]        [35,40]        [40,42]        [42,47]        [47,54]        [54,55]        [55,65]        [81,91]        [91,101]       [101,109]      [109,118]      [118,126]      [126,128]      [128,136]      [136,137]      [137,139]      [139,146]      [146,153]      [153,157]      [157,162]      [162,167]      [167,175]      [175,183]      [183,191]      [191,192]      [206,210]      [210,213]      
Machine 10: job_14_task_0  job_18_task_2  job_16_task_1  job_9_task_0   job_9_task_1   job_19_task_3  job_11_task_2  job_19_task_5  job_15_task_6  job_5_task_2   job_8_task_6   job_0_task_8   job_8_task_8   job_4_task_6   job_18_task_8  job_0_task_13  job_14_task_12 job_17_task_10 job_1_task_11  job_11_task_10 job_18_task_11 job_18_task_12 job_6_task_11  job_9_task_14  job_8_task_12  job_7_task_15  job_9_task_16  job_6_task_16  
           [0,9]          [9,11]         [11,17]        [17,27]        [27,33]        [33,38]        [38,39]        [42,51]        [51,54]        [55,65]        [65,71]        [71,79]        [81,89]        [91,98]        [98,103]       [103,107]      [109,119]      [119,122]      [125,134]      [134,135]      [135,136]      [136,138]      [138,141]      [154,161]      [161,171]      [171,177]      [184,190]      [197,204]      
Machine 11: job_16_task_0  job_2_task_2   job_0_task_2   job_2_task_4   job_16_task_5  job_9_task_2   job_3_task_6   job_17_task_5  job_12_task_5  job_11_task_6  job_9_task_6   job_7_task_9   job_2_task_11  job_10_task_9  job_11_task_8  job_7_task_11  job_3_task_13  job_6_task_9   job_0_task_15  job_18_task_14 job_11_task_13 job_13_task_14 job_3_task_15  job_5_task_13  job_9_task_15  job_4_task_16  job_12_task_16 
           [0,2]          [15,23]        [23,31]        [31,34]        [34,41]        [41,43]        [43,50]        [53,58]        [67,74]        [74,84]        [89,93]        [99,103]       [103,110]      [110,120]      [120,121]      [121,125]      [125,134]      [134,135]      [135,143]      [148,154]      [154,162]      [162,165]      [165,170]      [170,175]      [175,184]      [209,210]      [210,215]      
Optimal Schedule Length: 222.0
Total (Unoptimized Schedule Length): 1996
Statistics
  - conflicts: 0
  - branches : 93
  - wall time: 0.36546252100000004s