
 Problem
         task_0  task_1  task_2  task_3  task_4  task_5  task_6  task_7  task_8  task_9 task_10 task_11 task_12
job_0   (1, 8)  (1, 7)  (2, 4)  (2, 0)  (2, 6)  (2, 0)  (1, 5)  (1, 6)  (0, 9)  (2, 7)  (0, 2)  (2, 5)  (0, 8)
job_1   (0, 2)  (0, 8)  (0, 4)  (2, 4)  (1, 2)  (2, 6)  (2, 6)  (2, 7)  (1, 4)  (0, 6)  (1, 8)  (1, 2)  (0, 1)
job_2   (1, 0)  (1, 8)  (1, 9)  (1, 3)  (2, 5)  (2, 1)  (0, 4)  (1, 7)  (0, 2)  (0, 7)  (1, 3)  (2, 4)  (1, 7)
job_3   (2, 8)  (0, 0)  (2, 6)  (0, 3)  (1, 9)  (2, 0)  (0, 5)  (0, 3)  (2, 1)  (2, 7)  (1, 5)  (2, 0)  (2, 6)
job_4   (0, 3)  (0, 0)  (0, 2)  (2, 9)  (2, 2)  (0, 6)  (1, 4)  (1, 9)  (0, 5)  (0, 9)  (1, 4)  (1, 0)  (0, 0)
job_5   (0, 3)  (0, 8)  (0, 5)  (1, 0)  (1, 0)  (1, 3)  (2, 5)  (0, 5)  (0, 3)  (0, 1)  (0, 9)  (1, 1)  (1, 7)
job_6   (0, 3)  (2, 3)  (0, 9)  (0, 3)  (1, 2)  (1, 1)  (2, 4)  (2, 7)  (2, 0)  (1, 4)  (1, 0)  (0, 5)  (1, 4)
job_7   (0, 6)  (0, 5)  (2, 5)  (2, 0)  (1, 6)  (1, 3)  (2, 5)  (0, 0)  (2, 8)  (1, 7)  (2, 6)  (2, 6)  (2, 3)
job_8   (1, 8)  (1, 0)  (2, 6)  (0, 2)  (1, 7)  (1, 5)  (0, 6)  (2, 5)  (0, 5)  (2, 1)  (0, 6)  (2, 5)  (1, 4)
job_9   (0, 5)  (1, 4)  (1, 0)  (1, 5)  (2, 6)  (2, 8)  (0, 6)  (0, 5)  (0, 5)  (1, 7)  (0, 2)  (2, 9)  (0, 2)
job_10  (2, 3)  (1, 3)  (0, 0)  (2, 3)  (1, 7)  (1, 9)  (2, 7)  (1, 5)  (0, 6)  (2, 9)  (1, 1)  (2, 8)  (0, 9)
job_11  (2, 2)  (0, 6)  (2, 3)  (2, 7)  (2, 0)  (1, 1)  (1, 2)  (0, 5)  (1, 2)  (0, 1)  (2, 3)  (2, 5)  (2, 0)
job_12  (1, 8)  (0, 7)  (1, 1)  (0, 0)  (2, 0)  (1, 8)  (2, 1)  (0, 3)  (1, 7)  (1, 8)  (0, 0)  (0, 8)  (0, 4)
job_13  (1, 3)  (1, 2)  (2, 3)  (0, 3)  (0, 0)  (1, 3)  (2, 7)  (0, 7)  (1, 8)  (2, 2)  (2, 5)  (1, 6)  (2, 2)
job_14  (2, 0)  (0, 3)  (1, 2)  (1, 5)  (2, 4)  (2, 0)  (0, 0)  (1, 2)  (0, 9)  (0, 1)  (1, 3)  (2, 0)  (0, 5)
job_15  (1, 0)  (2, 1)  (0, 4)  (0, 4)  (0, 0)  (0, 3)  (2, 6)  (2, 7)  (1, 3)  (1, 4)  (2, 0)  (2, 4)  (2, 6)
job_16  (2, 1)  (1, 5)  (2, 2)  (2, 1)  (0, 9)  (0, 3)  (1, 9)  (2, 1)  (1, 8)  (0, 1)  (0, 2)  (2, 5)  (0, 1)
job_17  (0, 3)  (2, 1)  (0, 6)  (1, 9)  (0, 3)  (0, 6)  (1, 4)  (1, 2)  (1, 6)  (2, 5)  (2, 4)  (0, 9)  (1, 2)
job_18  (1, 3)  (1, 7)  (0, 0)  (0, 3)  (1, 6)  (0, 2)  (0, 0)  (0, 0)  (0, 8)  (2, 4)  (1, 8)  (1, 9)  (1, 1)

Solution:
Machine 0: job_9_task_0   job_1_task_0   job_17_task_0  job_7_task_0   job_1_task_1   job_3_task_1   job_10_task_2  job_17_task_2  job_7_task_1   job_4_task_0   job_4_task_1   job_4_task_2   job_5_task_0   job_1_task_2   job_5_task_1   job_8_task_3   job_6_task_0   job_12_task_1  job_15_task_2  job_3_task_3   job_5_task_2   job_15_task_3  job_11_task_1  job_15_task_4  job_9_task_6   job_17_task_4  job_13_task_3  job_13_task_4  job_18_task_2  job_18_task_3  job_6_task_2   job_16_task_4  job_17_task_5  job_4_task_5   job_12_task_3  job_14_task_1  job_15_task_5  job_2_task_6   job_10_task_8  job_7_task_7   job_16_task_5  job_12_task_7  job_18_task_5  job_6_task_3   job_18_task_6  job_18_task_7  job_8_task_6   job_0_task_8   job_9_task_7   job_13_task_7  job_18_task_8  job_3_task_6   job_5_task_7   job_9_task_8   job_14_task_6  job_2_task_8   job_3_task_7   job_5_task_8   job_8_task_8   job_2_task_9   job_5_task_9   job_4_task_8   job_5_task_10  job_0_task_10  job_8_task_10  job_1_task_9   job_14_task_8  job_9_task_10  job_4_task_9   job_12_task_10 job_11_task_7  job_12_task_11 job_17_task_11 job_16_task_9  job_14_task_9  job_10_task_12 job_11_task_9  job_6_task_11  job_16_task_10 job_0_task_12  job_12_task_12 job_14_task_12 job_9_task_12  job_16_task_12 job_4_task_12  job_1_task_12  
           [0,5]          [5,7]          [7,10]         [10,16]        [16,24]        [16,16]        [16,16]        [24,30]        [30,35]        [35,38]        [38,38]        [38,40]        [40,43]        [43,47]        [47,55]        [55,57]        [57,60]        [60,67]        [67,71]        [71,74]        [74,79]        [79,83]        [83,89]        [83,83]        [89,95]        [95,98]        [98,101]       [101,101]      [101,101]      [101,104]      [104,113]      [113,122]      [122,128]      [128,134]      [134,134]      [134,137]      [137,140]      [140,144]      [144,150]      [150,150]      [150,153]      [153,156]      [156,158]      [158,161]      [158,158]      [158,158]      [161,167]      [167,176]      [176,181]      [181,188]      [188,196]      [196,201]      [201,206]      [206,211]      [206,206]      [211,213]      [213,216]      [216,219]      [219,224]      [224,231]      [231,232]      [232,237]      [237,246]      [246,248]      [248,254]      [254,260]      [260,269]      [269,271]      [271,280]      [271,271]      [280,285]      [285,293]      [293,302]      [302,303]      [303,304]      [304,313]      [313,314]      [314,319]      [319,321]      [321,329]      [329,333]      [333,338]      [338,340]      [340,341]      [365,365]      [367,368]      
Machine 1: job_0_task_0   job_2_task_0   job_15_task_0  job_10_task_1  job_2_task_1   job_10_task_4  job_8_task_0   job_8_task_1   job_9_task_1   job_0_task_1   job_9_task_2   job_9_task_3   job_12_task_0  job_10_task_5  job_2_task_2   job_18_task_0  job_5_task_3   job_5_task_4   job_13_task_0  job_17_task_3  job_13_task_1  job_18_task_1  job_16_task_1  job_7_task_4   job_8_task_4   job_2_task_3   job_1_task_4   job_0_task_6   job_12_task_2  job_13_task_5  job_7_task_5   job_10_task_7  job_12_task_5  job_18_task_4  job_8_task_5   job_0_task_7   job_3_task_4   job_5_task_5   job_17_task_6  job_14_task_2  job_4_task_6   job_2_task_7   job_14_task_3  job_17_task_7  job_6_task_4   job_12_task_8  job_16_task_6  job_4_task_7   job_17_task_8  job_6_task_5   job_13_task_8  job_7_task_9   job_1_task_8   job_14_task_7  job_9_task_9   job_12_task_9  job_11_task_5  job_10_task_10 job_11_task_6  job_18_task_10 job_15_task_8  job_16_task_8  job_2_task_10  job_15_task_9  job_6_task_9   job_6_task_10  job_11_task_8  job_3_task_10  job_1_task_10  job_18_task_11 job_5_task_11  job_14_task_10 job_13_task_11 job_5_task_12  job_2_task_12  job_8_task_12  job_6_task_12  job_4_task_10  job_1_task_11  job_4_task_11  job_17_task_12 job_18_task_12 
           [0,8]          [0,0]          [0,0]          [8,11]         [11,19]        [19,26]        [26,34]        [34,34]        [34,38]        [38,45]        [38,38]        [45,50]        [50,58]        [58,67]        [67,76]        [76,79]        [79,79]        [79,79]        [79,82]        [82,91]        [91,93]        [93,100]       [100,105]      [105,111]      [111,118]      [118,121]      [121,123]      [123,128]      [128,129]      [129,132]      [132,135]      [135,140]      [140,148]      [148,154]      [154,159]      [159,165]      [165,174]      [174,177]      [177,181]      [181,183]      [183,187]      [187,194]      [194,199]      [199,201]      [201,203]      [203,210]      [210,219]      [219,228]      [228,234]      [234,235]      [235,243]      [243,250]      [250,254]      [254,256]      [256,263]      [263,271]      [271,272]      [272,273]      [273,275]      [275,283]      [283,286]      [286,294]      [294,297]      [297,301]      [301,305]      [305,305]      [305,307]      [307,312]      [312,320]      [320,329]      [329,330]      [330,333]      [333,339]      [339,346]      [346,353]      [353,357]      [357,361]      [361,365]      [365,367]      [365,365]      [367,369]      [369,370]      
Machine 2: job_10_task_0  job_14_task_0  job_3_task_0   job_17_task_1  job_16_task_0  job_15_task_1  job_11_task_0  job_10_task_3  job_3_task_2   job_8_task_2   job_7_task_2   job_0_task_2   job_7_task_3   job_0_task_3   job_0_task_4   job_0_task_5   job_9_task_4   job_4_task_3   job_1_task_3   job_10_task_6  job_9_task_5   job_6_task_1   job_4_task_4   job_13_task_2  job_11_task_2  job_11_task_3  job_11_task_4  job_16_task_2  job_16_task_3  job_2_task_4   job_1_task_5   job_13_task_6  job_2_task_5   job_12_task_4  job_7_task_6   job_1_task_6   job_12_task_6  job_15_task_6  job_7_task_8   job_1_task_7   job_10_task_9  job_3_task_5   job_5_task_6   job_8_task_7   job_15_task_7  job_14_task_4  job_14_task_5  job_18_task_9  job_0_task_9   job_3_task_8   job_3_task_9   job_16_task_7  job_8_task_9   job_17_task_9  job_6_task_6   job_6_task_7   job_6_task_8   job_13_task_9  job_17_task_10 job_7_task_10  job_0_task_11  job_13_task_10 job_9_task_11  job_10_task_11 job_8_task_11  job_7_task_11  job_2_task_11  job_15_task_10 job_15_task_11 job_15_task_12 job_3_task_11  job_11_task_10 job_3_task_12  job_16_task_11 job_11_task_11 job_7_task_12  job_11_task_12 job_14_task_11 job_13_task_12 
           [0,3]          [0,0]          [3,11]         [11,12]        [12,13]        [13,14]        [14,16]        [16,19]        [19,25]        [34,40]        [40,45]        [45,49]        [45,45]        [49,49]        [49,55]        [55,55]        [55,61]        [61,70]        [70,74]        [74,81]        [81,89]        [89,92]        [92,94]        [94,97]        [97,100]       [100,107]      [107,107]      [107,109]      [109,110]      [121,126]      [126,132]      [132,139]      [139,140]      [139,139]      [140,145]      [145,151]      [151,152]      [152,158]      [158,166]      [166,173]      [173,182]      [182,182]      [182,187]      [187,192]      [192,199]      [199,203]      [203,203]      [203,207]      [207,214]      [216,217]      [217,224]      [224,225]      [225,226]      [234,239]      [239,243]      [243,250]      [250,250]      [250,252]      [252,256]      [256,262]      [262,267]      [267,272]      [272,281]      [281,289]      [289,294]      [294,300]      [300,304]      [304,304]      [304,308]      [308,314]      [314,314]      [314,317]      [317,323]      [323,328]      [328,333]      [333,336]      [333,333]      [333,333]      [339,341]      
Optimal Schedule Length: 370.0
Total (Unoptimized Schedule Length): 1020
Statistics
  - conflicts: 1
  - branches : 247
  - wall time: 0.038442071s