
 Problem
         task_0  task_1  task_2  task_3  task_4  task_5  task_6  task_7  task_8  task_9 task_10 task_11 task_12 task_13 task_14 task_15 task_16 task_17 task_18
job_0   (1, 6)  (2, 3)  (3, 8)  (0, 0)  (0, 0)  (3, 0)  (2, 5)  (3, 4)  (0, 7)  (1, 5)  (3, 4)  (0, 3)  (2, 3)  (3, 2)  (0, 3)  (0, 6)  (3, 8)  (3, 2)  (0, 1)
job_1   (0, 5)  (2, 9)  (2, 3)  (2, 2)  (1, 9)  (0, 8)  (2, 9)  (3, 8)  (3, 8)  (2, 2)  (0, 7)  (2, 4)  (0, 7)  (3, 6)  (0, 7)  (2, 1)  (3, 6)  (1, 3)  (1, 2)
job_2   (3, 0)  (0, 1)  (3, 4)  (2, 9)  (3, 0)  (1, 2)  (3, 0)  (1, 4)  (3, 2)  (0, 4)  (2, 5)  (1, 8)  (0, 4)  (0, 9)  (0, 4)  (1, 5)  (1, 8)  (3, 6)  (0, 2)
job_3   (2, 9)  (2, 0)  (3, 0)  (1, 9)  (3, 0)  (2, 5)  (2, 5)  (0, 1)  (1, 5)  (1, 7)  (0, 4)  (1, 5)  (3, 3)  (3, 3)  (0, 1)  (0, 3)  (3, 8)  (1, 3)  (3, 3)
job_4   (2, 8)  (0, 9)  (1, 7)  (2, 4)  (3, 3)  (1, 6)  (3, 1)  (2, 8)  (3, 4)  (2, 0)  (1, 8)  (0, 0)  (0, 5)  (3, 9)  (0, 8)  (2, 0)  (2, 0)  (1, 9)  (2, 4)
job_5   (0, 9)  (3, 5)  (0, 5)  (2, 0)  (2, 0)  (1, 2)  (0, 2)  (3, 6)  (1, 8)  (3, 4)  (3, 4)  (1, 5)  (1, 5)  (0, 8)  (3, 0)  (0, 9)  (0, 9)  (2, 3)  (0, 3)
job_6   (1, 6)  (2, 5)  (0, 9)  (0, 7)  (2, 4)  (1, 0)  (3, 9)  (0, 3)  (2, 4)  (0, 6)  (0, 9)  (1, 2)  (3, 4)  (1, 7)  (1, 6)  (1, 5)  (2, 7)  (1, 6)  (2, 6)
job_7   (1, 0)  (2, 8)  (1, 2)  (2, 3)  (2, 7)  (3, 2)  (1, 6)  (0, 4)  (1, 6)  (2, 4)  (3, 0)  (2, 7)  (2, 4)  (2, 6)  (0, 0)  (2, 7)  (2, 9)  (2, 0)  (0, 0)
job_8   (2, 4)  (1, 2)  (0, 0)  (2, 3)  (1, 3)  (0, 8)  (1, 2)  (0, 1)  (3, 4)  (1, 4)  (2, 6)  (2, 9)  (1, 2)  (0, 4)  (0, 8)  (1, 7)  (1, 7)  (3, 6)  (1, 9)
job_9   (3, 9)  (3, 9)  (2, 7)  (0, 5)  (2, 0)  (0, 5)  (0, 8)  (3, 9)  (2, 9)  (0, 2)  (3, 2)  (2, 6)  (0, 6)  (0, 9)  (0, 4)  (0, 1)  (2, 8)  (2, 2)  (2, 5)
job_10  (0, 5)  (3, 2)  (3, 2)  (0, 1)  (2, 5)  (1, 8)  (1, 3)  (0, 2)  (0, 9)  (2, 5)  (0, 4)  (1, 7)  (2, 5)  (3, 2)  (1, 4)  (1, 1)  (0, 4)  (2, 0)  (1, 3)
job_11  (2, 6)  (1, 6)  (1, 6)  (3, 9)  (3, 8)  (2, 6)  (3, 3)  (3, 6)  (1, 2)  (2, 5)  (3, 5)  (3, 3)  (1, 3)  (1, 8)  (2, 0)  (2, 9)  (1, 0)  (0, 6)  (0, 3)
job_12  (0, 8)  (1, 9)  (1, 6)  (0, 0)  (0, 7)  (1, 1)  (0, 6)  (2, 9)  (3, 6)  (2, 6)  (1, 8)  (2, 7)  (2, 0)  (2, 2)  (3, 5)  (1, 2)  (3, 9)  (1, 3)  (3, 5)
job_13  (1, 7)  (2, 9)  (0, 9)  (2, 8)  (1, 7)  (2, 8)  (2, 4)  (1, 0)  (3, 2)  (2, 6)  (3, 5)  (2, 3)  (1, 9)  (2, 1)  (2, 3)  (0, 3)  (3, 7)  (0, 8)  (0, 1)
job_14  (2, 9)  (1, 6)  (2, 4)  (3, 1)  (1, 5)  (1, 1)  (1, 0)  (3, 7)  (1, 8)  (2, 2)  (2, 9)  (2, 1)  (2, 8)  (2, 8)  (3, 8)  (1, 1)  (1, 9)  (3, 4)  (1, 2)

Solution:
Machine 0: job_1_task_0   job_12_task_0  job_5_task_0   job_6_task_2   job_6_task_3   job_4_task_1   job_12_task_3  job_13_task_2  job_2_task_1   job_12_task_4  job_8_task_2   job_9_task_3   job_1_task_5   job_8_task_5   job_9_task_5   job_5_task_2   job_10_task_0  job_9_task_6   job_12_task_6  job_8_task_7   job_5_task_6   job_6_task_7   job_10_task_3  job_6_task_9   job_6_task_10  job_0_task_3   job_0_task_4   job_2_task_9   job_10_task_7  job_10_task_8  job_7_task_7   job_5_task_13  job_9_task_9   job_0_task_8   job_4_task_11  job_4_task_12  job_5_task_15  job_3_task_7   job_8_task_13  job_8_task_14  job_2_task_12  job_2_task_13  job_1_task_10  job_3_task_10  job_9_task_12  job_9_task_13  job_1_task_12  job_10_task_10 job_0_task_11  job_2_task_14  job_4_task_14  job_9_task_14  job_1_task_14  job_3_task_14  job_3_task_15  job_9_task_15  job_13_task_15 job_0_task_14  job_0_task_15  job_7_task_14  job_5_task_16  job_13_task_17 job_11_task_17 job_10_task_16 job_11_task_18 job_2_task_18  job_13_task_18 job_7_task_18  job_5_task_18  job_0_task_18  
           [0,5]          [5,13]         [13,22]        [22,31]        [31,38]        [38,47]        [47,47]        [47,56]        [56,57]        [57,64]        [64,64]        [64,69]        [69,77]        [77,85]        [85,90]        [90,95]        [95,100]       [100,108]      [108,114]      [114,115]      [115,117]      [117,120]      [120,121]      [130,136]      [136,145]      [145,145]      [145,145]      [148,152]      [152,154]      [154,163]      [163,167]      [192,200]      [200,202]      [202,209]      [209,209]      [209,214]      [214,223]      [223,224]      [224,228]      [228,236]      [236,240]      [240,249]      [249,256]      [256,260]      [260,266]      [266,275]      [275,282]      [282,286]      [286,289]      [289,293]      [293,301]      [301,305]      [305,312]      [312,313]      [313,316]      [316,317]      [317,320]      [320,323]      [323,329]      [323,323]      [329,338]      [343,351]      [351,357]      [357,361]      [361,364]      [364,366]      [366,367]      [369,369]      [374,377]      [377,378]      
Machine 1: job_6_task_0   job_7_task_0   job_13_task_0  job_12_task_1  job_11_task_1  job_11_task_2  job_12_task_2  job_14_task_1  job_0_task_0   job_1_task_4   job_8_task_1   job_4_task_2   job_8_task_4   job_6_task_5   job_14_task_4  job_12_task_5  job_14_task_5  job_14_task_6  job_13_task_4  job_8_task_6   job_7_task_2   job_14_task_8  job_5_task_5   job_3_task_3   job_2_task_5   job_2_task_7   job_8_task_9   job_4_task_5   job_5_task_8   job_10_task_5  job_10_task_6  job_6_task_11  job_7_task_6   job_7_task_8   job_11_task_8  job_5_task_11  job_5_task_12  job_6_task_13  job_4_task_10  job_6_task_14  job_13_task_7  job_8_task_12  job_0_task_9   job_6_task_15  job_2_task_11  job_3_task_8   job_12_task_10 job_3_task_9   job_8_task_15  job_11_task_12 job_3_task_11  job_11_task_13 job_8_task_16  job_13_task_12 job_10_task_11 job_2_task_15  job_2_task_16  job_14_task_15 job_14_task_16 job_12_task_15 job_4_task_17  job_8_task_18  job_6_task_17  job_10_task_14 job_11_task_16 job_10_task_15 job_12_task_17 job_3_task_17  job_14_task_18 job_1_task_17  job_10_task_18 job_1_task_18  
           [0,6]          [0,0]          [6,13]         [13,22]        [22,28]        [28,34]        [34,40]        [40,46]        [46,52]        [52,61]        [61,63]        [63,70]        [70,73]        [73,73]        [73,78]        [78,79]        [79,80]        [80,80]        [81,88]        [88,90]        [90,92]        [92,100]       [100,102]      [102,111]      [111,113]      [117,121]      [121,125]      [125,131]      [131,139]      [139,147]      [147,150]      [150,152]      [152,158]      [167,173]      [178,180]      [182,187]      [187,192]      [192,199]      [199,207]      [207,213]      [207,207]      [213,215]      [215,220]      [220,225]      [225,233]      [233,238]      [238,246]      [246,253]      [253,260]      [260,263]      [263,268]      [268,276]      [276,283]      [283,292]      [292,299]      [299,304]      [304,312]      [312,313]      [313,322]      [322,324]      [324,333]      [333,342]      [342,348]      [348,352]      [348,348]      [352,353]      [353,356]      [356,359]      [363,365]      [369,372]      [372,375]      [375,377]      
Machine 2: job_11_task_0  job_1_task_1   job_6_task_1   job_4_task_0   job_14_task_0  job_13_task_1  job_1_task_2   job_1_task_3   job_8_task_0   job_9_task_2   job_14_task_2  job_8_task_3   job_6_task_4   job_9_task_4   job_13_task_3  job_7_task_1   job_3_task_0   job_2_task_3   job_3_task_1   job_5_task_3   job_5_task_4   job_1_task_6   job_4_task_3   job_7_task_3   job_0_task_1   job_6_task_8   job_10_task_4  job_7_task_4   job_12_task_7  job_13_task_5  job_11_task_5  job_8_task_10  job_3_task_5   job_4_task_7   job_9_task_8   job_0_task_6   job_4_task_9   job_14_task_9  job_13_task_6  job_8_task_11  job_3_task_6   job_2_task_10  job_14_task_10 job_12_task_9  job_13_task_9  job_1_task_9   job_11_task_9  job_14_task_11 job_9_task_11  job_14_task_12 job_7_task_9   job_1_task_11  job_13_task_11 job_10_task_9  job_11_task_14 job_12_task_11 job_7_task_11  job_12_task_12 job_14_task_13 job_4_task_15  job_4_task_16  job_12_task_13 job_7_task_12  job_0_task_12  job_13_task_13 job_13_task_14 job_7_task_13  job_10_task_12 job_6_task_16  job_11_task_15 job_7_task_15  job_9_task_16  job_1_task_15  job_7_task_16  job_7_task_17  job_9_task_17  job_10_task_17 job_5_task_17  job_6_task_18  job_9_task_18  job_4_task_18  
           [0,6]          [6,15]         [15,20]        [20,28]        [28,37]        [37,46]        [46,49]        [49,51]        [51,55]        [55,62]        [62,66]        [66,69]        [69,73]        [69,69]        [73,81]        [81,89]        [89,98]        [98,107]       [98,98]        [98,98]        [98,98]        [107,116]      [116,120]      [120,123]      [123,126]      [126,130]      [130,135]      [135,142]      [142,151]      [151,159]      [159,165]      [165,171]      [171,176]      [176,184]      [184,193]      [193,198]      [193,193]      [198,200]      [200,204]      [204,213]      [213,218]      [218,223]      [223,232]      [232,238]      [238,244]      [244,246]      [246,251]      [251,252]      [252,258]      [258,266]      [266,270]      [270,274]      [274,277]      [277,282]      [277,277]      [282,289]      [289,296]      [289,289]      [296,304]      [304,304]      [304,304]      [304,306]      [306,310]      [310,313]      [313,314]      [314,317]      [317,323]      [323,328]      [328,335]      [335,344]      [344,351]      [351,359]      [359,360]      [360,369]      [369,369]      [369,371]      [369,369]      [371,374]      [374,380]      [380,385]      [385,389]      
Machine 3: job_2_task_0   job_9_task_0   job_9_task_1   job_5_task_1   job_11_task_3  job_11_task_4  job_2_task_2   job_14_task_3  job_6_task_6   job_14_task_7  job_3_task_2   job_10_task_1  job_10_task_2  job_2_task_4   job_9_task_7   job_2_task_6   job_3_task_4   job_8_task_8   job_4_task_4   job_5_task_7   job_0_task_2   job_1_task_7   job_0_task_5   job_2_task_8   job_4_task_6   job_7_task_5   job_12_task_8  job_1_task_8   job_11_task_6  job_5_task_9   job_11_task_7  job_5_task_10  job_6_task_12  job_4_task_8   job_0_task_7   job_5_task_14  job_9_task_10  job_13_task_8  job_4_task_13  job_0_task_10  job_13_task_10 job_11_task_10 job_11_task_11 job_3_task_12  job_3_task_13  job_7_task_10  job_1_task_13  job_8_task_17  job_14_task_14 job_12_task_14 job_0_task_13  job_3_task_16  job_12_task_16 job_13_task_16 job_10_task_13 job_0_task_16  job_2_task_17  job_14_task_17 job_1_task_16  job_12_task_18 job_0_task_17  job_3_task_18  
           [0,0]          [0,9]          [9,18]         [22,27]        [34,43]        [43,51]        [57,61]        [66,67]        [73,82]        [82,89]        [98,98]        [100,102]      [102,104]      [107,107]      [108,117]      [117,117]      [117,117]      [117,121]      [121,124]      [124,130]      [130,138]      [138,146]      [146,146]      [146,148]      [148,149]      [149,151]      [151,157]      [157,165]      [165,168]      [168,172]      [172,178]      [178,182]      [182,186]      [186,190]      [198,202]      [202,202]      [202,204]      [207,209]      [214,223]      [223,227]      [244,249]      [251,256]      [256,259]      [268,271]      [271,274]      [271,271]      [282,288]      [288,294]      [304,312]      [312,317]      [317,319]      [319,327]      [327,336]      [336,343]      [343,345]      [345,353]      [353,359]      [359,363]      [363,369]      [369,374]      [374,376]      [376,379]      
Optimal Schedule Length: 389.0
Total (Unoptimized Schedule Length): 1340
Statistics
  - conflicts: 1
  - branches : 284
  - wall time: 0.038372339000000005s