
Problem
         task_0  task_1   task_2  task_3   task_4   task_5  task_6   task_7   task_8  task_9  task_10  task_11  task_12
job_0    (1, 2)  (2, 3)   (2, 4)  (1, 3)   (1, 5)   (1, 4)  (1, 2)   (0, 1)   (2, 5)  (2, 4)   (0, 6)   (0, 7)   (1, 1)
job_1    (0, 5)  (2, 8)   (2, 5)  (0, 7)  (0, 10)   (0, 4)  (1, 4)   (2, 5)   (2, 9)  (1, 7)   (2, 5)   (1, 4)  (2, 10)
job_2   (1, 10)  (1, 3)   (0, 1)  (2, 2)   (2, 5)   (0, 3)  (1, 6)   (1, 6)   (0, 5)  (1, 2)   (0, 7)  (0, 10)   (1, 2)
job_3    (2, 1)  (2, 6)   (0, 9)  (1, 2)  (1, 10)   (2, 1)  (2, 2)   (0, 3)   (2, 4)  (1, 1)   (0, 8)   (2, 2)   (2, 8)
job_4    (0, 6)  (1, 8)   (2, 2)  (0, 3)   (1, 3)  (1, 10)  (2, 2)   (2, 8)   (0, 6)  (0, 2)   (1, 5)   (1, 8)   (1, 6)
job_5    (2, 9)  (2, 7)  (2, 10)  (2, 1)   (2, 9)   (0, 8)  (2, 8)   (2, 1)   (1, 3)  (0, 7)   (0, 2)   (1, 2)   (0, 6)
job_6    (2, 2)  (0, 7)   (1, 5)  (2, 4)   (1, 5)   (0, 9)  (1, 1)   (0, 5)  (1, 10)  (0, 1)   (0, 5)   (0, 2)   (0, 9)
job_7    (2, 4)  (1, 8)   (0, 4)  (2, 8)   (2, 1)   (2, 6)  (1, 3)  (1, 10)   (0, 5)  (0, 9)   (2, 4)   (0, 4)   (2, 6)
job_8    (0, 9)  (2, 8)   (2, 2)  (2, 2)   (2, 9)   (0, 2)  (2, 6)   (1, 7)   (1, 7)  (2, 6)   (1, 3)   (1, 7)   (0, 6)
job_9    (2, 3)  (0, 3)   (2, 6)  (1, 1)   (2, 5)   (0, 5)  (1, 6)   (0, 6)   (0, 5)  (2, 3)   (0, 7)   (2, 2)  (1, 10)
job_10   (1, 8)  (1, 4)   (1, 6)  (2, 4)  (2, 10)   (1, 5)  (0, 7)   (2, 8)   (2, 4)  (2, 5)   (0, 9)   (0, 2)   (0, 2)
job_11   (1, 5)  (1, 7)   (2, 1)  (1, 1)   (2, 1)   (0, 9)  (1, 1)  (1, 10)   (1, 4)  (1, 4)  (2, 10)   (2, 6)  (2, 10)
job_12   (0, 8)  (0, 6)   (2, 3)  (2, 2)   (1, 6)   (0, 2)  (2, 5)   (0, 7)   (2, 6)  (1, 8)  (2, 10)   (1, 8)   (1, 8)


Solution:
Machine 0: job_1_task_0   job_12_task_0  job_8_task_0   job_12_task_1  job_4_task_0   job_1_task_3   job_6_task_1   job_7_task_2   job_9_task_1   job_1_task_4   job_12_task_5  job_1_task_5   job_2_task_2   job_3_task_2   job_11_task_5  job_4_task_3   job_8_task_5   job_12_task_7  job_9_task_5   job_6_task_5   job_10_task_6  job_2_task_5   job_5_task_5   job_9_task_7   job_7_task_8   job_9_task_8   job_7_task_9   job_4_task_8   job_6_task_7   job_2_task_8   job_4_task_9   job_3_task_7   job_6_task_9   job_6_task_10  job_0_task_7   job_6_task_11  job_6_task_12  job_2_task_10  job_3_task_10  job_9_task_10  job_2_task_11  job_5_task_9   job_0_task_10  job_10_task_10 job_5_task_10  job_7_task_11  job_0_task_11  job_8_task_12  job_5_task_12  job_10_task_11 job_10_task_12 
           [0,5]          [5,13]         [13,22]        [22,28]        [28,34]        [34,41]        [41,48]        [48,52]        [52,55]        [55,65]        [65,67]        [67,71]        [71,72]        [75,84]        [90,99]        [99,102]       [103,105]      [108,115]      [127,132]      [132,141]      [141,148]      [148,151]      [151,159]      [159,165]      [165,170]      [170,175]      [175,184]      [185,191]      [191,196]      [196,201]      [201,203]      [213,216]      [217,218]      [218,223]      [223,224]      [224,226]      [226,235]      [235,242]      [242,250]      [250,257]      [257,267]      [267,274]      [274,280]      [280,289]      [289,291]      [291,295]      [295,302]      [302,308]      [308,314]      [314,316]      [316,318]      
Machine 1: job_10_task_0  job_11_task_0  job_10_task_1  job_11_task_1  job_7_task_1   job_10_task_2  job_4_task_1   job_2_task_0   job_12_task_4  job_11_task_3  job_6_task_2   job_2_task_1   job_0_task_0   job_1_task_6   job_9_task_3   job_3_task_3   job_3_task_4   job_11_task_6  job_11_task_7  job_4_task_4   job_4_task_5   job_6_task_4   job_10_task_5  job_9_task_6   job_7_task_6   job_7_task_7   job_2_task_6   job_0_task_3   job_0_task_4   job_8_task_7   job_11_task_8  job_12_task_9  job_6_task_6   job_2_task_7   job_11_task_9  job_0_task_5   job_8_task_8   job_6_task_8   job_0_task_6   job_1_task_9   job_2_task_9   job_4_task_10  job_12_task_11 job_3_task_9   job_4_task_11  job_12_task_12 job_5_task_8   job_8_task_10  job_1_task_11  job_8_task_11  job_4_task_12  job_2_task_12  job_9_task_12  job_5_task_11  job_0_task_12  
           [0,8]          [8,13]         [13,17]        [17,24]        [24,32]        [32,38]        [38,46]        [46,56]        [56,62]        [62,63]        [63,68]        [68,71]        [71,73]        [73,77]        [81,82]        [84,86]        [86,96]        [99,100]       [100,110]      [110,113]      [113,123]      [123,128]      [128,133]      [133,139]      [139,142]      [142,152]      [152,158]      [158,161]      [161,166]      [166,173]      [173,177]      [177,185]      [185,186]      [186,192]      [192,196]      [196,200]      [200,207]      [207,217]      [217,219]      [219,226]      [226,228]      [228,233]      [233,241]      [241,242]      [242,250]      [250,258]      [258,261]      [261,264]      [264,268]      [268,275]      [275,281]      [281,283]      [283,293]      [293,295]      [302,303]      
Machine 2: job_5_task_0   job_1_task_1   job_7_task_0   job_1_task_2   job_6_task_0   job_12_task_2  job_8_task_1   job_5_task_1   job_12_task_3  job_9_task_0   job_11_task_2  job_3_task_0   job_8_task_2   job_5_task_2   job_10_task_3  job_3_task_1   job_9_task_2   job_7_task_3   job_11_task_4  job_4_task_2   job_8_task_3   job_8_task_4   job_12_task_6  job_10_task_4  job_6_task_3   job_9_task_4   job_7_task_4   job_2_task_3   job_5_task_3   job_7_task_5   job_2_task_4   job_5_task_4   job_0_task_1   job_0_task_2   job_8_task_6   job_1_task_7   job_12_task_8  job_4_task_6   job_4_task_7   job_1_task_8   job_10_task_7  job_3_task_5   job_5_task_6   job_3_task_6   job_12_task_10 job_11_task_10 job_3_task_8   job_0_task_8   job_9_task_9   job_10_task_8  job_8_task_9   job_5_task_7   job_1_task_10  job_0_task_9   job_10_task_9  job_11_task_11 job_7_task_10  job_9_task_11  job_3_task_11  job_1_task_12  job_11_task_12 job_3_task_12  job_7_task_12  
           [0,9]          [9,17]         [17,21]        [21,26]        [26,28]        [28,31]        [31,39]        [39,46]        [46,48]        [48,51]        [51,52]        [52,53]        [53,55]        [55,65]        [65,69]        [69,75]        [75,81]        [81,89]        [89,90]        [90,92]        [92,94]        [94,103]       [103,108]      [108,118]      [118,122]      [122,127]      [127,128]      [128,130]      [130,131]      [131,137]      [137,142]      [142,151]      [151,154]      [154,158]      [158,164]      [164,169]      [169,175]      [175,177]      [177,185]      [185,194]      [194,202]      [202,203]      [203,211]      [211,213]      [213,223]      [223,233]      [233,237]      [237,242]      [242,245]      [245,249]      [249,255]      [255,256]      [256,261]      [261,265]      [265,270]      [270,276]      [276,280]      [280,282]      [282,284]      [284,294]      [294,304]      [304,312]      [312,318]      
Optimal Schedule Length: 318.0
Total (Unoptimized Schedule Length): 886
Statistics
  - conflicts: 0
  - branches : 0
  - wall time: 0.074442013s