
Problem
         task_0   task_1   task_2  task_3   task_4   task_5   task_6   task_7   task_8   task_9  task_10  task_11  task_12  task_13  task_14  task_15
job_0    (9, 9)   (0, 5)   (0, 7)  (1, 1)   (9, 6)   (4, 4)   (7, 4)   (1, 1)   (5, 2)   (6, 8)   (7, 6)   (9, 6)   (6, 7)   (3, 5)   (4, 1)   (2, 2)
job_1    (2, 6)   (7, 1)   (2, 8)  (8, 2)   (2, 6)   (1, 2)   (8, 2)   (3, 3)  (1, 10)   (6, 2)   (5, 1)   (0, 8)   (2, 3)   (0, 1)   (0, 3)   (0, 4)
job_2    (4, 9)   (0, 7)   (0, 2)  (6, 8)  (4, 10)  (0, 10)   (9, 8)   (9, 9)   (3, 6)   (4, 3)  (6, 10)   (1, 9)  (3, 10)   (7, 2)   (3, 9)   (5, 7)
job_3    (5, 6)  (5, 10)   (6, 7)  (4, 5)   (4, 3)   (0, 5)   (7, 6)   (4, 9)   (2, 1)   (7, 1)   (8, 5)   (9, 7)   (4, 1)   (3, 3)   (8, 2)   (6, 8)
job_4    (6, 2)   (7, 2)   (5, 9)  (0, 2)   (2, 5)   (5, 2)   (4, 4)  (5, 10)   (1, 9)   (9, 5)   (8, 8)   (2, 5)   (5, 6)   (1, 3)   (9, 6)   (3, 2)
job_5   (3, 10)   (3, 5)   (2, 7)  (6, 9)   (4, 1)  (2, 10)   (6, 1)   (3, 7)   (3, 1)   (6, 3)   (3, 4)  (0, 10)   (2, 1)   (3, 2)   (5, 4)  (0, 10)
job_6    (0, 5)   (9, 9)   (0, 7)  (8, 5)   (0, 5)   (1, 5)   (9, 9)   (8, 9)  (6, 10)   (2, 8)   (8, 5)   (8, 1)   (9, 9)   (5, 7)  (1, 10)   (3, 5)
job_7    (0, 4)   (8, 7)   (6, 1)  (6, 7)   (7, 7)   (9, 8)   (9, 4)   (4, 6)   (6, 7)   (8, 4)   (4, 3)   (2, 2)   (0, 2)   (1, 6)   (8, 5)   (8, 2)
job_8    (0, 1)   (4, 7)   (1, 4)  (3, 1)   (6, 8)   (5, 3)   (1, 8)   (8, 2)   (8, 1)  (7, 10)   (9, 4)  (4, 10)   (8, 5)   (6, 9)   (4, 1)   (0, 4)
job_9    (4, 4)   (2, 2)   (8, 9)  (8, 1)   (4, 8)   (7, 2)   (5, 8)  (8, 10)   (5, 6)  (6, 10)   (2, 6)   (2, 5)   (2, 1)   (3, 3)   (0, 8)   (8, 7)
job_10   (8, 5)   (0, 5)   (4, 9)  (3, 9)   (1, 3)   (0, 1)   (2, 8)   (1, 2)   (0, 6)   (4, 6)   (8, 3)   (3, 8)   (1, 1)   (1, 2)   (2, 1)   (0, 2)
job_11   (1, 1)   (0, 3)   (2, 3)  (4, 6)   (3, 4)   (4, 7)   (4, 6)   (7, 6)   (8, 6)   (6, 9)   (6, 3)   (2, 6)   (2, 4)   (1, 2)   (2, 3)  (1, 10)
job_12  (6, 10)   (5, 5)   (8, 7)  (9, 2)   (5, 8)   (8, 6)   (2, 2)   (8, 9)   (2, 5)   (8, 5)   (2, 9)   (5, 7)   (7, 6)   (8, 2)   (9, 5)   (1, 4)
job_13   (1, 8)   (8, 4)  (3, 10)  (7, 9)   (2, 2)  (7, 10)   (4, 1)   (3, 4)   (3, 4)   (7, 1)   (4, 9)  (3, 10)   (9, 9)   (6, 7)   (3, 9)   (2, 7)
job_14   (7, 1)   (4, 8)   (2, 6)  (5, 6)   (4, 9)   (8, 5)   (4, 8)   (5, 8)   (6, 9)   (5, 6)   (7, 5)  (5, 10)   (2, 9)   (3, 5)   (2, 5)   (0, 1)
job_15   (8, 3)   (3, 8)   (7, 8)  (5, 5)   (2, 9)   (5, 2)  (3, 10)  (5, 10)   (7, 9)   (7, 3)   (4, 5)   (8, 7)   (7, 2)   (6, 6)   (2, 9)   (4, 3)
job_16   (9, 4)   (1, 7)   (7, 6)  (7, 4)   (6, 1)   (0, 9)   (5, 5)   (9, 2)   (7, 8)   (0, 7)   (7, 3)   (4, 4)   (3, 7)   (1, 4)   (0, 9)   (1, 2)
job_17   (2, 1)  (6, 10)   (8, 8)  (5, 1)   (9, 8)   (2, 2)   (2, 9)   (0, 5)   (8, 9)  (2, 10)   (6, 8)   (2, 7)  (8, 10)  (8, 10)   (5, 7)   (3, 9)
job_18   (6, 8)   (8, 7)  (3, 10)  (9, 1)  (9, 10)   (3, 6)   (9, 9)   (2, 2)   (7, 7)   (9, 5)   (9, 6)   (1, 8)   (1, 5)   (6, 3)   (2, 1)   (4, 8)
job_19  (4, 10)   (9, 8)   (4, 4)  (7, 5)  (3, 10)  (4, 10)   (1, 7)   (4, 5)   (7, 8)   (5, 8)  (1, 10)   (9, 3)  (8, 10)   (0, 3)   (4, 6)   (4, 9)


Solution:
Machine 0: job_6_task_0   job_8_task_0   job_7_task_0   job_2_task_1   job_2_task_2   job_11_task_1  job_6_task_2   job_10_task_1  job_0_task_1   job_6_task_4   job_0_task_2   job_17_task_7  job_2_task_5   job_4_task_3   job_16_task_5  job_16_task_9  job_1_task_11  job_10_task_5  job_3_task_5   job_19_task_13 job_10_task_8  job_16_task_14 job_5_task_11  job_1_task_13  job_1_task_14  job_1_task_15  job_9_task_14  job_14_task_15 job_7_task_12  job_5_task_15  job_10_task_15 job_8_task_15  
           [0,5]          [5,6]          [6,10]         [10,17]        [17,19]        [19,22]        [22,29]        [29,34]        [34,39]        [39,44]        [44,51]        [51,56]        [56,66]        [66,68]        [68,77]        [116,123]      [127,135]      [135,136]      [147,152]      [152,155]      [155,161]      [162,171]      [171,181]      [181,182]      [182,185]      [185,189]      [189,197]      [197,198]      [201,203]      [203,213]      [214,216]      [218,222]      
Machine 1: job_13_task_0  job_11_task_0  job_16_task_1  job_8_task_2   job_6_task_5   job_0_task_3   job_19_task_6  job_8_task_6   job_1_task_5   job_1_task_8   job_19_task_10 job_10_task_4  job_18_task_11 job_4_task_8   job_10_task_7  job_18_task_12 job_16_task_13 job_0_task_7   job_2_task_11  job_6_task_14  job_4_task_13  job_12_task_15 job_16_task_15 job_11_task_13 job_7_task_13  job_10_task_12 job_10_task_13 job_11_task_15 
           [0,8]          [8,9]          [9,16]         [42,46]        [46,51]        [51,52]        [71,78]        [78,86]        [93,95]        [111,121]      [121,131]      [131,134]      [134,142]      [142,151]      [151,153]      [153,158]      [158,162]      [162,163]      [163,172]      [172,182]      [182,185]      [185,189]      [189,191]      [196,198]      [203,209]      [209,210]      [210,212]      [212,222]      
Machine 2: job_17_task_0  job_1_task_0   job_1_task_2   job_11_task_2  job_14_task_2  job_9_task_1   job_17_task_5  job_17_task_6  job_15_task_4  job_13_task_4  job_5_task_2   job_17_task_9  job_4_task_4   job_18_task_7  job_12_task_6  job_1_task_4   job_17_task_11 job_6_task_9   job_12_task_8  job_5_task_5   job_12_task_10 job_9_task_10  job_10_task_6  job_9_task_11  job_9_task_12  job_14_task_12 job_1_task_12  job_4_task_11  job_3_task_8   job_13_task_15 job_11_task_11 job_5_task_12  job_14_task_14 job_11_task_12 job_18_task_14 job_7_task_11  job_11_task_14 job_15_task_14 job_10_task_14 job_0_task_15  
           [0,1]          [1,7]          [8,16]         [22,25]        [27,33]        [33,35]        [38,40]        [40,49]        [49,58]        [58,60]        [60,67]        [67,77]        [77,82]        [82,84]        [85,87]        [87,93]        [93,100]       [100,108]      [108,113]      [113,123]      [123,132]      [132,138]      [138,146]      [146,151]      [151,152]      [152,161]      [161,164]      [166,171]      [171,172]      [172,179]      [179,185]      [185,186]      [187,192]      [192,196]      [196,197]      [199,201]      [201,204]      [204,213]      [213,214]      [219,221]      
Machine 3: job_5_task_0   job_15_task_1  job_13_task_2  job_18_task_2  job_5_task_1   job_19_task_4  job_8_task_3   job_18_task_5  job_15_task_6  job_11_task_4  job_2_task_8   job_13_task_7  job_13_task_8  job_1_task_7   job_10_task_3  job_13_task_11 job_5_task_7   job_5_task_8   job_16_task_12 job_5_task_10  job_13_task_14 job_9_task_13  job_17_task_15 job_2_task_12  job_14_task_13 job_5_task_13  job_2_task_14  job_10_task_11 job_4_task_15  job_3_task_13  job_0_task_13  job_6_task_15  
           [0,10]         [10,18]        [18,28]        [28,38]        [38,43]        [44,54]        [54,55]        [55,61]        [61,71]        [85,89]        [89,95]        [99,103]       [103,107]      [108,111]      [111,120]      [120,130]      [130,137]      [137,138]      [138,145]      [145,149]      [150,159]      [159,162]      [163,172]      [172,182]      [182,187]      [187,189]      [190,199]      [199,207]      [207,209]      [209,212]      [212,217]      [217,222]      
Machine 4: job_2_task_0   job_19_task_0  job_14_task_1  job_9_task_0   job_19_task_2  job_8_task_1   job_2_task_4   job_14_task_4  job_19_task_5  job_9_task_4   job_11_task_3  job_14_task_6  job_19_task_7  job_13_task_6  job_10_task_2  job_5_task_4   job_13_task_10 job_11_task_5  job_4_task_6   job_16_task_11 job_3_task_3   job_11_task_6  job_3_task_4   job_2_task_9   job_0_task_5   job_7_task_7   job_3_task_7   job_15_task_10 job_8_task_11  job_10_task_9  job_19_task_14 job_7_task_10  job_19_task_15 job_3_task_12  job_18_task_15 job_8_task_14  job_0_task_14  job_15_task_15 
           [0,9]          [9,19]         [19,27]        [27,31]        [31,35]        [35,42]        [42,52]        [52,61]        [61,71]        [71,79]        [79,85]        [85,93]        [93,98]        [98,99]        [99,108]       [108,109]      [109,118]      [118,125]      [125,129]      [129,133]      [133,138]      [138,144]      [144,147]      [147,150]      [150,154]      [154,160]      [160,169]      [169,174]      [174,184]      [184,190]      [190,196]      [196,199]      [199,208]      [208,209]      [209,217]      [217,218]      [218,219]      [219,222]      
Machine 5: job_3_task_0   job_3_task_1   job_17_task_3  job_12_task_1  job_14_task_3  job_15_task_3  job_4_task_2   job_15_task_5  job_12_task_4  job_8_task_5   job_15_task_7  job_9_task_6   job_4_task_5   job_14_task_7  job_16_task_6  job_9_task_8   job_19_task_9  job_14_task_9  job_1_task_10  job_4_task_7   job_14_task_11 job_12_task_11 job_17_task_14 job_0_task_8   job_6_task_13  job_4_task_12  job_5_task_14  job_2_task_15  
           [0,6]          [6,16]         [27,28]        [28,33]        [33,39]        [39,44]        [46,55]        [58,60]        [62,70]        [70,73]        [73,83]        [83,91]        [91,93]        [93,101]       [101,106]      [106,112]      [112,120]      [120,126]      [126,127]      [129,139]      [139,149]      [149,156]      [156,163]      [163,165]      [165,172]      [172,178]      [189,193]      [199,206]      
Machine 6: job_18_task_0  job_17_task_1  job_12_task_0  job_2_task_3   job_4_task_0   job_7_task_2   job_7_task_3   job_3_task_2   job_16_task_4  job_8_task_4   job_5_task_3   job_17_task_10 job_6_task_8   job_14_task_8  job_9_task_9   job_1_task_9   job_5_task_6   job_5_task_9   job_13_task_13 job_2_task_10  job_11_task_9  job_11_task_10 job_0_task_9   job_7_task_8   job_18_task_13 job_15_task_13 job_0_task_12  job_8_task_13  job_3_task_15  
           [0,8]          [8,18]         [18,28]        [28,36]        [36,38]        [38,39]        [39,46]        [46,53]        [53,54]        [55,63]        [67,76]        [77,85]        [85,95]        [101,110]      [112,122]      [122,124]      [124,125]      [138,141]      [143,150]      [150,160]      [160,169]      [169,172]      [172,180]      [180,187]      [187,190]      [190,196]      [197,204]      [204,213]      [214,222]      
Machine 7: job_14_task_0  job_1_task_1   job_16_task_2  job_15_task_2  job_13_task_3  job_19_task_3  job_4_task_1   job_16_task_3  job_7_task_4   job_13_task_5  job_9_task_5   job_15_task_8  job_18_task_8  job_19_task_8  job_13_task_9  job_16_task_8  job_8_task_9   job_16_task_10 job_15_task_9  job_14_task_10 job_11_task_7  job_3_task_6   job_0_task_6   job_12_task_12 job_3_task_9   job_0_task_10  job_15_task_12 job_2_task_13  
           [0,1]          [7,8]          [16,22]        [22,30]        [30,39]        [39,44]        [44,46]        [46,50]        [50,57]        [60,70]        [79,81]        [83,92]        [92,99]        [99,107]       [107,108]      [108,116]      [116,126]      [126,129]      [129,132]      [132,137]      [144,150]      [152,158]      [158,162]      [162,168]      [172,173]      [180,186]      [186,188]      [188,190]      
Machine 8: job_15_task_0  job_10_task_0  job_13_task_1  job_18_task_1  job_17_task_2  job_7_task_1   job_6_task_3   job_9_task_2   job_12_task_2  job_9_task_3   job_17_task_8  job_14_task_5  job_6_task_7   job_12_task_5  job_1_task_3   job_12_task_7  job_9_task_7   job_1_task_6   job_8_task_7   job_8_task_8   job_6_task_10  job_12_task_9  job_17_task_12 job_6_task_11  job_17_task_13 job_19_task_12 job_11_task_8  job_4_task_10  job_12_task_13 job_15_task_11 job_3_task_10  job_8_task_12  job_7_task_9   job_10_task_10 job_9_task_15  job_3_task_14  job_7_task_14  job_7_task_15  
           [0,3]          [3,8]          [8,12]         [12,19]        [19,27]        [27,34]        [34,39]        [39,48]        [48,55]        [55,56]        [56,65]        [65,70]        [70,79]        [79,85]        [85,87]        [87,96]        [96,106]       [106,108]      [108,110]      [110,111]      [111,116]      [116,121]      [121,131]      [131,132]      [132,142]      [142,152]      [152,158]      [158,166]      [168,170]      [174,181]      [181,186]      [186,191]      [192,196]      [196,199]      [199,206]      [212,214]      [214,219]      [219,221]      
Machine 9: job_16_task_0  job_0_task_0   job_6_task_1   job_19_task_1  job_17_task_4  job_18_task_3  job_18_task_4  job_6_task_6   job_12_task_3  job_18_task_6  job_2_task_6   job_2_task_7   job_0_task_4   job_7_task_5   job_7_task_6   job_16_task_7  job_18_task_9  job_18_task_10 job_8_task_10  job_19_task_11 job_13_task_12 job_6_task_12  job_4_task_9   job_12_task_14 job_4_task_14  job_0_task_11  job_3_task_11  
           [0,4]          [4,13]         [13,22]        [22,30]        [30,38]        [38,39]        [39,49]        [51,60]        [60,62]        [62,71]        [71,79]        [79,88]        [88,94]        [94,102]       [102,106]      [106,108]      [108,113]      [113,119]      [126,130]      [131,134]      [134,143]      [143,152]      [152,157]      [170,175]      [185,191]      [191,197]      [197,204]      
Optimal Schedule Length: 222.0
Total (Unoptimized Schedule Length): 1805
Statistics
  - conflicts: 0
  - branches : 0
  - wall time: 0.580284416s