
Problem
         task_0   task_1    task_2   task_3   task_4   task_5   task_6   task_7   task_8   task_9  task_10  task_11  task_12  task_13   task_14  task_15  task_16   task_17  task_18  task_19
job_0   (8, 10)   (4, 4)    (7, 5)   (6, 4)  (10, 6)  (2, 10)   (8, 6)   (9, 5)   (6, 1)   (1, 4)   (7, 7)   (7, 1)   (8, 1)   (0, 7)    (6, 1)   (8, 1)  (4, 10)  (10, 10)   (6, 9)   (3, 3)
job_1    (0, 6)   (7, 2)   (1, 10)   (9, 8)   (0, 7)   (0, 3)   (6, 4)   (8, 5)  (10, 6)  (7, 10)   (8, 2)  (2, 10)  (8, 10)   (0, 8)    (1, 4)   (0, 7)   (3, 6)    (4, 9)   (0, 2)   (0, 9)
job_2   (10, 5)   (9, 1)   (10, 7)   (6, 7)   (8, 1)   (5, 5)  (10, 4)   (0, 7)   (4, 2)   (3, 6)   (7, 8)  (10, 3)   (3, 5)  (6, 10)    (4, 8)   (4, 9)   (5, 6)    (5, 3)   (3, 1)   (4, 5)
job_3    (4, 8)  (7, 10)    (4, 7)   (7, 6)   (9, 8)   (8, 6)   (2, 1)   (8, 8)   (4, 8)   (1, 9)   (5, 3)   (2, 1)   (2, 1)   (1, 5)    (0, 5)   (0, 2)  (10, 3)    (7, 9)  (8, 10)   (8, 3)
job_4    (1, 1)   (3, 4)   (10, 5)   (8, 9)   (1, 6)   (7, 9)   (1, 8)   (5, 5)   (2, 2)   (3, 4)   (9, 1)   (6, 8)   (4, 2)  (7, 10)    (4, 7)   (5, 4)   (7, 9)    (0, 6)   (3, 4)   (2, 5)
job_5    (2, 9)   (3, 1)   (10, 1)  (10, 8)   (5, 9)   (8, 2)   (8, 7)  (3, 10)   (4, 8)  (9, 10)   (0, 4)   (3, 6)  (5, 10)   (0, 2)    (1, 8)   (9, 7)   (1, 6)    (3, 7)   (4, 3)   (3, 7)
job_6    (3, 7)   (2, 5)    (1, 7)   (5, 9)   (9, 3)   (4, 8)   (5, 2)   (7, 2)  (10, 6)   (4, 2)   (7, 2)   (0, 2)   (4, 5)   (2, 2)   (10, 8)   (0, 4)   (7, 8)    (8, 1)   (8, 4)   (9, 7)
job_7    (2, 3)  (1, 10)    (2, 3)   (0, 5)   (5, 1)  (3, 10)  (10, 4)   (3, 8)  (10, 7)   (8, 2)   (3, 4)   (3, 8)   (7, 9)   (1, 9)    (3, 9)   (1, 3)   (3, 9)    (6, 5)   (8, 4)   (1, 7)
job_8    (1, 9)   (3, 6)  (10, 10)  (4, 10)   (0, 4)   (6, 3)   (4, 8)  (7, 10)   (3, 4)   (7, 7)   (6, 6)  (10, 5)   (1, 5)   (9, 8)    (1, 5)  (7, 10)  (10, 4)    (2, 5)  (10, 9)  (6, 10)
job_9    (7, 5)   (8, 1)    (6, 8)   (5, 4)   (7, 6)   (2, 1)  (10, 3)   (4, 7)   (8, 8)   (4, 9)   (7, 4)   (0, 7)   (1, 4)   (4, 9)    (4, 5)   (6, 7)   (5, 8)   (1, 10)   (0, 4)   (4, 6)
job_10   (2, 9)   (7, 1)    (4, 8)   (6, 8)   (1, 1)   (7, 1)   (8, 2)   (8, 6)   (6, 6)  (6, 10)   (0, 1)   (6, 6)   (4, 9)   (6, 8)  (10, 10)   (2, 3)   (3, 9)    (5, 8)   (3, 8)  (8, 10)
job_11   (4, 9)   (1, 1)    (2, 6)   (4, 4)   (3, 8)  (3, 10)   (0, 6)   (1, 2)   (5, 2)   (5, 1)  (10, 9)   (7, 2)   (3, 1)   (9, 8)    (7, 4)   (7, 8)   (3, 2)    (0, 6)   (1, 1)  (4, 10)


Solution:
Machine 0: job_1_task_0   job_1_task_4   job_1_task_5   job_7_task_3   job_8_task_4   job_2_task_7   job_10_task_10 job_5_task_10  job_11_task_6  job_0_task_13  job_9_task_11  job_6_task_11  job_1_task_13  job_5_task_13  job_6_task_15  job_11_task_17 job_1_task_15  job_3_task_14  job_3_task_15  job_4_task_17  job_9_task_18  job_1_task_18  job_1_task_19  
           [0,6]          [27,34]        [34,37]        [37,42]        [46,50]        [50,57]        [85,86]        [93,97]        [97,103]       [103,110]      [110,117]      [117,119]      [123,131]      [135,137]      [138,142]      [153,159]      [159,166]      [166,171]      [171,173]      [173,179]      [179,183]      [185,187]      [187,196]      
Machine 1: job_8_task_0   job_1_task_2   job_4_task_0   job_11_task_1  job_7_task_1   job_6_task_2   job_10_task_4  job_4_task_4   job_0_task_9   job_4_task_6   job_11_task_7  job_8_task_12  job_3_task_9   job_9_task_12  job_7_task_13  job_8_task_14  job_5_task_14  job_1_task_14  job_7_task_15  job_3_task_13  job_11_task_18 job_5_task_16  job_9_task_17  job_7_task_19  
           [0,9]          [9,19]         [19,20]        [20,21]        [21,31]        [32,39]        [39,40]        [46,52]        [67,71]        [71,79]        [103,105]      [108,113]      [113,122]      [122,126]      [128,137]      [137,142]      [142,150]      [150,154]      [154,157]      [157,162]      [162,163]      [163,169]      [169,179]      [179,186]      
Machine 2: job_5_task_0   job_10_task_0  job_7_task_0   job_11_task_2  job_6_task_1   job_7_task_2   job_9_task_5   job_0_task_5   job_4_task_8   job_3_task_6   job_1_task_11  job_3_task_11  job_3_task_12  job_6_task_13  job_10_task_15 job_8_task_17  job_4_task_19  
           [0,9]          [9,18]         [18,21]        [21,27]        [27,32]        [32,35]        [35,36]        [43,53]        [84,86]        [90,91]        [92,102]       [125,126]      [126,127]      [128,130]      [130,133]      [164,169]      [187,192]      
Machine 3: job_6_task_0   job_5_task_1   job_8_task_1   job_4_task_1   job_7_task_5   job_7_task_7   job_5_task_7   job_11_task_4  job_8_task_8   job_11_task_5  job_4_task_9   job_2_task_9   job_7_task_10  job_7_task_11  job_5_task_11  job_11_task_12 job_2_task_12  job_10_task_16 job_7_task_14  job_11_task_16 job_10_task_18 job_7_task_16  job_1_task_16  job_5_task_17  job_4_task_18  job_2_task_18  job_5_task_19  job_0_task_19  
           [0,7]          [9,10]         [10,16]        [20,24]        [43,53]        [57,65]        [65,75]        [75,83]        [83,87]        [87,97]        [97,101]       [101,107]      [107,111]      [111,119]      [119,125]      [125,126]      [126,131]      [133,142]      [142,151]      [151,153]      [153,161]      [161,170]      [170,176]      [176,183]      [183,187]      [187,188]      [188,195]      [195,198]      
Machine 4: job_3_task_0   job_11_task_0  job_0_task_1   job_10_task_2  job_3_task_2   job_8_task_3   job_9_task_7   job_8_task_6   job_11_task_3  job_2_task_8   job_6_task_5   job_5_task_8   job_9_task_9   job_10_task_12 job_3_task_8   job_6_task_9   job_4_task_12  job_0_task_16  job_6_task_12  job_9_task_13  job_9_task_14  job_4_task_14  job_2_task_14  job_2_task_15  job_11_task_19 job_1_task_17  job_5_task_18  job_9_task_19  job_2_task_19  
           [0,8]          [8,17]         [17,21]        [21,29]        [29,36]        [36,46]        [46,53]        [53,61]        [61,65]        [65,67]        [67,75]        [75,83]        [83,92]        [92,101]       [101,109]      [109,111]      [111,113]      [113,123]      [123,128]      [128,137]      [137,142]      [142,149]      [149,157]      [157,166]      [166,176]      [176,185]      [185,188]      [188,194]      [194,199]      
Machine 5: job_9_task_3   job_2_task_5   job_5_task_4   job_7_task_4   job_6_task_3   job_6_task_6   job_4_task_7   job_11_task_8  job_11_task_9  job_3_task_10  job_5_task_12  job_10_task_17 job_4_task_15  job_9_task_16  job_2_task_16  job_2_task_17  
           [19,23]        [27,32]        [32,41]        [42,43]        [43,52]        [75,77]        [79,84]        [105,107]      [107,108]      [122,125]      [125,135]      [142,150]      [150,154]      [154,162]      [166,172]      [172,175]      
Machine 6: job_9_task_2   job_2_task_3   job_0_task_3   job_10_task_3  job_1_task_6   job_8_task_5   job_0_task_8   job_10_task_8  job_10_task_9  job_10_task_11 job_8_task_10  job_4_task_11  job_0_task_14  job_10_task_13 job_2_task_13  job_9_task_15  job_0_task_18  job_7_task_17  job_8_task_19  
           [11,19]        [19,26]        [26,30]        [30,38]        [38,42]        [50,53]        [66,67]        [69,75]        [75,85]        [86,92]        [97,103]       [103,111]      [111,112]      [112,120]      [131,141]      [142,149]      [149,158]      [170,175]      [185,195]      
Machine 7: job_9_task_0   job_1_task_1   job_3_task_1   job_10_task_1  job_0_task_2   job_9_task_4   job_10_task_5  job_3_task_3   job_4_task_5   job_8_task_7   job_0_task_10  job_6_task_7   job_1_task_9   job_8_task_9   job_9_task_10  job_0_task_11  job_2_task_10  job_6_task_10  job_11_task_11 job_7_task_12  job_4_task_13  job_11_task_14 job_11_task_15 job_8_task_15  job_4_task_16  job_6_task_16  job_3_task_17  
           [0,5]          [6,8]          [8,18]         [18,19]        [21,26]        [26,32]        [40,41]        [41,47]        [52,61]        [61,71]        [71,78]        [78,80]        [80,90]        [90,97]        [97,101]       [101,102]      [107,115]      [115,117]      [117,119]      [119,128]      [128,138]      [138,142]      [142,150]      [150,160]      [160,169]      [169,177]      [177,186]      
Machine 8: job_0_task_0   job_9_task_1   job_2_task_4   job_4_task_3   job_5_task_5   job_5_task_6   job_0_task_6   job_10_task_6  job_10_task_7  job_1_task_7   job_9_task_8   job_7_task_9   job_3_task_5   job_1_task_10  job_3_task_7   job_0_task_12  job_0_task_15  job_1_task_12  job_10_task_19 job_7_task_18  job_6_task_17  job_6_task_18  job_3_task_18  job_3_task_19  
           [0,10]         [10,11]        [26,27]        [37,46]        [46,48]        [48,55]        [55,61]        [61,63]        [63,69]        [69,74]        [74,82]        [82,84]        [84,90]        [90,92]        [92,100]       [102,103]      [112,113]      [113,123]      [161,171]      [175,179]      [179,180]      [180,184]      [186,196]      [196,199]      
Machine 9: job_2_task_1   job_1_task_3   job_3_task_4   job_6_task_4   job_0_task_7   job_5_task_9   job_4_task_10  job_8_task_13  job_11_task_13 job_5_task_15  job_6_task_19  
           [5,6]          [19,27]        [47,55]        [55,58]        [61,66]        [83,93]        [101,102]      [113,121]      [126,134]      [150,157]      [184,191]      
Machine 10: job_2_task_0   job_2_task_2   job_5_task_2   job_5_task_3   job_8_task_2   job_4_task_2   job_0_task_4   job_9_task_6   job_2_task_6   job_7_task_6   job_7_task_8   job_1_task_8   job_6_task_8   job_8_task_11  job_11_task_10 job_2_task_11  job_10_task_14 job_6_task_14  job_0_task_17  job_8_task_16  job_3_task_16  job_8_task_18  
           [0,5]          [6,13]         [13,14]        [14,22]        [22,32]        [32,37]        [37,43]        [43,46]        [46,50]        [53,57]        [65,72]        [74,80]        [80,86]        [103,108]      [108,117]      [117,120]      [120,130]      [130,138]      [138,148]      [160,164]      [173,176]      [176,185]      
Optimal Schedule Length: 199.0
Total (Unoptimized Schedule Length): 1375
Statistics
  - conflicts: 0
  - branches : 0
  - wall time: 0.24770206700000003s