
Problem
         task_0    task_1   task_2    task_3    task_4    task_5    task_6   task_7   task_8   task_9  task_10   task_11  task_12  task_13  task_14  task_15  task_16  task_17   task_18
job_0    (2, 9)   (16, 4)   (5, 5)   (17, 5)    (1, 1)   (17, 7)   (11, 7)   (6, 2)  (13, 4)  (12, 1)  (18, 8)    (0, 3)  (2, 10)  (13, 9)  (15, 5)  (17, 6)   (9, 2)   (0, 3)    (6, 3)
job_1    (9, 3)    (9, 2)   (7, 9)   (11, 8)   (11, 6)    (8, 5)    (7, 8)  (18, 6)  (16, 3)  (10, 8)  (13, 6)   (18, 7)   (4, 4)  (10, 4)   (0, 8)  (9, 10)  (13, 2)   (0, 2)    (4, 6)
job_2   (15, 7)    (5, 6)  (0, 10)    (6, 4)    (4, 2)  (15, 10)    (4, 5)  (8, 10)  (5, 10)  (6, 10)  (12, 3)    (9, 3)   (8, 3)   (7, 3)  (10, 9)   (6, 9)   (3, 8)   (6, 2)   (15, 7)
job_3   (17, 1)    (8, 9)   (8, 2)   (0, 10)   (17, 5)   (2, 10)   (18, 2)  (18, 5)   (4, 5)   (1, 1)   (0, 5)    (8, 8)  (2, 10)  (18, 1)   (0, 1)  (0, 10)  (18, 5)   (2, 3)    (7, 7)
job_4    (9, 7)    (5, 8)  (16, 8)   (10, 8)    (3, 2)   (2, 10)    (0, 7)   (0, 6)  (2, 10)  (17, 9)   (1, 7)   (11, 4)  (12, 7)  (2, 10)   (1, 5)  (17, 3)  (17, 7)   (5, 5)   (11, 2)
job_5   (13, 1)   (11, 3)   (6, 9)    (6, 5)   (15, 6)    (6, 4)   (16, 9)  (18, 5)  (10, 6)  (4, 10)  (2, 10)   (18, 2)   (2, 8)   (4, 9)   (4, 6)   (1, 4)   (6, 2)   (9, 7)   (5, 10)
job_6   (16, 3)    (3, 1)   (7, 9)   (13, 8)    (1, 9)   (14, 6)    (2, 8)  (11, 2)   (3, 1)   (4, 1)  (12, 1)  (15, 10)  (10, 6)  (13, 6)  (11, 5)   (6, 1)  (14, 5)  (10, 1)  (10, 10)
job_7   (18, 3)    (6, 7)   (3, 9)   (12, 2)  (12, 10)    (2, 8)    (5, 7)   (4, 5)  (18, 7)  (11, 1)  (2, 10)    (8, 8)   (3, 2)  (13, 5)   (5, 6)   (9, 7)  (10, 5)  (10, 2)   (14, 5)
job_8    (8, 5)   (17, 5)   (8, 1)  (11, 10)    (0, 8)    (9, 5)  (13, 10)   (0, 4)  (14, 5)   (4, 1)   (5, 7)    (4, 2)  (13, 1)  (11, 9)  (14, 1)  (6, 10)   (1, 8)  (13, 4)    (3, 3)
job_9    (8, 1)   (11, 3)  (10, 9)    (6, 3)    (2, 9)   (14, 2)    (9, 7)   (5, 8)  (13, 7)  (15, 1)  (12, 4)    (4, 6)   (8, 3)   (9, 5)  (16, 9)   (6, 5)   (1, 3)   (1, 7)   (18, 1)
job_10   (2, 6)   (17, 8)  (18, 2)   (12, 3)   (15, 9)   (18, 3)    (9, 3)   (3, 4)   (3, 3)  (12, 6)   (9, 9)   (16, 9)   (0, 8)  (12, 5)   (2, 8)  (10, 9)  (10, 8)   (1, 8)    (9, 4)
job_11  (18, 2)    (8, 6)   (7, 2)   (7, 10)   (10, 6)   (6, 10)   (17, 7)  (10, 2)   (7, 6)  (12, 8)   (3, 8)   (12, 8)  (11, 3)  (10, 5)   (5, 4)   (0, 7)   (1, 6)  (13, 3)   (17, 8)
job_12   (7, 4)  (11, 10)  (12, 9)    (7, 2)   (15, 8)    (4, 2)   (13, 1)  (11, 3)   (6, 2)  (16, 4)   (2, 6)   (15, 5)   (1, 4)   (3, 9)   (8, 9)  (0, 10)  (8, 10)  (12, 4)   (14, 8)
job_13  (16, 8)    (3, 1)   (3, 6)    (0, 4)   (12, 4)    (8, 5)   (17, 6)   (7, 5)   (8, 1)   (0, 5)   (3, 4)   (15, 9)   (9, 8)  (15, 4)   (2, 5)  (17, 3)  (12, 9)  (10, 7)   (12, 2)
job_14  (11, 1)    (7, 4)   (4, 3)    (9, 4)   (14, 6)   (18, 8)   (17, 7)  (14, 7)  (17, 9)   (3, 3)  (13, 7)    (2, 8)   (0, 2)  (17, 2)  (18, 6)   (6, 1)   (9, 8)  (12, 8)    (2, 2)
job_15   (7, 4)   (5, 10)  (17, 5)   (10, 7)    (2, 2)   (10, 3)   (10, 1)   (6, 6)   (7, 3)   (3, 4)   (0, 1)    (9, 8)   (0, 9)  (1, 10)   (3, 8)  (15, 5)   (5, 3)  (12, 6)    (0, 3)
job_16   (0, 9)   (12, 3)  (0, 10)   (14, 7)    (5, 5)   (15, 9)   (15, 6)  (11, 1)   (7, 3)   (7, 1)   (2, 1)   (10, 7)  (18, 2)  (13, 1)  (18, 6)  (12, 1)   (0, 7)  (13, 1)  (11, 10)


Solution:
Machine 0: job_16_task_0  job_3_task_3   job_13_task_3  job_16_task_2  job_2_task_2   job_3_task_10  job_4_task_6   job_4_task_7   job_8_task_4   job_15_task_10 job_10_task_12 job_13_task_9  job_15_task_12 job_8_task_7   job_0_task_11  job_14_task_12 job_12_task_15 job_1_task_14  job_11_task_15 job_16_task_16 job_1_task_17  job_3_task_14  job_0_task_17  job_3_task_15  job_15_task_18 
           [0,9]          [12,22]        [22,26]        [26,36]        [36,46]        [52,57]        [57,64]        [64,70]        [70,78]        [78,79]        [79,87]        [88,93]        [93,102]       [102,106]      [106,109]      [109,111]      [118,128]      [128,136]      [136,143]      [143,150]      [150,152]      [152,153]      [153,156]      [156,166]      [166,169]      
Machine 1: job_6_task_4   job_0_task_4   job_3_task_9   job_12_task_12 job_4_task_10  job_15_task_13 job_9_task_16  job_9_task_17  job_11_task_16 job_5_task_15  job_4_task_14  job_8_task_16  job_10_task_17 
           [23,32]        [43,44]        [51,52]        [93,97]        [97,104]       [123,133]      [133,136]      [136,143]      [143,149]      [150,154]      [155,160]      [160,168]      [169,177]      
Machine 2: job_10_task_0  job_0_task_0   job_9_task_4   job_15_task_4  job_3_task_5   job_6_task_6   job_4_task_5   job_7_task_5   job_12_task_10 job_4_task_8   job_5_task_10  job_7_task_10  job_16_task_10 job_14_task_11 job_0_task_12  job_10_task_14 job_5_task_12  job_3_task_12  job_4_task_13  job_13_task_14 job_14_task_18 job_3_task_17  
           [0,6]          [6,15]         [16,25]        [26,28]        [28,38]        [38,46]        [46,56]        [56,64]        [64,70]        [70,80]        [80,90]        [90,100]       [100,101]      [101,109]      [109,119]      [119,127]      [127,135]      [135,145]      [145,155]      [155,160]      [160,162]      [171,174]      
Machine 3: job_6_task_1   job_13_task_1  job_13_task_2  job_7_task_2   job_4_task_4   job_10_task_7  job_10_task_8  job_6_task_8   job_15_task_9  job_14_task_9  job_11_task_10 job_13_task_10 job_12_task_13 job_7_task_12  job_15_task_14 job_2_task_16  job_8_task_18  
           [3,4]          [11,12]        [12,18]        [32,41]        [41,43]        [43,47]        [47,50]        [50,51]        [51,55]        [81,84]        [84,92]        [93,97]        [97,106]       [109,111]      [134,142]      [155,163]      [172,175]      
Machine 4: job_14_task_2  job_3_task_8   job_6_task_9   job_12_task_5  job_2_task_4   job_5_task_9   job_7_task_7   job_2_task_6   job_9_task_11  job_8_task_9   job_1_task_12  job_8_task_11  job_5_task_13  job_5_task_14  job_1_task_18  
           [17,20]        [46,51]        [51,52]        [52,54]        [64,66]        [67,77]        [77,82]        [82,87]        [87,93]        [111,112]      [117,121]      [121,123]      [135,144]      [144,150]      [154,160]      
Machine 5: job_15_task_1  job_4_task_1   job_0_task_2   job_2_task_1   job_9_task_7   job_16_task_4  job_7_task_6   job_2_task_8   job_8_task_10  job_11_task_14 job_7_task_14  job_15_task_16 job_5_task_18  job_4_task_17  
           [4,14]         [14,22]        [22,27]        [27,33]        [39,47]        [47,52]        [64,71]        [98,108]       [112,119]      [119,123]      [123,129]      [147,150]      [164,174]      [174,179]      
Machine 6: job_9_task_3   job_5_task_2   job_7_task_1   job_5_task_3   job_15_task_7  job_5_task_5   job_11_task_5  job_12_task_8  job_2_task_3   job_0_task_7   job_2_task_9   job_6_task_15  job_14_task_15 job_9_task_15  job_8_task_15  job_2_task_15  job_5_task_16  job_0_task_18  job_2_task_17  
           [13,16]        [16,25]        [25,32]        [32,37]        [37,43]        [43,47]        [48,58]        [58,60]        [60,64]        [79,81]        [108,118]      [122,123]      [123,124]      [124,129]      [134,144]      [146,155]      [155,157]      [157,160]      [163,165]      
Machine 7: job_15_task_0  job_6_task_2   job_14_task_1  job_12_task_0  job_1_task_2   job_11_task_2  job_11_task_3  job_12_task_3  job_15_task_8  job_1_task_6   job_11_task_8  job_13_task_7  job_16_task_8  job_16_task_9  job_2_task_13  job_3_task_18  
           [0,4]          [4,13]         [13,17]        [17,21]        [21,30]        [30,32]        [32,42]        [42,44]        [44,47]        [50,58]        [69,75]        [82,87]        [89,92]        [92,93]        [127,130]      [174,181]      
Machine 8: job_9_task_0   job_3_task_1   job_3_task_2   job_11_task_1  job_8_task_0   job_13_task_5  job_8_task_2   job_1_task_5   job_3_task_11  job_13_task_8  job_2_task_7   job_9_task_12  job_7_task_11  job_12_task_14 job_2_task_12  job_12_task_16 
           [0,1]          [1,10]         [10,12]        [12,18]        [18,23]        [30,35]        [35,36]        [45,50]        [57,65]        [87,88]        [88,98]        [98,101]       [101,109]      [109,118]      [124,127]      [128,138]      
Machine 9: job_4_task_0   job_1_task_0   job_1_task_1   job_14_task_3  job_9_task_6   job_10_task_6  job_10_task_10 job_8_task_5   job_15_task_11 job_9_task_13  job_13_task_12 job_2_task_11  job_14_task_16 job_1_task_15  job_0_task_16  job_7_task_15  job_5_task_17  job_10_task_18 
           [0,7]          [7,10]         [10,12]        [20,24]        [32,39]        [39,42]        [59,68]        [78,83]        [83,91]        [101,106]      [106,114]      [121,124]      [124,132]      [136,146]      [146,148]      [148,155]      [157,164]      [177,181]      
Machine 10: job_9_task_2   job_15_task_3  job_15_task_5  job_15_task_6  job_4_task_3   job_11_task_4  job_5_task_8   job_11_task_7  job_6_task_12  job_1_task_9   job_16_task_11 job_11_task_13 job_1_task_13  job_10_task_15 job_6_task_17  job_2_task_14  job_6_task_18  job_10_task_16 job_7_task_16  job_7_task_17  job_13_task_17 
           [4,13]         [19,26]        [28,31]        [31,32]        [32,40]        [42,48]        [61,67]        [67,69]        [71,77]        [80,88]        [101,108]      [111,116]      [121,125]      [127,136]      [136,137]      [137,146]      [146,156]      [156,164]      [164,169]      [169,171]      [172,179]      
Machine 11: job_14_task_0  job_9_task_1   job_5_task_1   job_12_task_1  job_1_task_3   job_1_task_4   job_6_task_7   job_12_task_7  job_8_task_3   job_0_task_6   job_16_task_7  job_7_task_9   job_4_task_11  job_11_task_12 job_6_task_14  job_8_task_13  job_16_task_18 job_4_task_18  
           [0,1]          [1,4]          [4,7]          [21,31]        [31,39]        [39,45]        [46,48]        [55,58]        [58,68]        [72,79]        [88,89]        [89,90]        [104,108]      [108,111]      [117,122]      [124,133]      [153,163]      [179,181]      
Machine 12: job_16_task_1  job_10_task_3  job_13_task_4  job_12_task_2  job_7_task_3   job_7_task_4   job_10_task_9  job_6_task_10  job_9_task_10  job_11_task_9  job_0_task_9   job_10_task_13 job_11_task_11 job_4_task_12  job_2_task_10  job_16_task_15 job_14_task_17 job_12_task_17 job_15_task_17 job_13_task_16 job_13_task_18 
           [9,12]         [16,19]        [26,30]        [31,40]        [41,43]        [43,53]        [53,59]        [59,60]        [72,76]        [76,84]        [85,86]        [87,92]        [98,106]       [108,115]      [118,121]      [131,132]      [133,141]      [141,145]      [150,156]      [163,172]      [179,181]      
Machine 13: job_5_task_0   job_6_task_3   job_9_task_8   job_12_task_6  job_0_task_8   job_14_task_10 job_8_task_6   job_1_task_10  job_16_task_13 job_6_task_13  job_7_task_13  job_8_task_12  job_0_task_13  job_1_task_16  job_11_task_17 job_16_task_17 job_8_task_17  
           [0,1]          [15,23]        [47,54]        [54,55]        [81,85]        [85,92]        [92,102]       [102,108]      [110,111]      [111,117]      [117,122]      [123,124]      [124,133]      [146,148]      [149,152]      [152,153]      [168,172]      
Machine 14: job_14_task_4  job_9_task_5   job_6_task_5   job_16_task_3  job_14_task_7  job_8_task_8   job_6_task_16  job_8_task_14  job_12_task_18 job_7_task_18  
           [24,30]        [30,32]        [32,38]        [38,45]        [49,56]        [106,111]      [123,128]      [133,134]      [145,153]      [171,176]      
Machine 15: job_2_task_0   job_10_task_4  job_5_task_4   job_12_task_4  job_16_task_5  job_6_task_11  job_9_task_9   job_2_task_5   job_16_task_6  job_12_task_11 job_13_task_11 job_13_task_13 job_0_task_14  job_15_task_15 job_2_task_18  
           [0,7]          [19,28]        [37,43]        [44,52]        [52,61]        [61,71]        [71,72]        [72,82]        [82,88]        [88,93]        [97,106]       [114,118]      [133,138]      [142,147]      [165,172]      
Machine 16: job_6_task_0   job_13_task_0  job_0_task_1   job_4_task_2   job_5_task_6   job_12_task_9  job_10_task_11 job_1_task_8   job_9_task_14  
           [0,3]          [3,11]         [15,19]        [22,30]        [47,56]        [60,64]        [68,77]        [77,80]        [106,115]      
Machine 17: job_3_task_0   job_10_task_1  job_15_task_2  job_3_task_4   job_8_task_1   job_0_task_3   job_14_task_6  job_13_task_6  job_11_task_6  job_0_task_5   job_14_task_8  job_4_task_9   job_14_task_13 job_0_task_15  job_11_task_18 job_13_task_15 job_4_task_15  job_4_task_16  
           [0,1]          [6,14]         [14,19]        [22,27]        [27,32]        [37,42]        [42,49]        [49,55]        [58,65]        [65,72]        [72,81]        [84,93]        [111,113]      [138,144]      [152,160]      [160,163]      [163,166]      [166,173]      
Machine 18: job_11_task_0  job_7_task_0   job_10_task_2  job_10_task_5  job_14_task_5  job_3_task_6   job_3_task_7   job_5_task_7   job_1_task_7   job_7_task_8   job_0_task_10  job_16_task_12 job_1_task_11  job_14_task_14 job_5_task_11  job_16_task_14 job_9_task_18  job_3_task_13  job_3_task_16  
           [0,2]          [2,5]          [14,16]        [28,31]        [31,39]        [39,41]        [41,46]        [56,61]        [61,67]        [82,89]        [89,97]        [108,110]      [110,117]      [117,123]      [123,125]      [125,131]      [143,144]      [145,146]      [166,171]      
Optimal Schedule Length: 181.0
Total (Unoptimized Schedule Length): 1773
Statistics
  - conflicts: 0
  - branches : 254
  - wall time: 0.307517706s