
Problem
         task_0   task_1   task_2   task_3   task_4   task_5   task_6  task_7   task_8   task_9 task_10  task_11  task_12  task_13  task_14  task_15  task_16  task_17  task_18
job_0    (2, 3)   (4, 7)   (1, 5)   (4, 6)   (2, 4)   (6, 8)   (5, 1)  (2, 4)   (6, 5)   (2, 2)  (2, 8)   (3, 9)   (3, 9)   (6, 1)   (0, 8)   (3, 3)   (0, 3)   (2, 8)   (4, 8)
job_1    (0, 7)   (7, 6)   (1, 9)   (2, 9)   (3, 6)   (3, 5)   (4, 1)  (4, 1)   (0, 3)  (4, 10)  (7, 3)   (7, 1)   (2, 5)   (1, 2)   (3, 8)   (8, 4)   (0, 5)   (4, 2)   (5, 8)
job_2   (1, 10)   (3, 4)   (4, 9)   (6, 6)   (6, 3)   (2, 2)   (6, 4)  (2, 7)   (5, 6)   (5, 8)  (1, 2)   (1, 2)   (5, 8)   (4, 1)   (2, 4)   (4, 2)   (0, 1)   (3, 1)   (7, 2)
job_3    (0, 9)   (6, 6)   (3, 8)   (8, 9)   (5, 1)   (1, 3)   (5, 6)  (2, 6)   (1, 7)   (7, 9)  (0, 6)   (8, 6)   (7, 9)  (0, 10)   (3, 3)   (2, 7)   (0, 4)   (3, 7)   (1, 9)
job_4    (8, 6)  (7, 10)   (5, 2)   (1, 9)   (4, 8)   (2, 6)  (1, 10)  (3, 6)   (2, 3)   (0, 7)  (4, 1)   (8, 5)  (3, 10)   (6, 8)   (4, 5)   (5, 2)   (8, 3)   (0, 7)   (3, 9)
job_5    (0, 9)   (7, 8)   (5, 1)  (6, 10)   (4, 2)   (2, 8)   (6, 6)  (6, 4)  (1, 10)   (0, 4)  (2, 7)   (6, 3)   (7, 3)   (3, 2)   (2, 3)  (2, 10)   (2, 1)   (0, 6)   (1, 6)
job_6    (2, 7)   (6, 8)   (4, 3)   (4, 5)   (7, 2)  (4, 10)   (1, 1)  (3, 7)  (1, 10)   (7, 4)  (5, 8)   (3, 3)   (1, 9)   (5, 7)   (4, 1)   (1, 5)  (4, 10)   (0, 8)  (8, 10)
job_7   (4, 10)   (4, 7)   (2, 1)   (4, 1)  (0, 10)   (6, 4)   (0, 8)  (5, 8)   (4, 5)   (7, 1)  (5, 9)   (7, 5)   (1, 3)   (3, 2)   (0, 8)   (1, 3)   (0, 3)   (1, 7)   (5, 2)
job_8    (6, 8)   (6, 7)   (6, 8)   (5, 7)   (3, 6)   (2, 5)   (8, 4)  (7, 6)  (3, 10)   (0, 9)  (4, 2)  (3, 10)   (2, 4)   (3, 2)   (8, 2)   (6, 2)   (6, 6)   (7, 6)  (8, 10)
job_9    (1, 3)   (1, 7)   (7, 5)   (8, 6)   (6, 8)   (6, 6)   (5, 3)  (4, 3)   (6, 9)   (1, 9)  (0, 2)   (4, 3)   (1, 6)   (5, 8)  (2, 10)   (1, 2)   (3, 6)   (8, 6)   (0, 5)
job_10   (5, 1)   (8, 8)   (7, 9)   (0, 7)   (7, 8)   (5, 2)   (4, 8)  (3, 4)   (8, 3)   (1, 7)  (7, 2)   (7, 9)  (8, 10)   (7, 9)   (5, 3)   (1, 5)   (5, 2)   (6, 9)  (3, 10)
job_11   (8, 3)   (8, 5)   (2, 9)   (0, 1)   (5, 9)   (0, 4)   (5, 3)  (5, 8)  (7, 10)   (8, 9)  (3, 1)   (2, 2)   (6, 8)   (4, 3)   (5, 8)   (1, 2)   (6, 2)   (8, 6)   (4, 1)
job_12   (2, 2)   (4, 1)  (6, 10)   (6, 8)   (8, 1)   (7, 1)   (4, 7)  (4, 3)   (3, 7)   (4, 2)  (5, 1)   (2, 6)   (6, 7)   (7, 8)   (8, 8)   (4, 3)   (7, 5)  (2, 10)   (6, 4)
job_13   (5, 4)   (5, 3)   (0, 4)   (7, 4)   (5, 3)   (7, 6)   (5, 3)  (3, 1)  (3, 10)   (2, 2)  (8, 2)   (8, 8)   (7, 4)   (1, 5)   (8, 8)   (3, 5)   (8, 1)   (6, 7)   (3, 6)


Solution:
Machine 0: job_1_task_0   job_3_task_0   job_13_task_2  job_5_task_0   job_11_task_3  job_10_task_3  job_7_task_4   job_11_task_5  job_7_task_6   job_8_task_9   job_3_task_10  job_4_task_9   job_5_task_9   job_1_task_8   job_3_task_13  job_9_task_10  job_6_task_17  job_0_task_14  job_3_task_16  job_7_task_14  job_0_task_16  job_4_task_17  job_7_task_16  job_1_task_16  job_2_task_16  job_5_task_17  job_9_task_18  
           [0,7]          [7,16]         [16,20]        [20,29]        [40,41]        [41,48]        [57,67]        [69,73]        [75,83]        [83,92]        [92,98]        [98,105]       [105,109]      [109,112]      [114,124]      [138,140]      [140,148]      [148,156]      [156,160]      [160,168]      [168,171]      [171,178]      [178,181]      [181,186]      [186,187]      [187,193]      [193,198]      
Machine 1: job_9_task_0   job_2_task_0   job_1_task_2   job_4_task_3   job_6_task_6   job_9_task_1   job_3_task_5   job_0_task_2   job_4_task_6   job_6_task_8   job_3_task_8   job_13_task_13 job_5_task_8   job_6_task_12  job_10_task_9  job_6_task_15  job_9_task_9   job_9_task_12  job_7_task_12  job_1_task_13  job_2_task_10  job_2_task_11  job_10_task_15 job_7_task_15  job_9_task_15  job_3_task_18  job_11_task_15 job_7_task_17  job_5_task_18  
           [0,3]          [3,13]         [13,22]        [28,37]        [39,40]        [40,47]        [47,50]        [50,55]        [55,65]        [65,75]        [75,82]        [83,88]        [88,98]        [98,107]       [107,114]      [115,120]      [129,138]      [143,149]      [149,152]      [152,154]      [156,158]      [158,160]      [162,167]      [168,171]      [171,173]      [173,182]      [184,186]      [186,193]      [193,199]      
Machine 2: job_6_task_0   job_0_task_0   job_12_task_0  job_1_task_3   job_11_task_2  job_4_task_5   job_7_task_2   job_8_task_5   job_3_task_7   job_13_task_9  job_5_task_5   job_4_task_8   job_2_task_5   job_0_task_4   job_12_task_11 job_0_task_7   job_8_task_12  job_5_task_10  job_0_task_9   job_0_task_10  job_2_task_7   job_11_task_11 job_3_task_15  job_1_task_12  job_5_task_14  job_5_task_15  job_9_task_14  job_0_task_17  job_2_task_14  job_5_task_16  job_12_task_17 
           [0,7]          [7,10]         [10,12]        [22,31]        [31,40]        [48,54]        [54,55]        [55,60]        [60,66]        [66,68]        [68,76]        [76,79]        [79,81]        [84,88]        [96,102]       [102,106]      [106,110]      [110,117]      [117,119]      [119,127]      [127,134]      [134,136]      [136,143]      [143,148]      [148,151]      [151,161]      [161,171]      [172,180]      [180,184]      [184,185]      [185,195]      
Machine 3: job_2_task_1   job_3_task_2   job_1_task_4   job_1_task_5   job_6_task_7   job_8_task_4   job_13_task_7  job_13_task_8  job_4_task_7   job_8_task_8   job_12_task_8  job_6_task_11  job_10_task_7  job_8_task_11  job_13_task_15 job_8_task_13  job_4_task_12  job_11_task_10 job_3_task_14  job_0_task_11  job_5_task_13  job_0_task_12  job_13_task_18 job_7_task_13  job_1_task_14  job_0_task_15  job_3_task_17  job_9_task_16  job_4_task_18  job_2_task_17  job_10_task_18 
           [13,17]        [22,30]        [31,37]        [37,42]        [42,49]        [49,55]        [55,56]        [56,66]        [66,72]        [72,82]        [82,89]        [89,92]        [92,96]        [96,106]       [106,111]      [111,113]      [113,123]      [123,124]      [124,127]      [127,136]      [136,138]      [138,147]      [147,153]      [153,155]      [155,163]      [163,166]      [166,173]      [173,179]      [179,188]      [188,189]      [189,199]      
Machine 4: job_7_task_0   job_0_task_1   job_6_task_2   job_6_task_3   job_12_task_1  job_6_task_5   job_4_task_4   job_7_task_1   job_7_task_3   job_2_task_2   job_5_task_4   job_1_task_6   job_12_task_6  job_12_task_7  job_0_task_3   job_10_task_6  job_12_task_9  job_8_task_10  job_1_task_7   job_4_task_10  job_7_task_8   job_6_task_14  job_9_task_7   job_1_task_9   job_6_task_16  job_9_task_11  job_4_task_14  job_2_task_13  job_11_task_13 job_12_task_15 job_2_task_15  job_1_task_17  job_0_task_18  job_11_task_18 
           [0,10]         [10,17]        [17,20]        [20,25]        [25,26]        [29,39]        [39,47]        [47,54]        [55,56]        [56,65]        [65,67]        [67,68]        [68,75]        [75,78]        [78,84]        [84,92]        [92,94]        [94,96]        [96,97]        [105,106]      [106,111]      [114,115]      [117,120]      [120,130]      [130,140]      [140,143]      [143,148]      [172,173]      [173,176]      [176,179]      [184,186]      [187,189]      [189,197]      [197,198]      
Machine 5: job_13_task_0  job_13_task_1  job_10_task_0  job_4_task_2   job_13_task_4  job_3_task_4   job_8_task_3   job_13_task_6  job_5_task_2   job_3_task_6   job_11_task_4  job_10_task_5  job_11_task_6  job_6_task_10  job_11_task_7  job_12_task_10 job_0_task_6   job_7_task_7   job_6_task_13  job_9_task_6   job_7_task_10  job_2_task_8   job_2_task_9   job_4_task_15  job_9_task_13  job_10_task_14 job_2_task_12  job_10_task_16 job_11_task_14 job_1_task_18  job_7_task_18  
           [0,4]          [4,7]          [7,8]          [24,26]        [27,30]        [39,40]        [40,47]        [47,50]        [53,54]        [54,60]        [60,69]        [69,71]        [73,76]        [79,87]        [87,95]        [95,96]        [96,97]        [97,105]       [107,114]      [114,117]      [126,135]      [135,141]      [141,149]      [149,151]      [151,159]      [159,162]      [164,172]      [172,174]      [176,184]      [189,197]      [197,199]      
Machine 6: job_8_task_0   job_6_task_1   job_3_task_1   job_8_task_1   job_8_task_2   job_12_task_2  job_12_task_3  job_5_task_3   job_2_task_3   job_7_task_5   job_2_task_4   job_5_task_6   job_5_task_7   job_0_task_5   job_9_task_4   job_9_task_5   job_0_task_8   job_2_task_6   job_9_task_8   job_5_task_11  job_4_task_13  job_13_task_17 job_0_task_13  job_12_task_12 job_8_task_15  job_8_task_16  job_11_task_12 job_10_task_17 job_11_task_16 job_12_task_18 
           [0,8]          [8,16]         [16,22]        [22,29]        [29,37]        [37,47]        [47,55]        [55,65]        [65,71]        [71,75]        [75,78]        [78,84]        [84,88]        [88,96]        [96,104]       [104,110]      [110,115]      [115,119]      [120,129]      [129,132]      [132,140]      [140,147]      [147,148]      [148,155]      [155,157]      [157,163]      [163,171]      [174,183]      [186,188]      [195,199]      
Machine 7: job_1_task_1   job_4_task_1   job_13_task_3  job_6_task_4   job_10_task_2  job_13_task_5  job_5_task_1   job_10_task_4  job_12_task_5  job_9_task_2   job_8_task_7   job_6_task_9   job_13_task_12 job_3_task_9   job_11_task_8  job_3_task_12  job_10_task_10 job_10_task_11 job_7_task_9   job_5_task_12  job_1_task_10  job_1_task_11  job_7_task_11  job_10_task_13 job_12_task_13 job_8_task_17  job_12_task_16 job_2_task_18  
           [7,13]         [13,23]        [23,27]        [27,29]        [29,38]        [38,44]        [44,52]        [52,60]        [60,61]        [61,66]        [66,72]        [75,79]        [79,83]        [83,92]        [95,105]       [105,114]      [114,116]      [116,125]      [125,126]      [132,135]      [135,138]      [138,139]      [139,144]      [144,153]      [155,163]      [163,169]      [179,184]      [191,193]      
Machine 8: job_11_task_0  job_4_task_0   job_11_task_1  job_10_task_1  job_3_task_3   job_12_task_4  job_8_task_6   job_13_task_10 job_13_task_11 job_9_task_3   job_13_task_14 job_10_task_8  job_3_task_11  job_4_task_11  job_13_task_16 job_11_task_9  job_10_task_12 job_8_task_14  job_6_task_18  job_4_task_16  job_12_task_14 job_1_task_15  job_8_task_18  job_9_task_17  job_11_task_17 
           [0,3]          [3,9]          [9,14]         [14,22]        [30,39]        [55,56]        [60,64]        [68,70]        [70,78]        [78,84]        [88,96]        [96,99]        [99,105]       [106,111]      [111,112]      [112,121]      [125,135]      [135,137]      [148,158]      [158,161]      [163,171]      [171,175]      [175,185]      [185,191]      [191,197]      
Optimal Schedule Length: 199.0
Total (Unoptimized Schedule Length): 1450
Statistics
  - conflicts: 0
  - branches : 0
  - wall time: 15.157569646s