
Problem
         task_0  task_1   task_2   task_3   task_4  task_5   task_6   task_7  task_8   task_9  task_10  task_11 task_12  task_13  task_14  task_15  task_16  task_17
job_0    (2, 5)  (5, 4)   (5, 6)  (4, 10)   (3, 4)  (5, 4)   (6, 2)   (1, 6)  (0, 9)   (3, 8)   (0, 8)   (1, 9)  (1, 6)  (0, 10)   (1, 7)   (3, 6)   (3, 6)   (5, 7)
job_1    (4, 6)  (0, 5)   (3, 3)   (6, 9)   (6, 2)  (3, 9)   (5, 9)   (0, 3)  (3, 9)   (0, 7)   (4, 5)   (1, 8)  (2, 3)   (2, 7)   (2, 9)   (6, 3)   (5, 1)   (3, 6)
job_2   (6, 10)  (3, 4)   (6, 7)   (3, 3)   (6, 1)  (6, 4)   (5, 8)   (4, 1)  (0, 8)   (6, 7)   (5, 3)  (6, 10)  (1, 1)   (6, 1)  (1, 10)   (1, 5)   (3, 2)   (2, 7)
job_3    (0, 5)  (5, 3)  (5, 10)   (2, 5)   (4, 7)  (6, 2)   (4, 1)   (4, 5)  (6, 7)   (0, 9)   (0, 5)   (3, 5)  (1, 5)   (5, 5)   (4, 7)   (2, 2)   (5, 3)   (6, 5)
job_4    (0, 3)  (2, 9)   (3, 8)   (5, 3)   (4, 5)  (1, 4)   (2, 5)   (4, 2)  (3, 9)  (0, 10)   (0, 1)   (4, 8)  (2, 6)   (0, 8)   (5, 3)   (6, 5)   (6, 3)   (0, 4)
job_5    (5, 5)  (5, 3)   (6, 1)   (1, 3)   (3, 3)  (0, 4)   (2, 4)   (6, 9)  (5, 1)   (4, 6)   (4, 6)   (0, 4)  (1, 4)   (0, 7)   (6, 1)   (1, 7)   (0, 2)   (1, 6)
job_6    (0, 8)  (0, 6)   (0, 8)   (3, 1)   (5, 2)  (6, 6)   (1, 7)  (1, 10)  (0, 4)   (0, 1)   (5, 4)   (0, 8)  (4, 6)   (4, 1)   (2, 6)  (5, 10)   (4, 6)   (1, 1)
job_7    (5, 2)  (5, 5)   (4, 2)   (0, 2)   (3, 5)  (4, 7)   (1, 6)   (1, 4)  (2, 4)   (0, 5)   (6, 2)   (1, 9)  (5, 5)   (6, 8)   (1, 6)   (5, 4)   (3, 8)   (0, 8)
job_8    (2, 1)  (3, 5)   (6, 4)   (2, 3)   (1, 5)  (6, 3)   (4, 2)   (3, 5)  (1, 7)  (5, 10)  (0, 10)   (2, 2)  (6, 3)  (2, 10)   (2, 7)   (2, 8)   (3, 6)  (3, 10)
job_9    (4, 4)  (6, 6)   (5, 8)   (1, 3)   (6, 6)  (2, 7)   (1, 2)  (0, 10)  (1, 9)   (1, 3)   (2, 2)   (4, 7)  (0, 6)   (4, 6)   (4, 3)   (1, 9)  (0, 10)   (6, 5)
job_10   (0, 2)  (6, 3)   (5, 7)  (5, 10)   (1, 4)  (5, 5)   (5, 9)  (2, 10)  (2, 2)   (6, 2)   (6, 4)   (0, 9)  (6, 1)   (3, 5)   (6, 4)   (1, 8)  (0, 10)   (6, 8)
job_11   (4, 7)  (2, 4)   (0, 2)  (2, 10)  (6, 10)  (6, 9)   (0, 6)   (5, 6)  (4, 1)   (3, 9)   (4, 1)   (3, 2)  (4, 8)   (2, 1)   (5, 2)   (4, 7)   (6, 8)   (3, 7)
job_12   (4, 1)  (3, 6)   (2, 6)   (3, 5)   (2, 5)  (6, 4)   (0, 2)   (1, 2)  (5, 4)   (3, 2)   (3, 7)   (2, 6)  (3, 9)   (5, 8)   (2, 5)   (6, 3)   (1, 1)   (2, 1)
job_13   (1, 2)  (3, 7)   (5, 2)   (5, 8)   (6, 1)  (2, 1)   (5, 9)  (5, 10)  (3, 2)   (1, 2)   (3, 3)   (3, 2)  (4, 4)   (6, 6)   (0, 8)   (3, 6)   (0, 6)   (1, 3)
job_14  (1, 10)  (5, 3)   (2, 4)   (2, 8)   (3, 9)  (2, 8)   (0, 1)   (3, 7)  (3, 9)   (0, 4)  (2, 10)   (6, 2)  (2, 8)   (3, 8)   (5, 4)   (4, 3)   (1, 3)   (1, 4)
job_15  (6, 10)  (4, 4)   (5, 9)   (1, 3)  (1, 10)  (5, 2)  (2, 10)  (0, 10)  (4, 7)   (6, 5)   (3, 3)   (1, 7)  (2, 1)   (0, 3)   (4, 9)   (1, 7)   (1, 5)  (0, 10)


Solution:
Machine 0: job_10_task_0  job_4_task_0   job_6_task_0   job_6_task_1   job_6_task_2   job_11_task_2  job_1_task_1   job_3_task_0   job_7_task_3   job_5_task_5   job_9_task_7   job_0_task_8   job_4_task_9   job_0_task_10  job_8_task_10  job_7_task_9   job_15_task_7  job_1_task_7   job_11_task_6  job_9_task_12  job_1_task_9   job_14_task_6  job_3_task_9   job_6_task_8   job_12_task_6  job_6_task_9   job_14_task_9  job_2_task_8   job_0_task_13  job_10_task_11 job_4_task_10  job_3_task_10  job_6_task_11  job_15_task_13 job_5_task_11  job_13_task_14 job_4_task_13  job_5_task_13  job_9_task_16  job_10_task_16 job_5_task_16  job_13_task_16 job_15_task_17 job_7_task_17  job_4_task_17  
           [0,2]          [2,5]          [5,13]         [13,19]        [19,27]        [27,29]        [29,34]        [34,39]        [39,41]        [41,45]        [45,55]        [55,64]        [64,74]        [74,82]        [82,92]        [92,97]        [97,107]       [107,110]      [110,116]      [116,122]      [122,129]      [129,130]      [130,139]      [139,143]      [143,145]      [145,146]      [146,150]      [150,158]      [158,168]      [168,177]      [177,178]      [178,183]      [183,191]      [191,194]      [194,198]      [198,206]      [206,214]      [214,221]      [221,231]      [231,241]      [241,243]      [243,249]      [249,259]      [259,267]      [267,271]      
Machine 1: job_14_task_0  job_13_task_0  job_9_task_3   job_8_task_4   job_5_task_3   job_9_task_6   job_4_task_5   job_0_task_7   job_8_task_8   job_15_task_3  job_15_task_4  job_7_task_6   job_7_task_7   job_0_task_11  job_9_task_8   job_9_task_9   job_10_task_4  job_7_task_11  job_6_task_6   job_6_task_7   job_1_task_11  job_0_task_12  job_12_task_7  job_15_task_11 job_13_task_9  job_9_task_15  job_0_task_14  job_2_task_12  job_7_task_14  job_2_task_14  job_5_task_12  job_3_task_12  job_10_task_15 job_15_task_15 job_5_task_15  job_15_task_16 job_2_task_15  job_14_task_16 job_5_task_17  job_14_task_17 job_13_task_17 job_12_task_16 job_6_task_17  
           [0,10]         [10,12]        [25,28]        [28,33]        [35,38]        [41,43]        [43,47]        [47,53]        [53,60]        [60,63]        [63,73]        [73,79]        [79,83]        [83,92]        [92,101]       [101,104]      [104,108]      [108,117]      [117,124]      [124,134]      [134,142]      [142,148]      [148,150]      [150,157]      [158,160]      [160,169]      [169,176]      [180,181]      [189,195]      [195,205]      [205,209]      [209,214]      [214,222]      [222,229]      [229,236]      [236,241]      [241,246]      [246,249]      [249,255]      [255,259]      [259,262]      [262,263]      [263,264]      
Machine 2: job_0_task_0   job_8_task_0   job_4_task_1   job_11_task_1  job_8_task_3   job_9_task_5   job_4_task_6   job_11_task_3  job_14_task_2  job_14_task_3  job_5_task_6   job_7_task_8   job_15_task_6  job_3_task_3   job_8_task_11  job_9_task_10  job_12_task_2  job_14_task_5  job_13_task_5  job_12_task_4  job_10_task_7  job_10_task_8  job_8_task_13  job_14_task_10 job_15_task_12 job_8_task_14  job_14_task_12 job_1_task_12  job_1_task_13  job_12_task_11 job_4_task_12  job_8_task_15  job_11_task_13 job_1_task_14  job_6_task_14  job_12_task_14 job_3_task_15  job_2_task_17  job_12_task_17 
           [0,5]          [5,6]          [6,15]         [21,25]        [25,28]        [34,41]        [47,52]        [52,62]        [64,68]        [68,76]        [76,80]        [83,87]        [87,97]        [97,102]       [102,104]      [104,106]      [106,112]      [112,120]      [120,121]      [124,129]      [129,139]      [139,141]      [141,151]      [151,161]      [161,162]      [162,169]      [169,177]      [177,180]      [180,187]      [187,193]      [193,199]      [199,207]      [207,208]      [208,217]      [217,223]      [223,228]      [228,230]      [256,263]      [263,264]      
Machine 3: job_8_task_1   job_13_task_1  job_4_task_2   job_0_task_4   job_1_task_2   job_5_task_4   job_7_task_4   job_8_task_7   job_6_task_3   job_4_task_8   job_0_task_9   job_2_task_1   job_14_task_4  job_2_task_3   job_1_task_5   job_12_task_1  job_1_task_8   job_12_task_3  job_14_task_7  job_14_task_8  job_15_task_10 job_13_task_8  job_13_task_10 job_11_task_9  job_12_task_9  job_12_task_10 job_13_task_11 job_11_task_11 job_10_task_13 job_3_task_11  job_12_task_12 job_14_task_13 job_0_task_15  job_8_task_16  job_13_task_15 job_7_task_16  job_0_task_16  job_8_task_17  job_2_task_16  job_11_task_17 job_1_task_17  
           [6,11]         [12,19]        [23,31]        [31,35]        [35,38]        [38,41]        [41,46]        [46,51]        [51,52]        [55,64]        [64,72]        [72,76]        [76,85]        [85,88]        [88,97]        [97,103]       [110,119]      [119,124]      [130,137]      [137,146]      [146,149]      [156,158]      [160,163]      [163,172]      [172,174]      [174,181]      [181,183]      [183,185]      [185,190]      [190,195]      [195,204]      [204,212]      [212,218]      [218,224]      [224,230]      [230,238]      [238,244]      [244,254]      [254,256]      [256,263]      [263,269]      
Machine 4: job_9_task_0   job_1_task_0   job_15_task_1  job_11_task_0  job_0_task_3   job_7_task_2   job_12_task_0  job_4_task_4   job_8_task_6   job_7_task_5   job_4_task_7   job_3_task_4   job_9_task_11  job_3_task_6   job_3_task_7   job_15_task_8  job_1_task_10  job_9_task_13  job_2_task_7   job_9_task_14  job_11_task_8  job_5_task_9   job_5_task_10  job_11_task_10 job_4_task_11  job_13_task_12 job_11_task_12 job_15_task_14 job_6_task_12  job_6_task_13  job_11_task_15 job_3_task_14  job_6_task_16  job_14_task_15 
           [0,4]          [4,10]         [10,14]        [14,21]        [21,31]        [31,33]        [33,34]        [38,43]        [43,45]        [46,53]        [53,55]        [102,109]      [109,116]      [116,117]      [117,122]      [122,129]      [129,134]      [134,140]      [140,141]      [141,144]      [162,163]      [163,169]      [169,175]      [175,176]      [178,186]      [186,190]      [190,198]      [198,207]      [207,213]      [213,214]      [214,221]      [221,228]      [233,239]      [239,242]      
Machine 5: job_7_task_0   job_7_task_1   job_0_task_1   job_0_task_2   job_9_task_2   job_5_task_0   job_5_task_1   job_13_task_2  job_4_task_3   job_0_task_5   job_10_task_2  job_15_task_2  job_3_task_1   job_14_task_1  job_8_task_9   job_10_task_3  job_15_task_5  job_3_task_2   job_6_task_4   job_1_task_6   job_13_task_3  job_10_task_5  job_10_task_6  job_2_task_6   job_13_task_6  job_13_task_7  job_11_task_7  job_5_task_8   job_12_task_8  job_2_task_10  job_7_task_12  job_6_task_10  job_7_task_15  job_12_task_13 job_11_task_14 job_3_task_13  job_4_task_14  job_1_task_16  job_6_task_15  job_14_task_14 job_3_task_16  job_0_task_17  
           [0,2]          [2,7]          [7,11]         [11,17]        [17,25]        [25,30]        [30,33]        [33,35]        [35,38]        [38,42]        [42,49]        [49,58]        [58,61]        [61,64]        [64,74]        [74,84]        [84,86]        [86,96]        [96,98]        [98,107]       [107,115]      [115,120]      [120,129]      [129,137]      [137,146]      [146,156]      [156,162]      [162,163]      [163,167]      [167,170]      [170,175]      [175,179]      [195,199]      [204,212]      [212,214]      [214,219]      [219,222]      [222,223]      [223,233]      [233,237]      [237,240]      [244,251]      
Machine 6: job_15_task_0  job_9_task_1   job_10_task_1  job_8_task_2   job_9_task_4   job_5_task_2   job_8_task_5   job_0_task_6   job_1_task_3   job_1_task_4   job_2_task_0   job_11_task_4  job_2_task_2   job_5_task_7   job_2_task_4   job_2_task_5   job_7_task_10  job_11_task_5  job_6_task_5   job_3_task_5   job_13_task_4  job_8_task_12  job_3_task_8   job_15_task_9  job_12_task_5  job_10_task_9  job_10_task_10 job_2_task_9   job_14_task_11 job_2_task_11  job_10_task_12 job_7_task_13  job_2_task_13  job_13_task_13 job_10_task_14 job_1_task_15  job_5_task_14  job_11_task_16 job_4_task_15  job_4_task_16  job_12_task_15 job_10_task_17 job_3_task_17  job_9_task_17  
           [0,10]         [10,16]        [16,19]        [19,23]        [28,34]        [34,35]        [35,38]        [42,44]        [44,53]        [53,55]        [55,65]        [65,75]        [76,83]        [83,92]        [92,93]        [93,97]        [97,99]        [99,108]       [108,114]      [114,116]      [116,117]      [117,120]      [122,129]      [129,134]      [134,138]      [141,143]      [143,147]      [158,165]      [165,167]      [170,180]      [180,181]      [181,189]      [189,190]      [190,196]      [196,200]      [217,220]      [221,222]      [222,230]      [230,235]      [235,238]      [238,241]      [241,249]      [249,254]      [254,259]      
Optimal Schedule Length: 271.0
Total (Unoptimized Schedule Length): 1552
Statistics
  - conflicts: 0
  - branches : 275
  - wall time: 1.3083847510000002s