
Problem
          task_0   task_1   task_2   task_3   task_4   task_5   task_6   task_7   task_8   task_9  task_10   task_11   task_12  task_13  task_14
job_0     (3, 7)   (9, 9)   (1, 9)   (6, 7)  (8, 10)   (1, 3)   (0, 3)   (1, 9)   (4, 5)   (4, 1)   (6, 3)   (8, 10)    (4, 5)  (10, 4)   (0, 4)
job_1     (2, 2)   (7, 8)   (9, 6)   (6, 2)   (1, 9)   (2, 3)   (9, 6)  (3, 10)   (7, 5)   (8, 3)   (2, 5)    (7, 6)   (10, 5)   (8, 7)   (8, 5)
job_2     (3, 2)   (3, 7)  (9, 10)  (5, 10)   (1, 9)   (8, 8)   (6, 3)   (9, 1)   (6, 7)   (4, 4)   (6, 3)    (9, 2)   (10, 1)   (7, 8)   (7, 9)
job_3     (6, 7)   (0, 6)   (0, 6)   (8, 4)   (3, 1)   (4, 9)   (6, 2)   (8, 5)  (10, 6)  (9, 10)   (2, 9)    (6, 9)    (9, 4)  (10, 8)   (4, 8)
job_4     (5, 9)   (2, 2)   (8, 4)  (8, 10)   (9, 1)   (2, 8)   (3, 2)   (8, 5)   (3, 9)   (7, 9)   (6, 8)    (9, 4)    (3, 9)   (2, 3)   (5, 6)
job_5     (1, 4)   (2, 7)  (3, 10)   (9, 9)   (4, 2)   (4, 9)   (4, 3)  (2, 10)   (6, 4)   (8, 1)   (5, 7)   (2, 10)    (3, 7)   (9, 8)   (2, 7)
job_6     (5, 6)   (5, 8)  (3, 10)   (9, 9)   (4, 9)   (0, 5)   (8, 9)   (5, 1)  (10, 1)  (0, 10)   (5, 2)    (4, 8)    (5, 8)   (7, 7)  (3, 10)
job_7     (6, 2)   (7, 9)   (8, 4)   (2, 3)   (8, 9)   (7, 8)   (5, 4)   (7, 4)   (9, 7)   (3, 6)   (6, 5)    (8, 5)    (4, 5)   (6, 4)   (7, 8)
job_8    (10, 8)   (3, 3)  (10, 8)   (2, 6)   (2, 7)  (10, 8)   (9, 8)   (3, 4)   (9, 2)  (10, 4)   (3, 3)    (0, 2)    (6, 6)   (7, 9)   (3, 6)
job_9     (1, 7)   (1, 1)  (10, 5)   (7, 7)   (3, 4)   (0, 2)   (6, 5)   (3, 9)   (6, 8)   (6, 3)   (4, 8)  (10, 10)    (9, 8)   (3, 1)  (1, 10)
job_10    (6, 6)  (10, 3)   (4, 4)   (6, 7)   (5, 9)   (3, 4)   (1, 5)   (6, 9)  (8, 10)   (5, 2)   (2, 9)    (0, 5)    (2, 8)  (10, 3)   (8, 1)
job_11    (5, 5)   (9, 1)   (0, 4)  (10, 1)   (6, 9)   (9, 7)   (1, 2)   (3, 4)   (3, 3)   (6, 7)   (3, 8)    (2, 5)  (10, 10)   (3, 8)   (2, 9)
job_12    (9, 7)   (4, 7)  (10, 9)   (9, 4)   (0, 8)   (8, 8)  (7, 10)   (3, 9)   (5, 6)   (8, 2)   (1, 2)    (6, 9)    (9, 5)   (8, 3)   (5, 2)
job_13    (7, 7)   (4, 4)  (5, 10)   (6, 6)   (1, 3)  (5, 10)   (6, 9)   (3, 1)   (6, 8)  (0, 10)   (7, 2)    (4, 7)    (7, 2)   (2, 4)   (7, 4)
job_14   (6, 10)   (8, 2)  (1, 10)  (1, 10)   (6, 1)  (7, 10)   (4, 7)   (6, 9)   (0, 7)   (2, 1)   (1, 2)    (4, 8)    (0, 9)   (8, 9)   (6, 4)
job_15  (10, 10)   (8, 4)   (3, 7)   (8, 9)   (9, 6)   (3, 8)  (10, 5)   (5, 4)   (2, 4)   (4, 7)  (10, 2)   (10, 5)    (8, 1)   (0, 1)  (1, 10)
job_16    (6, 9)  (2, 10)   (8, 6)   (0, 6)   (1, 8)   (2, 7)   (7, 9)   (8, 9)   (3, 3)  (1, 10)   (6, 1)    (2, 1)    (2, 9)   (2, 3)  (5, 10)
job_17    (0, 1)   (0, 7)   (4, 4)   (8, 5)   (6, 9)  (1, 10)   (7, 1)   (7, 4)   (6, 7)   (3, 4)   (3, 8)    (0, 6)    (6, 4)   (0, 2)   (1, 5)


Solution:
Machine 0: job_17_task_0  job_17_task_1  job_3_task_1   job_3_task_2   job_11_task_2  job_16_task_3  job_9_task_5   job_12_task_4  job_6_task_5   job_14_task_8  job_0_task_6   job_6_task_9   job_14_task_12 job_8_task_11  job_13_task_9  job_15_task_13 job_10_task_11 job_17_task_11 job_0_task_14  job_17_task_13 
           [0,1]          [1,8]          [26,32]        [32,38]        [38,42]        [42,48]        [48,50]        [50,58]        [83,88]        [91,98]        [98,101]       [104,114]      [114,123]      [136,138]      [142,152]      [152,153]      [153,158]      [165,171]      [200,204]      [208,210]      
Machine 1: job_5_task_0   job_9_task_0   job_9_task_1   job_0_task_2   job_14_task_2  job_14_task_3  job_13_task_4  job_16_task_4  job_2_task_4   job_1_task_4   job_11_task_6  job_10_task_6  job_17_task_5  job_0_task_5   job_14_task_10 job_0_task_7   job_16_task_9  job_12_task_10 job_15_task_14 job_9_task_14  job_17_task_14 
           [0,4]          [4,11]         [11,12]        [16,25]        [25,35]        [35,45]        [45,48]        [48,56]        [56,65]        [65,74]        [74,76]        [76,81]        [82,92]        [92,95]        [99,101]       [101,110]      [126,136]      [149,151]      [153,163]      [173,183]      [210,215]      
Machine 2: job_1_task_0   job_5_task_1   job_16_task_1  job_4_task_1   job_8_task_3   job_7_task_3   job_4_task_5   job_16_task_5  job_8_task_4   job_1_task_5   job_5_task_7   job_14_task_9  job_15_task_8  job_3_task_10  job_11_task_11 job_1_task_10  job_10_task_10 job_5_task_11  job_10_task_12 job_11_task_14 job_13_task_13 job_16_task_11 job_16_task_12 job_16_task_13 job_5_task_14  job_4_task_13  
           [0,2]          [4,11]         [11,21]        [21,23]        [43,49]        [49,52]        [52,60]        [60,67]        [67,74]        [74,77]        [77,87]        [98,99]        [100,104]      [104,113]      [114,119]      [133,138]      [139,148]      [148,158]      [158,166]      [166,175]      [175,179]      [179,180]      [180,189]      [189,192]      [192,199]      [199,202]      
Machine 3: job_0_task_0   job_2_task_0   job_2_task_1   job_5_task_2   job_8_task_1   job_15_task_2  job_9_task_4   job_6_task_2   job_3_task_4   job_10_task_5  job_4_task_6   job_9_task_7   job_11_task_7  job_11_task_8  job_15_task_5  job_1_task_7   job_8_task_7   job_11_task_10 job_12_task_7  job_16_task_8  job_13_task_7  job_7_task_9   job_8_task_10  job_11_task_13 job_4_task_8   job_17_task_9  job_17_task_10 job_5_task_12  job_9_task_13  job_6_task_14  job_4_task_12  job_8_task_14  
           [0,7]          [7,9]          [9,16]         [16,26]        [26,29]        [29,36]        [36,40]        [40,50]        [50,51]        [57,61]        [61,63]        [64,73]        [76,80]        [80,83]        [83,91]        [91,101]       [101,105]      [106,114]      [114,123]      [123,126]      [126,127]      [127,133]      [133,136]      [136,144]      [144,153]      [153,157]      [157,165]      [165,172]      [172,173]      [173,183]      [189,198]      [201,207]      
Machine 4: job_17_task_2  job_13_task_1  job_12_task_1  job_10_task_2  job_5_task_4   job_5_task_5   job_5_task_6   job_3_task_5   job_14_task_6  job_6_task_4   job_14_task_11 job_15_task_9  job_0_task_8   job_6_task_11  job_0_task_9   job_9_task_10  job_2_task_9   job_13_task_11 job_7_task_12  job_3_task_14  job_0_task_12  
           [8,12]         [12,16]        [16,23]        [35,39]        [39,41]        [41,50]        [50,53]        [53,62]        [67,74]        [74,83]        [101,109]      [109,116]      [116,121]      [121,129]      [129,130]      [131,139]      [156,160]      [160,167]      [178,183]      [183,191]      [191,196]      
Machine 5: job_6_task_0   job_4_task_0   job_11_task_0  job_13_task_2  job_6_task_1   job_2_task_3   job_10_task_4  job_13_task_5  job_7_task_6   job_15_task_7  job_6_task_7   job_6_task_10  job_12_task_8  job_6_task_12  job_10_task_9  job_5_task_10  job_16_task_14 job_4_task_14  job_12_task_14 
           [0,6]          [6,15]         [15,20]        [20,30]        [30,38]        [38,48]        [48,57]        [57,67]        [75,79]        [96,100]       [102,103]      [114,116]      [123,129]      [129,137]      [137,139]      [139,146]      [192,202]      [202,208]      [208,210]      
Machine 6: job_16_task_0  job_14_task_0  job_3_task_0   job_10_task_0  job_7_task_0   job_13_task_3  job_10_task_3  job_11_task_4  job_14_task_4  job_1_task_3   job_9_task_6   job_3_task_6   job_0_task_3   job_17_task_4  job_14_task_7  job_9_task_8   job_11_task_9  job_10_task_7  job_13_task_6  job_5_task_8   job_9_task_9   job_2_task_6   job_13_task_8  job_17_task_8  job_2_task_8   job_3_task_11  job_2_task_10  job_7_task_10  job_0_task_10  job_16_task_10 job_4_task_10  job_8_task_12  job_12_task_11 job_7_task_13  job_17_task_12 job_14_task_14 
           [0,9]          [9,19]         [19,26]        [26,32]        [32,34]        [34,40]        [40,47]        [47,56]        [56,57]        [57,59]        [59,64]        [64,66]        [66,73]        [73,82]        [82,91]        [91,99]        [99,106]       [106,115]      [115,124]      [124,128]      [128,131]      [131,134]      [134,142]      [142,149]      [149,156]      [156,165]      [165,168]      [168,173]      [173,176]      [176,177]      [177,185]      [185,191]      [191,200]      [200,204]      [204,208]      [208,212]      
Machine 7: job_13_task_0  job_1_task_1   job_9_task_3   job_7_task_1   job_14_task_5  job_7_task_5   job_16_task_6  job_7_task_7   job_17_task_6  job_17_task_7  job_12_task_6  job_1_task_8   job_6_task_13  job_1_task_11  job_13_task_10 job_4_task_9   job_13_task_12 job_2_task_13  job_13_task_14 job_2_task_14  job_8_task_13  job_7_task_14  
           [0,7]          [7,15]         [23,30]        [34,43]        [57,67]        [67,75]        [75,84]        [84,88]        [92,93]        [93,97]        [97,107]       [107,112]      [137,144]      [149,155]      [155,157]      [157,166]      [167,169]      [171,179]      [179,183]      [183,192]      [192,201]      [204,212]      
Machine 8: job_15_task_1  job_17_task_3  job_14_task_1  job_16_task_2  job_4_task_2   job_4_task_3   job_3_task_3   job_7_task_2   job_7_task_4   job_15_task_3  job_3_task_7   job_0_task_4   job_12_task_5  job_6_task_6   job_2_task_5   job_16_task_7  job_10_task_8  job_5_task_9   job_1_task_9   job_4_task_7   job_14_task_13 job_12_task_9  job_15_task_12 job_1_task_13  job_1_task_14  job_10_task_14 job_7_task_11  job_0_task_11  job_12_task_13 
           [10,14]        [14,19]        [19,21]        [21,27]        [27,31]        [31,41]        [41,45]        [45,49]        [52,61]        [61,70]        [70,75]        [75,85]        [85,93]        [93,102]       [102,110]      [110,119]      [119,129]      [129,130]      [130,133]      [133,138]      [138,147]      [147,149]      [149,150]      [160,167]      [167,172]      [172,173]      [173,178]      [178,188]      [205,208]      
Machine 9: job_12_task_0  job_0_task_1   job_2_task_2   job_5_task_3   job_11_task_1  job_1_task_2   job_12_task_3  job_4_task_4   job_11_task_5  job_6_task_3   job_15_task_4  job_1_task_6   job_8_task_6   job_3_task_9   job_7_task_8   job_8_task_8   job_2_task_7   job_9_task_12  job_2_task_11  job_3_task_12  job_5_task_13  job_4_task_11  job_12_task_12 
           [0,7]          [7,16]         [16,26]        [26,35]        [35,36]        [36,42]        [42,46]        [46,47]        [56,63]        [63,72]        [72,78]        [78,84]        [84,92]        [92,102]       [102,109]      [109,111]      [134,135]      [149,157]      [168,170]      [170,174]      [174,182]      [185,189]      [200,205]      
Machine 10: job_15_task_0  job_8_task_0   job_9_task_2   job_12_task_2  job_10_task_1  job_8_task_2   job_11_task_3  job_8_task_5   job_3_task_8   job_15_task_6  job_6_task_8   job_8_task_9   job_15_task_10 job_15_task_11 job_11_task_12 job_9_task_11  job_1_task_12  job_10_task_13 job_2_task_12  job_3_task_13  job_0_task_13  
           [0,10]         [10,18]        [18,23]        [23,32]        [32,35]        [35,43]        [43,44]        [74,82]        [82,88]        [91,96]        [103,104]      [111,115]      [116,118]      [118,123]      [123,133]      [139,149]      [155,160]      [166,169]      [170,171]      [174,182]      [196,200]      
Optimal Schedule Length: 215.0
Total (Unoptimized Schedule Length): 1600
Statistics
  - conflicts: 0
  - branches : 0
  - wall time: 0.274654706s