
Problem
         task_0  task_1   task_2   task_3   task_4   task_5   task_6   task_7   task_8  task_9  task_10 task_11  task_12  task_13  task_14  task_15  task_16 task_17
job_0    (0, 5)  (1, 9)   (0, 4)   (0, 8)   (2, 1)   (2, 7)  (2, 10)   (0, 9)   (1, 2)  (2, 2)   (0, 6)  (2, 9)  (1, 10)   (2, 8)  (0, 10)   (1, 5)   (2, 7)  (1, 2)
job_1    (2, 4)  (2, 6)  (2, 10)   (0, 7)   (1, 2)   (0, 1)   (0, 3)   (2, 8)   (2, 6)  (2, 5)   (1, 5)  (1, 5)   (0, 6)   (0, 8)   (2, 1)   (1, 9)   (1, 4)  (1, 2)
job_2    (0, 9)  (1, 9)   (0, 8)   (1, 3)   (2, 1)   (1, 6)   (2, 6)   (0, 8)   (2, 3)  (1, 3)  (1, 10)  (2, 6)   (0, 5)   (1, 9)   (1, 7)   (0, 5)  (1, 10)  (1, 3)
job_3    (1, 3)  (2, 1)   (0, 2)   (0, 7)   (2, 8)   (2, 7)   (0, 5)   (0, 4)   (1, 8)  (0, 8)   (0, 8)  (2, 9)   (0, 7)   (0, 4)   (1, 3)   (2, 2)   (1, 9)  (1, 2)
job_4    (0, 3)  (2, 2)  (0, 10)   (2, 9)   (2, 3)  (2, 10)   (0, 9)  (1, 10)   (2, 9)  (1, 2)   (1, 7)  (1, 1)   (0, 5)   (1, 2)  (1, 10)   (2, 6)   (2, 2)  (1, 4)
job_5    (2, 5)  (0, 9)   (2, 6)   (2, 3)   (1, 8)   (0, 4)   (2, 8)   (0, 5)  (2, 10)  (0, 5)   (1, 2)  (1, 7)   (0, 3)   (1, 5)   (2, 5)   (2, 6)   (1, 9)  (0, 4)
job_6    (2, 1)  (1, 4)   (2, 8)   (1, 2)   (2, 8)   (1, 7)   (2, 5)   (0, 4)  (2, 10)  (1, 3)   (0, 2)  (1, 9)   (0, 5)  (1, 10)   (2, 8)  (1, 10)   (0, 7)  (2, 2)
job_7    (1, 4)  (0, 6)   (2, 1)  (1, 10)   (0, 1)   (1, 1)   (1, 8)   (1, 4)   (1, 5)  (0, 8)   (1, 6)  (0, 9)   (2, 3)   (1, 3)   (0, 7)   (1, 6)   (1, 1)  (1, 3)
job_8    (1, 8)  (2, 2)   (0, 2)   (1, 7)   (1, 1)   (2, 7)   (2, 6)   (1, 3)   (1, 1)  (0, 1)  (2, 10)  (0, 9)   (2, 8)  (1, 10)   (1, 8)   (1, 2)   (0, 2)  (0, 3)
job_9    (0, 8)  (0, 8)   (0, 8)   (1, 1)  (0, 10)   (2, 4)  (1, 10)   (2, 9)   (2, 7)  (0, 5)   (2, 1)  (2, 6)   (2, 4)   (2, 5)   (2, 8)   (1, 6)   (1, 3)  (1, 8)
job_10   (2, 1)  (0, 2)   (1, 5)   (0, 4)   (1, 3)   (1, 6)   (2, 6)   (1, 2)   (1, 7)  (0, 4)   (2, 7)  (1, 3)   (1, 1)  (2, 10)   (0, 4)   (1, 4)   (0, 6)  (2, 3)
job_11   (0, 8)  (0, 7)  (1, 10)   (1, 6)   (0, 7)   (2, 5)  (2, 10)   (1, 1)   (2, 9)  (0, 5)   (0, 4)  (0, 6)   (0, 1)   (2, 9)   (0, 4)   (2, 3)   (1, 8)  (1, 6)
job_12   (2, 7)  (0, 5)   (2, 9)   (1, 5)   (1, 7)   (1, 3)   (1, 3)   (2, 5)   (1, 5)  (0, 6)   (2, 3)  (2, 2)  (2, 10)  (1, 10)   (0, 8)   (0, 9)   (2, 7)  (1, 8)
job_13   (0, 7)  (1, 2)   (1, 4)   (0, 2)   (1, 7)  (1, 10)   (1, 1)   (2, 8)   (0, 3)  (2, 7)  (0, 10)  (0, 7)   (2, 5)  (2, 10)   (0, 1)   (2, 1)   (1, 4)  (2, 7)
job_14  (2, 10)  (1, 5)   (1, 2)   (1, 6)   (2, 4)   (2, 2)   (1, 4)   (1, 4)   (1, 3)  (1, 1)   (0, 2)  (1, 8)   (2, 2)   (0, 6)   (0, 8)   (2, 7)   (2, 8)  (2, 9)
job_15   (2, 5)  (1, 6)   (1, 9)   (2, 8)   (2, 7)   (1, 2)   (1, 3)   (1, 5)   (2, 6)  (2, 3)   (0, 8)  (1, 5)   (2, 7)   (1, 4)   (2, 5)   (2, 7)   (2, 8)  (2, 6)
job_16   (1, 9)  (1, 4)   (0, 2)   (2, 3)   (1, 8)   (2, 2)   (2, 7)  (2, 10)   (0, 6)  (0, 9)   (1, 2)  (1, 1)   (2, 4)   (2, 8)   (2, 1)   (1, 6)   (1, 9)  (0, 8)
job_17   (0, 2)  (2, 1)   (2, 9)   (2, 5)   (2, 2)   (0, 8)   (1, 6)   (1, 6)   (1, 7)  (0, 6)   (0, 4)  (2, 5)   (1, 3)   (0, 5)   (1, 6)   (2, 6)   (2, 3)  (0, 8)


Solution:
Machine 0: job_0_task_0   job_9_task_0   job_2_task_0   job_11_task_0  job_12_task_1  job_4_task_0   job_9_task_1   job_11_task_1  job_0_task_2   job_5_task_1   job_4_task_2   job_13_task_0  job_0_task_3   job_9_task_2   job_3_task_2   job_2_task_2   job_17_task_0  job_3_task_3   job_16_task_2  job_9_task_4   job_13_task_3  job_7_task_1   job_8_task_2   job_11_task_4  job_5_task_5   job_1_task_3   job_10_task_1  job_0_task_7   job_10_task_3  job_4_task_6   job_3_task_6   job_17_task_5  job_6_task_7   job_2_task_7   job_7_task_4   job_3_task_7   job_12_task_9  job_1_task_5   job_1_task_6   job_5_task_7   job_3_task_9   job_3_task_10  job_16_task_8  job_16_task_9  job_13_task_8  job_6_task_10  job_8_task_9   job_0_task_10  job_17_task_9  job_14_task_10 job_7_task_9   job_5_task_9   job_11_task_9  job_15_task_10 job_9_task_9   job_10_task_9  job_13_task_10 job_6_task_12  job_11_task_10 job_8_task_11  job_17_task_10 job_11_task_11 job_13_task_11 job_5_task_12  job_12_task_14 job_2_task_12  job_14_task_13 job_14_task_14 job_7_task_11  job_11_task_12 job_1_task_12  job_4_task_12  job_17_task_13 job_3_task_12  job_1_task_13  job_12_task_15 job_0_task_14  job_11_task_14 job_3_task_13  job_2_task_15  job_8_task_16  job_8_task_17  job_10_task_14 job_6_task_16  job_10_task_16 job_16_task_17 job_7_task_14  job_13_task_14 job_5_task_17  job_17_task_17 
           [0,5]          [5,13]         [13,22]        [22,30]        [30,35]        [35,38]        [38,46]        [46,53]        [53,57]        [57,66]        [66,76]        [76,83]        [83,91]        [91,99]        [99,101]       [101,109]      [109,111]      [111,118]      [118,120]      [120,130]      [130,132]      [132,138]      [138,140]      [140,147]      [147,151]      [151,158]      [158,160]      [160,169]      [169,173]      [173,182]      [182,187]      [187,195]      [195,199]      [199,207]      [207,208]      [208,212]      [212,218]      [218,219]      [219,222]      [229,234]      [255,263]      [263,271]      [271,277]      [277,286]      [286,289]      [289,291]      [291,292]      [293,299]      [314,320]      [320,322]      [322,330]      [330,335]      [335,340]      [340,348]      [348,353]      [353,357]      [357,367]      [367,372]      [372,376]      [376,385]      [385,389]      [389,395]      [395,402]      [402,405]      [405,413]      [413,418]      [418,424]      [424,432]      [432,441]      [441,442]      [442,448]      [448,453]      [453,458]      [458,465]      [465,473]      [473,482]      [482,492]      [492,496]      [496,500]      [500,505]      [505,507]      [507,510]      [515,519]      [519,526]      [529,535]      [550,558]      [558,565]      [565,566]      [576,580]      [612,620]      
Machine 1: job_16_task_0  job_0_task_1   job_6_task_1   job_2_task_1   job_15_task_1  job_3_task_0   job_15_task_2  job_6_task_3   job_12_task_3  job_11_task_2  job_16_task_1  job_8_task_0   job_7_task_0   job_12_task_4  job_13_task_1  job_13_task_2  job_11_task_3  job_9_task_3   job_6_task_5   job_2_task_3   job_14_task_1  job_5_task_4   job_16_task_4  job_13_task_4  job_2_task_5   job_12_task_5  job_8_task_3   job_14_task_2  job_12_task_6  job_10_task_2  job_7_task_3   job_14_task_3  job_13_task_5  job_9_task_6   job_8_task_4   job_15_task_5  job_12_task_8  job_15_task_6  job_10_task_4  job_1_task_4   job_17_task_6  job_7_task_5   job_13_task_6  job_15_task_7  job_10_task_5  job_7_task_6   job_0_task_8   job_3_task_8   job_14_task_6  job_17_task_7  job_14_task_7  job_4_task_7   job_8_task_7   job_11_task_7  job_6_task_9   job_7_task_7   job_8_task_8   job_2_task_9   job_2_task_10  job_14_task_8  job_17_task_8  job_14_task_9  job_7_task_8   job_10_task_7  job_6_task_11  job_10_task_8  job_14_task_11 job_5_task_10  job_15_task_11 job_16_task_10 job_5_task_11  job_7_task_10  job_12_task_13 job_16_task_11 job_6_task_13  job_0_task_12  job_4_task_9   job_4_task_10  job_1_task_10  job_1_task_11  job_2_task_13  job_10_task_11 job_4_task_11  job_5_task_13  job_15_task_13 job_10_task_12 job_17_task_12 job_2_task_14  job_4_task_13  job_4_task_14  job_8_task_13  job_17_task_14 job_8_task_14  job_8_task_15  job_0_task_15  job_3_task_14  job_6_task_15  job_2_task_16  job_10_task_15 job_16_task_15 job_9_task_15  job_16_task_16 job_7_task_13  job_9_task_16  job_9_task_17  job_2_task_17  job_5_task_16  job_11_task_16 job_7_task_15  job_1_task_15  job_12_task_17 job_13_task_16 job_3_task_16  job_1_task_16  job_11_task_17 job_7_task_16  job_7_task_17  job_0_task_17  job_1_task_17  job_4_task_17  job_3_task_17  
           [0,9]          [9,18]         [18,22]        [22,31]        [31,37]        [37,40]        [40,49]        [49,51]        [51,56]        [56,66]        [66,70]        [70,78]        [78,82]        [82,89]        [89,91]        [91,95]        [95,101]       [101,102]      [102,109]      [109,112]      [112,117]      [117,125]      [125,133]      [133,140]      [140,146]      [146,149]      [149,156]      [156,158]      [158,161]      [161,166]      [166,176]      [176,182]      [182,192]      [192,202]      [202,203]      [203,205]      [205,210]      [210,213]      [213,216]      [216,218]      [218,224]      [224,225]      [225,226]      [226,231]      [231,237]      [237,245]      [245,247]      [247,255]      [255,259]      [259,265]      [265,269]      [269,279]      [279,282]      [282,283]      [283,286]      [286,290]      [290,291]      [291,294]      [294,304]      [304,307]      [307,314]      [314,315]      [315,320]      [320,322]      [322,331]      [331,338]      [338,346]      [346,348]      [348,353]      [353,355]      [355,362]      [362,368]      [368,378]      [378,379]      [379,389]      [389,399]      [399,401]      [401,408]      [408,413]      [413,418]      [418,427]      [427,430]      [430,431]      [431,436]      [436,440]      [440,441]      [441,444]      [444,451]      [453,455]      [455,465]      [465,475]      [475,481]      [481,489]      [489,491]      [492,497]      [500,503]      [505,515]      [515,525]      [525,529]      [529,535]      [535,541]      [541,550]      [550,553]      [553,556]      [556,564]      [564,567]      [567,576]      [576,584]      [584,590]      [590,599]      [599,607]      [607,611]      [611,620]      [620,624]      [624,630]      [630,631]      [631,634]      [634,636]      [636,638]      [638,642]      [642,644]      
Machine 2: job_12_task_0  job_6_task_0   job_15_task_0  job_5_task_0   job_1_task_0   job_6_task_2   job_14_task_0  job_4_task_1   job_12_task_2  job_3_task_1   job_6_task_4   job_1_task_1   job_5_task_2   job_5_task_3   job_15_task_3  job_4_task_3   job_0_task_4   job_0_task_5   job_8_task_1   job_1_task_2   job_17_task_1  job_17_task_2  job_16_task_3  job_3_task_4   job_2_task_4   job_4_task_4   job_17_task_3  job_0_task_6   job_10_task_0  job_4_task_5   job_7_task_2   job_9_task_5   job_15_task_4  job_3_task_5   job_17_task_4  job_6_task_6   job_2_task_6   job_16_task_5  job_12_task_7  job_11_task_5  job_16_task_6  job_8_task_5   job_5_task_6   job_14_task_4  job_11_task_6  job_6_task_8   job_14_task_5  job_16_task_7  job_8_task_6   job_13_task_7  job_9_task_7   job_2_task_8   job_0_task_9   job_15_task_8  job_1_task_7   job_12_task_10 job_10_task_6  job_5_task_8   job_11_task_8  job_12_task_11 job_15_task_9  job_9_task_8   job_13_task_9  job_12_task_12 job_8_task_10  job_1_task_8   job_0_task_11  job_4_task_8   job_1_task_9   job_2_task_11  job_9_task_10  job_14_task_12 job_9_task_11  job_10_task_10 job_15_task_12 job_16_task_12 job_17_task_11 job_3_task_11  job_9_task_12  job_8_task_12  job_0_task_13  job_16_task_13 job_9_task_13  job_11_task_13 job_13_task_12 job_6_task_14  job_10_task_13 job_15_task_14 job_9_task_14  job_16_task_14 job_5_task_14  job_14_task_15 job_7_task_12  job_13_task_13 job_15_task_15 job_5_task_15  job_11_task_15 job_17_task_15 job_14_task_16 job_1_task_14  job_12_task_16 job_15_task_16 job_3_task_15  job_13_task_15 job_4_task_15  job_17_task_16 job_0_task_16  job_14_task_17 job_13_task_17 job_4_task_16  job_15_task_17 job_10_task_17 job_6_task_17  
           [0,7]          [7,8]          [8,13]         [13,18]        [18,22]        [22,30]        [30,40]        [40,42]        [42,51]        [51,52]        [52,60]        [60,66]        [66,72]        [72,75]        [75,83]        [83,92]        [92,93]        [93,100]       [100,102]      [102,112]      [112,113]      [113,122]      [122,125]      [125,133]      [133,134]      [134,137]      [137,142]      [142,152]      [152,153]      [153,163]      [163,164]      [164,168]      [168,175]      [175,182]      [182,184]      [184,189]      [189,195]      [195,197]      [197,202]      [202,207]      [207,214]      [214,221]      [221,229]      [229,233]      [233,243]      [243,253]      [253,255]      [255,265]      [265,271]      [271,279]      [279,288]      [288,291]      [291,293]      [293,299]      [299,307]      [307,310]      [310,316]      [316,326]      [326,335]      [335,337]      [337,340]      [340,347]      [347,354]      [354,364]      [364,374]      [374,380]      [380,389]      [389,398]      [398,403]      [403,409]      [409,410]      [410,412]      [412,418]      [418,425]      [425,432]      [432,436]      [436,441]      [441,450]      [450,454]      [454,462]      [462,470]      [470,478]      [478,483]      [483,492]      [492,497]      [497,505]      [505,515]      [515,520]      [520,528]      [528,529]      [529,534]      [534,541]      [541,544]      [544,554]      [554,561]      [561,567]      [567,570]      [570,576]      [576,584]      [584,585]      [585,592]      [592,600]      [600,602]      [602,603]      [603,609]      [609,612]      [612,619]      [619,628]      [628,635]      [635,637]      [637,643]      [643,646]      [646,648]      
Optimal Schedule Length: 648.0
Total (Unoptimized Schedule Length): 1795
Statistics
  - conflicts: 1
  - branches : 325
  - wall time: 0.195718481s