
Problem
         task_0    task_1    task_2    task_3   task_4    task_5    task_6    task_7    task_8    task_9  task_10   task_11  task_12  task_13   task_14  task_15  task_16  task_17   task_18
job_0   (11, 4)   (14, 4)  (13, 10)   (5, 10)   (9, 4)   (3, 10)    (0, 3)    (7, 1)    (8, 7)    (8, 6)  (14, 6)    (3, 2)   (4, 4)  (10, 6)   (14, 9)   (2, 8)   (9, 3)   (1, 2)   (5, 10)
job_1    (0, 4)    (7, 8)    (2, 7)   (11, 1)  (15, 7)    (5, 2)    (9, 6)   (12, 2)    (5, 1)   (13, 1)  (15, 6)   (15, 9)   (3, 3)   (1, 6)   (13, 3)   (4, 9)   (8, 9)   (6, 7)    (8, 1)
job_2    (1, 3)   (15, 5)   (14, 7)    (8, 3)   (4, 6)  (10, 10)   (8, 10)   (13, 1)    (4, 8)   (11, 1)   (4, 4)    (7, 7)   (9, 5)   (1, 8)    (2, 3)  (13, 4)  (15, 6)  (15, 5)    (4, 4)
job_3    (4, 4)    (0, 1)   (12, 4)    (1, 1)   (3, 3)    (9, 9)   (11, 6)    (0, 5)   (12, 2)    (9, 1)   (6, 7)    (3, 9)  (12, 4)   (9, 4)   (10, 1)   (9, 4)  (14, 2)   (5, 3)    (4, 5)
job_4    (4, 3)    (9, 1)    (1, 8)   (12, 8)   (6, 8)   (13, 5)    (3, 1)    (6, 5)    (1, 1)   (14, 8)   (2, 1)    (8, 5)  (14, 7)  (9, 10)   (10, 7)   (5, 4)   (8, 4)   (8, 4)   (11, 5)
job_5   (12, 6)   (5, 10)   (12, 5)    (0, 3)   (0, 3)    (3, 6)   (7, 10)    (3, 1)    (4, 6)    (7, 5)   (5, 7)    (6, 3)   (4, 5)  (11, 5)    (9, 3)   (5, 9)   (7, 3)   (0, 6)   (0, 10)
job_6    (3, 2)    (8, 8)   (11, 9)   (10, 1)   (3, 1)    (0, 2)    (9, 8)    (0, 4)    (7, 5)    (2, 7)  (6, 10)    (5, 4)   (3, 3)  (11, 6)    (4, 5)   (9, 1)   (2, 5)   (0, 4)    (5, 3)
job_7   (3, 10)    (5, 6)    (8, 2)  (15, 10)  (14, 6)   (1, 10)    (5, 9)   (13, 9)   (15, 4)   (13, 4)  (12, 3)   (12, 9)  (11, 3)   (8, 7)    (1, 8)  (14, 5)   (3, 5)   (9, 8)   (12, 6)
job_8    (9, 8)    (9, 3)   (1, 10)   (7, 10)   (4, 2)   (12, 1)    (7, 5)   (12, 7)  (14, 10)    (4, 8)   (5, 7)   (10, 5)   (8, 7)   (7, 7)   (10, 3)   (7, 4)   (9, 7)  (11, 5)   (14, 4)
job_9   (9, 10)    (6, 4)   (11, 8)    (8, 4)   (8, 7)   (12, 6)    (7, 9)  (11, 10)   (4, 10)    (3, 1)  (13, 6)   (11, 3)   (1, 4)  (13, 5)    (6, 8)  (8, 10)   (0, 5)  (15, 3)   (5, 10)
job_10   (6, 8)   (12, 5)   (10, 3)    (1, 8)   (0, 3)    (5, 6)   (15, 8)    (2, 6)    (9, 1)   (15, 7)  (15, 1)    (8, 5)   (6, 6)   (5, 2)    (0, 4)   (2, 2)   (6, 4)  (12, 7)    (7, 4)
job_11  (11, 2)    (8, 7)   (15, 3)   (15, 9)   (1, 2)    (9, 5)  (15, 10)   (12, 8)    (7, 1)    (6, 3)   (9, 9)    (9, 2)   (9, 4)  (12, 4)    (0, 7)  (7, 10)  (13, 7)  (14, 8)    (6, 9)
job_12   (2, 8)   (12, 8)    (6, 2)    (4, 8)  (15, 2)   (13, 5)   (12, 5)    (7, 7)    (2, 9)    (5, 2)   (5, 1)   (13, 1)  (12, 2)   (4, 1)   (15, 9)  (8, 10)  (15, 8)   (2, 9)   (10, 7)
job_13  (11, 9)    (9, 7)   (11, 6)   (14, 8)   (9, 8)   (12, 4)    (1, 5)    (0, 5)    (6, 5)   (11, 9)   (6, 4)    (5, 2)   (1, 8)  (14, 1)    (5, 1)   (0, 8)   (5, 9)   (2, 7)    (4, 3)
job_14   (8, 1)  (11, 10)    (1, 5)    (9, 5)   (9, 6)   (13, 2)    (4, 5)   (15, 6)   (15, 5)   (12, 5)  (13, 8)  (10, 10)   (3, 4)   (2, 4)   (14, 8)   (9, 6)   (3, 4)   (2, 9)    (7, 7)
job_15   (1, 1)    (0, 3)   (10, 4)    (2, 4)   (0, 9)    (2, 8)    (0, 2)    (9, 5)   (9, 10)  (11, 10)  (12, 3)   (15, 1)   (5, 4)   (6, 3)    (6, 7)   (3, 1)   (2, 3)   (2, 7)    (3, 7)
job_16   (7, 5)    (9, 4)    (5, 7)    (2, 4)   (9, 8)   (0, 10)    (1, 1)    (8, 3)   (12, 3)    (4, 6)   (2, 5)    (1, 4)   (3, 1)   (2, 9)    (1, 8)  (12, 6)  (13, 5)   (1, 7)   (8, 10)
job_17  (11, 2)   (15, 8)    (4, 9)    (3, 5)   (1, 4)   (5, 10)   (13, 1)    (1, 3)    (6, 9)    (4, 7)  (10, 9)   (10, 6)   (6, 8)  (13, 1)  (14, 10)  (13, 7)  (12, 6)  (13, 8)   (10, 9)
job_18   (8, 4)    (6, 2)    (9, 1)    (6, 1)  (5, 10)   (14, 9)   (13, 3)    (8, 8)    (2, 5)    (9, 8)  (12, 7)    (0, 4)   (7, 8)   (4, 7)    (2, 1)  (11, 1)   (8, 1)   (4, 3)   (5, 10)
job_19   (0, 4)    (3, 9)    (2, 6)    (4, 5)  (14, 6)   (10, 9)    (2, 8)    (1, 7)   (11, 7)   (14, 3)  (15, 2)   (11, 7)   (1, 1)   (8, 5)    (1, 1)   (1, 5)   (2, 5)   (1, 5)  (11, 10)


Solution:
Machine 0: job_19_task_0  job_15_task_1  job_3_task_1   job_1_task_0   job_15_task_4  job_5_task_3   job_5_task_4   job_10_task_4  job_0_task_6   job_15_task_6  job_16_task_5  job_6_task_5   job_13_task_7  job_6_task_7   job_3_task_7   job_13_task_15 job_9_task_16  job_18_task_11 job_11_task_14 job_10_task_14 job_6_task_17  job_5_task_17  job_5_task_18  
           [0,4]          [4,7]          [7,8]          [8,12]         [15,24]        [24,27]        [27,30]        [47,50]        [50,53]        [53,55]        [57,67]        [67,69]        [75,80]        [80,84]        [104,109]      [112,120]      [130,135]      [138,142]      [146,153]      [153,157]      [158,162]      [173,179]      [179,189]      
Machine 1: job_2_task_0   job_15_task_0  job_8_task_2   job_4_task_2   job_17_task_4  job_14_task_2  job_3_task_3   job_10_task_3  job_7_task_5   job_11_task_4  job_17_task_7  job_19_task_7  job_13_task_6  job_16_task_6  job_4_task_8   job_9_task_12  job_13_task_12 job_16_task_11 job_19_task_12 job_1_task_13  job_16_task_14 job_19_task_14 job_19_task_15 job_2_task_13  job_7_task_14  job_19_task_17 job_16_task_17 job_0_task_17  
           [0,3]          [3,4]          [11,21]        [21,29]        [29,33]        [33,38]        [38,39]        [39,47]        [47,57]        [57,59]        [59,62]        [63,70]        [70,75]        [75,76]        [76,77]        [98,102]       [102,110]      [110,114]      [114,115]      [122,128]      [128,136]      [136,137]      [137,142]      [142,150]      [153,161]      [162,167]      [167,174]      [174,176]      
Machine 2: job_12_task_0  job_15_task_3  job_19_task_2  job_1_task_2   job_16_task_3  job_15_task_5  job_19_task_6  job_12_task_8  job_4_task_10  job_6_task_9   job_16_task_10 job_10_task_7  job_18_task_8  job_16_task_13 job_14_task_13 job_12_task_17 job_0_task_15  job_19_task_16 job_2_task_14  job_6_task_16  job_15_task_16 job_18_task_14 job_10_task_15 job_15_task_17 job_14_task_17 job_13_task_17 
           [0,8]          [11,15]        [19,25]        [26,33]        [39,43]        [43,51]        [55,63]        [71,80]        [86,87]        [89,96]        [96,101]       [101,107]      [107,112]      [115,124]      [124,128]      [128,137]      [137,145]      [145,150]      [150,153]      [153,158]      [158,161]      [161,162]      [162,164]      [164,171]      [171,180]      [180,187]      
Machine 3: job_7_task_0   job_19_task_1  job_6_task_0   job_17_task_3  job_5_task_5   job_0_task_5   job_5_task_7   job_3_task_4   job_6_task_4   job_4_task_6   job_9_task_9   job_0_task_11  job_16_task_12 job_14_task_12 job_1_task_12  job_6_task_12  job_3_task_11  job_15_task_15 job_14_task_16 job_7_task_16  job_15_task_18 
           [0,10]         [10,19]        [19,21]        [21,26]        [30,36]        [37,47]        [47,48]        [48,51]        [59,60]        [63,64]        [81,82]        [95,97]        [114,115]      [115,119]      [119,122]      [134,137]      [137,146]      [155,156]      [163,167]      [171,176]      [176,183]      
Machine 4: job_4_task_0   job_3_task_0   job_17_task_2  job_19_task_3  job_2_task_4   job_8_task_4   job_12_task_3  job_5_task_8   job_14_task_6  job_2_task_8   job_9_task_8   job_17_task_9  job_16_task_9  job_12_task_13 job_0_task_12  job_5_task_12  job_8_task_9   job_2_task_10  job_1_task_15  job_6_task_14  job_18_task_13 job_18_task_17 job_2_task_18  job_3_task_18  job_13_task_18 
           [0,3]          [3,7]          [10,19]        [25,30]        [30,36]        [36,38]        [38,46]        [48,54]        [54,59]        [59,67]        [71,81]        [81,88]        [88,94]        [94,95]        [97,101]       [101,106]      [106,114]      [114,118]      [131,140]      [143,148]      [152,159]      [164,167]      [177,181]      [181,186]      [187,190]      
Machine 5: job_5_task_1   job_7_task_1   job_0_task_3   job_16_task_2  job_17_task_5  job_18_task_4  job_7_task_6   job_1_task_5   job_10_task_5  job_5_task_10  job_12_task_9  job_12_task_10 job_1_task_8   job_13_task_11 job_13_task_14 job_8_task_10  job_13_task_16 job_6_task_11  job_15_task_12 job_9_task_18  job_10_task_13 job_5_task_15  job_4_task_15  job_6_task_18  job_18_task_18 job_3_task_17  job_0_task_18  
           [6,16]         [16,22]        [22,32]        [32,39]        [39,49]        [49,59]        [59,68]        [68,70]        [70,76]        [76,83]        [83,85]        [85,86]        [94,95]        [98,100]       [111,112]      [114,121]      [121,130]      [130,134]      [135,139]      [139,149]      [149,151]      [151,160]      [160,164]      [164,167]      [167,177]      [177,180]      [180,190]      
Machine 6: job_10_task_0  job_18_task_1  job_12_task_2  job_9_task_1   job_4_task_4   job_18_task_3  job_17_task_8  job_4_task_7   job_13_task_8  job_5_task_11  job_11_task_9  job_13_task_10 job_17_task_12 job_9_task_14  job_6_task_10  job_3_task_10  job_15_task_13 job_10_task_12 job_15_task_14 job_10_task_16 job_1_task_17  job_11_task_18 
           [0,8]          [8,10]         [16,18]        [22,26]        [38,46]        [46,47]        [62,71]        [71,76]        [80,85]        [85,88]        [91,94]        [94,98]        [103,111]      [111,119]      [119,129]      [129,136]      [139,142]      [142,148]      [148,155]      [164,168]      [174,181]      [181,190]      
Machine 7: job_16_task_0  job_1_task_1   job_8_task_3   job_5_task_6   job_8_task_6   job_9_task_6   job_0_task_7   job_12_task_7  job_5_task_9   job_6_task_8   job_11_task_8  job_2_task_11  job_8_task_13  job_18_task_12 job_11_task_15 job_8_task_15  job_5_task_16  job_10_task_18 job_14_task_18 
           [0,5]          [12,20]        [21,31]        [36,46]        [46,51]        [52,61]        [61,62]        [64,71]        [71,76]        [84,89]        [90,91]        [118,125]      [137,144]      [144,152]      [153,163]      [163,167]      [168,171]      [175,179]      [180,187]      
Machine 8: job_14_task_0  job_18_task_0  job_11_task_1  job_7_task_2   job_2_task_3   job_6_task_1   job_9_task_3   job_9_task_4   job_2_task_6   job_0_task_8   job_0_task_9   job_16_task_7  job_18_task_7  job_4_task_11  job_12_task_15 job_19_task_13 job_9_task_15  job_8_task_12  job_10_task_11 job_7_task_13  job_1_task_16  job_18_task_16 job_4_task_16  job_4_task_17  job_16_task_18 job_1_task_18  
           [0,1]          [1,5]          [8,15]         [22,24]        [24,27]        [27,35]        [35,39]        [39,46]        [46,56]        [62,69]        [69,75]        [76,79]        [80,88]        [88,93]        [104,114]      [115,120]      [120,130]      [130,137]      [137,142]      [146,153]      [153,162]      [163,164]      [167,171]      [171,175]      [175,185]      [185,186]      
Machine 9: job_8_task_0   job_8_task_1   job_4_task_1   job_9_task_0   job_16_task_1  job_13_task_1  job_0_task_4   job_18_task_2  job_14_task_3  job_14_task_4  job_16_task_4  job_13_task_4  job_11_task_5  job_6_task_6   job_1_task_6   job_3_task_5   job_15_task_7  job_11_task_10 job_10_task_8  job_15_task_8  job_11_task_11 job_18_task_9  job_3_task_9   job_11_task_12 job_2_task_12  job_4_task_13  job_5_task_14  job_6_task_15  job_3_task_13  job_14_task_15 job_3_task_15  job_0_task_16  job_8_task_16  job_7_task_17  
           [0,8]          [8,11]         [11,12]        [12,22]        [22,26]        [26,33]        [33,37]        [37,38]        [38,43]        [43,49]        [49,57]        [57,65]        [65,70]        [70,78]        [78,84]        [84,93]        [93,98]        [98,107]       [107,108]      [108,118]      [118,120]      [120,128]      [128,129]      [129,133]      [133,138]      [138,148]      [148,151]      [151,152]      [152,156]      [156,162]      [162,166]      [166,169]      [169,176]      [176,184]      
Machine 10: job_15_task_2  job_10_task_2  job_2_task_5   job_19_task_5  job_6_task_3   job_17_task_10 job_17_task_11 job_14_task_11 job_0_task_13  job_8_task_11  job_4_task_14  job_8_task_14  job_3_task_14  job_12_task_18 job_17_task_18 
           [7,11]         [26,29]        [36,46]        [46,55]        [58,59]        [88,97]        [97,103]       [104,114]      [114,120]      [121,126]      [149,156]      [156,159]      [159,160]      [160,167]      [179,188]      
Machine 11: job_17_task_0  job_0_task_0   job_11_task_0  job_13_task_0  job_14_task_1  job_9_task_2   job_1_task_3   job_13_task_2  job_6_task_2   job_9_task_7   job_2_task_9   job_19_task_8  job_13_task_9  job_9_task_11  job_3_task_6   job_19_task_11 job_15_task_9  job_5_task_13  job_7_task_12  job_6_task_13  job_18_task_15 job_19_task_18 job_8_task_17  job_4_task_18  
           [0,2]          [2,6]          [6,8]          [8,17]         [17,27]        [27,35]        [35,36]        [36,42]        [47,56]        [61,71]        [71,72]        [72,79]        [85,94]        [95,98]        [98,104]       [104,111]      [118,128]      [128,133]      [133,136]      [137,143]      [162,163]      [167,177]      [177,182]      [182,187]      
Machine 12: job_5_task_0   job_12_task_1  job_5_task_2   job_10_task_1  job_3_task_2   job_4_task_3   job_8_task_5   job_9_task_5   job_8_task_7   job_12_task_6  job_13_task_5  job_14_task_9  job_16_task_8  job_11_task_7  job_12_task_12 job_1_task_7   job_7_task_10  job_3_task_8   job_7_task_11  job_15_task_10 job_18_task_10 job_11_task_13 job_16_task_15 job_3_task_12  job_17_task_16 job_10_task_17 job_7_task_18  
           [0,6]          [8,16]         [16,21]        [21,26]        [26,30]        [30,38]        [38,39]        [46,52]        [52,59]        [59,64]        [65,69]        [70,75]        [79,82]        [82,90]        [90,92]        [92,94]        [100,103]      [109,111]      [111,120]      [128,131]      [131,138]      [138,142]      [142,148]      [148,152]      [152,158]      [168,175]      [184,190]      
Machine 13: job_0_task_2   job_17_task_6  job_14_task_5  job_12_task_5  job_2_task_7   job_4_task_5   job_7_task_7   job_18_task_6  job_14_task_10 job_12_task_11 job_9_task_10  job_1_task_9   job_7_task_9   job_9_task_13  job_17_task_13 job_1_task_14  job_17_task_15 job_2_task_15  job_16_task_16 job_11_task_16 job_17_task_17 
           [10,20]        [49,50]        [50,52]        [52,57]        [57,58]        [58,63]        [68,77]        [77,80]        [80,88]        [88,89]        [89,95]        [95,96]        [96,100]       [102,107]      [115,116]      [128,131]      [139,146]      [153,157]      [157,162]      [164,171]      [171,179]      
Machine 14: job_0_task_1   job_2_task_2   job_19_task_4  job_7_task_4   job_13_task_3  job_18_task_5  job_8_task_8   job_4_task_9   job_19_task_9  job_0_task_10  job_4_task_12  job_13_task_13 job_0_task_14  job_17_task_14 job_14_task_14 job_7_task_15  job_3_task_16  job_11_task_17 job_8_task_18  
           [6,10]         [15,22]        [30,36]        [36,42]        [45,53]        [59,68]        [68,78]        [78,86]        [86,89]        [89,95]        [95,102]       [110,111]      [120,129]      [129,139]      [139,147]      [163,168]      [168,170]      [171,179]      [182,186]      
Machine 15: job_17_task_1  job_2_task_1   job_11_task_2  job_7_task_3   job_1_task_4   job_12_task_4  job_11_task_3  job_14_task_7  job_14_task_8  job_11_task_6  job_7_task_8   job_10_task_6  job_19_task_10 job_12_task_14 job_1_task_10  job_1_task_11  job_12_task_16 job_10_task_9  job_15_task_11 job_10_task_10 job_9_task_17  job_2_task_16  job_2_task_17  
           [2,10]         [10,15]        [16,19]        [24,34]        [36,43]        [46,48]        [48,57]        [59,65]        [65,70]        [70,80]        [80,84]        [84,92]        [92,94]        [95,104]       [104,110]      [110,119]      [119,127]      [127,134]      [134,135]      [135,136]      [136,139]      [166,172]      [172,177]      
Optimal Schedule Length: 190.0
Total (Unoptimized Schedule Length): 2066
Statistics
  - conflicts: 0
  - branches : 0
  - wall time: 0.9363717560000001s