
Problem
          task_0    task_1    task_2    task_3    task_4   task_5   task_6   task_7    task_8    task_9   task_10  task_11   task_12   task_13   task_14   task_15  task_16   task_17
job_0     (5, 5)    (8, 3)   (16, 8)    (8, 6)   (15, 5)   (1, 6)  (16, 5)  (14, 3)  (15, 10)    (0, 5)   (13, 2)   (4, 5)    (2, 3)    (0, 3)   (11, 6)   (16, 6)  (7, 10)   (15, 4)
job_1    (12, 4)   (13, 1)   (9, 10)   (10, 5)   (14, 9)  (12, 9)   (1, 4)   (6, 3)   (11, 6)    (6, 4)    (8, 8)  (16, 1)    (1, 5)   (15, 5)   (10, 6)  (16, 10)   (9, 4)  (14, 10)
job_2     (3, 8)   (13, 3)    (8, 7)   (14, 8)   (13, 9)  (15, 3)   (6, 2)  (14, 3)  (13, 10)   (14, 8)   (15, 1)   (2, 8)  (14, 10)   (9, 10)   (14, 1)    (8, 2)   (4, 8)    (1, 2)
job_3    (16, 7)   (16, 1)    (1, 2)   (13, 2)   (13, 5)  (16, 9)   (2, 2)   (5, 9)   (15, 8)   (14, 6)    (5, 4)   (5, 5)   (11, 9)    (2, 1)    (7, 4)   (11, 1)   (9, 9)   (14, 1)
job_4    (14, 4)    (8, 2)  (15, 10)  (15, 10)   (15, 7)  (11, 6)   (9, 6)  (10, 5)    (1, 8)   (13, 8)    (5, 1)  (12, 9)    (6, 8)   (12, 7)    (0, 5)    (6, 7)  (16, 2)    (0, 5)
job_5     (6, 3)   (13, 8)   (12, 2)    (7, 5)    (7, 2)   (3, 1)   (2, 2)  (15, 4)   (7, 10)   (10, 4)   (13, 2)  (13, 2)    (7, 7)    (7, 4)    (9, 4)   (11, 5)   (3, 9)   (13, 5)
job_6   (16, 10)    (3, 9)    (9, 2)    (7, 9)    (5, 9)  (10, 3)  (12, 5)  (14, 9)  (14, 10)  (10, 10)   (12, 7)   (7, 4)   (10, 6)   (14, 7)    (1, 7)    (7, 4)  (13, 8)   (13, 3)
job_7    (10, 1)  (13, 10)    (1, 3)    (9, 8)    (4, 7)  (15, 8)   (0, 3)  (13, 3)   (13, 5)   (11, 8)    (1, 9)   (9, 9)   (11, 3)    (7, 8)    (8, 5)    (3, 3)   (4, 2)    (2, 8)
job_8     (4, 5)    (4, 1)    (8, 2)   (16, 2)   (15, 3)  (15, 4)   (2, 3)  (2, 10)    (8, 5)   (13, 7)    (0, 7)  (15, 5)   (12, 8)   (4, 10)  (14, 10)    (8, 9)   (5, 3)    (7, 2)
job_9    (13, 7)   (15, 9)    (7, 1)   (16, 7)    (4, 3)  (13, 2)  (10, 2)   (2, 4)    (1, 5)   (12, 7)  (14, 10)  (12, 6)   (10, 9)  (13, 10)   (12, 4)   (15, 5)  (15, 7)   (11, 1)
job_10   (8, 10)    (1, 3)   (13, 4)    (3, 9)   (12, 8)   (9, 2)   (4, 9)  (16, 8)    (5, 3)    (0, 6)    (4, 2)  (12, 3)   (10, 1)   (15, 1)   (11, 8)   (12, 9)  (5, 10)   (12, 4)
job_11    (3, 8)   (16, 3)    (2, 1)    (5, 7)  (10, 10)  (15, 9)  (14, 7)   (9, 9)    (4, 7)   (11, 9)   (16, 5)   (1, 6)    (4, 6)   (12, 6)    (2, 4)    (4, 4)  (12, 7)    (5, 6)
job_12    (9, 4)    (4, 6)    (4, 7)    (3, 5)    (1, 5)  (10, 3)   (2, 6)   (8, 5)    (3, 6)    (9, 9)    (9, 4)   (0, 8)   (8, 10)   (15, 6)   (15, 2)    (8, 8)   (2, 2)   (13, 3)
job_13   (10, 8)   (13, 9)   (10, 1)  (16, 10)    (6, 6)   (4, 6)   (2, 4)   (7, 5)    (5, 7)    (2, 1)   (15, 9)   (3, 3)   (7, 10)  (16, 10)    (5, 9)    (7, 4)   (3, 1)    (3, 9)
job_14    (3, 1)    (4, 7)   (14, 3)    (2, 8)  (15, 10)   (9, 6)   (6, 2)   (0, 2)   (11, 7)   (10, 2)    (2, 8)   (7, 1)    (8, 2)    (2, 3)    (0, 9)    (1, 2)   (9, 4)  (10, 10)
job_15   (16, 3)   (13, 2)    (9, 6)    (1, 4)   (12, 2)  (10, 2)   (5, 3)   (4, 1)    (2, 9)    (7, 7)    (7, 5)  (12, 3)   (8, 10)   (3, 10)    (6, 2)    (2, 1)   (9, 8)    (2, 2)
job_16    (7, 9)   (12, 2)   (6, 10)   (10, 7)    (2, 5)   (9, 6)  (10, 6)  (16, 3)    (2, 4)   (13, 6)    (1, 7)  (11, 9)   (10, 7)    (1, 1)    (4, 4)  (16, 10)  (16, 4)    (7, 2)
job_17  (13, 10)    (4, 6)    (9, 1)    (8, 3)    (7, 5)   (6, 4)   (6, 9)   (1, 5)   (15, 6)    (0, 2)    (0, 5)   (1, 9)    (1, 7)    (0, 8)    (2, 5)   (12, 5)   (5, 6)    (7, 7)
job_18    (0, 8)    (1, 8)    (9, 4)    (6, 1)   (14, 8)   (7, 6)   (3, 9)  (15, 9)   (11, 8)   (11, 9)   (12, 9)  (14, 1)   (14, 2)   (14, 9)    (8, 5)   (12, 6)   (0, 5)   (4, 10)


Solution:
Machine 0: job_18_task_0  job_17_task_9  job_17_task_10 job_7_task_6   job_10_task_9  job_12_task_11 job_17_task_13 job_14_task_7  job_8_task_10  job_0_task_9   job_0_task_13  job_14_task_14 job_4_task_14  job_18_task_16 job_4_task_17  
           [0,8]          [71,73]        [73,78]        [80,83]        [83,89]        [94,102]       [102,110]      [111,113]      [114,121]      [123,128]      [138,141]      [143,152]      [152,157]      [163,168]      [170,175]      
Machine 1: job_18_task_1  job_10_task_1  job_3_task_2   job_15_task_3  job_17_task_7  job_7_task_2   job_12_task_4  job_4_task_8   job_0_task_5   job_9_task_8   job_1_task_6   job_17_task_11 job_17_task_12 job_16_task_10 job_11_task_11 job_7_task_10  job_16_task_13 job_1_task_12  job_6_task_14  job_14_task_15 job_2_task_17  
           [8,16]         [16,19]        [24,26]        [32,36]        [45,50]        [50,53]        [53,58]        [58,66]        [66,72]        [74,79]        [79,83]        [83,92]        [92,99]        [99,106]       [106,112]      [112,121]      [123,124]      [129,134]      [134,141]      [154,156]      [170,172]      
Machine 2: job_11_task_2  job_16_task_4  job_15_task_8  job_14_task_3  job_12_task_6  job_9_task_7   job_16_task_8  job_5_task_6   job_13_task_6  job_8_task_6   job_8_task_7   job_13_task_9  job_15_task_15 job_17_task_14 job_3_task_6   job_2_task_11  job_14_task_10 job_0_task_12  job_15_task_17 job_14_task_13 job_11_task_14 job_12_task_16 job_3_task_13  job_7_task_17  
           [13,14]        [39,44]        [44,53]        [53,61]        [61,67]        [70,74]        [74,78]        [78,80]        [80,84]        [89,92]        [92,102]       [102,103]      [103,104]      [110,115]      [116,118]      [119,127]      [127,135]      [135,138]      [138,140]      [140,143]      [143,147]      [158,160]      [162,163]      [167,175]      
Machine 3: job_11_task_0  job_2_task_0   job_6_task_1   job_14_task_0  job_10_task_3  job_18_task_6  job_12_task_3  job_5_task_5   job_12_task_8  job_15_task_13 job_13_task_11 job_13_task_16 job_7_task_15  job_5_task_16  job_13_task_17 
           [0,8]          [8,16]         [16,25]        [26,27]        [27,36]        [36,45]        [45,50]        [72,73]        [73,79]        [89,99]        [112,115]      [149,150]      [154,157]      [157,166]      [166,175]      
Machine 4: job_8_task_0   job_12_task_1  job_17_task_1  job_8_task_1   job_12_task_2  job_14_task_1  job_15_task_7  job_10_task_6  job_9_task_4   job_7_task_4   job_13_task_5  job_11_task_8  job_10_task_10 job_11_task_12 job_16_task_14 job_0_task_11  job_8_task_13  job_11_task_15 job_7_task_16  job_2_task_16  job_18_task_17 
           [0,5]          [5,11]         [11,17]        [17,18]        [20,27]        [27,34]        [43,44]        [49,58]        [59,62]        [63,70]        [70,76]        [76,83]        [89,91]        [112,118]      [124,128]      [130,135]      [137,147]      [149,153]      [157,159]      [160,168]      [168,178]      
Machine 5: job_0_task_0   job_11_task_3  job_15_task_6  job_6_task_4   job_10_task_8  job_4_task_10  job_13_task_8  job_3_task_7   job_13_task_14 job_3_task_10  job_3_task_11  job_17_task_16 job_10_task_16 job_8_task_16  job_11_task_17 
           [0,5]          [14,21]        [40,43]        [45,54]        [67,70]        [76,77]        [89,96]        [118,127]      [135,144]      [144,148]      [148,153]      [153,159]      [159,169]      [169,172]      [172,178]      
Machine 6: job_5_task_0   job_18_task_3  job_16_task_2  job_17_task_5  job_17_task_6  job_13_task_4  job_2_task_6   job_1_task_7   job_15_task_14 job_14_task_6  job_1_task_9   job_4_task_12  job_4_task_15  
           [0,3]          [20,21]        [21,31]        [32,36]        [36,45]        [51,57]        [82,84]        [86,89]        [99,101]       [109,111]      [111,115]      [115,123]      [157,164]      
Machine 7: job_16_task_0  job_17_task_4  job_18_task_5  job_6_task_3   job_9_task_2   job_15_task_9  job_15_task_10 job_5_task_3   job_5_task_4   job_13_task_7  job_5_task_8   job_6_task_11  job_13_task_12 job_5_task_12  job_5_task_13  job_14_task_11 job_7_task_13  job_13_task_15 job_6_task_15  job_0_task_16  job_3_task_14  job_17_task_17 job_8_task_17  job_16_task_17 
           [0,9]          [24,29]        [29,35]        [36,45]        [51,52]        [53,60]        [60,65]        [65,70]        [70,72]        [84,89]        [93,103]       [103,107]      [115,125]      [125,132]      [132,136]      [136,137]      [137,145]      [145,149]      [149,153]      [153,163]      [163,167]      [167,174]      [174,176]      [176,178]      
Machine 8: job_4_task_1   job_10_task_0  job_0_task_1   job_8_task_2   job_17_task_3  job_2_task_2   job_0_task_3   job_12_task_7  job_15_task_12 job_8_task_8   job_1_task_10  job_12_task_12 job_18_task_14 job_14_task_12 job_7_task_14  job_12_task_15 job_2_task_15  job_8_task_15  
           [4,6]          [6,16]         [16,19]        [19,21]        [21,24]        [41,48]        [48,54]        [67,72]        [79,89]        [102,107]      [115,123]      [123,133]      [133,138]      [138,140]      [145,150]      [150,158]      [158,160]      [160,169]      
Machine 9: job_12_task_0  job_18_task_2  job_17_task_2  job_15_task_2  job_6_task_2   job_1_task_2   job_4_task_6   job_10_task_5  job_16_task_5  job_7_task_3   job_11_task_7  job_12_task_9  job_12_task_10 job_14_task_5  job_15_task_16 job_7_task_11  job_5_task_14  job_2_task_13  job_14_task_16 job_1_task_16  job_3_task_16  
           [0,4]          [16,20]        [20,21]        [22,28]        [28,30]        [31,41]        [41,47]        [47,49]        [49,55]        [55,63]        [66,75]        [79,88]        [88,92]        [103,109]      [109,117]      [121,130]      [136,140]      [140,150]      [156,160]      [163,167]      [168,177]      
Machine 10: job_13_task_0  job_7_task_0   job_13_task_2  job_11_task_4  job_16_task_3  job_15_task_5  job_1_task_3   job_4_task_7   job_6_task_5   job_12_task_5  job_16_task_6  job_9_task_6   job_6_task_9   job_10_task_12 job_5_task_9   job_6_task_12  job_16_task_12 job_14_task_9  job_9_task_12  job_1_task_14  job_14_task_17 
           [0,8]          [8,9]          [20,21]        [21,31]        [31,38]        [38,40]        [42,47]        [47,52]        [54,57]        [58,61]        [61,67]        [68,70]        [85,95]        [99,100]       [103,107]      [107,113]      [116,123]      [123,125]      [132,141]      [144,150]      [160,170]      
Machine 11: job_4_task_5   job_18_task_8  job_18_task_9  job_11_task_9  job_7_task_9   job_1_task_8   job_16_task_11 job_14_task_8  job_7_task_12  job_10_task_14 job_0_task_14  job_5_task_15  job_3_task_12  job_3_task_15  job_9_task_17  
           [33,39]        [60,68]        [68,77]        [83,92]        [92,100]       [100,106]      [106,115]      [116,123]      [130,133]      [133,141]      [141,147]      [147,152]      [153,162]      [167,168]      [174,175]      
Machine 12: job_1_task_0   job_16_task_1  job_15_task_4  job_10_task_4  job_5_task_2   job_6_task_6   job_15_task_11 job_1_task_5   job_18_task_10 job_9_task_9   job_10_task_11 job_6_task_10  job_4_task_11  job_9_task_11  job_11_task_13 job_17_task_15 job_8_task_12  job_4_task_13  job_10_task_15 job_9_task_14  job_18_task_15 job_11_task_16 job_10_task_17 
           [0,4]          [9,11]         [36,38]        [38,46]        [57,59]        [59,64]        [65,68]        [68,77]        [77,86]        [86,93]        [93,96]        [96,103]       [103,112]      [112,118]      [118,124]      [124,129]      [129,137]      [137,144]      [144,153]      [153,157]      [157,163]      [163,170]      [170,174]      
Machine 13: job_17_task_0  job_13_task_1  job_15_task_1  job_10_task_2  job_2_task_1   job_1_task_1   job_9_task_0   job_3_task_3   job_7_task_1   job_5_task_1   job_2_task_4   job_9_task_5   job_4_task_9   job_16_task_9  job_7_task_7   job_7_task_8   job_2_task_8   job_3_task_4   job_8_task_9   job_5_task_10  job_5_task_11  job_0_task_10  job_9_task_13  job_6_task_16  job_12_task_17 job_6_task_17  job_5_task_17  
           [0,10]         [10,19]        [19,21]        [21,25]        [25,28]        [29,30]        [30,37]        [37,39]        [39,49]        [49,57]        [57,66]        [66,68]        [68,76]        [78,84]        [84,87]        [87,92]        [92,102]       [102,107]      [107,114]      [114,116]      [116,118]      [128,130]      [141,151]      [153,161]      [163,166]      [166,169]      [169,174]      
Machine 14: job_4_task_0   job_18_task_4  job_14_task_2  job_11_task_6  job_2_task_3   job_1_task_4   job_6_task_7   job_6_task_8   job_2_task_7   job_18_task_11 job_0_task_7   job_18_task_12 job_9_task_10  job_2_task_9   job_18_task_13 job_6_task_13  job_2_task_12  job_3_task_9   job_8_task_14  job_2_task_14  job_1_task_17  job_3_task_17  
           [0,4]          [21,29]        [34,37]        [42,49]        [49,57]        [57,66]        [66,75]        [75,85]        [85,88]        [88,89]        [89,92]        [92,94]        [94,104]       [104,112]      [112,121]      [121,128]      [128,138]      [138,144]      [147,157]      [157,158]      [167,177]      [177,178]      
Machine 15: job_4_task_2   job_4_task_3   job_4_task_4   job_11_task_5  job_9_task_1   job_18_task_7  job_0_task_4   job_17_task_8  job_7_task_5   job_2_task_5   job_8_task_4   job_8_task_5   job_5_task_7   job_14_task_4  job_13_task_10 job_2_task_10  job_0_task_8   job_10_task_13 job_8_task_11  job_3_task_8   job_1_task_13  job_12_task_13 job_12_task_14 job_9_task_15  job_9_task_16  job_0_task_17  
           [6,16]         [16,26]        [26,33]        [33,42]        [42,51]        [51,60]        [60,65]        [65,71]        [71,79]        [79,82]        [82,85]        [85,89]        [89,93]        [93,103]       [103,112]      [112,113]      [113,123]      [123,124]      [124,129]      [129,137]      [137,142]      [142,148]      [148,150]      [162,167]      [167,174]      [174,178]      
Machine 16: job_6_task_0   job_11_task_1  job_15_task_0  job_3_task_0   job_3_task_1   job_8_task_3   job_0_task_2   job_13_task_3  job_9_task_3   job_10_task_7  job_16_task_7  job_0_task_6   job_11_task_10 job_3_task_5   job_1_task_11  job_13_task_13 job_16_task_15 job_0_task_15  job_1_task_15  job_4_task_16  job_16_task_16 
           [0,10]         [10,13]        [13,16]        [16,23]        [23,24]        [24,26]        [32,40]        [41,51]        [52,59]        [59,67]        [67,70]        [72,77]        [92,97]        [107,116]      [123,124]      [125,135]      [135,145]      [147,153]      [153,163]      [164,166]      [168,172]      
Optimal Schedule Length: 178.0
Total (Unoptimized Schedule Length): 1910
Statistics
  - conflicts: 0
  - branches : 33
  - wall time: 7.09222003s