
Problem
         task_0   task_1   task_2   task_3   task_4   task_5   task_6   task_7   task_8    task_9   task_10   task_11  task_12  task_13  task_14  task_15  task_16  task_17  task_18   task_19
job_0    (2, 9)   (5, 7)   (1, 9)   (7, 5)   (8, 8)   (0, 1)   (0, 5)   (5, 4)   (3, 4)   (8, 10)    (3, 9)    (3, 9)   (8, 4)  (10, 5)   (0, 5)   (6, 8)   (8, 5)   (0, 9)   (9, 1)    (4, 5)
job_1    (3, 3)  (2, 10)   (7, 6)   (3, 9)   (2, 8)   (1, 6)   (8, 6)   (9, 6)  (10, 5)   (1, 10)    (3, 5)  (10, 10)   (3, 3)   (1, 2)   (5, 8)   (0, 9)   (5, 7)   (5, 5)   (8, 4)    (8, 4)
job_2    (1, 2)   (1, 5)   (1, 3)   (6, 9)   (1, 5)   (3, 8)   (8, 3)   (6, 9)   (7, 4)    (8, 9)    (9, 3)    (5, 5)   (1, 3)   (9, 8)  (10, 3)   (1, 9)   (5, 6)  (0, 10)   (3, 9)    (2, 4)
job_3    (4, 1)   (4, 4)   (6, 4)   (8, 8)   (7, 5)   (5, 6)  (10, 7)   (8, 6)   (2, 6)    (0, 5)    (9, 9)    (0, 8)   (6, 7)   (6, 4)   (4, 2)  (10, 3)   (3, 8)   (8, 8)   (0, 9)  (10, 10)
job_4    (8, 2)   (0, 8)   (2, 4)   (8, 8)   (0, 1)   (7, 6)   (1, 7)  (5, 10)   (1, 3)    (6, 2)   (7, 10)    (7, 4)   (0, 6)   (1, 9)   (9, 2)   (0, 5)   (7, 1)   (4, 9)   (9, 1)    (7, 6)
job_5    (0, 6)   (5, 4)   (2, 8)   (9, 1)   (5, 8)   (3, 4)   (3, 2)   (0, 6)   (8, 1)    (9, 7)    (9, 6)    (9, 5)   (5, 2)   (0, 3)   (0, 9)   (4, 1)   (9, 3)   (3, 8)   (2, 8)   (10, 7)
job_6    (8, 8)   (4, 2)  (10, 5)  (0, 10)   (3, 5)  (10, 4)   (0, 9)   (9, 1)   (6, 3)    (8, 1)    (5, 2)    (5, 7)   (2, 7)   (1, 1)   (6, 4)   (6, 9)   (3, 7)  (1, 10)   (5, 9)    (6, 3)
job_7    (4, 7)   (6, 1)   (6, 8)   (7, 7)   (3, 7)   (5, 5)   (4, 5)   (0, 7)  (2, 10)    (1, 2)    (0, 6)    (9, 4)   (1, 9)   (3, 1)   (9, 1)  (3, 10)   (4, 4)   (5, 2)   (4, 2)   (10, 3)
job_8    (0, 8)   (7, 8)   (0, 6)   (5, 5)   (0, 1)   (6, 5)   (4, 3)  (3, 10)   (3, 9)    (4, 2)    (7, 1)    (1, 5)   (1, 4)   (1, 3)   (2, 3)   (8, 5)   (9, 5)  (5, 10)  (10, 7)    (7, 4)
job_9    (0, 1)   (1, 9)   (4, 2)   (0, 6)   (3, 2)  (3, 10)   (3, 6)   (5, 1)   (4, 4)    (0, 5)    (7, 5)   (4, 10)  (10, 6)   (8, 9)   (9, 7)   (6, 4)   (1, 4)  (10, 8)   (7, 4)    (7, 1)
job_10   (0, 4)   (7, 5)   (3, 7)  (10, 8)   (6, 8)   (3, 3)   (8, 7)   (4, 5)   (9, 9)    (5, 5)    (2, 6)    (8, 2)   (3, 1)  (10, 1)   (1, 4)   (2, 7)   (0, 3)   (3, 2)  (1, 10)    (3, 3)
job_11  (7, 10)   (8, 2)   (7, 9)   (7, 3)   (4, 3)   (2, 3)   (9, 4)   (9, 2)   (9, 1)    (4, 8)   (6, 10)    (1, 8)   (2, 6)   (4, 4)   (7, 1)   (7, 2)  (9, 10)   (4, 7)   (8, 5)    (8, 7)
job_12   (2, 9)   (9, 6)   (5, 3)   (0, 9)  (10, 4)   (0, 7)   (1, 4)   (6, 5)   (1, 1)    (6, 8)  (10, 10)    (7, 8)   (2, 8)   (4, 9)   (8, 8)   (7, 8)   (1, 8)  (10, 3)   (8, 2)    (4, 9)
job_13  (10, 5)   (7, 9)   (7, 4)  (0, 10)   (9, 3)   (0, 3)  (5, 10)   (2, 6)   (2, 9)  (10, 10)   (5, 10)   (10, 7)   (5, 8)  (10, 3)   (9, 2)   (0, 3)   (3, 7)   (2, 4)   (1, 2)   (4, 10)
job_14   (8, 9)   (7, 1)  (4, 10)   (8, 8)   (0, 8)   (8, 3)   (4, 1)   (0, 7)  (6, 10)    (4, 2)    (4, 1)    (1, 5)   (3, 1)   (1, 2)  (10, 8)   (0, 8)   (1, 7)   (8, 6)   (0, 6)   (9, 10)
job_15   (3, 7)   (6, 6)   (2, 7)   (1, 4)   (4, 2)   (0, 7)  (5, 10)  (10, 8)   (9, 2)    (3, 5)   (0, 10)    (3, 7)  (10, 1)   (0, 2)   (5, 3)   (5, 8)   (7, 1)   (9, 8)   (4, 3)    (4, 3)


Solution:
Machine 0: job_9_task_0   job_8_task_0   job_5_task_0   job_10_task_0  job_12_task_3  job_13_task_3  job_12_task_5  job_4_task_1   job_13_task_5  job_14_task_4  job_9_task_3   job_6_task_3   job_8_task_2   job_0_task_5   job_4_task_4   job_0_task_6   job_15_task_5  job_14_task_7  job_3_task_9   job_8_task_4   job_6_task_6   job_5_task_7   job_3_task_11  job_7_task_7   job_9_task_9   job_4_task_12  job_0_task_14  job_15_task_10 job_14_task_15 job_7_task_10  job_5_task_13  job_5_task_14  job_15_task_13 job_1_task_15  job_13_task_15 job_2_task_17  job_14_task_18 job_3_task_18  job_4_task_15  job_10_task_16 job_0_task_17  
           [0,1]          [1,9]          [9,15]         [15,19]        [19,28]        [28,38]        [38,45]        [45,53]        [53,56]        [56,64]        [64,70]        [70,80]        [80,86]        [86,87]        [87,88]        [88,93]        [93,100]       [100,107]      [107,112]      [112,113]      [113,122]      [122,128]      [128,136]      [136,143]      [143,148]      [148,154]      [154,159]      [159,169]      [169,177]      [177,183]      [183,186]      [186,195]      [195,197]      [197,206]      [206,209]      [209,219]      [219,225]      [225,234]      [234,239]      [239,242]      [242,251]      
Machine 1: job_2_task_0   job_2_task_1   job_2_task_2   job_9_task_1   job_2_task_4   job_0_task_2   job_15_task_3  job_12_task_6  job_1_task_5   job_12_task_8  job_1_task_9   job_4_task_6   job_2_task_12  job_11_task_11 job_14_task_11 job_4_task_8   job_12_task_16 job_2_task_15  job_6_task_13  job_14_task_13 job_4_task_13  job_7_task_9   job_8_task_11  job_1_task_13  job_8_task_12  job_8_task_13  job_14_task_16 job_10_task_14 job_7_task_12  job_6_task_17  job_9_task_16  job_13_task_18 job_10_task_18 
           [0,2]          [2,7]          [7,10]         [10,19]        [19,24]        [35,44]        [44,48]        [48,52]        [52,58]        [58,59]        [88,98]        [98,105]       [105,108]      [109,117]      [122,127]      [127,130]      [130,138]      [138,147]      [149,150]      [151,153]      [154,163]      [163,165]      [165,170]      [170,172]      [172,176]      [176,179]      [179,186]      [186,190]      [190,199]      [199,209]      [209,213]      [229,231]      [244,254]      
Machine 2: job_12_task_0  job_1_task_1   job_0_task_0   job_15_task_2  job_5_task_2   job_1_task_4   job_4_task_2   job_3_task_8   job_13_task_7  job_13_task_8  job_11_task_5  job_12_task_12 job_11_task_12 job_6_task_12  job_7_task_8   job_10_task_10 job_8_task_14  job_10_task_15 job_5_task_18  job_13_task_17 job_2_task_19  
           [0,9]          [9,19]         [19,28]        [28,35]        [35,43]        [43,51]        [53,57]        [57,63]        [66,72]        [72,81]        [81,84]        [91,99]        [117,123]      [142,149]      [149,159]      [159,165]      [179,182]      [190,197]      [208,216]      [225,229]      [234,238]      
Machine 3: job_1_task_0   job_15_task_0  job_2_task_5   job_1_task_3   job_10_task_2  job_5_task_5   job_5_task_6   job_10_task_5  job_7_task_4   job_9_task_4   job_9_task_5   job_6_task_4   job_9_task_6   job_0_task_8   job_1_task_10  job_0_task_10  job_0_task_11  job_8_task_7   job_8_task_8   job_14_task_12 job_15_task_9  job_1_task_12  job_3_task_16  job_10_task_12 job_6_task_16  job_15_task_11 job_7_task_13  job_5_task_17  job_7_task_15  job_13_task_16 job_2_task_18  job_10_task_17 job_10_task_19 
           [0,3]          [3,10]         [24,32]        [32,41]        [41,48]        [52,56]        [56,58]        [65,68]        [69,76]        [76,78]        [78,88]        [88,93]        [93,99]        [99,103]       [103,108]      [113,122]      [122,131]      [131,141]      [141,150]      [150,151]      [151,156]      [156,159]      [159,167]      [167,168]      [168,175]      [175,182]      [199,200]      [200,208]      [208,218]      [218,225]      [225,234]      [242,244]      [254,257]      
Machine 4: job_3_task_0   job_3_task_1   job_7_task_0   job_9_task_2   job_6_task_1   job_14_task_2  job_15_task_4  job_11_task_4  job_14_task_6  job_7_task_6   job_11_task_9  job_10_task_7  job_12_task_13 job_14_task_9  job_14_task_10 job_9_task_8   job_8_task_6   job_11_task_13 job_3_task_14  job_8_task_9   job_12_task_19 job_9_task_11  job_11_task_17 job_5_task_15  job_15_task_18 job_7_task_16  job_15_task_19 job_13_task_19 job_4_task_17  job_7_task_18  job_0_task_19  
           [0,1]          [1,5]          [5,12]         [19,21]        [25,27]        [30,40]        [48,50]        [72,75]        [79,80]        [81,86]        [91,99]        [99,104]       [104,113]      [119,121]      [121,122]      [123,127]      [127,130]      [130,134]      [147,149]      [150,152]      [152,161]      [161,171]      [171,178]      [195,196]      [217,220]      [220,224]      [224,227]      [231,241]      [241,250]      [250,252]      [252,257]      
Machine 5: job_12_task_2  job_5_task_1   job_0_task_1   job_3_task_5   job_5_task_4   job_13_task_6  job_7_task_5   job_8_task_3   job_0_task_7   job_2_task_11  job_15_task_6  job_4_task_7   job_9_task_7   job_13_task_10 job_6_task_10  job_6_task_11  job_10_task_9  job_13_task_12 job_5_task_12  job_2_task_16  job_1_task_14  job_15_task_14 job_15_task_15 job_8_task_17  job_1_task_16  job_1_task_17  job_6_task_18  job_7_task_17  
           [15,18]        [18,22]        [28,35]        [35,41]        [44,52]        [56,66]        [76,81]        [86,91]        [93,97]        [97,102]       [102,112]      [112,122]      [122,123]      [123,133]      [133,135]      [135,142]      [142,147]      [147,155]      [155,157]      [157,163]      [172,180]      [197,200]      [200,208]      [208,218]      [218,225]      [225,230]      [230,239]      [239,241]      
Machine 6: job_3_task_2   job_2_task_3   job_15_task_1  job_7_task_1   job_7_task_2   job_2_task_7   job_12_task_7  job_10_task_4  job_12_task_9  job_11_task_10 job_14_task_8  job_8_task_5   job_6_task_8   job_4_task_9   job_3_task_12  job_3_task_13  job_6_task_14  job_6_task_15  job_0_task_15  job_9_task_15  job_6_task_19  
           [5,9]          [10,19]        [19,25]        [25,26]        [26,34]        [35,44]        [52,57]        [57,65]        [65,73]        [99,109]       [109,119]      [119,124]      [124,127]      [130,132]      [136,143]      [143,147]      [150,154]      [154,163]      [163,171]      [196,200]      [239,242]      
Machine 7: job_11_task_0  job_13_task_1  job_13_task_2  job_1_task_2   job_14_task_1  job_3_task_4   job_10_task_1  job_8_task_1   job_0_task_3   job_11_task_2  job_7_task_3   job_11_task_3  job_2_task_8   job_12_task_11 job_4_task_5   job_12_task_15 job_4_task_10  job_4_task_11  job_11_task_14 job_11_task_15 job_9_task_10  job_8_task_10  job_15_task_16 job_9_task_18  job_9_task_19  job_8_task_19  job_4_task_16  job_4_task_19  
           [0,10]         [10,19]        [19,23]        [23,29]        [29,30]        [30,35]        [35,40]        [40,48]        [48,53]        [53,62]        [62,69]        [69,72]        [72,76]        [83,91]        [91,97]        [121,129]      [132,142]      [142,146]      [146,147]      [147,149]      [149,154]      [154,155]      [208,209]      [221,225]      [225,226]      [228,232]      [239,240]      [251,257]      
Machine 8: job_14_task_0  job_3_task_3   job_6_task_0   job_4_task_0   job_11_task_1  job_2_task_6   job_14_task_3  job_3_task_7   job_0_task_4   job_4_task_3   job_1_task_6   job_14_task_5  job_2_task_9   job_10_task_6  job_0_task_9   job_12_task_14 job_6_task_9   job_5_task_8   job_0_task_12  job_12_task_18 job_10_task_11 job_3_task_17  job_0_task_16  job_9_task_13  job_8_task_15  job_14_task_17 job_11_task_18 job_11_task_19 job_1_task_18  job_1_task_19  
           [0,9]          [9,17]         [17,25]        [25,27]        [27,29]        [32,35]        [40,48]        [48,54]        [54,62]        [62,70]        [70,76]        [76,79]        [79,88]        [88,95]        [103,113]      [113,121]      [127,128]      [128,129]      [131,135]      [149,151]      [165,167]      [167,175]      [175,180]      [180,189]      [189,194]      [194,200]      [200,205]      [205,212]      [230,234]      [234,238]      
Machine 9: job_12_task_1  job_13_task_4  job_5_task_3   job_1_task_7   job_11_task_6  job_11_task_7  job_11_task_8  job_2_task_10  job_10_task_8  job_3_task_10  job_6_task_7   job_2_task_13  job_5_task_9   job_15_task_8  job_5_task_10  job_5_task_11  job_11_task_16 job_4_task_14  job_13_task_14 job_7_task_11  job_9_task_14  job_5_task_16  job_8_task_16  job_7_task_14  job_15_task_17 job_14_task_19 job_4_task_18  job_0_task_18  
           [9,15]         [38,41]        [43,44]        [76,82]        [84,88]        [88,90]        [90,91]        [91,94]        [104,113]      [113,122]      [122,123]      [123,131]      [131,138]      [138,140]      [140,146]      [146,151]      [151,161]      [163,165]      [165,167]      [183,187]      [189,196]      [196,199]      [199,204]      [204,205]      [209,217]      [225,235]      [250,251]      [251,252]      
Machine 10: job_13_task_0  job_6_task_2   job_12_task_4  job_3_task_6   job_10_task_3  job_12_task_10 job_1_task_8   job_13_task_9  job_6_task_5   job_1_task_11  job_15_task_7  job_2_task_14  job_13_task_11 job_0_task_13  job_12_task_17 job_3_task_15  job_14_task_14 job_13_task_13 job_10_task_13 job_9_task_12  job_15_task_12 job_9_task_17  job_8_task_18  job_5_task_19  job_3_task_19  job_7_task_19  
           [0,5]          [27,32]        [32,36]        [41,48]        [48,56]        [73,83]        [83,88]        [88,98]        [98,102]       [108,118]      [118,126]      [131,134]      [134,141]      [141,146]      [146,149]      [149,152]      [153,161]      [161,164]      [168,169]      [171,177]      [182,183]      [213,221]      [221,228]      [228,235]      [235,245]      [252,255]      
Optimal Schedule Length: 257.0
Total (Unoptimized Schedule Length): 1780
Statistics
  - conflicts: 0
  - branches : 0
  - wall time: 0.21326972900000002s