
Problem
         task_0   task_1    task_2    task_3    task_4    task_5   task_6   task_7    task_8   task_9  task_10  task_11  task_12  task_13  task_14   task_15   task_16
job_0    (9, 8)  (11, 2)    (4, 1)   (11, 8)    (3, 9)   (9, 10)  (10, 7)  (0, 10)    (6, 4)   (1, 7)   (5, 3)   (1, 6)  (14, 1)   (5, 8)   (4, 6)   (8, 10)  (12, 10)
job_1   (14, 2)   (7, 1)    (3, 7)   (6, 10)   (2, 10)  (11, 10)   (2, 5)  (13, 8)    (2, 2)  (10, 9)   (5, 1)  (12, 4)   (9, 6)   (6, 3)  (12, 4)   (12, 8)    (9, 8)
job_2    (3, 6)  (15, 8)   (12, 7)   (6, 10)   (11, 9)   (11, 1)  (12, 2)  (14, 1)   (10, 6)  (13, 7)   (6, 7)   (2, 9)  (10, 7)   (0, 9)  (11, 8)    (9, 1)    (7, 2)
job_3   (12, 7)  (11, 7)    (9, 1)    (2, 4)   (15, 5)    (5, 1)  (15, 4)   (5, 8)    (6, 9)  (13, 2)   (3, 2)   (2, 2)  (15, 1)  (13, 9)  (12, 4)  (12, 10)   (13, 2)
job_4    (6, 1)  (15, 4)  (12, 10)  (10, 10)   (13, 5)    (3, 1)   (7, 2)   (1, 6)    (4, 6)  (15, 4)   (2, 4)  (13, 8)   (0, 6)   (8, 7)   (7, 7)    (7, 4)    (3, 7)
job_5    (9, 2)   (8, 9)   (14, 9)  (10, 10)    (2, 2)    (8, 7)   (3, 3)  (14, 7)    (7, 7)  (10, 2)   (4, 4)   (3, 5)   (9, 3)  (13, 1)   (8, 9)   (2, 10)    (2, 3)
job_6    (8, 5)   (2, 8)    (1, 6)    (9, 8)   (13, 1)   (15, 8)   (9, 4)   (9, 9)    (4, 2)   (5, 3)   (8, 4)   (8, 5)  (15, 3)  (10, 7)  (13, 8)   (3, 10)   (1, 10)
job_7    (3, 2)  (11, 6)    (6, 4)   (10, 4)  (15, 10)    (7, 6)   (8, 5)  (15, 7)   (15, 5)   (8, 2)   (3, 3)   (3, 2)   (8, 1)  (12, 2)  (14, 5)    (2, 3)    (3, 8)
job_8    (8, 1)   (2, 6)    (5, 5)    (4, 1)   (10, 5)    (2, 5)  (10, 4)  (11, 2)   (12, 9)  (13, 7)  (12, 9)  (12, 8)   (1, 4)   (2, 5)  (15, 2)    (9, 7)   (15, 1)
job_9    (5, 4)  (14, 9)    (3, 4)    (3, 5)    (0, 2)   (9, 10)  (3, 10)  (14, 1)  (12, 10)  (11, 8)   (8, 2)  (15, 3)   (1, 2)   (9, 8)  (12, 7)   (11, 7)    (7, 2)
job_10  (13, 5)   (1, 3)  (14, 10)   (11, 4)    (1, 6)    (0, 5)   (9, 7)   (1, 4)   (13, 2)   (1, 4)   (9, 3)   (6, 8)   (5, 6)  (1, 10)   (4, 8)   (13, 3)    (1, 7)
job_11   (0, 9)  (10, 6)    (4, 1)   (14, 4)   (11, 3)   (14, 8)   (7, 3)  (10, 7)   (6, 10)  (11, 6)  (11, 7)   (1, 3)  (4, 10)   (0, 7)   (1, 8)   (9, 10)   (13, 6)
job_12  (15, 2)  (12, 3)    (8, 6)   (10, 2)   (12, 7)    (7, 1)  (12, 7)   (0, 6)    (7, 1)   (3, 9)   (9, 9)   (2, 5)   (7, 1)  (12, 5)   (6, 9)   (15, 8)    (3, 2)
job_13   (3, 2)   (0, 5)    (4, 7)    (3, 3)   (4, 10)   (12, 9)   (7, 8)   (2, 3)    (5, 4)  (13, 2)  (9, 10)   (7, 9)   (9, 9)   (3, 4)  (15, 4)    (8, 7)    (7, 8)
job_14  (15, 9)   (6, 9)    (5, 4)   (11, 1)    (4, 8)    (4, 5)   (7, 3)  (12, 1)    (9, 9)   (3, 8)   (0, 2)   (1, 7)  (11, 1)  (12, 8)  (12, 3)    (3, 1)   (10, 3)
job_15  (9, 10)  (15, 2)   (12, 8)    (8, 1)    (0, 5)   (3, 10)   (3, 7)   (0, 9)    (9, 2)  (10, 7)   (6, 1)   (1, 3)   (9, 1)  (4, 10)   (0, 2)   (14, 6)   (2, 10)


Solution:
Machine 0: job_11_task_0  job_13_task_1  job_9_task_4   job_15_task_4  job_10_task_5  job_0_task_7   job_12_task_7  job_15_task_7  job_4_task_12  job_14_task_10 job_11_task_13 job_15_task_14 job_2_task_13  
           [0,9]          [9,14]         [24,26]        [36,41]        [43,48]        [65,75]        [75,81]        [81,90]        [92,98]        [107,109]      [129,136]      [140,142]      [142,151]      
Machine 1: job_10_task_1  job_6_task_2   job_10_task_4  job_4_task_7   job_10_task_7  job_10_task_9  job_0_task_9   job_0_task_11  job_10_task_13 job_9_task_12  job_15_task_11 job_8_task_12  job_11_task_11 job_14_task_11 job_6_task_16  job_11_task_14 job_10_task_16 
           [5,8]          [13,19]        [37,43]        [43,49]        [60,64]        [70,74]        [81,88]        [91,97]        [97,107]       [107,109]      [109,112]      [112,116]      [116,119]      [119,126]      [126,136]      [136,144]      [151,158]      
Machine 2: job_6_task_1   job_8_task_1   job_1_task_4   job_8_task_5   job_3_task_3   job_1_task_6   job_13_task_7  job_1_task_8   job_4_task_10  job_5_task_4   job_12_task_11 job_3_task_11  job_7_task_15  job_8_task_13  job_2_task_11  job_5_task_15  job_15_task_16 job_5_task_16  
           [5,13]         [13,19]        [25,35]        [35,40]        [40,44]        [53,58]        [59,62]        [66,68]        [68,72]        [87,89]        [108,113]      [113,115]      [115,118]      [118,123]      [124,133]      [139,149]      [149,159]      [159,162]      
Machine 3: job_13_task_0  job_2_task_0   job_1_task_2   job_9_task_2   job_9_task_3   job_13_task_3  job_7_task_0   job_0_task_4   job_4_task_5   job_9_task_6   job_15_task_5  job_15_task_6  job_12_task_9  job_7_task_10  job_7_task_11  job_5_task_6   job_14_task_9  job_3_task_10  job_6_task_15  job_5_task_11  job_4_task_16  job_13_task_13 job_12_task_16 job_7_task_16  job_14_task_15 
           [0,2]          [2,8]          [8,15]         [15,19]        [19,24]        [24,27]        [27,29]        [30,39]        [39,40]        [40,50]        [50,60]        [60,67]        [82,91]        [91,94]        [94,96]        [96,99]        [99,107]       [107,109]      [109,119]      [119,124]      [125,132]      [132,136]      [141,143]      [143,151]      [152,153]      
Machine 4: job_13_task_2  job_0_task_2   job_11_task_2  job_8_task_3   job_13_task_4  job_4_task_8   job_14_task_4  job_14_task_5  job_6_task_8   job_0_task_14  job_5_task_10  job_11_task_12 job_15_task_13 job_10_task_14 
           [14,21]        [21,22]        [22,23]        [24,25]        [27,37]        [49,55]        [55,63]        [63,68]        [69,71]        [106,112]      [115,119]      [119,129]      [130,140]      [140,148]      
Machine 5: job_9_task_0   job_8_task_2   job_14_task_2  job_3_task_5   job_3_task_7   job_13_task_8  job_6_task_9   job_1_task_10  job_0_task_10  job_10_task_12 job_0_task_13  
           [0,4]          [19,24]        [34,38]        [49,50]        [54,62]        [62,66]        [71,74]        [77,78]        [88,91]        [91,97]        [98,106]       
Machine 6: job_4_task_0   job_1_task_3   job_14_task_1  job_7_task_2   job_2_task_3   job_11_task_8  job_3_task_8   job_0_task_8   job_10_task_11 job_1_task_13  job_15_task_10 job_2_task_10  job_12_task_14 
           [0,1]          [15,25]        [25,34]        [43,47]        [47,57]        [58,68]        [68,77]        [77,81]        [82,90]        [99,102]       [104,105]      [117,124]      [124,133]      
Machine 7: job_1_task_1   job_4_task_6   job_11_task_6  job_12_task_5  job_13_task_6  job_7_task_5   job_14_task_6  job_12_task_8  job_13_task_11 job_5_task_8   job_12_task_12 job_4_task_14  job_4_task_15  job_9_task_16  job_13_task_16 job_2_task_16  
           [2,3]          [40,42]        [42,45]        [45,46]        [51,59]        [64,70]        [70,73]        [81,82]        [82,91]        [106,113]      [113,114]      [114,121]      [121,125]      [134,136]      [152,160]      [160,162]      
Machine 8: job_6_task_0   job_8_task_0   job_12_task_2  job_5_task_1   job_15_task_3  job_7_task_6   job_9_task_10  job_6_task_10  job_6_task_11  job_7_task_9   job_5_task_5   job_7_task_12  job_4_task_13  job_0_task_15  job_5_task_14  job_13_task_15 
           [0,5]          [5,6]          [20,26]        [26,35]        [35,36]        [70,75]        [75,77]        [77,81]        [81,86]        [87,89]        [89,96]        [96,97]        [98,105]       [112,122]      [130,139]      [145,152]      
Machine 9: job_0_task_0   job_15_task_0  job_5_task_0   job_6_task_3   job_9_task_5   job_3_task_2   job_0_task_5   job_6_task_6   job_10_task_6  job_6_task_7   job_13_task_10 job_10_task_10 job_14_task_8  job_15_task_8  job_1_task_12  job_12_task_10 job_9_task_13  job_13_task_12 job_5_task_12  job_15_task_12 job_1_task_16  job_8_task_15  job_11_task_15 job_2_task_15  
           [0,8]          [8,18]         [18,20]        [20,28]        [28,38]        [38,39]        [39,49]        [49,53]        [53,60]        [60,69]        [69,79]        [79,82]        [82,91]        [91,93]        [93,99]        [99,108]       [109,117]      [117,126]      [126,129]      [129,130]      [130,138]      [138,145]      [145,155]      [159,160]      
Machine 10: job_11_task_1  job_4_task_3   job_8_task_4   job_12_task_3  job_8_task_6   job_7_task_3   job_11_task_7  job_0_task_6   job_1_task_9   job_5_task_3   job_6_task_13  job_15_task_9  job_2_task_8   job_5_task_9   job_2_task_12  job_14_task_16 
           [9,15]         [17,27]        [27,32]        [32,34]        [40,44]        [47,51]        [51,58]        [58,65]        [68,77]        [77,87]        [90,97]        [97,104]       [104,110]      [113,115]      [133,140]      [153,156]      
Machine 11: job_3_task_1   job_0_task_1   job_0_task_3   job_11_task_4  job_10_task_3  job_7_task_1   job_1_task_5   job_14_task_3  job_8_task_7   job_9_task_9   job_2_task_4   job_2_task_5   job_11_task_9  job_11_task_10 job_14_task_12 job_9_task_15  job_2_task_14  
           [7,14]         [14,16]        [22,30]        [30,33]        [33,37]        [37,43]        [43,53]        [53,54]        [54,56]        [61,69]        [69,78]        [78,79]        [79,85]        [85,92]        [126,127]      [127,134]      [151,159]      
Machine 12: job_3_task_0   job_4_task_2   job_12_task_1  job_15_task_2  job_2_task_2   job_12_task_4  job_13_task_5  job_9_task_8   job_12_task_6  job_8_task_8   job_14_task_7  job_1_task_11  job_2_task_6   job_8_task_10  job_8_task_11  job_7_task_13  job_1_task_14  job_1_task_15  job_12_task_13 job_9_task_14  job_3_task_14  job_14_task_13 job_3_task_15  job_14_task_14 job_0_task_16  
           [0,7]          [7,17]         [17,20]        [20,28]        [28,35]        [35,42]        [42,51]        [51,61]        [61,68]        [68,77]        [77,78]        [78,82]        [82,84]        [84,93]        [93,101]       [101,103]      [103,107]      [107,115]      [115,120]      [120,127]      [127,131]      [131,139]      [139,149]      [149,152]      [152,162]      
Machine 13: job_10_task_0  job_4_task_4   job_6_task_4   job_1_task_7   job_13_task_9  job_10_task_8  job_8_task_9   job_4_task_11  job_3_task_9   job_6_task_14  job_2_task_9   job_3_task_13  job_5_task_13  job_10_task_15 job_3_task_16  job_11_task_16 
           [0,5]          [27,32]        [32,33]        [58,66]        [66,68]        [68,70]        [77,84]        [84,92]        [92,94]        [97,105]       [110,117]      [117,126]      [129,130]      [148,151]      [151,153]      [155,161]      
Machine 14: job_1_task_0   job_9_task_1   job_10_task_2  job_11_task_3  job_11_task_5  job_5_task_2   job_9_task_7   job_2_task_7   job_0_task_12  job_5_task_7   job_7_task_14  job_15_task_15 
           [0,2]          [4,13]         [13,23]        [23,27]        [33,41]        [41,50]        [50,51]        [84,85]        [97,98]        [99,106]       [106,111]      [142,148]      
Machine 15: job_12_task_0  job_4_task_1   job_14_task_0  job_15_task_1  job_2_task_1   job_6_task_5   job_3_task_4   job_3_task_6   job_7_task_4   job_4_task_9   job_7_task_7   job_7_task_8   job_6_task_12  job_9_task_11  job_3_task_12  job_8_task_14  job_12_task_15 job_13_task_14 job_8_task_16  
           [0,2]          [2,6]          [6,15]         [18,20]        [20,28]        [33,41]        [44,49]        [50,54]        [54,64]        [64,68]        [75,82]        [82,87]        [87,90]        [90,93]        [115,116]      [123,125]      [133,141]      [141,145]      [145,146]      
Optimal Schedule Length: 162.0
Total (Unoptimized Schedule Length): 1488
Statistics
  - conflicts: 0
  - branches : 0
  - wall time: 0.142326428s