
Problem
         task_0   task_1   task_2  task_3   task_4   task_5   task_6   task_7   task_8   task_9  task_10 task_11 task_12
job_0    (8, 6)  (7, 10)   (2, 8)  (7, 4)   (2, 6)   (6, 6)   (0, 3)   (6, 8)   (7, 9)   (4, 3)   (2, 4)  (3, 2)  (6, 7)
job_1    (0, 3)   (1, 1)  (1, 10)  (0, 2)   (2, 9)   (1, 9)   (8, 7)   (0, 2)   (8, 7)   (7, 8)   (5, 8)  (2, 6)  (7, 6)
job_2    (3, 7)   (4, 1)   (4, 8)  (3, 8)   (8, 2)   (6, 6)   (0, 1)   (3, 9)   (7, 2)   (6, 5)   (6, 8)  (7, 8)  (1, 8)
job_3    (4, 6)   (8, 2)   (2, 6)  (3, 4)   (0, 4)   (8, 5)   (4, 4)   (4, 5)   (6, 9)   (1, 1)   (3, 7)  (0, 8)  (1, 5)
job_4    (3, 9)   (3, 3)   (8, 9)  (7, 4)   (2, 5)  (1, 10)   (5, 1)   (5, 4)   (2, 4)   (1, 5)   (2, 3)  (6, 4)  (7, 3)
job_5    (4, 1)   (6, 3)   (1, 8)  (6, 4)   (5, 7)   (2, 6)  (4, 10)   (3, 9)   (1, 4)   (7, 3)   (2, 3)  (0, 6)  (2, 6)
job_6    (7, 2)   (0, 3)   (6, 7)  (0, 9)   (2, 4)   (4, 5)   (0, 9)   (6, 8)   (0, 6)   (8, 8)   (6, 6)  (1, 2)  (1, 4)
job_7    (6, 9)   (7, 8)   (0, 1)  (5, 6)   (1, 2)   (6, 2)   (8, 7)   (5, 8)   (3, 6)  (7, 10)   (7, 2)  (3, 4)  (5, 2)
job_8   (8, 10)   (6, 3)   (0, 9)  (2, 7)   (4, 3)   (5, 8)   (6, 7)   (5, 7)   (5, 6)   (1, 6)   (2, 5)  (7, 7)  (1, 5)
job_9    (4, 8)   (7, 4)   (8, 3)  (6, 2)   (4, 9)   (3, 6)   (7, 1)   (1, 1)   (1, 4)   (3, 3)   (8, 8)  (5, 8)  (2, 9)
job_10   (6, 8)   (7, 9)   (7, 2)  (3, 8)   (2, 4)   (4, 9)   (2, 9)  (0, 10)   (7, 7)   (7, 4)   (4, 2)  (6, 4)  (0, 2)
job_11   (8, 3)  (4, 10)   (4, 2)  (7, 5)   (3, 9)  (7, 10)   (7, 3)   (4, 5)  (8, 10)   (3, 2)   (7, 7)  (7, 3)  (6, 5)
job_12   (4, 9)   (4, 2)   (0, 4)  (1, 2)   (6, 2)   (7, 2)   (6, 8)   (4, 2)   (2, 5)   (5, 6)   (7, 8)  (6, 4)  (0, 6)
job_13  (6, 10)   (4, 2)   (5, 6)  (3, 2)   (3, 2)   (3, 6)   (5, 5)   (0, 7)   (5, 7)   (8, 5)  (3, 10)  (6, 3)  (8, 7)
job_14   (7, 9)   (7, 9)   (2, 9)  (7, 3)   (8, 3)   (5, 4)   (3, 4)   (4, 7)   (3, 4)   (1, 6)   (2, 9)  (5, 7)  (6, 3)
job_15   (8, 1)   (2, 6)   (2, 1)  (2, 4)  (5, 10)   (5, 8)   (2, 1)   (2, 9)   (2, 2)   (6, 5)   (8, 5)  (2, 5)  (8, 4)
job_16   (7, 8)   (4, 6)   (4, 5)  (1, 9)   (8, 7)   (5, 1)   (2, 6)   (4, 8)   (2, 9)   (5, 6)   (0, 3)  (7, 2)  (4, 5)
job_17   (8, 9)   (3, 8)   (1, 2)  (1, 5)   (4, 4)   (3, 6)  (6, 10)   (7, 4)   (4, 5)   (7, 7)   (3, 7)  (5, 8)  (8, 1)
job_18   (7, 7)   (8, 7)   (6, 2)  (5, 6)   (4, 6)   (2, 6)   (6, 3)   (5, 3)   (0, 9)   (5, 2)   (3, 3)  (6, 5)  (7, 1)


Solution:
Machine 0: job_1_task_0   job_1_task_3   job_6_task_1   job_8_task_2   job_6_task_3   job_1_task_7   job_2_task_6   job_12_task_2  job_7_task_2   job_3_task_4   job_6_task_6   job_0_task_6   job_13_task_7  job_10_task_7  job_6_task_8   job_18_task_8  job_3_task_11  job_5_task_11  job_16_task_10 job_12_task_12 job_10_task_12 
           [0,3]          [14,16]        [19,22]        [22,31]        [31,40]        [49,51]        [51,52]        [67,71]        [73,74]        [74,78]        [84,93]        [93,96]        [96,103]       [105,115]      [115,121]      [151,160]      [160,168]      [168,174]      [174,177]      [177,183]      [193,195]      
Machine 1: job_1_task_1   job_1_task_2   job_5_task_2   job_1_task_5   job_17_task_2  job_17_task_3  job_16_task_3  job_12_task_3  job_7_task_4   job_4_task_5   job_5_task_8   job_14_task_9  job_9_task_7   job_9_task_8   job_8_task_9   job_3_task_9   job_4_task_9   job_6_task_11  job_2_task_12  job_3_task_12  job_6_task_12  job_8_task_12  
           [3,4]          [4,14]         [24,32]        [32,41]        [41,43]        [43,48]        [49,58]        [71,73]        [86,88]        [110,120]      [120,124]      [131,137]      [137,138]      [138,142]      [142,148]      [148,149]      [160,165]      [165,167]      [167,175]      [175,180]      [180,184]      [184,189]      
Machine 2: job_1_task_4   job_15_task_1  job_8_task_3   job_0_task_2   job_14_task_2  job_3_task_2   job_15_task_2  job_15_task_3  job_6_task_4   job_10_task_4  job_0_task_4   job_5_task_5   job_16_task_6  job_10_task_6  job_4_task_4   job_15_task_6  job_15_task_7  job_18_task_5  job_15_task_8  job_12_task_8  job_14_task_10 job_16_task_8  job_4_task_8   job_8_task_10  job_5_task_10  job_4_task_10  job_0_task_10  job_1_task_11  job_15_task_11 job_9_task_12  job_5_task_12  
           [16,25]        [29,35]        [35,42]        [42,50]        [50,59]        [59,65]        [65,66]        [66,70]        [70,74]        [74,78]        [78,84]        [84,90]        [90,96]        [96,105]       [105,110]      [110,111]      [111,120]      [120,126]      [126,128]      [133,138]      [138,147]      [147,156]      [156,160]      [160,165]      [165,168]      [168,171]      [171,175]      [175,181]      [181,186]      [186,195]      [195,201]      
Machine 3: job_2_task_0   job_4_task_0   job_4_task_1   job_2_task_3   job_17_task_1  job_13_task_3  job_10_task_3  job_11_task_4  job_13_task_4  job_3_task_3   job_13_task_5  job_17_task_5  job_9_task_5   job_14_task_6  job_2_task_7   job_5_task_7   job_17_task_10 job_14_task_8  job_7_task_8   job_13_task_10 job_9_task_9   job_3_task_10  job_11_task_9  job_0_task_11  job_18_task_10 job_7_task_11  
           [0,7]          [7,16]         [16,19]        [24,32]        [32,40]        [48,50]        [50,58]        [58,67]        [67,69]        [69,73]        [73,79]        [79,85]        [85,91]        [91,95]        [95,104]       [104,113]      [120,127]      [127,131]      [131,137]      [137,147]      [147,150]      [150,157]      [157,159]      [175,177]      [177,180]      [191,195]      
Machine 4: job_5_task_0   job_3_task_0   job_2_task_1   job_9_task_0   job_2_task_2   job_16_task_1  job_11_task_1  job_13_task_1  job_11_task_2  job_16_task_2  job_12_task_0  job_8_task_4   job_17_task_4  job_12_task_1  job_9_task_4   job_6_task_5   job_10_task_5  job_5_task_6   job_3_task_6   job_17_task_8  job_18_task_4  job_14_task_7  job_3_task_7   job_12_task_7  job_16_task_7  job_11_task_7  job_0_task_9   job_10_task_10 job_16_task_12 
           [0,1]          [1,7]          [7,8]          [8,16]         [16,24]        [24,30]        [30,40]        [40,42]        [42,44]        [44,49]        [49,58]        [58,61]        [61,65]        [65,67]        [70,79]        [79,84]        [84,93]        [93,103]       [103,107]      [108,113]      [113,119]      [119,126]      [126,131]      [131,133]      [133,141]      [141,146]      [146,149]      [177,179]      [189,194]      
Machine 5: job_13_task_2  job_5_task_4   job_8_task_5   job_16_task_5  job_15_task_4  job_7_task_3   job_14_task_5  job_13_task_6  job_18_task_3  job_15_task_5  job_8_task_7   job_13_task_8  job_7_task_7   job_8_task_8   job_4_task_6   job_4_task_7   job_12_task_9  job_18_task_7  job_1_task_10  job_16_task_9  job_9_task_11  job_18_task_9  job_14_task_11 job_17_task_11 job_7_task_12  
           [42,48]        [48,55]        [61,69]        [69,70]        [70,80]        [80,86]        [86,90]        [90,95]        [95,101]       [101,109]      [109,116]      [116,123]      [123,131]      [131,137]      [137,138]      [138,142]      [142,148]      [148,151]      [151,159]      [159,165]      [165,173]      [173,175]      [175,182]      [182,190]      [195,197]      
Machine 6: job_10_task_0  job_13_task_0  job_8_task_1   job_5_task_1   job_6_task_2   job_7_task_0   job_5_task_3   job_2_task_5   job_9_task_3   job_8_task_6   job_18_task_2  job_12_task_4  job_0_task_5   job_17_task_6  job_7_task_5   job_6_task_7   job_12_task_6  job_0_task_7   job_2_task_9   job_3_task_8   job_18_task_6  job_2_task_10  job_15_task_9  job_6_task_10  job_13_task_11 job_12_task_11 job_4_task_11  job_0_task_12  job_18_task_11 job_10_task_11 job_11_task_12 job_14_task_12 
           [0,8]          [8,18]         [18,21]        [21,24]        [24,31]        [31,40]        [40,44]        [44,50]        [68,70]        [70,77]        [77,79]        [79,81]        [84,90]        [90,100]       [100,102]      [102,110]      [110,118]      [118,126]      [126,131]      [131,140]      [140,143]      [143,151]      [151,156]      [156,162]      [162,165]      [165,169]      [171,175]      [177,184]      [184,189]      [189,193]      [193,198]      [198,201]      
Machine 7: job_14_task_0  job_16_task_0  job_6_task_0   job_10_task_1  job_0_task_1   job_14_task_1  job_10_task_2  job_11_task_3  job_18_task_0  job_9_task_1   job_7_task_1   job_0_task_3   job_14_task_3  job_11_task_5  job_4_task_3   job_1_task_9   job_12_task_5  job_17_task_7  job_11_task_6  job_2_task_8   job_17_task_9  job_10_task_8  job_0_task_8   job_9_task_6   job_5_task_9   job_7_task_9   job_12_task_10 job_2_task_11  job_11_task_10 job_10_task_9  job_8_task_11  job_11_task_11 job_16_task_11 job_7_task_10  job_1_task_12  job_4_task_12  job_18_task_12 
           [0,9]          [9,17]         [17,19]        [19,28]        [28,38]        [38,47]        [47,49]        [49,54]        [54,61]        [61,65]        [65,73]        [73,77]        [77,80]        [80,90]        [90,94]        [94,102]       [102,104]      [104,108]      [108,111]      [111,113]      [113,120]      [120,127]      [127,136]      [136,137]      [137,140]      [140,150]      [150,158]      [158,166]      [166,173]      [173,177]      [177,184]      [184,187]      [187,189]      [189,191]      [191,197]      [197,200]      [200,201]      
Machine 8: job_8_task_0   job_0_task_0   job_17_task_0  job_11_task_0  job_15_task_0  job_3_task_1   job_4_task_2   job_2_task_4   job_1_task_6   job_1_task_8   job_16_task_4  job_9_task_2   job_18_task_1  job_3_task_5   job_14_task_4  job_7_task_6   job_6_task_9   job_13_task_9  job_11_task_8  job_9_task_10  job_15_task_10 job_13_task_12 job_15_task_12 job_17_task_12 
           [0,10]         [10,16]        [16,25]        [25,28]        [28,29]        [29,31]        [31,40]        [40,42]        [42,49]        [51,58]        [58,65]        [65,68]        [68,75]        [78,83]        [83,86]        [102,109]      [121,129]      [129,134]      [146,156]      [156,164]      [164,169]      [169,176]      [186,190]      [190,191]      
Optimal Schedule Length: 201.0
Total (Unoptimized Schedule Length): 1349
Statistics
  - conflicts: 0
  - branches : 0
  - wall time: 0.11834746500000001s