
Problem
         task_0    task_1    task_2    task_3   task_4   task_5   task_6    task_7    task_8    task_9   task_10  task_11   task_12  task_13   task_14   task_15  task_16   task_17  task_18  task_19
job_0    (5, 7)   (16, 6)    (3, 2)   (13, 9)   (1, 5)  (3, 10)  (17, 2)   (10, 9)   (14, 6)   (10, 9)    (6, 4)  (17, 2)    (0, 6)  (16, 9)  (17, 10)    (9, 1)  (11, 5)    (7, 9)   (6, 4)   (0, 2)
job_1   (10, 2)   (15, 9)   (10, 9)   (11, 3)  (11, 9)   (9, 5)   (8, 4)   (14, 6)    (9, 6)   (10, 9)    (3, 6)  (17, 4)    (9, 2)   (8, 2)    (5, 7)    (7, 2)  (12, 3)  (11, 10)  (11, 7)  (11, 2)
job_2    (4, 2)   (13, 6)   (10, 7)    (0, 6)   (6, 8)   (9, 8)  (10, 5)   (14, 7)    (0, 4)  (16, 10)    (3, 3)  (16, 9)   (7, 10)  (17, 8)   (10, 7)  (17, 10)   (5, 9)   (11, 1)   (0, 8)  (11, 2)
job_3    (5, 6)    (0, 6)   (13, 9)    (3, 8)   (3, 3)   (3, 1)   (6, 1)    (2, 2)    (7, 1)    (5, 4)    (8, 1)  (14, 9)    (0, 7)  (15, 6)    (0, 1)    (9, 8)  (14, 3)   (10, 7)  (14, 1)  (10, 9)
job_4    (0, 9)    (2, 5)  (14, 10)    (2, 3)  (14, 3)   (0, 1)   (0, 7)   (10, 2)    (8, 8)   (12, 3)    (4, 9)  (0, 10)    (5, 2)  (3, 10)   (14, 6)    (9, 7)   (4, 2)    (2, 6)   (2, 9)  (4, 10)
job_5    (7, 4)   (17, 5)    (2, 2)   (11, 4)   (4, 2)  (17, 9)  (11, 8)  (17, 10)    (2, 2)    (3, 1)    (5, 5)   (9, 2)  (11, 10)   (6, 2)    (0, 2)   (14, 6)  (11, 4)  (15, 10)   (5, 9)   (6, 7)
job_6   (10, 8)    (8, 3)   (2, 10)    (7, 4)   (1, 7)  (16, 6)   (9, 1)    (5, 9)   (11, 5)    (7, 4)  (15, 10)   (0, 1)   (11, 4)   (0, 2)    (6, 8)    (5, 5)  (11, 5)    (0, 2)   (2, 5)   (8, 5)
job_7    (3, 5)   (14, 6)    (3, 2)   (17, 7)   (2, 7)  (14, 3)   (3, 4)    (5, 2)   (10, 9)    (4, 9)    (6, 2)   (5, 9)   (12, 3)  (16, 2)   (13, 6)    (2, 7)   (3, 2)    (6, 2)   (5, 7)   (1, 5)
job_8   (17, 2)   (13, 1)    (3, 3)   (1, 10)   (0, 7)   (8, 2)  (11, 5)    (3, 3)    (0, 3)    (6, 3)  (17, 10)  (7, 10)   (14, 4)   (7, 1)   (17, 1)   (16, 8)  (14, 9)   (2, 10)   (8, 4)  (11, 4)
job_9   (14, 2)    (5, 5)    (5, 4)    (3, 6)  (2, 10)   (1, 7)  (11, 4)   (11, 6)   (16, 2)   (14, 4)    (4, 5)   (9, 8)   (15, 8)   (2, 9)   (17, 3)   (13, 1)   (1, 6)   (11, 5)   (6, 7)   (3, 6)
job_10   (4, 7)    (5, 1)   (3, 10)  (14, 10)   (9, 6)   (2, 9)  (15, 7)   (10, 4)    (2, 6)    (3, 9)    (2, 1)   (7, 5)    (6, 6)  (11, 2)   (16, 5)   (10, 9)   (4, 7)    (3, 9)  (16, 5)   (9, 5)
job_11  (13, 9)   (17, 6)    (8, 5)   (15, 4)  (10, 7)   (8, 2)   (4, 6)    (8, 4)    (1, 6)   (17, 3)    (9, 7)  (17, 3)    (3, 4)   (1, 8)  (10, 10)   (0, 10)  (15, 8)    (3, 7)   (9, 5)   (3, 1)
job_12  (12, 5)   (8, 10)   (8, 10)   (13, 7)  (11, 9)  (12, 3)  (14, 4)   (6, 10)    (2, 9)    (5, 8)    (1, 5)  (16, 5)   (8, 10)   (5, 3)    (0, 9)   (10, 3)   (0, 7)   (11, 6)  (11, 7)  (16, 9)
job_13  (16, 8)   (9, 10)    (1, 5)    (9, 7)  (16, 6)   (4, 2)   (0, 1)   (14, 6)    (2, 5)    (5, 4)    (7, 1)  (15, 2)    (8, 8)   (0, 9)   (17, 3)   (17, 8)  (17, 8)   (15, 8)  (11, 8)  (17, 5)
job_14  (13, 7)  (13, 10)   (13, 9)   (12, 7)  (12, 2)  (16, 9)   (6, 1)    (6, 1)  (15, 10)    (2, 7)   (14, 4)   (6, 2)    (6, 4)  (14, 5)    (1, 4)    (8, 4)   (9, 9)    (0, 2)   (1, 5)   (2, 5)


Solution:
Machine 0: job_4_task_0   job_3_task_1   job_8_task_4   job_2_task_3   job_13_task_6  job_4_task_5   job_4_task_6   job_8_task_8   job_2_task_8   job_13_task_13 job_5_task_14  job_6_task_11  job_4_task_11  job_6_task_13  job_0_task_12  job_3_task_12  job_11_task_15 job_12_task_14 job_3_task_14  job_6_task_17  job_12_task_16 job_14_task_17 job_2_task_18  job_0_task_19  
           [0,9]          [9,15]         [20,27]        [27,33]        [38,39]        [40,41]        [41,48]        [48,51]        [64,68]        [75,84]        [84,86]        [86,87]        [87,97]        [97,99]        [99,105]       [105,112]      [112,122]      [122,131]      [131,132]      [132,134]      [134,141]      [152,154]      [154,162]      [162,164]      
Machine 1: job_8_task_3   job_13_task_2  job_6_task_4   job_0_task_4   job_9_task_5   job_11_task_8  job_11_task_13 job_12_task_10 job_9_task_16  job_14_task_14 job_14_task_18 job_7_task_19  
           [8,18]         [18,23]        [30,37]        [37,42]        [46,53]        [59,65]        [86,94]        [97,102]       [119,125]      [135,139]      [154,159]      [159,164]      
Machine 2: job_4_task_1   job_5_task_2   job_6_task_2   job_7_task_4   job_4_task_3   job_9_task_4   job_13_task_8  job_5_task_8   job_10_task_5  job_3_task_7   job_12_task_8  job_10_task_8  job_10_task_10 job_9_task_13  job_14_task_9  job_7_task_15  job_4_task_17  job_4_task_18  job_8_task_17  job_6_task_18  job_14_task_19 
           [9,14]         [14,16]        [16,26]        [26,33]        [33,36]        [36,46]        [46,51]        [55,57]        [57,66]        [68,70]        [78,87]        [87,93]        [102,103]      [103,112]      [112,119]      [119,126]      [128,134]      [134,143]      [144,154]      [154,159]      [159,164]      
Machine 3: job_7_task_0   job_8_task_2   job_7_task_2   job_10_task_2  job_0_task_2   job_9_task_3   job_7_task_6   job_8_task_7   job_0_task_5   job_3_task_3   job_5_task_9   job_3_task_4   job_3_task_5   job_1_task_10  job_2_task_10  job_11_task_12 job_10_task_9  job_4_task_13  job_7_task_16  job_10_task_17 job_11_task_17 job_9_task_19  job_11_task_19 
           [0,5]          [5,8]          [11,13]        [13,23]        [23,25]        [25,31]        [37,41]        [41,44]        [44,54]        [54,62]        [62,63]        [63,66]        [66,67]        [68,74]        [78,81]        [82,86]        [93,102]       [102,112]      [126,128]      [138,147]      [147,154]      [154,160]      [162,163]      
Machine 4: job_10_task_0  job_2_task_0   job_5_task_4   job_13_task_5  job_11_task_6  job_7_task_9   job_9_task_10  job_4_task_10  job_4_task_16  job_10_task_16 job_4_task_19  
           [0,7]          [7,9]          [20,22]        [36,38]        [46,52]        [55,64]        [72,77]        [77,86]        [125,127]      [131,138]      [150,160]      
Machine 5: job_3_task_0   job_10_task_1  job_0_task_0   job_9_task_1   job_9_task_2   job_7_task_7   job_13_task_9  job_6_task_7   job_5_task_10  job_7_task_11  job_3_task_9   job_1_task_14  job_12_task_9  job_4_task_12  job_6_task_15  job_12_task_13 job_7_task_18  job_2_task_16  job_5_task_18  
           [0,6]          [7,8]          [8,15]         [15,20]        [20,24]        [41,43]        [51,55]        [55,64]        [64,69]        [69,78]        [78,82]        [82,89]        [89,97]        [97,99]        [109,114]      [117,120]      [131,138]      [138,147]      [147,156]      
Machine 6: job_2_task_4   job_8_task_9   job_7_task_10  job_3_task_6   job_12_task_7  job_5_task_13  job_0_task_10  job_14_task_6  job_14_task_7  job_6_task_14  job_10_task_12 job_14_task_11 job_14_task_12 job_7_task_17  job_9_task_18  job_0_task_18  job_5_task_19  
           [33,41]        [51,54]        [64,66]        [67,68]        [68,78]        [81,83]        [93,97]        [99,100]       [100,101]      [101,109]      [109,115]      [123,125]      [125,129]      [129,131]      [135,142]      [149,153]      [156,163]      
Machine 7: job_5_task_0   job_6_task_3   job_13_task_10 job_3_task_8   job_6_task_9   job_8_task_11  job_1_task_15  job_8_task_13  job_2_task_12  job_10_task_11 job_0_task_17  
           [0,4]          [26,30]        [57,58]        [70,71]        [71,75]        [75,85]        [89,91]        [91,92]        [92,102]       [103,108]      [140,149]      
Machine 8: job_6_task_1   job_12_task_1  job_11_task_2  job_8_task_5   job_12_task_2  job_1_task_6   job_11_task_5  job_11_task_7  job_4_task_8   job_13_task_12 job_1_task_13  job_3_task_10  job_12_task_12 job_14_task_15 job_8_task_18  job_6_task_19  
           [10,13]        [13,23]        [23,28]        [28,30]        [30,40]        [40,44]        [44,46]        [55,59]        [59,67]        [67,75]        [80,82]        [82,83]        [107,117]      [139,143]      [154,158]      [159,164]      
Machine 9: job_13_task_1  job_13_task_3  job_1_task_5   job_10_task_4  job_2_task_5   job_6_task_6   job_1_task_8   job_5_task_11  job_11_task_10 job_1_task_12  job_9_task_11  job_4_task_15  job_0_task_15  job_3_task_15  job_14_task_16 job_10_task_19 job_11_task_18 
           [8,18]         [23,30]        [32,37]        [38,44]        [44,52]        [52,53]        [53,59]        [69,71]        [71,78]        [78,80]        [84,92]        [118,125]      [131,132]      [132,140]      [143,152]      [152,157]      [157,162]      
Machine 10: job_1_task_0   job_6_task_0   job_1_task_2   job_2_task_2   job_11_task_4  job_7_task_8   job_2_task_6   job_4_task_7   job_1_task_9   job_0_task_7   job_10_task_7  job_0_task_9   job_11_task_14 job_2_task_14  job_10_task_15 job_12_task_15 job_3_task_17  job_3_task_19  
           [0,2]          [2,10]         [11,20]        [20,27]        [36,43]        [43,52]        [52,57]        [57,59]        [59,68]        [68,77]        [80,84]        [84,93]        [94,104]       [115,122]      [122,131]      [131,134]      [147,154]      [155,164]      
Machine 11: job_5_task_3   job_1_task_3   job_1_task_4   job_8_task_6   job_5_task_6   job_12_task_4  job_9_task_6   job_9_task_7   job_6_task_8   job_5_task_12  job_6_task_12  job_1_task_17  job_1_task_18  job_5_task_16  job_10_task_13 job_6_task_16  job_13_task_18 job_9_task_17  job_0_task_16  job_12_task_17 job_2_task_17  job_12_task_18 job_1_task_19  job_8_task_19  job_2_task_19  
           [16,20]        [20,23]        [23,32]        [32,37]        [37,45]        [47,56]        [56,60]        [60,66]        [66,71]        [71,81]        [87,91]        [94,104]       [104,111]      [111,115]      [115,117]      [117,122]      [122,130]      [130,135]      [135,140]      [141,147]      [147,148]      [148,155]      [155,157]      [158,162]      [162,164]      
Machine 12: job_12_task_0  job_12_task_5  job_4_task_9   job_14_task_3  job_14_task_4  job_7_task_12  job_1_task_16  
           [0,5]          [56,59]        [67,70]        [73,80]        [80,82]        [82,85]        [91,94]        
Machine 13: job_8_task_1   job_11_task_0  job_2_task_1   job_3_task_2   job_0_task_3   job_12_task_3  job_14_task_0  job_14_task_1  job_14_task_2  job_7_task_14  job_9_task_15  
           [2,3]          [3,12]         [12,18]        [18,27]        [27,36]        [40,47]        [47,54]        [54,64]        [64,73]        [109,115]      [118,119]      
Machine 14: job_9_task_0   job_7_task_1   job_4_task_2   job_10_task_3  job_7_task_5   job_4_task_4   job_13_task_7  job_1_task_7   job_2_task_7   job_12_task_6  job_9_task_9   job_0_task_8   job_8_task_12  job_5_task_15  job_3_task_11  job_4_task_14  job_14_task_10 job_14_task_13 job_8_task_16  job_3_task_16  job_3_task_18  
           [0,2]          [5,11]         [14,24]        [24,34]        [34,37]        [37,40]        [40,46]        [46,52]        [57,64]        [64,68]        [68,72]        [77,83]        [85,89]        [89,95]        [95,104]       [112,118]      [119,123]      [130,135]      [135,144]      [144,147]      [154,155]      
Machine 15: job_1_task_1   job_11_task_3  job_13_task_11 job_10_task_6  job_6_task_10  job_9_task_12  job_14_task_8  job_13_task_17 job_3_task_13  job_5_task_17  job_11_task_16 
           [2,11]         [32,36]        [58,60]        [67,74]        [75,85]        [92,100]       [101,111]      [111,119]      [119,125]      [125,135]      [135,143]      
Machine 16: job_13_task_0  job_0_task_1   job_13_task_4  job_6_task_5   job_9_task_8   job_2_task_9   job_2_task_11  job_14_task_5  job_7_task_13  job_12_task_11 job_0_task_13  job_10_task_14 job_8_task_15  job_10_task_18 job_12_task_19 
           [0,8]          [15,21]        [30,36]        [37,43]        [66,68]        [68,78]        [81,90]        [90,99]        [99,101]       [102,107]      [108,117]      [117,122]      [122,130]      [147,152]      [155,164]      
Machine 17: job_8_task_0   job_5_task_1   job_11_task_1  job_7_task_3   job_5_task_5   job_5_task_7   job_0_task_6   job_8_task_10  job_11_task_9  job_1_task_11  job_11_task_11 job_13_task_14 job_13_task_15 job_8_task_14  job_0_task_11  job_13_task_16 job_2_task_13  job_9_task_14  job_0_task_14  job_2_task_15  job_13_task_19 
           [0,2]          [4,9]          [12,18]        [18,25]        [25,34]        [45,55]        [55,57]        [57,67]        [67,70]        [74,78]        [78,81]        [84,87]        [87,95]        [95,96]        [97,99]        [99,107]       [107,115]      [115,118]      [118,128]      [128,138]      [151,156]      
Optimal Schedule Length: 164.0
Total (Unoptimized Schedule Length): 1682
Statistics
  - conflicts: 0
  - branches : 282
  - wall time: 51.384347108s