
Problem
         task_0    task_1   task_2   task_3   task_4    task_5   task_6   task_7   task_8   task_9  task_10  task_11  task_12  task_13  task_14
job_0    (8, 2)   (10, 2)   (2, 9)   (5, 1)   (3, 8)    (6, 1)  (10, 3)   (8, 3)   (7, 1)   (7, 7)  (3, 10)   (8, 1)   (7, 8)   (4, 6)   (2, 2)
job_1    (6, 9)    (7, 4)   (1, 4)   (7, 6)   (0, 6)   (10, 1)   (1, 4)   (8, 9)   (5, 2)   (9, 3)   (4, 5)   (5, 1)   (6, 9)   (0, 8)   (3, 1)
job_2    (2, 9)   (10, 5)   (5, 4)   (8, 1)  (10, 3)    (0, 2)  (10, 7)   (8, 1)   (1, 3)   (9, 8)   (2, 9)  (10, 5)  (10, 4)   (4, 5)   (5, 5)
job_3    (1, 8)    (8, 8)   (4, 5)   (6, 6)   (8, 8)   (6, 10)  (0, 10)   (3, 3)   (3, 9)   (2, 2)   (0, 8)   (5, 8)   (2, 1)   (8, 8)   (4, 5)
job_4    (6, 2)    (4, 4)   (3, 3)   (8, 2)   (9, 2)    (3, 3)   (0, 8)   (6, 4)   (5, 7)  (7, 10)   (8, 5)   (1, 9)   (4, 2)   (0, 4)   (4, 4)
job_5    (9, 3)    (8, 6)   (2, 8)   (3, 3)   (0, 7)    (5, 9)   (1, 7)   (4, 7)   (5, 2)   (1, 3)   (9, 8)  (5, 10)   (8, 3)   (5, 9)   (0, 3)
job_6    (0, 2)    (9, 6)   (3, 9)   (2, 4)   (6, 3)    (4, 5)   (1, 7)   (3, 4)   (5, 8)   (6, 4)   (6, 8)   (1, 6)   (7, 6)   (8, 7)   (9, 6)
job_7    (1, 7)    (7, 6)   (8, 6)  (1, 10)   (4, 4)    (7, 6)   (8, 8)   (5, 3)   (3, 8)   (9, 2)   (7, 4)   (4, 5)  (10, 9)  (3, 10)   (1, 6)
job_8    (8, 1)   (8, 10)   (5, 9)   (7, 8)   (9, 1)    (7, 3)  (7, 10)  (10, 7)   (1, 5)   (9, 9)  (10, 1)   (0, 5)   (1, 2)   (3, 2)   (0, 4)
job_9    (5, 5)    (3, 2)   (6, 7)   (4, 5)   (9, 8)  (10, 10)   (5, 6)   (2, 7)   (0, 8)   (5, 4)  (10, 7)   (8, 4)   (4, 5)   (3, 8)   (5, 1)
job_10   (1, 3)  (10, 10)   (2, 2)   (0, 2)   (1, 6)    (2, 3)  (10, 4)  (10, 8)   (2, 9)   (4, 4)   (2, 8)   (2, 9)   (9, 4)   (7, 3)   (9, 9)
job_11   (9, 6)    (7, 3)  (5, 10)   (3, 7)   (6, 5)    (3, 7)   (8, 4)   (7, 8)   (3, 8)  (5, 10)   (2, 5)  (10, 4)   (9, 1)   (6, 2)   (7, 4)
job_12   (7, 6)    (0, 7)   (6, 4)   (5, 5)  (7, 10)   (6, 10)   (7, 2)   (1, 8)  (10, 4)   (6, 2)  (10, 3)   (6, 6)   (4, 1)   (2, 6)   (9, 6)
job_13   (0, 9)    (2, 1)   (6, 4)   (8, 4)   (8, 9)    (0, 4)   (5, 2)   (0, 3)   (1, 5)  (10, 5)   (2, 2)   (4, 4)   (1, 3)   (2, 2)   (5, 9)
job_14  (10, 6)    (8, 1)   (2, 3)   (1, 6)   (1, 9)    (3, 5)   (3, 9)   (1, 8)   (6, 9)   (9, 2)   (3, 6)   (3, 2)   (5, 7)   (2, 6)   (5, 7)
job_15   (5, 6)    (5, 1)   (2, 1)   (4, 2)  (10, 3)    (5, 2)   (6, 4)   (2, 1)   (8, 7)   (5, 7)   (0, 8)  (3, 10)  (2, 10)   (7, 4)  (9, 10)
job_16   (6, 1)    (5, 7)   (6, 9)   (2, 2)   (1, 3)   (1, 10)   (7, 1)  (10, 3)   (8, 4)  (2, 10)   (5, 7)   (8, 3)   (6, 6)   (9, 8)   (3, 7)
job_17   (2, 3)    (6, 4)   (4, 4)   (3, 6)   (5, 5)    (2, 5)   (4, 7)  (10, 8)   (1, 8)   (7, 4)   (5, 4)   (6, 2)   (7, 9)  (0, 10)   (5, 1)


Solution:
Machine 0: job_6_task_0   job_13_task_0  job_12_task_1  job_1_task_4   job_10_task_3  job_5_task_4   job_2_task_5   job_4_task_6   job_3_task_6   job_9_task_8   job_13_task_5  job_15_task_10 job_13_task_7  job_3_task_10  job_17_task_13 job_8_task_11  job_4_task_13  job_1_task_13  job_8_task_14  job_5_task_14  
           [1,3]          [3,12]         [12,19]        [29,35]        [45,47]        [47,54]        [54,56]        [59,67]        [67,77]        [84,92]        [98,102]       [102,110]      [110,113]      [134,142]      [146,156]      [156,161]      [161,165]      [167,175]      [175,179]      [179,182]      
Machine 1: job_3_task_0   job_7_task_0   job_10_task_0  job_1_task_2   job_7_task_3   job_14_task_3  job_10_task_4  job_14_task_4  job_16_task_4  job_16_task_5  job_6_task_6   job_14_task_7  job_5_task_6   job_1_task_6   job_2_task_8   job_17_task_8  job_5_task_9   job_12_task_7  job_13_task_8  job_8_task_8   job_6_task_11  job_4_task_11  job_13_task_12 job_8_task_12  job_7_task_14  
           [1,9]          [9,16]         [16,19]        [19,23]        [29,39]        [39,45]        [47,53]        [53,62]        [63,66]        [66,76]        [76,83]        [83,91]        [91,98]        [98,102]       [102,105]      [105,113]      [113,116]      [116,124]      [124,129]      [129,134]      [134,140]      [140,149]      [149,152]      [163,165]      [165,171]      
Machine 2: job_17_task_0  job_0_task_2   job_2_task_0   job_14_task_2  job_15_task_2  job_6_task_3   job_5_task_2   job_10_task_2  job_13_task_1  job_16_task_3  job_10_task_5  job_17_task_5  job_15_task_7  job_10_task_8  job_9_task_7   job_16_task_9  job_10_task_10 job_10_task_11 job_14_task_13 job_2_task_10  job_3_task_9   job_13_task_10 job_11_task_10 job_12_task_13 job_15_task_12 job_13_task_13 job_3_task_12  job_0_task_14  
           [1,4]          [9,18]         [18,27]        [27,30]        [30,31]        [31,35]        [35,43]        [43,45]        [45,46]        [48,50]        [53,56]        [56,61]        [62,63]        [68,77]        [77,84]        [85,95]        [95,103]       [103,112]      [117,123]      [123,132]      [132,134]      [139,141]      [141,146]      [146,152]      [152,162]      [162,164]      [164,165]      [167,169]      
Machine 3: job_9_task_1   job_6_task_2   job_0_task_4   job_17_task_3  job_5_task_3   job_4_task_2   job_11_task_3  job_4_task_5   job_14_task_5  job_14_task_6  job_11_task_5  job_6_task_7   job_3_task_7   job_3_task_8   job_14_task_10 job_14_task_11 job_11_task_8  job_7_task_8   job_15_task_11 job_0_task_10  job_7_task_13  job_9_task_13  job_8_task_13  job_16_task_14 job_1_task_14  
           [11,13]        [16,25]        [25,33]        [36,42]        [43,46]        [46,49]        [49,56]        [56,59]        [62,67]        [67,76]        [76,83]        [83,87]        [90,93]        [93,102]       [102,108]      [108,110]      [110,118]      [118,126]      [126,136]      [136,146]      [155,165]      [165,173]      [173,175]      [175,182]      [182,183]      
Machine 4: job_9_task_3   job_3_task_2   job_17_task_2  job_4_task_1   job_15_task_3  job_7_task_4   job_17_task_6  job_6_task_5   job_10_task_9  job_5_task_7   job_9_task_12  job_1_task_10  job_7_task_11  job_13_task_11 job_12_task_12 job_2_task_13  job_4_task_12  job_0_task_13  job_4_task_14  job_3_task_14  
           [20,25]        [25,30]        [31,35]        [39,43]        [43,45]        [45,49]        [61,68]        [68,73]        [87,91]        [98,105]       [119,124]      [128,133]      [134,139]      [141,145]      [145,146]      [146,151]      [154,156]      [160,166]      [166,170]      [173,178]      
Machine 5: job_15_task_0  job_9_task_0   job_16_task_1  job_0_task_3   job_11_task_2  job_15_task_1  job_8_task_2   job_2_task_2   job_17_task_4  job_15_task_5  job_12_task_3  job_5_task_5   job_7_task_7   job_9_task_6   job_15_task_9  job_4_task_8   job_6_task_8   job_16_task_10 job_13_task_6  job_9_task_9   job_5_task_8   job_14_task_12 job_1_task_8   job_11_task_9  job_17_task_10 job_5_task_11  job_3_task_11  job_2_task_14  job_17_task_14 job_1_task_11  job_5_task_13  job_13_task_14 job_14_task_14 job_9_task_14  
           [0,6]          [6,11]         [11,18]        [18,19]        [19,29]        [29,30]        [30,39]        [39,43]        [43,48]        [48,50]        [50,55]        [55,64]        [64,67]        [67,73]        [73,80]        [80,87]        [87,95]        [95,102]       [102,104]      [104,108]      [108,110]      [110,117]      [117,119]      [119,129]      [129,133]      [133,143]      [143,151]      [151,156]      [156,157]      [157,158]      [158,167]      [167,176]      [176,183]      [183,184]      
Machine 6: job_16_task_0  job_1_task_0   job_9_task_2   job_12_task_2  job_17_task_1  job_3_task_3   job_4_task_0   job_16_task_2  job_3_task_5   job_15_task_6  job_6_task_4   job_13_task_2  job_11_task_4  job_4_task_7   job_12_task_5  job_0_task_5   job_14_task_8  job_6_task_9   job_6_task_10  job_16_task_12 job_12_task_9  job_17_task_11 job_12_task_11 job_1_task_12  job_11_task_13 
           [1,2]          [2,11]         [13,20]        [20,24]        [24,28]        [31,37]        [37,39]        [39,48]        [48,58]        [58,62]        [62,65]        [65,69]        [69,74]        [74,78]        [78,88]        [88,89]        [91,100]       [107,111]      [111,119]      [122,128]      [128,130]      [133,135]      [137,143]      [158,167]      [167,169]      
Machine 7: job_12_task_0  job_11_task_1  job_1_task_1   job_7_task_1   job_1_task_3   job_8_task_3   job_7_task_5   job_8_task_5   job_12_task_4  job_16_task_6  job_8_task_6   job_12_task_6  job_11_task_7  job_0_task_8   job_0_task_9   job_4_task_9   job_17_task_9  job_7_task_10  job_10_task_13 job_17_task_12 job_6_task_12  job_0_task_12  job_15_task_13 job_11_task_14 
           [1,7]          [10,13]        [13,17]        [17,23]        [23,29]        [39,47]        [49,55]        [55,58]        [58,68]        [77,78]        [78,88]        [88,90]        [90,98]        [103,104]      [108,115]      [115,125]      [125,129]      [130,134]      [134,137]      [137,146]      [146,152]      [152,160]      [162,166]      [169,173]      
Machine 8: job_0_task_0   job_8_task_0   job_8_task_1   job_3_task_1   job_14_task_1  job_7_task_2   job_5_task_1   job_3_task_4   job_2_task_3   job_4_task_3   job_7_task_6   job_15_task_8  job_13_task_3  job_2_task_7   job_16_task_8  job_11_task_6  job_13_task_4  job_0_task_7   job_1_task_7   job_9_task_11  job_16_task_11 job_4_task_10  job_5_task_12  job_0_task_11  job_6_task_13  job_3_task_13  
           [0,2]          [2,3]          [3,13]         [13,21]        [21,22]        [23,29]        [29,35]        [37,45]        [45,46]        [49,51]        [55,63]        [65,72]        [72,76]        [76,77]        [81,85]        [85,89]        [89,98]        [98,101]       [102,111]      [115,119]      [119,122]      [125,130]      [143,146]      [146,147]      [152,159]      [165,173]      
Machine 9: job_11_task_0  job_6_task_1   job_5_task_0   job_9_task_4   job_8_task_4   job_4_task_4   job_14_task_9  job_2_task_9   job_10_task_12 job_5_task_10  job_1_task_9   job_7_task_9   job_16_task_13 job_8_task_9   job_10_task_14 job_12_task_14 job_11_task_12 job_15_task_14 job_6_task_14  
           [4,10]         [10,16]        [16,19]        [25,33]        [47,48]        [51,53]        [100,102]      [105,113]      [113,117]      [117,125]      [125,128]      [128,130]      [131,139]      [139,148]      [148,157]      [159,165]      [165,166]      [166,176]      [176,182]      
Machine 10: job_14_task_0  job_0_task_1   job_10_task_1  job_2_task_1   job_9_task_5   job_1_task_5   job_15_task_4  job_2_task_4   job_10_task_6  job_10_task_7  job_2_task_6   job_16_task_7  job_17_task_7  job_0_task_6   job_8_task_7   job_9_task_10  job_12_task_8  job_13_task_9  job_12_task_10 job_2_task_11  job_2_task_12  job_7_task_12  job_8_task_10  job_11_task_11 
           [1,7]          [7,9]          [19,29]        [29,34]        [34,44]        [44,45]        [45,48]        [48,51]        [56,60]        [60,68]        [68,75]        [78,81]        [81,89]        [89,92]        [92,99]        [108,115]      [124,128]      [129,134]      [134,137]      [137,142]      [142,146]      [146,155]      [155,156]      [156,160]      
Optimal Schedule Length: 184.0
Total (Unoptimized Schedule Length): 1443
Statistics
  - conflicts: 0
  - branches : 263
  - wall time: 0.23940850900000002s