
Problem
         task_0   task_1   task_2   task_3   task_4   task_5   task_6   task_7  task_8  task_9  task_10 task_11  task_12  task_13 task_14  task_15  task_16  task_17
job_0    (0, 4)   (1, 4)   (2, 4)   (1, 5)   (0, 3)   (2, 5)   (1, 1)   (2, 5)  (2, 2)  (1, 4)   (2, 4)  (2, 5)   (2, 3)   (0, 8)  (0, 3)   (0, 5)   (1, 8)   (2, 8)
job_1    (0, 9)  (0, 10)   (0, 8)   (2, 2)   (0, 4)   (2, 5)   (2, 9)   (2, 4)  (0, 8)  (0, 9)   (1, 9)  (2, 6)   (1, 9)   (2, 1)  (2, 4)   (0, 1)   (1, 5)   (2, 1)
job_2    (0, 1)   (0, 9)   (2, 9)  (1, 10)   (0, 3)   (1, 9)   (2, 8)  (2, 10)  (1, 9)  (0, 3)   (2, 6)  (0, 3)   (1, 7)   (1, 8)  (0, 9)   (2, 2)   (0, 1)   (2, 4)
job_3    (2, 5)   (2, 4)   (0, 5)   (2, 3)   (2, 6)   (2, 3)   (0, 2)   (0, 3)  (0, 6)  (0, 9)   (0, 8)  (1, 7)   (1, 6)   (1, 1)  (2, 3)  (0, 10)   (0, 8)   (0, 8)
job_4    (2, 8)   (0, 3)   (1, 4)   (2, 6)   (2, 7)   (1, 3)   (1, 1)   (0, 2)  (1, 6)  (2, 1)   (1, 8)  (1, 7)  (2, 10)   (1, 8)  (1, 3)   (0, 6)   (1, 8)   (1, 1)
job_5    (2, 1)   (1, 8)   (2, 3)   (1, 9)   (2, 7)   (0, 3)   (2, 2)   (0, 1)  (2, 9)  (0, 7)   (0, 2)  (1, 1)  (0, 10)   (1, 7)  (1, 4)   (2, 4)   (0, 5)   (2, 1)
job_6    (0, 8)   (1, 2)  (0, 10)   (2, 1)   (1, 8)   (2, 2)   (2, 2)   (0, 4)  (2, 2)  (2, 3)  (0, 10)  (0, 4)   (1, 6)   (0, 5)  (0, 2)   (0, 4)  (1, 10)   (0, 7)
job_7    (1, 7)   (2, 7)   (2, 2)   (0, 8)   (1, 6)   (1, 9)   (2, 5)   (0, 6)  (1, 6)  (1, 2)  (0, 10)  (0, 8)   (1, 3)   (0, 6)  (1, 4)   (1, 2)   (2, 4)   (0, 7)
job_8    (2, 3)   (2, 1)   (1, 3)   (2, 9)   (0, 9)   (1, 4)   (0, 9)   (0, 7)  (1, 5)  (1, 2)   (1, 3)  (0, 1)   (1, 7)   (1, 6)  (2, 1)   (2, 1)  (2, 10)  (1, 10)
job_9    (1, 3)   (0, 5)  (2, 10)   (0, 7)   (1, 4)   (1, 1)   (1, 9)   (2, 2)  (0, 3)  (2, 6)   (1, 5)  (1, 2)   (0, 2)   (2, 1)  (1, 3)   (2, 6)   (2, 6)   (1, 4)
job_10   (0, 3)   (1, 9)   (2, 2)   (1, 3)   (2, 9)   (0, 6)  (1, 10)   (2, 1)  (1, 6)  (1, 6)   (2, 9)  (1, 1)   (0, 7)   (1, 7)  (2, 6)   (2, 6)   (1, 4)   (2, 5)
job_11   (2, 3)   (0, 2)   (2, 5)   (0, 1)   (0, 7)   (2, 3)   (0, 7)   (2, 5)  (0, 6)  (1, 2)   (0, 4)  (2, 3)   (0, 2)  (2, 10)  (0, 5)   (1, 9)   (0, 8)  (1, 10)
job_12   (0, 1)   (0, 5)   (2, 1)   (0, 8)   (1, 5)   (0, 2)   (2, 2)   (0, 6)  (1, 7)  (1, 5)  (0, 10)  (0, 5)   (2, 2)   (1, 4)  (0, 6)   (1, 1)   (2, 7)   (1, 9)
job_13   (2, 7)   (2, 4)   (1, 2)   (2, 9)   (0, 1)   (2, 4)   (0, 6)   (0, 3)  (1, 6)  (1, 7)  (1, 10)  (2, 1)   (1, 5)  (2, 10)  (0, 5)   (0, 5)  (0, 10)   (0, 6)
job_14  (1, 10)   (1, 4)   (2, 7)   (2, 4)  (0, 10)  (2, 10)   (0, 9)   (2, 1)  (1, 1)  (1, 8)   (1, 3)  (1, 6)   (2, 1)   (2, 2)  (2, 9)   (0, 9)   (1, 1)   (1, 2)


Solution:
Machine 0: job_2_task_0   job_2_task_1   job_1_task_0   job_10_task_0  job_1_task_1   job_6_task_0   job_11_task_1  job_3_task_2   job_12_task_0  job_12_task_1  job_7_task_3   job_1_task_2   job_4_task_1   job_11_task_3  job_2_task_4   job_0_task_0   job_11_task_4  job_6_task_2   job_13_task_4  job_9_task_1   job_12_task_3  job_1_task_4   job_8_task_4   job_10_task_5  job_13_task_6  job_14_task_4  job_3_task_6   job_11_task_6  job_3_task_7   job_13_task_7  job_12_task_5  job_3_task_8   job_0_task_4   job_8_task_6   job_12_task_7  job_9_task_3   job_4_task_7   job_3_task_9   job_11_task_8  job_7_task_7   job_5_task_5   job_8_task_7   job_6_task_7   job_1_task_8   job_14_task_6  job_5_task_7   job_11_task_10 job_3_task_10  job_6_task_10  job_1_task_9   job_11_task_12 job_7_task_10  job_12_task_10 job_2_task_9   job_5_task_9   job_9_task_8   job_6_task_11  job_8_task_11  job_10_task_12 job_5_task_10  job_2_task_11  job_12_task_11 job_7_task_11  job_11_task_14 job_0_task_13  job_5_task_12  job_6_task_13  job_13_task_14 job_3_task_15  job_0_task_14  job_6_task_14  job_12_task_14 job_7_task_13  job_9_task_12  job_6_task_15  job_0_task_15  job_13_task_15 job_11_task_16 job_3_task_16  job_2_task_14  job_13_task_16 job_4_task_15  job_14_task_15 job_1_task_15  job_7_task_17  job_6_task_17  job_13_task_17 job_5_task_16  job_2_task_16  job_3_task_17  
           [0,1]          [1,10]         [10,19]        [19,22]        [22,32]        [32,40]        [40,42]        [42,47]        [47,48]        [48,53]        [53,61]        [61,69]        [69,72]        [72,73]        [73,76]        [76,80]        [80,87]        [87,97]        [97,98]        [98,103]       [103,111]      [111,115]      [115,124]      [124,130]      [130,136]      [136,146]      [146,148]      [148,155]      [155,158]      [158,161]      [161,163]      [163,169]      [169,172]      [172,181]      [181,187]      [187,194]      [194,196]      [196,205]      [205,211]      [211,217]      [217,220]      [220,227]      [227,231]      [231,239]      [239,248]      [248,249]      [249,253]      [253,261]      [261,271]      [271,280]      [280,282]      [282,292]      [292,302]      [302,305]      [305,312]      [312,315]      [315,319]      [319,320]      [320,327]      [327,329]      [329,332]      [332,337]      [337,345]      [345,350]      [350,358]      [358,368]      [368,373]      [373,378]      [378,388]      [388,391]      [391,393]      [393,399]      [399,405]      [405,407]      [407,411]      [411,416]      [416,421]      [421,429]      [429,437]      [437,446]      [446,456]      [456,462]      [462,471]      [471,472]      [472,479]      [479,486]      [486,492]      [492,497]      [497,498]      [498,506]      
Machine 1: job_7_task_0   job_14_task_0  job_14_task_1  job_2_task_3   job_10_task_1  job_13_task_2  job_6_task_1   job_9_task_0   job_8_task_2   job_10_task_3  job_7_task_4   job_7_task_5   job_5_task_1   job_4_task_2   job_2_task_5   job_0_task_1   job_12_task_4  job_5_task_3   job_10_task_6  job_0_task_3   job_8_task_5   job_4_task_5   job_4_task_6   job_6_task_4   job_13_task_8  job_13_task_9  job_13_task_10 job_12_task_8  job_9_task_4   job_4_task_8   job_2_task_8   job_11_task_9  job_9_task_5   job_7_task_8   job_10_task_8  job_0_task_6   job_10_task_9  job_4_task_10  job_12_task_9  job_9_task_6   job_0_task_9   job_7_task_9   job_8_task_8   job_3_task_11  job_4_task_11  job_14_task_8  job_8_task_9   job_13_task_12 job_14_task_9  job_8_task_10  job_10_task_11 job_3_task_12  job_1_task_10  job_14_task_10 job_8_task_12  job_6_task_12  job_5_task_11  job_2_task_12  job_3_task_13  job_14_task_11 job_9_task_10  job_8_task_13  job_10_task_13 job_12_task_13 job_11_task_15 job_7_task_12  job_4_task_13  job_9_task_11  job_2_task_13  job_5_task_13  job_1_task_12  job_9_task_14  job_4_task_14  job_12_task_15 job_7_task_14  job_6_task_16  job_0_task_16  job_5_task_14  job_7_task_15  job_8_task_17  job_11_task_17 job_10_task_16 job_4_task_16  job_12_task_17 job_1_task_16  job_9_task_17  job_14_task_16 job_14_task_17 job_4_task_17  
           [0,7]          [7,17]         [17,21]        [21,31]        [31,40]        [40,42]        [42,44]        [44,47]        [51,54]        [55,58]        [61,67]        [67,76]        [76,84]        [84,88]        [88,97]        [97,101]       [111,116]      [124,133]      [133,143]      [143,148]      [148,152]      [152,155]      [155,156]      [157,165]      [165,171]      [171,178]      [178,188]      [188,195]      [195,199]      [199,205]      [205,214]      [214,216]      [216,217]      [217,223]      [223,229]      [229,230]      [230,236]      [236,244]      [244,249]      [249,258]      [258,262]      [262,264]      [264,269]      [269,276]      [276,283]      [283,284]      [284,286]      [286,291]      [291,299]      [299,302]      [302,303]      [303,309]      [309,318]      [318,321]      [321,328]      [328,334]      [334,335]      [335,342]      [342,343]      [343,349]      [349,354]      [354,360]      [360,367]      [367,371]      [371,380]      [380,383]      [383,391]      [391,393]      [393,401]      [401,408]      [408,417]      [417,420]      [420,423]      [423,424]      [424,428]      [428,438]      [438,446]      [446,450]      [450,452]      [452,462]      [462,472]      [472,476]      [476,484]      [484,493]      [493,498]      [498,502]      [502,503]      [503,505]      [505,506]      
Machine 2: job_13_task_0  job_3_task_0   job_2_task_2   job_7_task_1   job_13_task_1  job_11_task_0  job_3_task_1   job_4_task_0   job_8_task_0   job_8_task_1   job_7_task_2   job_10_task_2  job_13_task_3  job_11_task_2  job_5_task_0   job_8_task_3   job_3_task_3   job_14_task_2  job_10_task_4  job_12_task_2  job_3_task_4   job_13_task_5  job_1_task_3   job_4_task_3   job_14_task_3  job_5_task_2   job_11_task_5  job_3_task_5   job_0_task_2   job_1_task_5   job_4_task_4   job_9_task_2   job_6_task_3   job_2_task_6   job_1_task_6   job_12_task_6  job_11_task_7  job_7_task_6   job_5_task_4   job_2_task_7   job_14_task_5  job_6_task_5   job_0_task_5   job_6_task_6   job_10_task_7  job_1_task_7   job_5_task_6   job_4_task_9   job_0_task_7   job_6_task_8   job_6_task_9   job_0_task_8   job_10_task_10 job_5_task_8   job_11_task_11 job_0_task_10  job_14_task_7  job_13_task_11 job_9_task_7   job_0_task_11  job_0_task_12  job_11_task_13 job_4_task_12  job_13_task_13 job_2_task_10  job_9_task_9   job_1_task_11  job_12_task_12 job_3_task_14  job_14_task_12 job_14_task_13 job_14_task_14 job_8_task_14  job_8_task_15  job_8_task_16  job_10_task_14 job_10_task_15 job_9_task_13  job_1_task_13  job_1_task_14  job_9_task_15  job_12_task_16 job_9_task_16  job_0_task_17  job_7_task_16  job_5_task_15  job_2_task_15  job_10_task_17 job_5_task_17  job_1_task_17  job_2_task_17  
           [0,7]          [7,12]         [12,21]        [21,28]        [28,32]        [32,35]        [35,39]        [39,47]        [47,50]        [50,51]        [51,53]        [53,55]        [55,64]        [64,69]        [69,70]        [70,79]        [79,82]        [82,89]        [89,98]        [98,99]        [99,105]       [105,109]      [109,111]      [111,117]      [117,121]      [121,124]      [124,127]      [127,130]      [130,134]      [134,139]      [139,146]      [146,156]      [156,157]      [157,165]      [165,174]      [174,176]      [176,181]      [181,186]      [186,193]      [193,203]      [203,213]      [213,215]      [215,220]      [220,222]      [222,223]      [223,227]      [227,229]      [229,230]      [230,235]      [235,237]      [237,240]      [240,242]      [242,251]      [251,260]      [260,263]      [263,267]      [267,268]      [268,269]      [269,271]      [271,276]      [276,279]      [282,292]      [292,302]      [302,312]      [312,318]      [318,324]      [324,330]      [337,339]      [343,346]      [349,350]      [350,352]      [352,361]      [361,362]      [362,363]      [363,373]      [373,379]      [379,385]      [407,408]      [417,418]      [418,422]      [422,428]      [428,435]      [435,441]      [446,454]      [454,458]      [458,462]      [462,464]      [476,481]      [497,498]      [498,499]      [499,503]      
Optimal Schedule Length: 506.0
Total (Unoptimized Schedule Length): 1407
Statistics
  - conflicts: 0
  - branches : 119
  - wall time: 0.33928083000000003s