
Problem
          task_0    task_1    task_2    task_3   task_4   task_5    task_6    task_7   task_8   task_9   task_10  task_11  task_12  task_13  task_14   task_15   task_16   task_17   task_18
job_0     (7, 7)  (10, 10)   (10, 7)  (12, 10)  (13, 2)   (9, 3)    (0, 4)    (5, 8)   (2, 8)   (2, 3)    (2, 2)   (8, 9)   (5, 2)   (3, 7)   (4, 4)   (2, 10)    (3, 6)   (12, 2)    (5, 1)
job_1    (13, 3)    (6, 7)    (1, 5)   (10, 8)   (4, 2)   (7, 5)    (0, 4)    (5, 3)   (7, 9)  (14, 3)   (15, 7)  (15, 7)  (10, 8)   (2, 2)   (2, 7)   (14, 8)   (10, 6)  (15, 10)   (7, 10)
job_2     (6, 8)    (0, 3)  (14, 10)    (5, 3)  (10, 3)  (15, 8)    (1, 8)    (4, 6)   (3, 1)  (14, 8)    (7, 6)   (0, 8)  (15, 5)   (4, 3)   (7, 9)    (5, 2)  (15, 10)    (5, 8)   (11, 7)
job_3     (5, 1)   (16, 4)   (0, 10)    (0, 1)   (6, 5)  (16, 2)    (8, 3)   (16, 2)   (6, 7)   (2, 1)    (2, 4)   (0, 2)   (1, 2)  (12, 9)  (16, 2)    (9, 2)    (8, 1)    (8, 7)  (12, 10)
job_4    (14, 5)    (7, 6)   (16, 5)    (8, 9)   (0, 6)   (2, 5)    (0, 5)    (8, 8)   (3, 6)   (3, 7)  (14, 10)  (15, 5)  (8, 10)   (1, 3)   (4, 5)   (14, 9)    (5, 2)    (0, 7)    (7, 2)
job_5     (6, 7)    (9, 8)   (13, 9)   (15, 9)   (4, 8)  (12, 5)    (9, 4)    (8, 1)  (13, 7)   (5, 1)    (5, 9)  (10, 1)  (10, 8)   (9, 1)   (9, 3)   (16, 8)  (16, 10)    (5, 9)    (1, 6)
job_6    (16, 1)   (16, 5)    (1, 2)   (13, 6)  (15, 6)   (1, 5)    (9, 6)    (0, 8)   (5, 8)  (12, 1)    (8, 3)   (1, 6)  (11, 8)  (6, 10)   (8, 2)    (5, 4)    (1, 8)   (15, 9)    (7, 5)
job_7   (15, 10)   (16, 4)   (4, 10)    (1, 1)   (4, 2)  (13, 7)  (16, 10)  (14, 10)   (7, 2)   (2, 7)  (14, 10)  (13, 9)   (0, 5)   (7, 4)  (12, 8)    (4, 8)    (3, 1)    (7, 9)    (8, 8)
job_8     (3, 7)   (16, 3)    (8, 6)   (15, 4)  (14, 2)   (1, 7)    (8, 3)   (15, 8)   (8, 6)  (10, 9)    (8, 9)  (10, 5)   (1, 3)   (3, 5)  (13, 7)    (7, 1)   (0, 10)    (7, 4)   (2, 10)
job_9    (11, 8)   (13, 1)   (15, 6)    (5, 6)  (16, 1)   (9, 8)    (1, 1)    (1, 4)   (4, 3)   (3, 6)   (15, 1)   (2, 3)  (2, 10)   (4, 6)   (7, 1)   (11, 4)   (15, 1)    (4, 6)    (7, 5)
job_10   (14, 7)   (6, 10)    (1, 4)   (10, 3)  (8, 10)  (15, 6)    (6, 3)    (5, 3)  (16, 9)   (3, 4)    (0, 1)  (12, 7)   (4, 5)  (16, 7)   (8, 9)    (6, 4)   (7, 10)    (4, 4)    (2, 5)
job_11  (14, 10)    (1, 1)   (10, 6)    (5, 1)   (2, 6)   (9, 5)   (12, 9)    (7, 6)   (6, 7)  (10, 3)    (7, 5)   (2, 8)  (14, 6)   (7, 6)  (13, 8)    (1, 6)  (13, 10)   (16, 7)   (15, 1)
job_12   (8, 10)   (11, 4)    (5, 6)   (11, 3)  (15, 7)   (7, 3)   (13, 4)   (15, 1)  (12, 3)  (12, 9)    (7, 6)  (10, 5)  (13, 3)  (13, 3)   (5, 5)   (13, 2)   (11, 2)   (0, 10)   (12, 6)
job_13   (16, 2)   (12, 5)   (11, 7)    (5, 5)   (6, 1)  (13, 8)    (0, 1)   (10, 4)   (0, 9)   (1, 7)    (7, 1)   (0, 2)  (11, 8)  (16, 7)  (7, 10)  (15, 10)   (9, 10)   (10, 5)    (1, 7)


Solution:
Machine 0: job_3_task_2   job_2_task_1   job_3_task_3   job_4_task_4   job_1_task_6   job_13_task_6  job_4_task_6   job_13_task_8  job_6_task_7   job_13_task_11 job_10_task_10 job_2_task_11  job_0_task_6   job_3_task_11  job_7_task_12  job_8_task_16  job_12_task_17 job_4_task_17  
           [12,22]        [22,25]        [25,26]        [33,39]        [41,45]        [46,47]        [47,52]        [52,61]        [62,70]        [70,72]        [77,78]        [81,89]        [89,93]        [96,98]        [100,105]      [112,122]      [129,139]      [142,149]      
Machine 1: job_6_task_2   job_11_task_1  job_1_task_2   job_6_task_5   job_7_task_3   job_10_task_2  job_8_task_5   job_9_task_6   job_9_task_7   job_2_task_6   job_13_task_9  job_8_task_12  job_3_task_12  job_6_task_11  job_4_task_13  job_11_task_15 job_6_task_16  job_13_task_18 job_5_task_18  
           [7,9]          [15,16]        [16,21]        [22,27]        [27,28]        [32,36]        [37,44]        [44,45]        [45,49]        [50,58]        [61,68]        [96,99]        [99,101]       [101,107]      [121,124]      [125,131]      [131,139]      [139,146]      [146,152]      
Machine 2: job_11_task_4  job_4_task_5   job_3_task_9   job_3_task_10  job_9_task_11  job_11_task_11 job_7_task_9   job_9_task_12  job_1_task_13  job_1_task_14  job_0_task_8   job_0_task_9   job_0_task_10  job_8_task_18  job_0_task_15  job_10_task_18 
           [25,31]        [39,44]        [51,52]        [52,56]        [59,62]        [66,74]        [74,81]        [81,91]        [91,93]        [93,100]       [102,110]      [110,113]      [113,115]      [128,138]      [138,148]      [150,155]      
Machine 3: job_8_task_0   job_9_task_9   job_2_task_8   job_10_task_9  job_4_task_8   job_4_task_9   job_8_task_13  job_7_task_16  job_0_task_13  job_0_task_16  
           [0,7]          [52,58]        [66,67]        [73,77]        [77,83]        [83,90]        [99,104]       [126,127]      [127,134]      [148,154]      
Machine 4: job_7_task_2   job_7_task_4   job_1_task_4   job_9_task_8   job_5_task_4   job_2_task_7   job_10_task_12 job_2_task_13  job_9_task_13  job_7_task_15  job_4_task_14  job_0_task_14  job_9_task_17  job_10_task_17 
           [17,27]        [28,30]        [32,34]        [49,52]        [52,60]        [60,66]        [85,90]        [94,97]        [97,103]       [118,126]      [126,131]      [134,138]      [138,144]      [146,150]      
Machine 5: job_3_task_0   job_12_task_2  job_11_task_3  job_9_task_3   job_13_task_3  job_2_task_3   job_1_task_7   job_10_task_7  job_6_task_8   job_5_task_9   job_5_task_10  job_0_task_7   job_2_task_15  job_12_task_14 job_0_task_12  job_6_task_15  job_5_task_17  job_4_task_16  job_2_task_17  job_0_task_18  
           [0,1]          [14,20]        [24,25]        [25,31]        [31,36]        [36,39]        [45,48]        [61,64]        [76,84]        [84,85]        [85,94]        [94,102]       [106,108]      [117,122]      [125,127]      [127,131]      [131,140]      [140,142]      [142,150]      [156,157]      
Machine 6: job_5_task_0   job_1_task_1   job_2_task_0   job_10_task_1  job_3_task_4   job_13_task_4  job_3_task_8   job_11_task_8  job_10_task_6  job_10_task_15 job_6_task_13  
           [0,7]          [7,14]         [14,22]        [22,32]        [32,37]        [37,38]        [44,51]        [51,58]        [58,61]        [106,110]      [115,125]      
Machine 7: job_0_task_0   job_4_task_1   job_12_task_5  job_1_task_5   job_11_task_7  job_1_task_8   job_11_task_10 job_7_task_8   job_13_task_10 job_12_task_10 job_2_task_10  job_11_task_13 job_13_task_14 job_2_task_14  job_7_task_13  job_9_task_14  job_8_task_15  job_10_task_16 job_8_task_17  job_1_task_18  job_7_task_17  job_9_task_18  job_6_task_18  job_4_task_18  
           [0,7]          [7,13]         [33,36]        [36,41]        [45,51]        [51,60]        [61,66]        [66,68]        [68,69]        [69,75]        [75,81]        [81,87]        [87,97]        [97,106]       [106,110]      [110,111]      [111,112]      [112,122]      [122,126]      [126,136]      [136,145]      [145,150]      [150,155]      [155,157]      
Machine 8: job_12_task_0  job_8_task_2   job_4_task_3   job_3_task_6   job_10_task_4  job_8_task_6   job_4_task_7   job_8_task_8   job_5_task_7   job_8_task_10  job_6_task_10  job_10_task_14 job_4_task_12  job_0_task_11  job_6_task_14  job_3_task_16  job_3_task_17  job_7_task_18  
           [0,10]         [13,19]        [24,33]        [39,42]        [42,52]        [52,55]        [59,67]        [67,73]        [74,75]        [82,91]        [91,94]        [97,106]       [106,116]      [116,125]      [125,127]      [127,128]      [128,135]      [146,154]      
Machine 9: job_5_task_1   job_11_task_5  job_9_task_5   job_6_task_6   job_5_task_6   job_0_task_5   job_5_task_13  job_5_task_14  job_3_task_15  job_13_task_16 
           [9,17]         [31,36]        [36,44]        [44,50]        [68,72]        [84,87]        [109,110]      [110,113]      [113,115]      [123,133]      
Machine 10: job_0_task_1   job_11_task_2  job_1_task_3   job_10_task_3  job_2_task_4   job_13_task_7  job_11_task_9  job_0_task_2   job_8_task_9   job_1_task_12  job_8_task_11  job_5_task_11  job_5_task_12  job_12_task_11 job_1_task_16  job_13_task_17 
           [8,18]         [18,24]        [24,32]        [36,39]        [39,42]        [48,52]        [58,61]        [61,68]        [73,82]        [83,91]        [91,96]        [96,97]        [97,105]       [105,110]      [110,116]      [134,139]      
Machine 11: job_9_task_0   job_12_task_1  job_12_task_3  job_13_task_2  job_13_task_12 job_6_task_12  job_9_task_15  job_12_task_16 job_2_task_18  
           [0,8]          [10,14]        [20,23]        [24,31]        [72,80]        [107,115]      [115,119]      [127,129]      [150,157]      
Machine 12: job_13_task_1  job_11_task_6  job_12_task_8  job_12_task_9  job_5_task_5   job_0_task_3   job_10_task_11 job_6_task_9   job_3_task_13  job_7_task_14  job_3_task_18  job_12_task_18 job_0_task_17  
           [19,24]        [36,45]        [51,54]        [54,63]        [63,68]        [68,78]        [78,85]        [85,86]        [101,110]      [110,118]      [135,145]      [145,151]      [154,156]      
Machine 13: job_1_task_0   job_9_task_1   job_6_task_3   job_5_task_2   job_7_task_5   job_13_task_5  job_12_task_6  job_5_task_8   job_0_task_4   job_7_task_11  job_8_task_14  job_12_task_12 job_12_task_13 job_11_task_14 job_12_task_15 job_11_task_16 
           [0,3]          [8,9]          [10,16]        [18,27]        [30,37]        [38,46]        [46,50]        [75,82]        [82,84]        [91,100]       [104,111]      [111,114]      [114,117]      [117,125]      [125,127]      [131,141]      
Machine 14: job_4_task_0   job_11_task_0  job_10_task_0  job_2_task_2   job_8_task_4   job_7_task_7   job_1_task_9   job_2_task_9   job_11_task_12 job_7_task_10  job_4_task_10  job_1_task_15  job_4_task_15  
           [0,5]          [5,15]         [15,22]        [25,35]        [35,37]        [54,64]        [64,67]        [67,75]        [75,81]        [81,91]        [91,101]       [102,110]      [131,140]      
Machine 15: job_7_task_0   job_9_task_2   job_6_task_4   job_8_task_3   job_12_task_4  job_5_task_3   job_2_task_5   job_12_task_7  job_10_task_5  job_9_task_10  job_8_task_7   job_1_task_10  job_1_task_11  job_2_task_12  job_4_task_11  job_13_task_15 job_1_task_17  job_2_task_16  job_9_task_16  job_6_task_17  job_11_task_18 
           [0,10]         [10,16]        [16,22]        [22,26]        [26,33]        [33,42]        [42,50]        [50,51]        [52,58]        [58,59]        [59,67]        [68,75]        [76,83]        [89,94]        [101,106]      [106,116]      [116,126]      [126,136]      [136,137]      [139,148]      [148,149]      
Machine 16: job_6_task_0   job_6_task_1   job_3_task_1   job_8_task_1   job_7_task_1   job_13_task_0  job_4_task_2   job_9_task_4   job_3_task_5   job_3_task_7   job_7_task_6   job_10_task_8  job_13_task_13 job_10_task_13 job_3_task_14  job_5_task_15  job_5_task_16  job_11_task_17 
           [0,1]          [1,6]          [6,10]         [10,13]        [13,17]        [17,19]        [19,24]        [31,32]        [37,39]        [42,44]        [44,54]        [64,73]        [80,87]        [90,97]        [110,112]      [113,121]      [121,131]      [141,148]      
Optimal Schedule Length: 157.0
Total (Unoptimized Schedule Length): 1480
Statistics
  - conflicts: 0
  - branches : 0
  - wall time: 27.470658098s