
Problem
         task_0   task_1   task_2   task_3   task_4   task_5   task_6  task_7   task_8   task_9 task_10  task_11  task_12  task_13 task_14  task_15 task_16  task_17
job_0   (4, 10)   (2, 6)   (7, 3)   (5, 4)   (7, 5)   (5, 5)   (5, 4)  (1, 5)   (4, 2)   (3, 2)  (5, 6)   (1, 1)   (3, 7)  (1, 10)  (7, 8)   (8, 2)  (5, 7)   (0, 2)
job_1   (1, 10)  (4, 10)   (4, 7)  (6, 10)   (2, 1)   (1, 6)   (2, 2)  (2, 6)   (4, 9)   (8, 7)  (4, 5)   (3, 5)   (8, 4)  (7, 10)  (3, 9)   (0, 7)  (7, 3)   (7, 5)
job_2    (8, 5)   (5, 7)  (0, 10)   (4, 4)   (7, 4)   (3, 8)   (6, 7)  (3, 9)  (1, 10)   (3, 6)  (1, 6)  (1, 10)   (7, 1)   (3, 8)  (3, 4)   (5, 3)  (2, 5)   (7, 2)
job_3    (4, 9)   (4, 2)   (1, 6)   (2, 4)   (4, 1)   (0, 8)  (7, 10)  (5, 9)   (3, 9)   (0, 2)  (2, 5)   (7, 1)   (7, 2)   (0, 5)  (3, 2)   (1, 2)  (3, 1)  (8, 10)
job_4    (7, 2)   (1, 3)  (4, 10)  (6, 10)  (5, 10)   (7, 1)  (7, 10)  (3, 4)   (8, 3)  (7, 10)  (7, 2)   (2, 4)   (4, 6)   (4, 1)  (5, 5)   (5, 6)  (8, 2)   (7, 7)
job_5   (6, 10)  (5, 10)   (7, 3)   (2, 6)   (6, 8)   (1, 7)  (8, 10)  (0, 3)   (7, 7)  (8, 10)  (1, 6)   (4, 5)   (1, 9)   (0, 3)  (3, 3)   (8, 8)  (3, 7)   (3, 8)
job_6    (7, 6)   (2, 2)   (8, 1)   (8, 1)   (1, 3)   (4, 8)   (5, 3)  (5, 2)   (6, 3)   (3, 6)  (2, 7)   (7, 1)  (8, 10)   (8, 7)  (3, 7)   (0, 9)  (5, 3)   (7, 6)
job_7    (2, 3)   (6, 8)   (0, 5)   (4, 1)  (0, 10)   (4, 9)   (5, 6)  (8, 4)  (1, 10)  (4, 10)  (8, 9)   (8, 5)   (8, 7)   (3, 4)  (8, 1)   (3, 6)  (3, 3)   (2, 5)
job_8    (4, 4)   (5, 9)   (7, 2)  (3, 10)  (6, 10)   (3, 4)   (2, 9)  (7, 9)   (4, 5)   (8, 3)  (8, 7)   (8, 1)   (7, 1)   (0, 9)  (6, 8)   (4, 7)  (2, 1)   (5, 9)
job_9    (6, 3)   (2, 2)   (5, 7)   (2, 7)   (3, 1)   (8, 6)   (3, 6)  (2, 5)   (8, 9)   (8, 8)  (4, 2)   (0, 9)   (7, 9)   (8, 4)  (5, 2)   (8, 3)  (2, 1)   (0, 1)
job_10   (5, 6)   (2, 4)   (2, 7)   (4, 1)   (4, 4)   (1, 7)   (3, 3)  (6, 2)   (6, 7)   (8, 7)  (2, 8)   (1, 2)   (3, 5)   (1, 7)  (4, 3)   (8, 2)  (8, 5)   (3, 2)
job_11   (0, 2)   (8, 8)   (5, 8)   (3, 3)   (6, 5)   (0, 2)   (8, 2)  (0, 5)   (7, 7)   (2, 3)  (4, 6)   (2, 3)   (1, 7)  (2, 10)  (4, 1)  (6, 10)  (4, 9)   (5, 5)
job_12   (2, 5)   (1, 2)   (2, 2)   (0, 7)   (1, 7)   (6, 2)  (5, 10)  (1, 4)   (0, 3)   (3, 2)  (6, 3)   (5, 6)   (1, 5)  (8, 10)  (1, 6)   (3, 5)  (2, 1)  (5, 10)
job_13   (5, 1)  (5, 10)   (0, 3)   (2, 3)   (1, 5)  (1, 10)   (4, 1)  (2, 9)   (0, 1)   (4, 5)  (1, 3)   (4, 9)   (1, 2)   (4, 8)  (8, 6)   (7, 4)  (6, 8)   (1, 1)
job_14   (0, 4)   (5, 1)   (3, 4)   (8, 5)   (8, 4)   (5, 3)   (8, 9)  (5, 7)   (3, 2)   (1, 8)  (2, 1)   (6, 1)   (4, 4)   (4, 9)  (1, 6)   (7, 2)  (7, 9)   (4, 6)
job_15   (5, 5)   (7, 4)   (7, 4)  (1, 10)   (6, 4)   (5, 6)  (6, 10)  (0, 9)   (1, 2)   (5, 9)  (3, 8)   (4, 8)   (7, 1)   (8, 9)  (7, 6)   (1, 3)  (2, 1)   (7, 6)
job_16   (2, 3)   (6, 7)   (2, 6)  (1, 10)   (2, 1)  (4, 10)   (8, 5)  (1, 7)   (3, 2)   (2, 8)  (1, 6)   (2, 1)   (2, 6)   (8, 2)  (2, 1)   (3, 5)  (5, 6)   (5, 7)


Solution:
Machine 0: job_14_task_0  job_11_task_0  job_12_task_3  job_2_task_2   job_7_task_2   job_13_task_2  job_11_task_5  job_7_task_4   job_5_task_7   job_3_task_5   job_11_task_7  job_15_task_7  job_3_task_9   job_13_task_8  job_9_task_11  job_6_task_15  job_12_task_8  job_3_task_13  job_5_task_13  job_8_task_13  job_1_task_15  job_0_task_17  job_9_task_17  
           [0,4]          [4,6]          [17,24]        [24,34]        [34,39]        [52,55]        [55,57]        [57,67]        [67,70]        [70,78]        [78,83]        [103,112]      [112,114]      [119,120]      [120,129]      [129,138]      [138,141]      [160,165]      [165,168]      [168,177]      [177,184]      [217,219]      [230,231]      
Machine 1: job_1_task_0   job_4_task_1   job_12_task_1  job_15_task_3  job_6_task_4   job_12_task_4  job_3_task_2   job_5_task_5   job_16_task_3  job_1_task_5   job_13_task_4  job_13_task_5  job_14_task_9  job_5_task_10  job_7_task_8   job_2_task_8   job_10_task_5  job_15_task_8  job_16_task_7  job_12_task_7  job_11_task_12 job_13_task_10 job_2_task_10  job_0_task_7   job_5_task_12  job_16_task_10 job_0_task_11  job_3_task_15  job_2_task_11  job_12_task_12 job_13_task_12 job_0_task_13  job_10_task_11 job_14_task_14 job_12_task_14 job_10_task_13 job_15_task_15 job_13_task_17 
           [0,10]         [10,13]        [13,15]        [15,25]        [25,28]        [28,35]        [35,41]        [41,48]        [48,58]        [58,64]        [64,69]        [69,79]        [79,87]        [87,93]        [93,103]       [103,113]      [113,120]      [120,122]      [122,129]      [129,133]      [133,140]      [140,143]      [143,149]      [149,154]      [154,163]      [163,169]      [169,170]      [170,172]      [172,182]      [182,187]      [187,189]      [189,199]      [199,201]      [201,207]      [207,213]      [213,220]      [220,223]      [230,231]      
Machine 2: job_7_task_0   job_16_task_0  job_12_task_0  job_12_task_2  job_6_task_1   job_9_task_1   job_5_task_3   job_9_task_3   job_16_task_2  job_3_task_3   job_1_task_4   job_9_task_7   job_13_task_3  job_16_task_4  job_0_task_1   job_1_task_6   job_10_task_1  job_1_task_7   job_10_task_2  job_6_task_10  job_14_task_10 job_11_task_9  job_8_task_6   job_13_task_7  job_11_task_11 job_3_task_10  job_16_task_9  job_11_task_13 job_4_task_11  job_16_task_11 job_16_task_12 job_16_task_14 job_10_task_10 job_8_task_16  job_2_task_16  job_12_task_16 job_15_task_16 job_7_task_17  job_9_task_16  
           [0,3]          [3,6]          [6,11]         [15,17]        [19,21]        [21,23]        [26,32]        [32,39]        [39,45]        [46,50]        [50,51]        [54,59]        [59,62]        [62,63]        [63,69]        [69,71]        [71,75]        [75,81]        [81,88]        [88,95]        [95,96]        [97,100]       [101,110]      [110,119]      [119,122]      [122,127]      [134,142]      [142,152]      [158,162]      [169,170]      [170,176]      [178,179]      [179,187]      [194,195]      [210,215]      [219,220]      [223,224]      [224,229]      [229,230]      
Machine 3: job_14_task_2  job_9_task_4   job_11_task_3  job_9_task_6   job_2_task_5   job_8_task_3   job_14_task_8  job_6_task_9   job_2_task_7   job_8_task_5   job_3_task_8   job_1_task_11  job_2_task_9   job_6_task_14  job_10_task_6  job_16_task_8  job_4_task_7   job_15_task_10 job_1_task_14  job_0_task_9   job_12_task_9  job_7_task_13  job_3_task_14  job_5_task_14  job_0_task_12  job_3_task_16  job_16_task_15 job_2_task_13  job_2_task_14  job_5_task_16  job_10_task_12 job_7_task_15  job_12_task_15 job_7_task_16  job_5_task_17  job_10_task_17 
           [6,10]         [39,40]        [41,44]        [48,54]        [57,65]        [65,75]        [75,77]        [82,88]        [88,97]        [97,101]       [102,111]      [111,116]      [116,122]      [122,129]      [129,132]      [132,134]      [135,139]      [140,148]      [148,157]      [158,160]      [160,162]      [162,166]      [166,168]      [168,171]      [171,178]      [178,179]      [179,184]      [184,192]      [192,196]      [196,203]      [203,208]      [208,214]      [214,219]      [219,222]      [222,230]      [230,232]      
Machine 4: job_8_task_0   job_1_task_1   job_3_task_0   job_3_task_1   job_1_task_2   job_4_task_2   job_7_task_3   job_2_task_3   job_0_task_0   job_3_task_4   job_6_task_5   job_7_task_5   job_1_task_8   job_16_task_5  job_10_task_3  job_10_task_4  job_13_task_6  job_1_task_10  job_11_task_10 job_9_task_10  job_8_task_8   job_7_task_9   job_13_task_9  job_5_task_11  job_14_task_12 job_15_task_11 job_0_task_8   job_11_task_14 job_4_task_12  job_4_task_13  job_14_task_13 job_13_task_11 job_8_task_15  job_13_task_13 job_11_task_16 job_10_task_14 job_14_task_17 
           [0,4]          [10,20]        [20,29]        [29,31]        [31,38]        [38,48]        [48,49]        [49,53]        [53,63]        [63,64]        [64,72]        [72,81]        [81,90]        [90,100]       [100,101]      [101,105]      [105,106]      [106,111]      [111,117]      [117,119]      [119,124]      [124,134]      [134,139]      [139,144]      [144,148]      [148,156]      [156,158]      [158,159]      [162,168]      [168,169]      [169,178]      [178,187]      [187,194]      [194,202]      [202,211]      [220,223]      [223,229]      
Machine 5: job_15_task_0  job_14_task_1  job_2_task_1   job_5_task_1   job_9_task_2   job_14_task_5  job_11_task_2  job_13_task_0  job_13_task_1  job_8_task_1   job_10_task_0  job_14_task_7  job_6_task_6   job_6_task_7   job_7_task_6   job_15_task_5  job_3_task_7   job_4_task_4   job_0_task_3   job_12_task_6  job_0_task_5   job_15_task_9  job_0_task_6   job_6_task_16  job_0_task_10  job_12_task_11 job_4_task_14  job_4_task_15  job_9_task_14  job_16_task_16 job_16_task_17 job_8_task_17  job_2_task_15  job_0_task_16  job_11_task_17 job_12_task_17 
           [0,5]          [5,6]          [6,13]         [13,23]        [23,30]        [30,33]        [33,41]        [41,42]        [42,52]        [52,61]        [61,67]        [67,74]        [74,77]        [77,79]        [81,87]        [87,93]        [93,102]       [102,112]      [112,116]      [116,126]      [126,131]      [131,140]      [140,144]      [144,147]      [160,166]      [166,172]      [172,177]      [177,183]      [183,185]      [185,191]      [191,198]      [198,207]      [207,210]      [210,217]      [217,222]      [222,232]      
Machine 6: job_5_task_0   job_7_task_1   job_9_task_0   job_16_task_1  job_15_task_4  job_5_task_4   job_1_task_3   job_11_task_4  job_4_task_3   job_2_task_6   job_12_task_5  job_6_task_8   job_8_task_4   job_15_task_6  job_14_task_11 job_10_task_7  job_10_task_8  job_12_task_10 job_11_task_15 job_8_task_14  job_13_task_16 
           [0,10]         [10,18]        [18,21]        [21,28]        [28,32]        [32,40]        [40,50]        [50,55]        [55,65]        [65,72]        [72,74]        [79,82]        [82,92]        [93,103]       [103,104]      [132,134]      [134,141]      [162,165]      [165,175]      [177,185]      [222,230]      
Machine 7: job_4_task_0   job_15_task_1  job_15_task_2  job_6_task_0   job_5_task_2   job_2_task_4   job_8_task_2   job_5_task_8   job_0_task_2   job_3_task_6   job_11_task_8  job_6_task_11  job_8_task_7   job_4_task_5   job_0_task_4   job_4_task_6   job_1_task_13  job_3_task_11  job_4_task_9   job_4_task_10  job_3_task_12  job_8_task_12  job_15_task_12 job_9_task_12  job_6_task_17  job_15_task_14 job_2_task_12  job_1_task_16  job_1_task_17  job_4_task_17  job_0_task_14  job_14_task_15 job_14_task_16 job_13_task_15 job_2_task_17  job_15_task_17 
           [0,2]          [5,9]          [9,13]         [13,19]        [23,26]        [53,57]        [61,63]        [70,77]        [77,80]        [80,90]        [90,97]        [97,98]        [110,119]      [119,120]      [120,125]      [125,135]      [135,145]      [145,146]      [146,156]      [156,158]      [158,160]      [160,161]      [161,162]      [162,171]      [171,177]      [177,183]      [183,184]      [184,187]      [187,192]      [192,199]      [199,207]      [207,209]      [209,218]      [218,222]      [222,224]      [224,230]      
Machine 8: job_2_task_0   job_11_task_1  job_14_task_3  job_14_task_4  job_6_task_2   job_6_task_3   job_14_task_6  job_9_task_5   job_5_task_6   job_11_task_6  job_9_task_8   job_9_task_9   job_5_task_9   job_7_task_7   job_1_task_9   job_6_task_12  job_6_task_13  job_16_task_6  job_1_task_12  job_8_task_9   job_8_task_10  job_7_task_10  job_4_task_8   job_7_task_11  job_7_task_12  job_8_task_11  job_10_task_9  job_15_task_13 job_7_task_14  job_16_task_13 job_9_task_13  job_5_task_15  job_4_task_16  job_12_task_13 job_13_task_14 job_0_task_15  job_3_task_17  job_9_task_15  job_10_task_15 job_10_task_16 
           [0,5]          [6,14]         [14,19]        [19,23]        [23,24]        [24,25]        [33,42]        [42,48]        [48,58]        [58,60]        [60,69]        [69,77]        [77,87]        [87,91]        [91,98]        [98,108]       [108,115]      [115,120]      [120,124]      [124,127]      [127,134]      [134,143]      [143,146]      [146,151]      [151,158]      [158,159]      [159,166]      [166,175]      [175,176]      [176,178]      [178,182]      [182,190]      [190,192]      [192,202]      [202,208]      [208,210]      [210,220]      [220,223]      [223,225]      [225,230]      
Optimal Schedule Length: 232.0
Total (Unoptimized Schedule Length): 1645
Statistics
  - conflicts: 0
  - branches : 0
  - wall time: 15.425806685000001s