
Problem
         task_0   task_1  task_2   task_3   task_4   task_5  task_6   task_7  task_8   task_9  task_10  task_11  task_12  task_13  task_14  task_15  task_16  task_17 task_18
job_0    (5, 5)   (6, 1)  (1, 5)   (1, 3)   (0, 6)   (1, 8)  (0, 4)   (1, 5)  (1, 7)  (4, 10)   (3, 6)   (2, 2)  (4, 10)   (3, 9)   (0, 5)   (5, 5)   (0, 9)   (5, 4)  (1, 8)
job_1    (5, 2)   (3, 2)  (4, 3)   (2, 2)   (5, 5)   (3, 9)  (0, 5)   (3, 4)  (5, 9)   (1, 3)  (5, 10)   (4, 6)   (0, 4)   (0, 2)   (1, 1)   (6, 5)  (5, 10)   (1, 1)  (2, 2)
job_2    (4, 5)  (0, 10)  (6, 7)   (4, 8)   (3, 2)   (4, 6)  (3, 4)   (6, 1)  (1, 1)   (6, 3)   (1, 9)   (3, 4)   (5, 6)   (6, 4)   (0, 5)   (1, 2)  (5, 10)   (6, 9)  (3, 7)
job_3    (2, 7)   (1, 6)  (1, 2)   (4, 6)   (0, 4)   (4, 9)  (1, 5)   (1, 8)  (0, 3)   (5, 2)   (0, 3)   (4, 1)   (5, 8)   (5, 7)   (0, 4)   (2, 5)   (3, 5)   (3, 1)  (3, 1)
job_4    (3, 6)  (3, 10)  (1, 5)  (5, 10)  (5, 10)  (6, 10)  (2, 6)   (0, 2)  (4, 3)   (0, 4)   (6, 4)   (6, 7)   (5, 8)   (6, 4)  (3, 10)   (5, 4)   (4, 3)   (1, 6)  (2, 2)
job_5    (4, 5)   (6, 3)  (0, 7)   (4, 5)   (4, 9)  (3, 10)  (4, 7)   (2, 8)  (6, 4)  (5, 10)   (3, 7)   (2, 9)  (6, 10)   (1, 2)   (3, 5)  (4, 10)   (5, 5)   (5, 7)  (0, 6)
job_6   (4, 10)  (6, 10)  (5, 7)   (3, 2)   (5, 2)   (0, 8)  (4, 9)   (0, 1)  (6, 2)   (1, 4)   (0, 8)   (5, 1)   (5, 7)   (4, 3)   (4, 7)   (0, 1)   (0, 9)   (2, 7)  (4, 2)
job_7    (4, 1)   (3, 6)  (4, 1)   (0, 9)   (1, 7)   (0, 2)  (0, 1)   (5, 8)  (1, 3)   (6, 9)   (5, 6)  (2, 10)   (5, 2)   (0, 7)   (6, 7)   (1, 8)   (3, 6)   (0, 3)  (0, 4)
job_8    (0, 9)   (1, 6)  (2, 4)   (4, 1)   (6, 8)   (0, 5)  (2, 4)   (1, 2)  (0, 9)   (0, 2)   (6, 1)   (0, 8)   (1, 3)   (2, 1)   (1, 4)   (6, 8)   (4, 8)   (4, 4)  (5, 5)
job_9    (4, 7)  (6, 10)  (1, 8)   (3, 6)   (0, 9)   (0, 6)  (5, 7)   (1, 3)  (3, 7)   (0, 3)   (3, 7)   (0, 9)   (6, 5)  (2, 10)  (6, 10)   (1, 4)  (1, 10)  (1, 10)  (3, 9)
job_10   (1, 3)   (0, 2)  (0, 9)   (6, 2)  (0, 10)   (0, 1)  (5, 8)  (4, 10)  (5, 9)   (1, 7)   (6, 8)  (3, 10)   (2, 5)   (3, 2)   (4, 5)   (0, 8)   (5, 8)   (5, 8)  (1, 9)
job_11   (1, 8)   (0, 7)  (3, 7)   (5, 9)   (2, 4)   (6, 4)  (6, 7)   (5, 5)  (0, 9)   (6, 7)   (0, 8)   (2, 2)   (3, 2)   (6, 3)   (4, 8)   (5, 2)   (1, 3)   (1, 5)  (3, 8)
job_12   (4, 4)   (5, 4)  (6, 4)  (0, 10)  (6, 10)   (5, 7)  (6, 6)   (3, 3)  (0, 4)   (0, 2)   (2, 8)   (3, 8)  (1, 10)   (2, 4)   (0, 8)   (4, 3)   (0, 2)   (0, 2)  (3, 1)
job_13   (6, 1)   (4, 6)  (3, 8)   (3, 4)   (5, 3)   (4, 4)  (3, 1)  (3, 10)  (6, 5)  (6, 10)   (5, 4)   (6, 3)   (6, 5)   (0, 7)   (6, 8)   (0, 6)   (4, 6)   (0, 4)  (2, 6)
job_14   (3, 7)   (6, 7)  (4, 7)   (3, 1)   (6, 4)   (1, 6)  (3, 9)   (4, 4)  (2, 2)   (1, 9)   (3, 3)   (6, 9)   (1, 8)   (0, 7)   (1, 7)   (4, 5)   (1, 4)   (6, 5)  (1, 1)
job_15   (1, 3)   (1, 3)  (2, 5)   (2, 8)   (1, 6)   (1, 3)  (6, 4)   (1, 4)  (2, 1)  (0, 10)   (4, 6)   (5, 6)   (0, 8)  (6, 10)   (6, 8)   (5, 1)   (4, 5)   (0, 9)  (6, 7)


Solution:
Machine 0: job_8_task_0   job_10_task_1  job_10_task_2  job_5_task_2   job_10_task_4  job_9_task_4   job_9_task_5   job_11_task_1  job_10_task_5  job_0_task_4   job_2_task_1   job_7_task_3   job_12_task_3  job_0_task_6   job_9_task_9   job_7_task_5   job_7_task_6   job_15_task_9  job_9_task_11  job_6_task_5   job_3_task_4   job_8_task_5   job_1_task_6   job_4_task_7   job_11_task_8  job_8_task_8   job_6_task_7   job_4_task_9   job_12_task_8  job_12_task_9  job_15_task_12 job_6_task_10  job_8_task_9   job_11_task_10 job_3_task_8   job_7_task_13  job_3_task_10  job_10_task_15 job_8_task_11  job_13_task_13 job_2_task_14  job_0_task_14  job_14_task_13 job_1_task_12  job_13_task_15 job_1_task_13  job_0_task_16  job_6_task_15  job_6_task_16  job_3_task_14  job_12_task_14 job_15_task_17 job_13_task_17 job_7_task_17  job_12_task_16 job_7_task_18  job_12_task_17 job_5_task_18  
           [0,9]          [9,11]         [11,20]        [20,27]        [27,37]        [37,46]        [46,52]        [52,59]        [59,60]        [60,66]        [66,76]        [76,85]        [85,95]        [95,99]        [99,102]       [102,104]      [104,105]      [105,115]      [115,124]      [124,132]      [132,136]      [136,141]      [141,146]      [146,148]      [148,157]      [157,166]      [166,167]      [167,171]      [171,175]      [175,177]      [177,185]      [185,193]      [193,195]      [195,203]      [203,206]      [206,213]      [213,216]      [216,224]      [224,232]      [232,239]      [239,244]      [244,249]      [249,256]      [256,260]      [260,266]      [266,268]      [268,277]      [277,278]      [278,287]      [287,291]      [291,299]      [299,308]      [308,312]      [312,315]      [315,317]      [317,321]      [321,323]      [323,329]      
Machine 1: job_10_task_0  job_11_task_0  job_15_task_0  job_0_task_2   job_9_task_2   job_15_task_1  job_0_task_3   job_4_task_2   job_8_task_1   job_15_task_4  job_15_task_5  job_3_task_1   job_3_task_2   job_9_task_7   job_0_task_5   job_15_task_7  job_7_task_4   job_14_task_5  job_0_task_7   job_0_task_8   job_10_task_9  job_7_task_8   job_14_task_9  job_2_task_8   job_8_task_7   job_3_task_6   job_2_task_10  job_3_task_7   job_6_task_9   job_1_task_9   job_14_task_12 job_12_task_12 job_5_task_13  job_9_task_15  job_9_task_16  job_8_task_12  job_9_task_17  job_8_task_14  job_2_task_15  job_14_task_14 job_1_task_14  job_7_task_15  job_11_task_16 job_11_task_17 job_14_task_16 job_10_task_18 job_4_task_17  job_0_task_18  job_1_task_17  job_14_task_18 
           [0,3]          [3,11]         [11,14]        [14,19]        [19,27]        [27,30]        [30,33]        [33,38]        [38,44]        [44,50]        [50,53]        [53,59]        [59,61]        [65,68]        [68,76]        [76,80]        [85,92]        [92,98]        [99,104]       [104,111]      [111,118]      [118,121]      [121,130]      [143,144]      [145,147]      [150,155]      [155,164]      [164,172]      [172,176]      [176,179]      [189,197]      [197,207]      [207,209]      [219,223]      [223,233]      [233,236]      [236,246]      [246,250]      [250,252]      [256,263]      [268,269]      [269,277]      [277,280]      [280,285]      [285,289]      [289,298]      [298,304]      [304,312]      [312,313]      [313,314]      
Machine 2: job_3_task_0   job_15_task_2  job_15_task_3  job_8_task_2   job_5_task_7   job_1_task_3   job_4_task_6   job_11_task_4  job_15_task_8  job_14_task_8  job_8_task_6   job_5_task_11  job_0_task_11  job_7_task_11  job_9_task_13  job_12_task_10 job_10_task_12 job_11_task_11 job_12_task_13 job_8_task_13  job_6_task_17  job_3_task_15  job_4_task_18  job_13_task_18 job_1_task_18  
           [0,7]          [30,35]        [35,43]        [44,48]        [67,75]        [75,77]        [77,83]        [83,87]        [87,88]        [111,113]      [141,145]      [145,154]      [154,156]      [156,166]      [167,177]      [177,185]      [185,190]      [203,205]      [207,211]      [236,237]      [287,294]      [294,299]      [304,306]      [312,318]      [318,320]      
Machine 3: job_4_task_0   job_4_task_1   job_14_task_0  job_7_task_1   job_9_task_3   job_13_task_2  job_5_task_5   job_13_task_3  job_1_task_1   job_11_task_2  job_14_task_3  job_9_task_8   job_6_task_3   job_2_task_4   job_14_task_6  job_13_task_6  job_9_task_10  job_13_task_7  job_1_task_5   job_2_task_6   job_5_task_10  job_0_task_10  job_1_task_7   job_12_task_7  job_10_task_11 job_14_task_10 job_2_task_11  job_0_task_13  job_12_task_11 job_10_task_13 job_11_task_12 job_5_task_14  job_9_task_18  job_4_task_14  job_7_task_16  job_11_task_18 job_2_task_18  job_3_task_16  job_3_task_17  job_3_task_18  job_12_task_18 
           [0,6]          [6,16]         [16,23]        [23,29]        [29,35]        [35,43]        [43,53]        [53,57]        [57,59]        [59,66]        [66,67]        [68,75]        [92,94]        [95,97]        [98,107]       [107,108]      [108,115]      [115,125]      [125,134]      [134,138]      [138,145]      [145,151]      [151,155]      [155,158]      [158,168]      [168,171]      [171,175]      [175,184]      [185,193]      [193,195]      [205,207]      [209,214]      [246,255]      [262,272]      [277,283]      [285,293]      [293,300]      [300,305]      [305,306]      [306,307]      [323,324]      
Machine 4: job_9_task_0   job_5_task_0   job_2_task_0   job_7_task_0   job_12_task_0  job_13_task_1  job_5_task_3   job_5_task_4   job_6_task_0   job_7_task_2   job_14_task_2  job_5_task_6   job_1_task_2   job_8_task_3   job_3_task_3   job_10_task_7  job_2_task_3   job_13_task_5  job_2_task_5   job_14_task_7  job_0_task_9   job_15_task_10 job_6_task_6   job_3_task_5   job_4_task_8   job_0_task_12  job_1_task_11  job_10_task_14 job_6_task_13  job_6_task_14  job_5_task_15  job_3_task_11  job_15_task_16 job_11_task_14 job_13_task_16 job_14_task_15 job_8_task_16  job_4_task_16  job_8_task_17  job_6_task_18  job_12_task_15 
           [0,7]          [7,12]         [12,17]        [17,18]        [18,22]        [22,28]        [28,33]        [33,42]        [42,52]        [52,53]        [53,60]        [60,67]        [67,70]        [70,71]        [71,77]        [77,87]        [87,95]        [95,99]        [99,105]       [107,111]      [111,121]      [121,127]      [132,141]      [141,150]      [150,153]      [156,166]      [191,197]      [197,202]      [202,205]      [205,212]      [214,224]      [224,225]      [248,253]      [258,266]      [266,272]      [272,277]      [277,285]      [285,288]      [288,292]      [294,296]      [299,302]      
Machine 5: job_0_task_0   job_1_task_0   job_12_task_1  job_4_task_3   job_4_task_4   job_9_task_6   job_10_task_6  job_11_task_3  job_13_task_4  job_6_task_2   job_10_task_8  job_1_task_4   job_7_task_7   job_6_task_4   job_5_task_9   job_12_task_5  job_11_task_7  job_15_task_11 job_7_task_10  job_1_task_8   job_13_task_10 job_7_task_12  job_2_task_12  job_1_task_10  job_6_task_11  job_6_task_12  job_3_task_9   job_4_task_12  job_10_task_16 job_3_task_12  job_3_task_13  job_15_task_15 job_5_task_16  job_0_task_15  job_2_task_16  job_11_task_15 job_10_task_17 job_4_task_15  job_5_task_17  job_1_task_16  job_0_task_17  job_8_task_18  
           [0,5]          [5,7]          [22,26]        [38,48]        [48,58]        [58,65]        [65,73]        [73,82]        [82,85]        [85,92]        [92,101]       [101,106]      [106,114]      [114,116]      [116,126]      [126,133]      [133,138]      [138,144]      [144,150]      [155,164]      [164,168]      [168,170]      [175,181]      [181,191]      [193,194]      [194,201]      [206,208]      [209,217]      [224,232]      [232,240]      [240,247]      [247,248]      [248,253]      [253,258]      [258,268]      [268,270]      [270,278]      [278,282]      [282,289]      [289,299]      [299,303]      [303,308]      
Machine 6: job_13_task_0  job_0_task_1   job_9_task_1   job_5_task_1   job_10_task_3  job_14_task_1  job_12_task_2  job_6_task_1   job_15_task_6  job_4_task_5   job_2_task_2   job_14_task_4  job_5_task_8   job_11_task_5  job_12_task_4  job_8_task_4   job_11_task_6  job_10_task_10 job_13_task_8  job_7_task_9   job_2_task_7   job_12_task_6  job_2_task_9   job_13_task_9  job_9_task_12  job_6_task_8   job_11_task_9  job_4_task_10  job_14_task_11 job_13_task_11 job_5_task_12  job_4_task_11  job_9_task_14  job_8_task_10  job_13_task_12 job_15_task_13 job_2_task_13  job_15_task_14 job_13_task_14 job_11_task_13 job_4_task_13  job_7_task_14  job_8_task_15  job_1_task_15  job_2_task_17  job_14_task_17 job_15_task_18 
           [0,1]          [5,6]          [7,17]         [17,20]        [20,22]        [23,30]        [30,34]        [52,62]        [62,66]        [66,76]        [76,83]        [83,87]        [87,91]        [91,95]        [95,105]       [105,113]      [113,120]      [120,128]      [128,133]      [133,142]      [142,143]      [143,149]      [149,152]      [152,162]      [162,167]      [167,169]      [169,176]      [176,180]      [180,189]      [189,192]      [192,202]      [202,209]      [209,219]      [219,220]      [220,225]      [225,235]      [235,239]      [239,247]      [247,255]      [255,258]      [258,262]      [262,269]      [269,277]      [277,282]      [282,291]      [291,296]      [308,315]      
Optimal Schedule Length: 329.0
Total (Unoptimized Schedule Length): 1707
Statistics
  - conflicts: 0
  - branches : 59
  - wall time: 0.175317369s