
Problem
        task_0   task_1   task_2   task_3   task_4  task_5  task_6   task_7  task_8   task_9 task_10  task_11  task_12  task_13 task_14  task_15  task_16
job_0   (1, 3)   (0, 3)   (2, 5)   (0, 8)   (2, 9)  (1, 4)  (2, 1)   (1, 7)  (0, 7)   (0, 1)  (2, 3)   (2, 5)   (2, 8)   (0, 5)  (1, 9)   (2, 7)   (2, 4)
job_1   (1, 3)   (1, 3)   (1, 4)   (2, 7)   (1, 2)  (1, 9)  (2, 6)   (0, 8)  (0, 4)   (0, 1)  (0, 8)  (1, 10)   (1, 3)   (1, 5)  (0, 6)   (2, 8)   (0, 9)
job_2   (2, 7)   (0, 7)   (1, 6)   (0, 6)   (2, 7)  (2, 3)  (0, 2)   (0, 7)  (0, 7)   (1, 7)  (2, 3)   (1, 7)   (1, 2)   (0, 7)  (0, 4)   (0, 5)   (0, 5)
job_3   (1, 6)   (0, 3)   (0, 3)  (0, 10)  (2, 10)  (0, 2)  (2, 2)   (1, 9)  (1, 2)   (2, 1)  (0, 9)   (1, 5)   (1, 1)   (1, 8)  (0, 7)   (1, 4)   (1, 7)
job_4   (1, 3)   (1, 1)   (2, 5)   (2, 7)   (0, 9)  (2, 8)  (2, 8)   (2, 6)  (1, 5)   (1, 9)  (1, 5)   (1, 8)  (0, 10)   (1, 8)  (2, 1)   (2, 8)  (1, 10)
job_5   (2, 7)   (0, 9)   (0, 5)   (0, 8)   (2, 5)  (0, 4)  (2, 8)   (0, 1)  (2, 4)   (1, 3)  (1, 8)   (1, 6)   (1, 4)   (1, 4)  (1, 8)   (1, 2)   (2, 8)
job_6   (0, 5)  (1, 10)   (1, 8)   (0, 8)   (0, 4)  (2, 4)  (2, 7)   (2, 2)  (0, 8)   (0, 3)  (0, 9)   (0, 6)   (0, 6)   (1, 9)  (1, 1)   (2, 6)  (1, 10)
job_7   (1, 6)   (2, 2)   (2, 5)   (0, 5)   (1, 5)  (2, 4)  (2, 3)   (1, 5)  (2, 3)  (0, 10)  (1, 6)   (2, 1)   (2, 2)   (2, 6)  (1, 1)   (0, 1)   (0, 4)
job_8   (2, 2)   (1, 9)   (0, 7)  (2, 10)   (2, 1)  (1, 1)  (1, 5)  (2, 10)  (0, 1)  (1, 10)  (2, 8)  (1, 10)   (2, 2)   (0, 1)  (2, 6)   (2, 9)   (0, 7)
job_9   (0, 3)   (1, 1)   (0, 5)   (1, 3)   (1, 1)  (2, 8)  (1, 1)   (0, 3)  (2, 5)   (0, 1)  (1, 4)   (0, 6)   (2, 7)   (2, 8)  (0, 2)  (2, 10)   (2, 5)
job_10  (0, 8)   (2, 5)   (0, 3)   (0, 3)   (2, 3)  (1, 4)  (0, 3)  (0, 10)  (1, 9)   (0, 6)  (1, 8)   (0, 3)   (1, 2)  (2, 10)  (0, 9)   (0, 9)   (1, 1)
job_11  (0, 3)   (0, 5)  (1, 10)  (1, 10)   (2, 1)  (2, 7)  (1, 6)   (2, 6)  (0, 1)   (1, 1)  (1, 4)   (1, 5)   (1, 8)   (2, 4)  (1, 9)   (1, 4)   (2, 1)


Solution:
Machine 0: job_6_task_0   job_10_task_0  job_8_task_2   job_5_task_1   job_4_task_4   job_11_task_0  job_10_task_2  job_0_task_1   job_10_task_3  job_3_task_1   job_6_task_3   job_11_task_1  job_3_task_2   job_5_task_2   job_0_task_3   job_3_task_3   job_6_task_4   job_2_task_1   job_9_task_0   job_5_task_3   job_2_task_3   job_10_task_6  job_9_task_2   job_10_task_7  job_5_task_5   job_6_task_8   job_7_task_3   job_2_task_6   job_3_task_5   job_8_task_8   job_1_task_7   job_1_task_8   job_2_task_7   job_9_task_7   job_1_task_9   job_6_task_9   job_1_task_10  job_10_task_9  job_5_task_7   job_2_task_8   job_6_task_10  job_9_task_9   job_0_task_8   job_0_task_9   job_3_task_10  job_6_task_11  job_9_task_11  job_11_task_8  job_4_task_12  job_10_task_11 job_6_task_12  job_7_task_9   job_0_task_13  job_8_task_13  job_10_task_14 job_1_task_14  job_9_task_14  job_10_task_15 job_1_task_16  job_3_task_14  job_8_task_16  job_2_task_13  job_2_task_14  job_2_task_15  job_2_task_16  job_7_task_15  job_7_task_16  
           [0,5]          [5,13]         [13,20]        [20,29]        [29,38]        [38,41]        [41,44]        [44,47]        [47,50]        [50,53]        [53,61]        [61,66]        [66,69]        [69,74]        [74,82]        [82,92]        [92,96]        [96,103]       [103,106]      [106,114]      [114,120]      [120,123]      [123,128]      [128,138]      [138,142]      [142,150]      [150,155]      [155,157]      [157,159]      [159,160]      [160,168]      [168,172]      [172,179]      [179,182]      [182,183]      [183,186]      [186,194]      [194,200]      [200,201]      [201,208]      [208,217]      [217,218]      [218,225]      [225,226]      [226,235]      [235,241]      [241,247]      [247,248]      [248,258]      [258,261]      [261,267]      [267,277]      [277,282]      [282,283]      [283,292]      [292,298]      [298,300]      [300,309]      [309,318]      [318,325]      [325,332]      [332,339]      [339,343]      [343,348]      [348,353]      [392,393]      [393,397]      
Machine 1: job_4_task_0   job_4_task_1   job_8_task_1   job_6_task_1   job_1_task_0   job_1_task_1   job_6_task_2   job_1_task_2   job_0_task_0   job_3_task_0   job_1_task_4   job_1_task_5   job_7_task_0   job_11_task_2  job_8_task_5   job_8_task_6   job_10_task_5  job_11_task_3  job_4_task_8   job_0_task_5   job_9_task_1   job_2_task_2   job_4_task_9   job_4_task_10  job_4_task_11  job_9_task_3   job_9_task_4   job_10_task_8  job_0_task_7   job_9_task_6   job_7_task_4   job_8_task_9   job_11_task_6  job_3_task_7   job_3_task_8   job_8_task_11  job_7_task_7   job_1_task_11  job_5_task_9   job_10_task_10 job_9_task_10  job_2_task_9   job_5_task_10  job_3_task_11  job_11_task_9  job_11_task_10 job_5_task_11  job_1_task_12  job_10_task_12 job_11_task_11 job_2_task_11  job_1_task_13  job_3_task_12  job_4_task_13  job_5_task_12  job_3_task_13  job_11_task_12 job_6_task_13  job_2_task_12  job_5_task_13  job_7_task_10  job_0_task_14  job_5_task_14  job_6_task_14  job_11_task_14 job_3_task_15  job_5_task_15  job_4_task_16  job_6_task_16  job_3_task_16  job_7_task_14  job_11_task_15 job_10_task_16 
           [0,3]          [3,4]          [4,13]         [13,23]        [23,26]        [26,29]        [29,37]        [37,41]        [41,44]        [44,50]        [50,52]        [52,61]        [61,67]        [67,77]        [77,78]        [78,83]        [83,87]        [87,97]        [97,102]       [102,106]      [106,107]      [107,113]      [113,122]      [122,127]      [127,135]      [135,138]      [138,139]      [139,148]      [148,155]      [155,156]      [156,161]      [161,171]      [171,177]      [177,186]      [186,188]      [188,198]      [198,203]      [203,213]      [213,216]      [216,224]      [224,228]      [228,235]      [235,243]      [243,248]      [248,249]      [249,253]      [253,259]      [259,262]      [262,264]      [264,269]      [269,276]      [276,281]      [281,282]      [282,290]      [290,294]      [294,302]      [302,310]      [310,319]      [319,321]      [321,325]      [325,331]      [331,340]      [340,348]      [348,349]      [349,358]      [358,362]      [362,364]      [364,374]      [374,384]      [384,391]      [391,392]      [392,396]      [396,397]      
Machine 2: job_8_task_0   job_5_task_0   job_4_task_2   job_4_task_3   job_2_task_0   job_10_task_1  job_8_task_3   job_1_task_3   job_4_task_5   job_0_task_2   job_4_task_6   job_8_task_4   job_4_task_7   job_10_task_4  job_7_task_1   job_0_task_4   job_8_task_7   job_6_task_5   job_6_task_6   job_3_task_4   job_2_task_4   job_5_task_4   job_7_task_2   job_6_task_7   job_0_task_6   job_9_task_5   job_2_task_5   job_1_task_6   job_11_task_4  job_11_task_5  job_7_task_5   job_3_task_6   job_8_task_10  job_9_task_8   job_5_task_6   job_7_task_6   job_11_task_7  job_5_task_8   job_3_task_9   job_7_task_8   job_8_task_12  job_0_task_10  job_0_task_11  job_0_task_12  job_2_task_10  job_9_task_12  job_9_task_13  job_10_task_13 job_8_task_14  job_8_task_15  job_1_task_15  job_4_task_14  job_4_task_15  job_9_task_15  job_11_task_13 job_9_task_16  job_7_task_11  job_7_task_12  job_7_task_13  job_0_task_15  job_0_task_16  job_6_task_15  job_5_task_16  job_11_task_16 
           [0,2]          [2,9]          [9,14]         [14,21]        [21,28]        [28,33]        [33,43]        [43,50]        [50,58]        [58,63]        [63,71]        [71,72]        [72,78]        [78,81]        [81,83]        [83,92]        [92,102]       [102,106]      [106,113]      [113,123]      [123,130]      [130,135]      [135,140]      [140,142]      [142,143]      [143,151]      [151,154]      [154,160]      [160,161]      [161,168]      [168,172]      [172,174]      [174,182]      [182,187]      [187,195]      [195,198]      [198,204]      [204,208]      [208,209]      [209,212]      [212,214]      [226,229]      [229,234]      [234,242]      [242,245]      [247,254]      [254,262]      [264,274]      [283,289]      [289,298]      [298,306]      [306,307]      [307,315]      [315,325]      [325,329]      [329,334]      [334,335]      [335,337]      [337,343]      [343,350]      [350,354]      [354,360]      [364,372]      [396,397]      
Optimal Schedule Length: 397.0
Total (Unoptimized Schedule Length): 1099
Statistics
  - conflicts: 0
  - branches : 87
  - wall time: 0.31172515s