
Problem
         task_0   task_1    task_2    task_3   task_4    task_5   task_6    task_7   task_8   task_9  task_10  task_11   task_12  task_13  task_14  task_15   task_16   task_17   task_18  task_19
job_0   (10, 7)  (17, 8)    (6, 8)    (5, 3)  (17, 7)   (11, 3)   (6, 8)    (1, 5)   (3, 7)   (0, 3)  (11, 3)  (15, 6)   (17, 1)  (16, 6)   (2, 7)   (0, 8)   (10, 2)   (16, 7)    (4, 5)  (10, 5)
job_1    (0, 7)  (15, 9)    (7, 9)   (13, 5)   (4, 3)    (6, 5)  (15, 4)   (17, 4)   (0, 8)   (9, 4)  (10, 7)   (6, 1)    (2, 3)  (2, 10)  (13, 7)   (8, 3)   (1, 10)   (11, 5)   (18, 6)   (9, 2)
job_2   (10, 3)  (14, 2)    (6, 9)    (1, 3)  (13, 3)    (8, 2)  (8, 10)   (12, 4)   (9, 6)  (16, 6)   (2, 5)   (3, 3)  (16, 10)   (3, 1)  (14, 7)  (18, 8)  (13, 10)   (12, 6)   (16, 6)   (1, 1)
job_3   (17, 5)  (12, 2)    (5, 6)   (10, 4)  (10, 9)    (8, 5)   (6, 9)   (14, 5)  (12, 7)  (3, 10)   (4, 2)   (9, 1)   (16, 9)   (7, 4)   (5, 8)  (15, 9)    (4, 6)    (3, 5)   (12, 3)  (18, 8)
job_4    (5, 3)  (15, 7)   (16, 7)   (11, 2)  (14, 7)   (16, 9)   (8, 2)    (4, 2)   (1, 2)  (12, 6)   (4, 1)  (17, 7)    (5, 2)  (17, 3)  (12, 9)  (3, 10)   (13, 8)    (0, 2)   (12, 8)   (7, 3)
job_5    (0, 9)   (2, 9)   (11, 4)   (12, 9)  (15, 7)  (13, 10)  (17, 6)    (5, 3)   (9, 6)   (2, 2)  (13, 2)   (4, 5)    (6, 2)   (6, 2)  (2, 10)   (2, 8)    (8, 6)   (17, 7)    (0, 5)  (17, 7)
job_6   (16, 4)  (11, 4)  (16, 10)   (16, 3)  (13, 6)    (8, 9)   (6, 9)   (15, 6)   (7, 2)  (15, 1)   (7, 5)   (0, 3)   (15, 8)   (7, 5)  (12, 9)  (14, 4)    (1, 9)    (8, 3)    (6, 7)   (5, 1)
job_7    (6, 7)  (18, 2)    (5, 8)    (4, 5)  (17, 7)   (18, 7)   (5, 8)   (11, 7)  (13, 8)  (15, 8)  (13, 7)   (7, 5)   (15, 1)  (12, 4)  (14, 9)  (18, 9)   (3, 10)  (14, 10)    (4, 5)  (17, 4)
job_8    (2, 5)  (9, 10)   (17, 5)    (4, 3)  (1, 10)    (5, 2)  (15, 9)  (12, 10)  (18, 5)  (18, 4)  (14, 5)   (9, 7)   (11, 7)   (2, 7)  (13, 7)  (17, 8)    (7, 9)   (15, 6)   (12, 8)   (9, 9)
job_9   (15, 6)   (7, 8)    (4, 6)   (16, 1)   (2, 7)    (4, 7)   (1, 6)    (4, 1)   (2, 4)   (0, 6)  (16, 9)  (18, 9)  (17, 10)   (5, 7)   (9, 7)   (3, 4)    (1, 4)   (16, 7)   (18, 8)  (18, 3)
job_10   (3, 8)  (17, 7)    (3, 9)    (1, 2)   (7, 1)    (7, 5)  (15, 6)    (4, 9)   (3, 9)   (9, 7)  (15, 5)   (5, 8)   (17, 7)   (1, 6)  (11, 8)  (15, 2)   (13, 3)   (17, 8)   (17, 6)   (7, 4)
job_11   (5, 9)   (0, 8)   (18, 2)  (18, 10)  (0, 10)    (8, 1)   (0, 5)    (8, 7)   (6, 5)  (13, 7)   (2, 2)   (8, 9)   (17, 4)   (4, 8)  (14, 3)  (17, 4)    (4, 5)   (10, 4)  (13, 10)   (1, 4)
job_12   (0, 5)   (9, 2)   (8, 10)    (9, 2)  (6, 10)   (11, 4)   (3, 8)    (1, 6)  (14, 2)   (2, 8)  (17, 3)  (14, 1)   (11, 4)   (8, 5)   (7, 2)   (0, 2)   (15, 3)    (8, 6)   (10, 8)   (0, 8)
job_13  (10, 2)  (15, 4)   (13, 2)    (1, 5)  (14, 1)    (0, 3)  (16, 4)    (6, 7)   (7, 1)  (11, 3)  (15, 7)  (15, 1)    (7, 8)  (17, 4)  (14, 1)   (5, 1)   (11, 4)   (13, 3)    (9, 5)  (18, 7)


Solution:
Machine 0: job_5_task_0   job_12_task_0  job_1_task_0   job_13_task_5  job_11_task_1  job_11_task_4  job_9_task_9   job_11_task_6  job_1_task_8   job_6_task_11  job_0_task_9   job_12_task_15 job_0_task_15  job_5_task_18  job_4_task_17  job_12_task_19 
           [0,9]          [9,14]         [14,21]        [26,29]        [30,38]        [54,64]        [64,70]        [70,75]        [75,83]        [91,94]        [97,100]       [103,105]      [126,134]      [134,139]      [139,141]      [148,156]      
Machine 1: job_13_task_3  job_2_task_3   job_8_task_4   job_10_task_3  job_9_task_6   job_12_task_7  job_4_task_8   job_0_task_7   job_10_task_13 job_9_task_16  job_6_task_16  job_1_task_16  job_11_task_19 job_2_task_19  
           [18,23]        [23,26]        [26,36]        [37,39]        [51,57]        [57,63]        [63,65]        [84,89]        [105,111]      [116,120]      [124,133]      [133,143]      [150,154]      [154,155]      
Machine 2: job_8_task_0   job_5_task_1   job_9_task_4   job_9_task_8   job_5_task_9   job_2_task_10  job_12_task_9  job_5_task_14  job_8_task_13  job_11_task_10 job_1_task_12  job_5_task_15  job_1_task_13  job_0_task_14  
           [0,5]          [9,18]         [37,44]        [58,62]        [63,65]        [65,70]        [70,78]        [78,88]        [88,95]        [96,98]        [98,101]       [101,109]      [109,119]      [119,126]      
Machine 3: job_10_task_0  job_10_task_2  job_12_task_6  job_10_task_8  job_2_task_11  job_3_task_9   job_2_task_13  job_0_task_8   job_4_task_15  job_9_task_15  job_7_task_16  job_3_task_17  
           [0,8]          [27,36]        [43,51]        [67,76]        [76,79]        [79,89]        [89,90]        [90,97]        [97,107]       [112,116]      [119,129]      [129,134]      
Machine 4: job_8_task_3   job_7_task_3   job_9_task_2   job_9_task_5   job_4_task_7   job_1_task_4   job_9_task_7   job_10_task_7  job_5_task_11  job_4_task_10  job_3_task_10  job_11_task_13 job_3_task_16  job_11_task_16 job_7_task_18  job_0_task_18  
           [20,23]        [23,28]        [30,36]        [44,51]        [51,53]        [53,56]        [57,58]        [58,67]        [67,72]        [72,73]        [89,91]        [111,119]      [123,129]      [131,136]      [140,145]      [145,150]      
Machine 5: job_4_task_0   job_3_task_2   job_7_task_2   job_11_task_0  job_0_task_3   job_8_task_5   job_7_task_6   job_5_task_7   job_13_task_15 job_4_task_12  job_10_task_11 job_9_task_13  job_3_task_14  job_6_task_19  
           [0,3]          [7,13]         [13,21]        [21,30]        [31,34]        [36,38]        [42,50]        [54,57]        [74,75]        [80,82]        [90,98]        [98,105]       [106,114]      [155,156]      
Machine 6: job_7_task_0   job_2_task_2   job_0_task_2   job_12_task_4  job_13_task_7  job_3_task_6   job_1_task_5   job_6_task_6   job_5_task_12  job_5_task_13  job_0_task_6   job_11_task_8  job_1_task_11  job_6_task_18  
           [0,7]          [12,21]        [21,29]        [29,39]        [39,46]        [46,55]        [56,61]        [63,72]        [72,74]        [74,76]        [76,84]        [84,89]        [96,97]        [148,155]      
Machine 7: job_9_task_1   job_1_task_2   job_10_task_4  job_10_task_5  job_13_task_8  job_13_task_12 job_6_task_8   job_6_task_10  job_7_task_11  job_12_task_14 job_3_task_13  job_6_task_13  job_8_task_16  job_10_task_19 job_4_task_19  
           [22,30]        [31,40]        [40,41]        [41,46]        [46,47]        [61,69]        [81,83]        [84,89]        [89,94]        [99,101]       [102,106]      [106,111]      [122,131]      [148,152]      [153,156]      
Machine 8: job_12_task_2  job_2_task_5   job_2_task_6   job_3_task_5   job_4_task_6   job_6_task_5   job_11_task_5  job_11_task_7  job_12_task_13 job_11_task_11 job_5_task_16  job_1_task_15  job_12_task_17 job_6_task_17  
           [17,27]        [29,31]        [31,41]        [41,46]        [48,50]        [54,63]        [66,67]        [75,82]        [93,98]        [98,107]       [109,115]      [126,129]      [129,135]      [145,148]      
Machine 9: job_8_task_1   job_12_task_1  job_12_task_3  job_2_task_8   job_5_task_8   job_8_task_11  job_10_task_9  job_1_task_9   job_3_task_11  job_13_task_18 job_9_task_14  job_8_task_19  job_1_task_19  
           [5,15]         [15,17]        [27,29]        [45,51]        [57,63]        [71,78]        [78,85]        [85,89]        [92,93]        [99,104]       [105,112]      [145,154]      [154,156]      
Machine 10: job_0_task_0   job_2_task_0   job_13_task_0  job_3_task_3   job_3_task_4   job_1_task_10  job_0_task_16  job_11_task_17 job_12_task_18 job_0_task_19  
           [0,7]          [7,10]         [10,12]        [13,17]        [17,26]        [89,96]        [134,136]      [136,140]      [140,148]      [150,155]      
Machine 11: job_6_task_1   job_5_task_2   job_4_task_3   job_12_task_5  job_0_task_5   job_13_task_9  job_7_task_7   job_8_task_12  job_13_task_16 job_12_task_12 job_0_task_10  job_10_task_14 job_1_task_17  
           [4,8]          [18,22]        [30,32]        [39,43]        [43,46]        [47,50]        [50,57]        [78,85]        [85,89]        [89,93]        [100,103]      [111,119]      [143,148]      
Machine 12: job_3_task_1   job_5_task_3   job_2_task_7   job_8_task_7   job_4_task_9   job_3_task_8   job_4_task_14  job_7_task_13  job_6_task_14  job_2_task_17  job_3_task_18  job_8_task_18  job_4_task_18  
           [5,7]          [22,31]        [41,45]        [47,57]        [65,71]        [71,78]        [86,95]        [95,99]        [111,120]      [120,126]      [134,137]      [137,145]      [145,153]      
Machine 13: job_13_task_2  job_2_task_4   job_6_task_4   job_5_task_5   job_1_task_3   job_7_task_8   job_5_task_10  job_7_task_10  job_11_task_9  job_13_task_17 job_8_task_14  job_2_task_16  job_1_task_14  job_10_task_16 job_4_task_16  job_11_task_18 
           [16,18]        [26,29]        [29,35]        [38,48]        [48,53]        [57,65]        [65,67]        [75,82]        [89,96]        [96,99]        [99,106]       [108,118]      [119,126]      [126,129]      [129,137]      [140,150]      
Machine 14: job_2_task_1   job_13_task_4  job_4_task_4   job_3_task_7   job_12_task_8  job_8_task_10  job_13_task_14 job_12_task_11 job_2_task_14  job_7_task_14  job_6_task_15  job_11_task_14 job_7_task_17  
           [10,12]        [25,26]        [32,39]        [55,60]        [63,65]        [66,71]        [73,74]        [86,87]        [90,97]        [99,108]       [120,124]      [124,127]      [129,139]      
Machine 15: job_4_task_1   job_13_task_1  job_9_task_0   job_1_task_1   job_5_task_4   job_8_task_6   job_10_task_6  job_13_task_10 job_13_task_11 job_1_task_6   job_7_task_9   job_6_task_7   job_6_task_9   job_10_task_10 job_7_task_12  job_6_task_12  job_0_task_11  job_12_task_16 job_3_task_15  job_10_task_15 job_8_task_17  
           [3,10]         [12,16]        [16,22]        [22,31]        [31,38]        [38,47]        [47,53]        [53,60]        [60,61]        [61,65]        [67,75]        [75,81]        [83,84]        [85,90]        [94,95]        [95,103]       [103,109]      [109,112]      [114,123]      [123,125]      [131,137]      
Machine 16: job_6_task_0   job_6_task_2   job_6_task_3   job_4_task_2   job_13_task_6  job_9_task_3   job_4_task_5   job_2_task_9   job_9_task_10  job_2_task_12  job_3_task_12  job_0_task_13  job_9_task_17  job_0_task_17  job_2_task_18  
           [0,4]          [8,18]         [19,22]        [23,30]        [30,34]        [36,37]        [39,48]        [51,57]        [70,79]        [79,89]        [93,102]       [113,119]      [120,127]      [136,143]      [146,152]      
Machine 17: job_3_task_0   job_0_task_1   job_8_task_2   job_10_task_1  job_7_task_4   job_0_task_4   job_5_task_6   job_1_task_7   job_13_task_13 job_4_task_11  job_12_task_10 job_4_task_13  job_9_task_12  job_10_task_12 job_11_task_12 job_0_task_12  job_8_task_15  job_5_task_17  job_11_task_15 job_10_task_17 job_10_task_18 job_5_task_19  job_7_task_19  
           [0,5]          [7,15]         [15,20]        [20,27]        [28,35]        [35,42]        [48,54]        [65,69]        [69,73]        [73,80]        [80,83]        [83,86]        [88,98]        [98,105]       [107,111]      [111,112]      [112,120]      [120,127]      [127,131]      [131,139]      [139,145]      [145,152]      [152,156]      
Machine 18: job_7_task_1   job_7_task_5   job_11_task_2  job_11_task_3  job_8_task_8   job_8_task_9   job_9_task_11  job_2_task_15  job_7_task_15  job_13_task_19 job_9_task_18  job_9_task_19  job_3_task_19  job_1_task_18  
           [7,9]          [35,42]        [42,44]        [44,54]        [57,62]        [62,66]        [79,88]        [100,108]      [110,119]      [119,126]      [128,136]      [136,139]      [139,147]      [148,154]      
Optimal Schedule Length: 156.0
Total (Unoptimized Schedule Length): 1566
Statistics
  - conflicts: 0
  - branches : 0
  - wall time: 25.27859971s