
Problem
         task_0   task_1   task_2   task_3   task_4   task_5   task_6   task_7  task_8   task_9  task_10  task_11  task_12 task_13  task_14  task_15  task_16  task_17  task_18
job_0    (0, 7)   (1, 2)  (1, 10)   (3, 6)   (0, 7)  (0, 10)   (3, 2)   (2, 1)  (1, 5)   (0, 5)   (2, 9)   (0, 5)  (1, 10)  (3, 7)   (2, 2)   (3, 1)   (1, 2)   (1, 6)   (1, 1)
job_1   (1, 10)   (3, 2)   (2, 7)   (3, 3)   (3, 4)   (0, 7)  (3, 10)   (2, 7)  (2, 4)   (2, 4)   (0, 7)   (2, 6)   (0, 5)  (2, 4)   (0, 7)   (2, 6)   (1, 8)  (0, 10)   (3, 5)
job_2    (1, 7)  (3, 10)   (2, 9)  (1, 10)   (0, 6)   (0, 7)   (3, 4)   (0, 4)  (0, 5)   (1, 5)   (0, 6)   (0, 4)  (2, 10)  (0, 6)   (2, 5)   (2, 8)   (2, 8)   (0, 9)   (3, 7)
job_3   (1, 10)   (2, 6)   (3, 2)  (3, 10)   (2, 8)   (3, 7)   (0, 8)   (2, 5)  (3, 5)   (0, 3)   (3, 2)  (2, 10)   (1, 8)  (3, 6)   (3, 2)   (1, 8)   (2, 3)   (3, 8)   (2, 4)
job_4   (0, 10)   (2, 4)   (2, 3)   (2, 3)   (2, 5)   (3, 3)   (2, 1)  (1, 10)  (1, 5)  (1, 10)   (3, 7)   (2, 7)  (0, 10)  (2, 5)   (0, 2)   (3, 2)   (3, 5)   (0, 6)   (3, 5)
job_5    (2, 7)   (3, 6)   (3, 6)   (0, 6)   (2, 4)   (3, 8)   (1, 8)   (3, 5)  (3, 6)   (0, 4)   (1, 1)   (2, 1)   (0, 2)  (1, 5)   (0, 1)   (3, 8)   (3, 9)  (1, 10)   (0, 7)
job_6    (2, 1)   (1, 1)  (1, 10)   (3, 3)   (2, 3)   (0, 7)   (1, 4)   (1, 3)  (1, 6)   (2, 5)   (2, 2)   (3, 6)   (2, 1)  (3, 1)   (0, 1)   (1, 7)   (3, 6)   (3, 2)  (3, 10)
job_7    (0, 3)  (3, 10)   (0, 9)   (0, 5)  (1, 10)   (2, 3)   (1, 9)   (3, 9)  (2, 3)   (3, 3)  (3, 10)  (0, 10)   (1, 9)  (2, 8)   (3, 1)   (0, 1)   (1, 6)   (3, 8)   (0, 7)
job_8    (3, 1)   (3, 4)   (0, 4)   (0, 7)   (1, 5)   (2, 4)   (1, 8)   (1, 6)  (1, 9)   (2, 8)   (1, 8)   (3, 1)   (3, 4)  (1, 8)   (1, 2)  (2, 10)   (2, 5)   (0, 6)   (3, 8)
job_9    (0, 1)   (2, 7)   (0, 8)   (2, 6)   (0, 4)   (0, 6)   (3, 7)   (2, 4)  (3, 5)   (3, 7)   (3, 8)   (2, 7)   (3, 8)  (1, 8)   (2, 7)   (3, 5)   (2, 3)  (2, 10)   (2, 7)
job_10   (2, 1)  (0, 10)   (3, 8)   (1, 6)   (1, 7)   (0, 2)   (3, 7)   (3, 4)  (3, 2)   (0, 7)  (0, 10)   (0, 7)   (2, 2)  (3, 6)   (0, 9)   (3, 9)   (3, 6)   (1, 6)   (0, 6)
job_11   (1, 5)   (1, 6)   (1, 2)   (0, 4)   (1, 3)   (3, 1)   (3, 5)   (2, 1)  (0, 3)   (1, 5)   (3, 9)   (3, 3)  (0, 10)  (2, 8)   (1, 8)   (1, 2)  (3, 10)   (3, 7)  (1, 10)
job_12   (2, 6)   (1, 5)   (1, 4)   (1, 6)   (2, 4)   (3, 2)   (2, 1)   (1, 2)  (1, 2)   (2, 3)   (1, 4)   (1, 3)   (2, 3)  (0, 1)   (3, 7)   (0, 7)   (2, 6)   (1, 2)   (2, 2)
job_13   (1, 2)   (1, 4)   (1, 4)   (2, 2)   (1, 3)   (0, 7)   (3, 5)   (1, 1)  (3, 8)   (0, 1)   (3, 3)   (2, 2)  (3, 10)  (3, 3)   (2, 8)   (3, 8)   (3, 9)   (1, 3)   (0, 1)
job_14   (3, 6)   (0, 5)   (1, 7)   (1, 9)   (2, 1)   (2, 8)  (1, 10)   (2, 9)  (0, 2)   (3, 6)   (3, 8)   (1, 8)   (0, 3)  (3, 2)   (3, 8)   (0, 6)   (0, 4)   (0, 1)   (3, 8)
job_15   (2, 6)   (1, 6)   (0, 5)  (1, 10)   (3, 4)   (1, 7)   (2, 8)   (1, 1)  (2, 5)   (1, 6)   (1, 6)   (1, 8)   (1, 8)  (0, 4)  (3, 10)   (2, 5)   (3, 5)   (2, 5)   (0, 9)
job_16   (1, 6)   (3, 3)   (2, 5)   (3, 1)   (1, 4)   (0, 5)   (2, 7)   (1, 3)  (0, 5)   (3, 7)   (0, 1)   (2, 9)   (0, 2)  (3, 4)  (3, 10)   (3, 7)   (0, 4)  (3, 10)   (1, 3)


Solution:
Machine 0: job_7_task_0   job_9_task_0   job_4_task_0   job_10_task_1  job_7_task_2   job_9_task_2   job_15_task_2  job_14_task_1  job_8_task_2   job_7_task_3   job_0_task_0   job_9_task_4   job_9_task_5   job_2_task_4   job_8_task_3   job_1_task_5   job_2_task_5   job_5_task_3   job_11_task_3  job_2_task_7   job_10_task_5  job_2_task_8   job_3_task_6   job_1_task_10  job_0_task_4   job_0_task_5   job_11_task_8  job_1_task_12  job_16_task_5  job_10_task_9  job_10_task_10 job_10_task_11 job_3_task_9   job_7_task_11  job_13_task_5  job_1_task_14  job_14_task_8  job_10_task_14 job_11_task_12 job_16_task_8  job_5_task_9   job_16_task_10 job_16_task_12 job_6_task_5   job_13_task_9  job_4_task_12  job_0_task_9   job_4_task_14  job_0_task_11  job_15_task_13 job_5_task_12  job_14_task_12 job_5_task_14  job_6_task_14  job_14_task_15 job_14_task_16 job_14_task_17 job_16_task_16 job_7_task_15  job_12_task_13 job_8_task_17  job_12_task_15 job_1_task_17  job_4_task_17  job_15_task_18 job_5_task_18  job_10_task_18 job_2_task_10  job_7_task_18  job_2_task_11  job_13_task_18 job_2_task_13  job_2_task_17  
           [0,3]          [3,4]          [4,14]         [14,24]        [24,33]        [33,41]        [41,46]        [46,51]        [51,55]        [55,60]        [60,67]        [67,71]        [71,77]        [77,83]        [83,90]        [90,97]        [97,104]       [104,110]      [110,114]      [114,118]      [118,120]      [120,125]      [125,133]      [133,140]      [140,147]      [147,157]      [157,160]      [160,165]      [165,170]      [170,177]      [177,187]      [187,194]      [194,197]      [197,207]      [207,214]      [214,221]      [221,223]      [223,232]      [232,242]      [242,247]      [247,251]      [258,259]      [268,270]      [271,278]      [289,290]      [290,300]      [300,305]      [305,307]      [314,319]      [320,324]      [324,326]      [333,336]      [338,339]      [349,350]      [357,363]      [363,367]      [367,368]      [386,390]      [390,391]      [398,399]      [403,409]      [412,419]      [419,429]      [431,437]      [437,446]      [446,453]      [453,459]      [459,465]      [465,472]      [472,476]      [476,477]      [486,492]      [513,522]      
Machine 1: job_2_task_0   job_1_task_0   job_3_task_0   job_15_task_1  job_11_task_0  job_2_task_3   job_15_task_3  job_14_task_2  job_7_task_4   job_16_task_0  job_10_task_3  job_14_task_3  job_11_task_1  job_8_task_4   job_11_task_2  job_0_task_1   job_10_task_4  job_0_task_2   job_15_task_5  job_11_task_4  job_13_task_0  job_7_task_6   job_8_task_6   job_13_task_1  job_16_task_4  job_6_task_1   job_13_task_2  job_8_task_7   job_14_task_6  job_4_task_7   job_15_task_7  job_11_task_9  job_13_task_4  job_8_task_8   job_5_task_6   job_15_task_9  job_16_task_7  job_4_task_8   job_12_task_1  job_15_task_10 job_6_task_2   job_12_task_2  job_4_task_9   job_13_task_7  job_12_task_3  job_15_task_11 job_0_task_8   job_8_task_10  job_6_task_6   job_6_task_7   job_6_task_8   job_15_task_12 job_5_task_10  job_12_task_7  job_12_task_8  job_14_task_11 job_5_task_13  job_9_task_13  job_7_task_12  job_3_task_12  job_8_task_13  job_11_task_14 job_12_task_10 job_8_task_14  job_12_task_11 job_11_task_15 job_0_task_12  job_6_task_15  job_1_task_16  job_3_task_15  job_7_task_16  job_5_task_17  job_12_task_17 job_2_task_9   job_10_task_17 job_11_task_18 job_13_task_17 job_16_task_18 job_0_task_16  job_0_task_17  job_0_task_18  
           [0,7]          [7,17]         [17,27]        [27,33]        [33,38]        [38,48]        [48,58]        [58,65]        [65,75]        [75,81]        [81,87]        [87,96]        [96,102]       [102,107]      [107,109]      [109,111]      [111,118]      [118,128]      [128,135]      [135,138]      [138,140]      [140,149]      [149,157]      [157,161]      [161,165]      [165,166]      [166,170]      [170,176]      [176,186]      [186,196]      [196,197]      [197,202]      [202,205]      [205,214]      [214,222]      [222,228]      [228,231]      [231,236]      [236,241]      [241,247]      [247,257]      [257,261]      [261,271]      [271,272]      [272,278]      [278,286]      [286,291]      [291,299]      [299,303]      [303,306]      [306,312]      [312,320]      [320,321]      [321,323]      [323,325]      [325,333]      [333,338]      [338,346]      [346,355]      [355,363]      [363,371]      [371,379]      [379,383]      [383,385]      [385,388]      [388,390]      [390,400]      [400,407]      [407,415]      [415,423]      [423,429]      [429,439]      [439,441]      [441,446]      [446,452]      [452,462]      [467,470]      [477,480]      [488,490]      [490,496]      [496,497]      
Machine 2: job_15_task_0  job_9_task_1   job_10_task_0  job_5_task_0   job_4_task_1   job_4_task_2   job_2_task_2   job_3_task_1   job_1_task_2   job_9_task_3   job_4_task_3   job_3_task_4   job_4_task_4   job_6_task_0   job_12_task_0  job_7_task_5   job_4_task_6   job_16_task_2  job_9_task_7   job_14_task_4  job_14_task_5  job_8_task_5   job_5_task_4   job_1_task_7   job_1_task_8   job_1_task_9   job_3_task_7   job_15_task_6  job_1_task_11  job_11_task_7  job_7_task_8   job_1_task_13  job_13_task_3  job_16_task_6  job_9_task_11  job_14_task_7  job_10_task_12 job_0_task_7   job_15_task_8  job_3_task_11  job_8_task_9   job_1_task_15  job_11_task_13 job_16_task_11 job_6_task_4   job_12_task_4  job_4_task_11  job_12_task_6  job_13_task_11 job_4_task_13  job_0_task_10  job_6_task_9   job_6_task_10  job_5_task_11  job_13_task_14 job_12_task_9  job_6_task_12  job_15_task_15 job_9_task_14  job_7_task_13  job_9_task_16  job_8_task_15  job_12_task_12 job_8_task_16  job_9_task_17  job_9_task_18  job_12_task_16 job_3_task_16  job_15_task_17 job_0_task_14  job_12_task_18 job_2_task_12  job_3_task_18  job_2_task_14  job_2_task_15  job_2_task_16  
           [0,6]          [6,13]         [13,14]        [14,21]        [21,25]        [25,28]        [28,37]        [37,43]        [43,50]        [50,56]        [56,59]        [59,67]        [67,72]        [72,73]        [73,79]        [79,82]        [86,87]        [89,94]        [96,100]       [100,101]      [101,109]      [109,113]      [113,117]      [117,124]      [124,128]      [128,132]      [133,138]      [138,146]      [146,152]      [152,153]      [159,162]      [165,169]      [170,172]      [172,179]      [179,186]      [186,195]      [195,197]      [197,198]      [198,203]      [203,213]      [214,222]      [222,228]      [242,250]      [259,268]      [268,271]      [278,282]      [282,289]      [291,292]      [294,296]      [300,305]      [305,314]      [314,319]      [319,321]      [321,322]      [322,330]      [330,333]      [333,334]      [338,343]      [346,353]      [355,363]      [379,382]      [385,395]      [395,398]      [398,403]      [403,413]      [413,420]      [420,426]      [426,429]      [429,434]      [434,436]      [441,443]      [476,486]      [486,490]      [492,497]      [497,505]      [505,513]      
Machine 3: job_14_task_0  job_7_task_1   job_2_task_1   job_8_task_0   job_8_task_1   job_1_task_1   job_10_task_2  job_5_task_1   job_3_task_2   job_3_task_3   job_1_task_3   job_1_task_4   job_15_task_4  job_5_task_2   job_3_task_5   job_4_task_5   job_16_task_1  job_9_task_6   job_16_task_3  job_1_task_6   job_2_task_6   job_9_task_8   job_9_task_9   job_10_task_6  job_0_task_3   job_5_task_5   job_11_task_5  job_11_task_6  job_7_task_7   job_10_task_7  job_10_task_8  job_7_task_9   job_9_task_10  job_7_task_10  job_3_task_8   job_0_task_6   job_9_task_12  job_3_task_10  job_10_task_13 job_11_task_10 job_13_task_6  job_11_task_11 job_14_task_9  job_5_task_7   job_5_task_8   job_14_task_10 job_16_task_9  job_6_task_3   job_10_task_15 job_16_task_13 job_4_task_10  job_13_task_8  job_12_task_5  job_13_task_10 job_16_task_14 job_8_task_11  job_8_task_12  job_13_task_12 job_13_task_13 job_6_task_11  job_15_task_14 job_14_task_13 job_5_task_15  job_6_task_13  job_14_task_14 job_5_task_16  job_3_task_13  job_3_task_14  job_9_task_15  job_16_task_15 job_7_task_14  job_13_task_15 job_11_task_16 job_12_task_14 job_15_task_16 job_0_task_13  job_4_task_15  job_4_task_16  job_6_task_16  job_10_task_16 job_11_task_17 job_7_task_17  job_13_task_16 job_16_task_17 job_3_task_17  job_6_task_17  job_0_task_15  job_6_task_18  job_8_task_18  job_14_task_18 job_1_task_18  job_4_task_18  job_2_task_18  
           [0,6]          [6,16]         [16,26]        [26,27]        [27,31]        [31,33]        [33,41]        [41,47]        [47,49]        [49,59]        [59,62]        [62,66]        [66,70]        [70,76]        [76,83]        [83,86]        [86,89]        [89,96]        [96,97]        [97,107]       [107,111]      [111,116]      [116,123]      [123,130]      [130,136]      [136,144]      [144,145]      [145,150]      [150,159]      [159,163]      [163,165]      [165,168]      [168,176]      [176,186]      [186,191]      [191,193]      [193,201]      [201,203]      [203,209]      [209,218]      [218,223]      [223,226]      [226,232]      [232,237]      [237,243]      [243,251]      [251,258]      [258,261]      [261,270]      [270,274]      [274,281]      [281,289]      [289,291]      [291,294]      [294,304]      [304,305]      [305,309]      [309,319]      [319,322]      [322,328]      [328,338]      [338,340]      [340,348]      [348,349]      [349,357]      [357,366]      [366,372]      [372,374]      [374,379]      [379,386]      [386,387]      [387,395]      [395,405]      [405,412]      [412,417]      [417,424]      [424,426]      [426,431]      [431,437]      [437,443]      [443,450]      [450,458]      [458,467]      [467,477]      [477,485]      [485,487]      [487,488]      [488,498]      [498,506]      [506,514]      [514,519]      [519,524]      [524,531]      
Optimal Schedule Length: 531.0
Total (Unoptimized Schedule Length): 1791
Statistics
  - conflicts: 0
  - branches : 55
  - wall time: 0.88047589s