
Problem
         task_0   task_1   task_2   task_3   task_4   task_5   task_6   task_7   task_8  task_9  task_10 task_11 task_12  task_13 task_14  task_15
job_0   (5, 10)   (0, 6)   (0, 3)  (0, 10)   (0, 6)   (6, 4)   (3, 1)   (0, 8)   (4, 1)  (3, 5)   (2, 4)  (2, 3)  (4, 2)  (6, 10)  (6, 3)   (2, 3)
job_1    (5, 5)   (1, 3)   (0, 3)   (0, 1)  (5, 10)   (4, 4)   (4, 2)   (0, 3)   (0, 7)  (5, 4)   (1, 1)  (5, 1)  (5, 1)   (6, 8)  (3, 9)   (5, 4)
job_2    (5, 5)   (3, 2)   (6, 4)   (5, 1)   (3, 1)   (3, 4)   (0, 1)   (6, 5)   (2, 4)  (1, 1)   (4, 4)  (2, 5)  (5, 9)   (5, 9)  (2, 6)   (5, 4)
job_3    (6, 6)   (0, 3)  (0, 10)   (5, 2)   (5, 1)   (5, 3)  (4, 10)  (5, 10)   (4, 3)  (2, 4)   (6, 7)  (5, 2)  (1, 2)   (0, 4)  (5, 9)  (0, 10)
job_4    (5, 6)  (1, 10)   (5, 1)   (5, 5)   (5, 5)   (1, 2)   (3, 8)   (6, 8)   (6, 6)  (2, 2)   (3, 1)  (4, 8)  (1, 2)   (2, 6)  (3, 4)   (0, 2)
job_5    (2, 9)   (2, 2)   (4, 8)   (2, 4)   (5, 3)   (1, 1)   (4, 9)   (6, 8)   (5, 5)  (0, 1)   (2, 7)  (2, 7)  (4, 9)   (2, 2)  (6, 8)   (3, 2)
job_6    (5, 4)  (6, 10)   (1, 6)  (4, 10)   (5, 8)   (0, 6)   (5, 5)   (3, 4)  (0, 10)  (4, 2)   (0, 1)  (5, 6)  (6, 2)   (6, 8)  (4, 7)   (6, 5)
job_7    (1, 1)   (1, 7)   (3, 5)   (1, 2)  (6, 10)   (6, 7)   (0, 3)   (0, 4)   (5, 2)  (0, 1)   (5, 7)  (2, 7)  (1, 9)   (3, 6)  (4, 1)   (6, 4)
job_8   (6, 10)   (6, 5)   (6, 2)  (1, 10)  (1, 10)   (1, 7)   (0, 9)   (4, 8)   (3, 7)  (2, 4)  (3, 10)  (2, 8)  (1, 2)   (2, 7)  (2, 7)   (4, 1)
job_9    (0, 1)   (5, 1)   (6, 1)   (6, 6)   (5, 5)   (0, 6)  (6, 10)   (6, 9)   (1, 6)  (4, 4)   (5, 9)  (5, 6)  (4, 2)   (0, 6)  (0, 9)   (2, 5)
job_10   (6, 7)   (5, 2)   (3, 4)   (1, 1)   (1, 9)   (6, 7)   (4, 6)   (2, 6)   (3, 6)  (4, 8)   (5, 3)  (4, 1)  (0, 8)   (1, 6)  (3, 8)   (4, 6)
job_11  (3, 10)   (0, 2)   (2, 3)   (4, 2)   (4, 9)  (4, 10)   (4, 4)   (0, 9)   (5, 3)  (0, 5)   (2, 1)  (2, 3)  (1, 2)  (3, 10)  (4, 7)   (4, 8)
job_12   (1, 6)   (2, 6)   (3, 8)  (0, 10)   (6, 8)   (2, 6)   (6, 4)   (0, 9)   (2, 6)  (6, 4)   (5, 9)  (4, 1)  (5, 4)   (4, 1)  (3, 7)   (2, 3)
job_13   (3, 8)   (0, 1)  (3, 10)   (3, 2)   (0, 9)   (6, 7)   (5, 8)   (0, 1)   (0, 3)  (5, 6)   (6, 5)  (6, 8)  (5, 9)   (2, 5)  (4, 5)   (6, 3)
job_14   (2, 1)   (4, 1)   (4, 5)   (0, 5)   (3, 2)   (2, 2)   (5, 5)   (6, 1)   (2, 6)  (1, 5)   (3, 7)  (0, 4)  (5, 9)   (4, 6)  (1, 9)   (4, 5)


Solution:
Machine 0: job_9_task_0   job_13_task_1  job_0_task_1   job_11_task_1  job_0_task_2   job_12_task_3  job_14_task_3  job_13_task_4  job_3_task_1   job_3_task_2   job_9_task_5   job_13_task_7  job_13_task_8  job_8_task_6   job_1_task_2   job_1_task_3   job_6_task_5   job_0_task_3   job_11_task_7  job_0_task_4   job_1_task_7   job_1_task_8   job_12_task_7  job_2_task_6   job_7_task_6   job_7_task_7   job_6_task_8   job_0_task_7   job_5_task_9   job_14_task_11 job_7_task_9   job_11_task_9  job_6_task_10  job_10_task_12 job_9_task_13  job_9_task_14  job_3_task_13  job_4_task_15  job_3_task_15  
           [0,1]          [8,9]          [15,21]        [21,23]        [23,26]        [26,36]        [36,41]        [41,50]        [50,53]        [53,63]        [63,69]        [69,70]        [70,73]        [73,82]        [82,85]        [85,86]        [86,92]        [92,102]       [102,111]      [111,117]      [117,120]      [120,127]      [127,136]      [136,137]      [137,140]      [140,144]      [144,154]      [154,162]      [162,163]      [163,167]      [167,168]      [168,173]      [173,174]      [174,182]      [182,188]      [188,197]      [202,206]      [215,217]      [218,228]      
Machine 1: job_12_task_0  job_7_task_0   job_7_task_1   job_8_task_3   job_4_task_1   job_6_task_2   job_8_task_4   job_8_task_5   job_7_task_3   job_10_task_3  job_10_task_4  job_1_task_1   job_5_task_5   job_4_task_5   job_8_task_12  job_9_task_8   job_1_task_10  job_14_task_9  job_2_task_9   job_4_task_12  job_10_task_13 job_11_task_12 job_14_task_14 job_3_task_12  job_7_task_12  
           [0,6]          [6,7]          [7,14]         [17,27]        [27,37]        [37,43]        [43,53]        [53,60]        [60,62]        [62,63]        [63,72]        [72,75]        [75,76]        [76,78]        [123,125]      [127,133]      [133,134]      [140,145]      [155,156]      [175,177]      [182,188]      [189,191]      [191,200]      [200,202]      [202,211]      
Machine 2: job_5_task_0   job_12_task_1  job_5_task_1   job_14_task_0  job_11_task_2  job_5_task_3   job_14_task_5  job_12_task_5  job_8_task_9   job_10_task_7  job_8_task_11  job_3_task_9   job_8_task_13  job_14_task_8  job_12_task_8  job_13_task_13 job_2_task_8   job_8_task_14  job_4_task_9   job_5_task_10  job_5_task_11  job_2_task_11  job_11_task_10 job_11_task_11 job_0_task_10  job_5_task_13  job_7_task_11  job_0_task_11  job_4_task_13  job_2_task_14  job_9_task_15  job_12_task_15 job_0_task_15  
           [0,9]          [9,15]         [15,17]        [17,18]        [23,26]        [26,30]        [45,47]        [66,72]        [100,104]      [109,115]      [115,123]      [123,127]      [127,134]      [134,140]      [140,146]      [146,151]      [151,155]      [155,162]      [164,166]      [166,173]      [173,180]      [180,185]      [185,186]      [186,189]      [189,193]      [193,195]      [195,202]      [202,205]      [205,211]      [211,217]      [217,222]      [222,225]      [225,228]      
Machine 3: job_13_task_0  job_11_task_0  job_12_task_2  job_13_task_2  job_13_task_3  job_7_task_2   job_14_task_4  job_2_task_1   job_10_task_2  job_2_task_4   job_2_task_5   job_4_task_6   job_8_task_8   job_6_task_7   job_8_task_10  job_10_task_8  job_0_task_6   job_14_task_10 job_4_task_10  job_0_task_9   job_1_task_14  job_12_task_14 job_10_task_14 job_11_task_13 job_5_task_15  job_4_task_14  job_7_task_13  
           [0,8]          [8,18]         [18,26]        [26,36]        [36,38]        [38,43]        [43,45]        [45,47]        [57,61]        [61,62]        [62,66]        [78,86]        [93,100]       [101,105]      [105,115]      [115,121]      [139,140]      [145,152]      [166,167]      [167,172]      [172,181]      [181,188]      [188,196]      [196,206]      [206,208]      [211,215]      [215,221]      
Machine 4: job_5_task_2   job_14_task_1  job_11_task_3  job_14_task_2  job_11_task_4  job_11_task_5  job_6_task_3   job_11_task_6  job_5_task_6   job_8_task_7   job_3_task_6   job_10_task_6  job_1_task_5   job_1_task_6   job_3_task_8   job_10_task_9  job_9_task_9   job_10_task_11 job_13_task_14 job_2_task_10  job_9_task_12  job_12_task_11 job_6_task_9   job_0_task_8   job_8_task_15  job_4_task_11  job_12_task_13 job_14_task_13 job_5_task_12  job_6_task_14  job_10_task_15 job_0_task_12  job_11_task_14 job_11_task_15 job_7_task_14  job_14_task_15 
           [17,25]        [25,26]        [26,28]        [28,33]        [33,42]        [42,52]        [52,62]        [62,66]        [76,85]        [85,93]        [93,103]       [103,109]      [109,113]      [113,115]      [116,119]      [121,129]      [133,137]      [137,138]      [151,156]      [156,160]      [160,162]      [162,163]      [163,165]      [165,166]      [166,167]      [167,175]      [175,176]      [176,182]      [182,191]      [192,199]      [199,205]      [205,207]      [207,214]      [214,222]      [222,223]      [223,228]      
Machine 5: job_6_task_0   job_9_task_1   job_0_task_0   job_4_task_0   job_1_task_0   job_2_task_0   job_5_task_4   job_9_task_4   job_4_task_2   job_4_task_3   job_4_task_4   job_14_task_6  job_10_task_1  job_2_task_3   job_13_task_6  job_6_task_4   job_3_task_3   job_13_task_9  job_3_task_4   job_3_task_5   job_1_task_4   job_6_task_6   job_5_task_8   job_3_task_7   job_11_task_8  job_13_task_12 job_1_task_9   job_10_task_10 job_1_task_11  job_1_task_12  job_9_task_10  job_9_task_11  job_12_task_10 job_7_task_8   job_12_task_12 job_14_task_12 job_6_task_11  job_7_task_10  job_2_task_12  job_3_task_11  job_2_task_13  job_3_task_14  job_1_task_15  job_2_task_15  
           [0,4]          [4,5]          [5,15]         [15,21]        [21,26]        [26,31]        [31,34]        [34,39]        [39,40]        [40,45]        [45,50]        [50,55]        [55,57]        [57,58]        [58,66]        [66,74]        [74,76]        [76,82]        [82,83]        [83,86]        [86,96]        [96,101]       [101,106]      [106,116]      [116,119]      [119,128]      [128,132]      [132,135]      [135,136]      [136,137]      [137,146]      [146,152]      [152,161]      [161,163]      [163,167]      [167,176]      [176,182]      [182,189]      [189,198]      [198,200]      [200,209]      [209,218]      [218,222]      [222,226]      
Machine 6: job_8_task_0   job_8_task_1   job_8_task_2   job_6_task_1   job_9_task_2   job_9_task_3   job_10_task_0  job_3_task_0   job_2_task_2   job_13_task_5  job_12_task_4  job_7_task_4   job_9_task_6   job_10_task_5  job_5_task_7   job_12_task_6  job_13_task_10 job_13_task_11 job_9_task_7   job_14_task_7  job_7_task_5   job_0_task_5   job_2_task_7   job_12_task_9  job_4_task_7   job_4_task_8   job_1_task_13  job_3_task_10  job_13_task_15 job_6_task_12  job_6_task_13  job_5_task_14  job_6_task_15  job_0_task_13  job_0_task_14  job_7_task_15  
           [0,10]         [10,15]        [15,17]        [17,27]        [27,28]        [28,34]        [34,41]        [41,47]        [47,51]        [51,58]        [58,66]        [66,76]        [76,86]        [86,93]        [93,101]       [101,105]      [105,110]      [110,118]      [118,127]      [127,128]      [128,135]      [135,139]      [139,144]      [146,150]      [150,158]      [158,164]      [164,172]      [172,179]      [179,182]      [182,184]      [184,192]      [195,203]      [203,208]      [208,218]      [218,221]      [223,227]      
Optimal Schedule Length: 228.0
Total (Unoptimized Schedule Length): 1251
Statistics
  - conflicts: 0
  - branches : 0
  - wall time: 0.30504704600000004s