
Problem
         task_0   task_1  task_2   task_3   task_4  task_5  task_6   task_7   task_8  task_9  task_10  task_11  task_12
job_0    (5, 6)   (6, 7)  (2, 2)   (6, 3)   (5, 6)  (4, 4)  (0, 7)   (2, 1)   (7, 2)  (2, 9)   (2, 9)   (2, 3)   (5, 1)
job_1    (4, 5)   (4, 4)  (1, 6)   (5, 7)   (7, 9)  (0, 6)  (6, 8)   (7, 1)  (8, 10)  (2, 9)   (1, 4)   (8, 1)   (8, 2)
job_2   (5, 10)   (4, 2)  (0, 3)   (8, 8)   (2, 9)  (1, 5)  (8, 7)   (2, 8)   (2, 1)  (0, 8)   (4, 4)   (2, 1)   (0, 4)
job_3    (3, 3)   (2, 2)  (2, 4)   (5, 7)   (4, 2)  (5, 1)  (2, 2)   (6, 1)   (6, 8)  (1, 5)   (5, 3)   (8, 2)   (3, 3)
job_4    (6, 8)   (1, 6)  (5, 6)   (2, 4)   (5, 8)  (3, 3)  (8, 5)   (2, 7)   (2, 8)  (4, 7)  (4, 10)   (1, 7)   (1, 4)
job_5    (3, 2)   (8, 2)  (4, 2)   (2, 6)   (0, 7)  (4, 9)  (3, 8)  (6, 10)   (4, 3)  (3, 1)   (5, 8)   (5, 4)   (4, 9)
job_6    (6, 4)   (4, 4)  (5, 2)   (6, 8)   (3, 2)  (1, 5)  (2, 2)   (5, 6)   (5, 2)  (4, 3)   (1, 8)   (1, 4)   (3, 5)
job_7    (8, 3)   (1, 7)  (4, 9)   (6, 9)   (4, 5)  (5, 6)  (5, 4)   (1, 4)   (7, 6)  (5, 6)   (0, 4)   (5, 1)   (5, 2)
job_8    (3, 6)   (4, 8)  (8, 2)   (0, 5)   (3, 1)  (4, 9)  (6, 9)   (4, 8)   (5, 5)  (6, 3)   (8, 7)   (8, 2)  (6, 10)
job_9   (4, 10)   (2, 7)  (8, 8)   (6, 3)   (6, 1)  (4, 4)  (8, 6)   (3, 5)   (0, 9)  (2, 6)   (1, 5)   (8, 6)   (3, 8)
job_10   (2, 9)   (5, 7)  (2, 5)   (1, 3)   (6, 4)  (4, 6)  (4, 2)   (5, 7)   (3, 2)  (3, 5)   (1, 8)   (1, 3)   (8, 5)
job_11   (8, 3)   (8, 4)  (1, 7)   (1, 8)   (4, 8)  (6, 9)  (1, 9)   (1, 7)   (5, 4)  (6, 9)   (6, 2)   (5, 7)   (0, 7)
job_12   (5, 4)  (4, 10)  (8, 6)   (5, 9)  (7, 10)  (5, 4)  (5, 8)   (5, 9)   (5, 9)  (2, 6)   (5, 3)  (2, 10)   (6, 7)
job_13   (1, 8)   (8, 2)  (7, 3)   (0, 2)   (0, 9)  (6, 2)  (3, 9)   (0, 2)   (5, 5)  (6, 2)   (0, 9)   (8, 7)   (0, 1)
job_14   (0, 4)   (4, 9)  (3, 1)   (1, 7)   (0, 2)  (5, 4)  (6, 3)   (7, 8)   (2, 2)  (4, 9)   (6, 5)   (0, 7)   (4, 5)
job_15   (2, 6)   (2, 4)  (4, 7)   (5, 2)   (8, 9)  (4, 9)  (3, 3)   (0, 1)   (2, 3)  (1, 4)   (6, 6)   (4, 6)   (0, 7)
job_16   (0, 3)   (6, 2)  (1, 8)  (3, 10)   (3, 7)  (8, 8)  (0, 5)   (8, 3)   (4, 6)  (4, 4)  (6, 10)   (2, 3)   (0, 5)
job_17   (8, 3)  (6, 10)  (1, 2)   (7, 2)  (0, 10)  (6, 4)  (2, 5)   (4, 9)   (5, 8)  (7, 1)   (2, 3)   (6, 5)   (0, 3)


Solution:
Machine 0: job_16_task_0  job_14_task_0  job_13_task_3  job_13_task_4  job_13_task_7  job_5_task_4   job_8_task_3   job_17_task_4  job_2_task_2   job_16_task_6  job_14_task_4  job_1_task_5   job_13_task_10 job_9_task_8   job_15_task_7  job_2_task_9   job_0_task_6   job_13_task_12 job_11_task_12 job_7_task_10  job_14_task_11 job_15_task_12 job_2_task_12  job_17_task_12 job_16_task_12 
           [0,3]          [3,7]          [17,19]        [19,28]        [39,41]        [41,48]        [48,53]        [54,64]        [64,67]        [69,74]        [74,76]        [76,82]        [82,91]        [112,121]      [121,122]      [122,130]      [130,137]      [137,138]      [166,173]      [173,177]      [184,191]      [191,198]      [198,202]      [202,205]      [206,211]      
Machine 1: job_13_task_0  job_11_task_2  job_4_task_1   job_11_task_3  job_16_task_2  job_7_task_1   job_1_task_2   job_17_task_2  job_10_task_3  job_11_task_6  job_14_task_3  job_11_task_7  job_2_task_5   job_6_task_5   job_7_task_7   job_1_task_10  job_15_task_9  job_9_task_10  job_10_task_10 job_10_task_11 job_3_task_9   job_4_task_11  job_6_task_10  job_6_task_11  job_4_task_12  
           [0,8]          [8,15]         [15,21]        [21,29]        [29,37]        [37,44]        [44,50]        [50,52]        [52,55]        [56,65]        [65,72]        [72,79]        [86,91]        [114,119]      [127,131]      [131,135]      [135,139]      [139,144]      [150,158]      [158,161]      [179,184]      [184,191]      [191,199]      [199,203]      [203,207]      
Machine 2: job_15_task_0  job_10_task_0  job_9_task_1   job_15_task_1  job_3_task_1   job_10_task_2  job_0_task_2   job_5_task_3   job_3_task_2   job_4_task_3   job_17_task_6  job_2_task_4   job_4_task_7   job_4_task_8   job_12_task_9  job_14_task_8  job_2_task_7   job_2_task_8   job_1_task_9   job_6_task_6   job_15_task_8  job_9_task_9   job_0_task_7   job_12_task_11 job_0_task_9   job_0_task_10  job_3_task_6   job_17_task_10 job_0_task_11  job_2_task_11  job_16_task_11 
           [0,6]          [6,15]         [15,22]        [22,26]        [26,28]        [28,33]        [33,35]        [35,41]        [41,45]        [45,49]        [68,73]        [77,86]        [86,93]        [93,101]       [101,107]      [107,109]      [109,117]      [117,118]      [118,127]      [127,129]      [129,132]      [132,138]      [138,139]      [139,149]      [149,158]      [158,167]      [167,169]      [169,172]      [172,175]      [197,198]      [203,206]      
Machine 3: job_8_task_0   job_5_task_0   job_3_task_0   job_13_task_6  job_16_task_3  job_8_task_4   job_16_task_4  job_14_task_2  job_4_task_5   job_5_task_6   job_9_task_7   job_6_task_4   job_15_task_6  job_10_task_8  job_10_task_9  job_9_task_12  job_5_task_9   job_3_task_12  job_6_task_12  
           [0,6]          [6,8]          [8,11]         [30,39]        [39,49]        [53,54]        [54,61]        [61,62]        [62,65]        [92,100]       [107,112]      [112,114]      [114,117]      [143,145]      [145,150]      [150,158]      [170,171]      [193,196]      [203,208]      
Machine 4: job_9_task_0   job_12_task_1  job_1_task_0   job_8_task_1   job_5_task_2   job_1_task_1   job_11_task_4  job_14_task_1  job_2_task_1   job_15_task_2  job_7_task_2   job_8_task_5   job_5_task_5   job_6_task_1   job_9_task_5   job_15_task_5  job_7_task_4   job_10_task_5  job_0_task_5   job_8_task_7   job_10_task_6  job_17_task_7  job_16_task_8  job_4_task_9   job_3_task_4   job_14_task_9  job_5_task_8   job_4_task_10  job_6_task_9   job_15_task_11 job_16_task_9  job_2_task_10  job_5_task_12  job_14_task_12 
           [0,10]         [10,20]        [20,25]        [25,33]        [33,35]        [35,39]        [39,47]        [47,56]        [56,58]        [58,65]        [65,74]        [74,83]        [83,92]        [92,96]        [96,100]       [100,109]      [109,114]      [114,120]      [120,124]      [124,132]      [132,134]      [134,143]      [143,149]      [149,156]      [156,158]      [158,167]      [167,170]      [170,180]      [180,183]      [183,189]      [189,193]      [193,197]      [197,206]      [206,211]      
Machine 5: job_12_task_0  job_2_task_0   job_0_task_0   job_10_task_1  job_12_task_3  job_4_task_2   job_13_task_8  job_12_task_5  job_4_task_4   job_1_task_3   job_12_task_6  job_15_task_3  job_12_task_7  job_14_task_5  job_12_task_8  job_6_task_2   job_3_task_3   job_11_task_8  job_0_task_4   job_7_task_5   job_7_task_6   job_12_task_10 job_6_task_7   job_10_task_7  job_8_task_8   job_6_task_8   job_17_task_8  job_3_task_5   job_11_task_11 job_7_task_9   job_5_task_10  job_5_task_11  job_7_task_11  job_7_task_12  job_0_task_12  job_3_task_10  
           [0,4]          [4,14]         [14,20]        [20,27]        [27,36]        [36,42]        [42,47]        [47,51]        [51,59]        [59,66]        [66,74]        [74,76]        [76,85]        [85,89]        [89,98]        [98,100]       [100,107]      [107,111]      [111,117]      [117,123]      [123,127]      [127,130]      [130,136]      [136,143]      [143,148]      [148,150]      [150,158]      [158,159]      [159,166]      [166,172]      [172,180]      [180,184]      [184,185]      [185,187]      [187,188]      [188,191]      
Machine 6: job_4_task_0   job_16_task_1  job_17_task_1  job_0_task_1   job_13_task_5  job_6_task_0   job_9_task_3   job_9_task_4   job_0_task_3   job_11_task_5  job_10_task_4  job_13_task_9  job_17_task_5  job_7_task_3   job_8_task_6   job_14_task_6  job_1_task_6   job_6_task_3   job_5_task_7   job_11_task_9  job_11_task_10 job_15_task_10 job_8_task_9   job_12_task_12 job_8_task_12  job_3_task_7   job_3_task_8   job_14_task_10 job_17_task_11 job_16_task_10 
           [0,8]          [8,10]         [10,20]        [20,27]        [28,30]        [30,34]        [34,37]        [37,38]        [38,41]        [47,56]        [56,60]        [60,62]        [64,68]        [74,83]        [83,92]        [92,95]        [95,103]       [103,111]      [111,121]      [121,130]      [130,132]      [139,145]      [148,151]      [151,158]      [160,170]      [170,171]      [171,179]      [179,184]      [184,189]      [193,203]      
Machine 7: job_13_task_2  job_12_task_4  job_17_task_3  job_1_task_4   job_14_task_7  job_1_task_7   job_7_task_8   job_0_task_8   job_17_task_9  
           [14,17]        [36,46]        [52,54]        [66,75]        [95,103]       [103,104]      [131,137]      [139,141]      [158,159]      
Machine 8: job_11_task_0  job_11_task_1  job_17_task_0  job_5_task_1   job_13_task_1  job_7_task_0   job_12_task_2  job_9_task_2   job_8_task_2   job_16_task_5  job_2_task_3   job_4_task_6   job_15_task_4  job_2_task_6   job_16_task_7  job_9_task_6   job_1_task_8   job_13_task_11 job_1_task_11  job_1_task_12  job_9_task_11  job_8_task_10  job_8_task_11  job_10_task_12 job_3_task_11  
           [0,3]          [3,7]          [7,10]         [10,12]        [12,14]        [14,17]        [20,26]        [26,34]        [34,36]        [61,69]        [69,77]        [77,82]        [82,91]        [91,98]        [98,101]       [101,107]      [107,117]      [117,124]      [135,136]      [136,138]      [144,150]      [151,158]      [158,160]      [161,166]      [191,193]      
Optimal Schedule Length: 211.0
Total (Unoptimized Schedule Length): 1251
Statistics
  - conflicts: 0
  - branches : 100
  - wall time: 0.146197861s