
Problem
         task_0    task_1    task_2  task_3   task_4   task_5   task_6   task_7   task_8   task_9  task_10   task_11  task_12  task_13   task_14  task_15  task_16
job_0    (1, 9)    (9, 3)    (4, 1)  (9, 5)   (3, 9)   (4, 1)   (3, 2)   (0, 2)   (2, 8)   (9, 4)  (10, 8)  (10, 10)   (8, 3)   (5, 5)    (0, 5)  (7, 10)   (7, 6)
job_1    (7, 1)    (7, 5)  (10, 10)  (1, 2)   (1, 9)   (0, 5)  (10, 5)   (7, 3)   (6, 7)   (4, 9)   (6, 7)    (5, 8)   (2, 7)   (7, 7)    (9, 9)   (3, 4)   (8, 6)
job_2    (6, 7)    (0, 6)    (2, 6)  (7, 9)  (10, 4)   (0, 3)   (1, 5)   (1, 8)   (7, 7)   (2, 7)   (0, 3)    (0, 4)   (9, 8)  (7, 10)   (10, 4)   (0, 6)   (5, 9)
job_3    (5, 5)    (1, 5)    (6, 2)  (5, 5)   (9, 5)   (9, 1)   (7, 4)   (0, 7)  (6, 10)  (0, 10)   (3, 9)    (8, 1)   (3, 8)   (3, 2)    (3, 3)   (8, 5)   (4, 5)
job_4    (6, 9)    (9, 7)    (0, 3)  (4, 5)   (3, 7)   (4, 7)   (3, 6)   (2, 3)   (9, 3)   (4, 2)  (8, 10)   (5, 10)   (8, 4)  (10, 1)    (3, 5)   (4, 7)   (5, 5)
job_5   (4, 10)   (8, 10)    (4, 4)  (3, 9)   (7, 8)   (9, 2)   (8, 9)   (0, 1)   (8, 6)  (5, 10)   (3, 4)    (2, 6)   (1, 1)  (5, 10)    (2, 5)   (4, 1)   (9, 8)
job_6    (0, 6)    (7, 8)    (0, 9)  (6, 2)   (6, 1)  (8, 10)   (4, 5)  (8, 10)   (6, 3)   (6, 7)   (4, 6)    (1, 2)  (10, 9)   (6, 7)    (6, 2)   (2, 6)   (6, 3)
job_7    (3, 1)    (9, 6)    (3, 5)  (5, 3)  (0, 10)   (6, 2)   (1, 5)   (8, 4)  (0, 10)   (0, 6)  (3, 10)    (5, 4)   (0, 5)   (4, 2)    (1, 2)   (0, 1)   (5, 4)
job_8    (0, 3)   (3, 10)    (1, 8)  (5, 7)   (6, 5)   (6, 1)   (6, 2)   (2, 9)  (10, 1)   (7, 4)   (1, 5)    (9, 8)   (9, 2)   (5, 9)  (10, 10)   (0, 3)   (8, 8)
job_9    (0, 4)    (6, 2)    (0, 9)  (3, 6)   (3, 2)   (7, 8)   (5, 5)   (7, 6)   (4, 9)   (0, 8)   (4, 4)    (8, 8)   (8, 8)   (4, 6)    (3, 6)   (1, 7)  (10, 4)
job_10   (8, 1)    (5, 6)    (3, 6)  (0, 5)  (3, 10)   (7, 1)   (5, 7)   (5, 9)   (3, 9)   (5, 8)   (8, 8)   (7, 10)   (9, 3)  (10, 8)    (9, 6)   (4, 8)   (1, 3)
job_11   (7, 9)    (0, 8)  (10, 10)  (7, 2)  (7, 10)   (7, 5)   (8, 3)   (2, 9)   (9, 4)   (7, 5)   (8, 2)    (2, 2)   (0, 5)   (3, 4)    (6, 4)   (7, 7)   (2, 8)
job_12   (8, 5)    (3, 7)    (0, 2)  (4, 2)   (6, 4)   (5, 6)  (10, 7)   (7, 9)   (2, 1)   (5, 8)   (9, 2)   (10, 3)   (4, 9)   (5, 9)    (9, 2)   (0, 7)  (9, 10)
job_13   (0, 5)    (6, 3)    (5, 8)  (4, 2)   (2, 3)   (9, 5)   (9, 6)   (2, 6)   (3, 2)   (5, 1)  (10, 3)    (3, 9)   (2, 3)   (8, 3)    (2, 1)   (1, 5)  (8, 10)
job_14   (5, 6)  (10, 10)    (9, 8)  (8, 9)  (10, 6)   (8, 8)   (0, 6)   (7, 2)   (7, 3)   (3, 7)   (3, 9)    (3, 1)   (6, 7)  (10, 3)    (3, 6)   (9, 4)   (8, 6)


Solution:
Machine 0: job_8_task_0   job_9_task_0   job_2_task_1   job_9_task_2   job_6_task_0   job_10_task_3  job_11_task_1  job_6_task_2   job_12_task_2  job_4_task_2   job_1_task_5   job_13_task_0  job_2_task_5   job_7_task_4   job_14_task_6  job_5_task_7   job_3_task_7   job_0_task_7   job_3_task_9   job_9_task_9   job_7_task_8   job_11_task_12 job_2_task_10  job_2_task_11  job_8_task_15  job_7_task_9   job_0_task_14  job_12_task_15 job_2_task_15  job_7_task_12  job_7_task_15  
           [0,3]          [3,7]          [7,13]         [13,22]        [22,28]        [28,33]        [33,41]        [41,50]        [50,52]        [52,55]        [55,60]        [60,65]        [65,68]        [68,78]        [78,84]        [84,85]        [85,92]        [92,94]        [102,112]      [112,120]      [120,130]      [131,136]      [138,141]      [141,145]      [145,148]      [148,154]      [154,159]      [159,166]      [167,173]      [173,178]      [182,183]      
Machine 1: job_0_task_0   job_1_task_3   job_1_task_4   job_3_task_1   job_8_task_2   job_2_task_6   job_2_task_7   job_8_task_10  job_7_task_6   job_6_task_11  job_5_task_12  job_13_task_15 job_9_task_15  job_7_task_14  job_10_task_16 
           [0,9]          [16,18]        [18,27]        [27,32]        [32,40]        [68,73]        [73,81]        [83,88]        [88,93]        [130,132]      [150,151]      [153,158]      [173,180]      [180,182]      [182,185]      
Machine 2: job_2_task_2   job_8_task_7   job_13_task_4  job_4_task_7   job_0_task_8   job_11_task_7  job_12_task_8  job_13_task_7  job_1_task_12  job_11_task_11 job_2_task_9   job_5_task_11  job_13_task_12 job_13_task_14 job_5_task_14  job_11_task_16 job_6_task_15  
           [13,19]        [58,67]        [83,86]        [89,92]        [94,102]       [102,111]      [111,112]      [115,121]      [121,128]      [129,131]      [131,138]      [138,144]      [144,147]      [152,153]      [161,166]      [170,178]      [178,184]      
Machine 3: job_7_task_0   job_8_task_1   job_10_task_2  job_7_task_2   job_5_task_3   job_10_task_4  job_12_task_1  job_9_task_3   job_9_task_4   job_0_task_4   job_4_task_4   job_10_task_8  job_4_task_6   job_0_task_6   job_14_task_9  job_14_task_10 job_5_task_10  job_14_task_11 job_3_task_10  job_13_task_8  job_3_task_12  job_13_task_11 job_14_task_14 job_3_task_13  job_11_task_13 job_4_task_14  job_7_task_10  job_9_task_14  job_3_task_14  job_1_task_15  
           [0,1]          [3,13]         [13,19]        [19,24]        [24,33]        [33,43]        [43,50]        [50,56]        [56,58]        [58,67]        [67,74]        [74,83]        [83,89]        [89,91]        [91,98]        [98,107]       [107,111]      [111,112]      [112,121]      [121,123]      [123,131]      [131,140]      [140,146]      [146,148]      [148,152]      [152,157]      [157,167]      [167,173]      [173,176]      [176,180]      
Machine 4: job_5_task_0   job_0_task_2   job_5_task_2   job_12_task_3  job_4_task_3   job_6_task_6   job_0_task_5   job_4_task_5   job_13_task_3  job_1_task_9   job_9_task_8   job_4_task_9   job_9_task_10  job_6_task_10  job_12_task_12 job_9_task_13  job_4_task_15  job_10_task_15 job_5_task_15  job_7_task_13  job_3_task_16  
           [0,10]         [12,13]        [20,24]        [52,54]        [55,60]        [66,71]        [71,72]        [74,81]        [81,83]        [83,92]        [96,105]       [109,111]      [120,124]      [124,130]      [133,142]      [149,155]      [157,164]      [167,175]      [177,178]      [178,180]      [181,186]      
Machine 5: job_14_task_0  job_10_task_1  job_3_task_0   job_7_task_3   job_3_task_3   job_8_task_3   job_10_task_6  job_10_task_7  job_12_task_5  job_13_task_2  job_9_task_6   job_10_task_9  job_5_task_9   job_8_task_13  job_1_task_11  job_12_task_9  job_13_task_9  job_0_task_13  job_4_task_11  job_12_task_13 job_5_task_13  job_4_task_16  job_7_task_11  job_2_task_16  job_7_task_16  
           [0,6]          [6,12]         [12,17]        [24,27]        [34,39]        [40,47]        [47,54]        [54,63]        [63,69]        [69,77]        [77,82]        [83,91]        [91,101]       [101,110]      [110,118]      [118,126]      [126,127]      [127,132]      [132,142]      [142,151]      [151,161]      [164,169]      [169,173]      [173,182]      [183,187]      
Machine 6: job_2_task_0   job_9_task_1   job_4_task_0   job_3_task_2   job_8_task_4   job_6_task_3   job_6_task_4   job_8_task_5   job_8_task_6   job_12_task_4  job_13_task_1  job_1_task_8   job_7_task_5   job_6_task_8   job_3_task_8   job_1_task_10  job_6_task_9   job_14_task_12 job_11_task_14 job_6_task_13  job_6_task_14  job_6_task_16  
           [0,7]          [7,9]          [9,18]         [32,34]        [47,52]        [52,54]        [54,55]        [55,56]        [56,58]        [58,62]        [65,68]        [74,81]        [81,83]        [84,87]        [92,102]       [102,109]      [109,116]      [116,123]      [159,163]      [163,170]      [170,172]      [184,187]      
Machine 7: job_1_task_0   job_1_task_1   job_11_task_0  job_2_task_3   job_6_task_1   job_5_task_4   job_10_task_5  job_3_task_6   job_11_task_3  job_11_task_4  job_9_task_5   job_1_task_7   job_11_task_5  job_8_task_9   job_14_task_7  job_14_task_8  job_9_task_7   job_12_task_7  job_2_task_8   job_10_task_11 job_11_task_9  job_1_task_13  job_2_task_13  job_11_task_15 job_0_task_15  job_0_task_16  
           [0,1]          [1,6]          [6,15]         [19,28]        [28,36]        [36,44]        [44,45]        [45,49]        [51,53]        [53,63]        [63,71]        [71,74]        [74,79]        [79,83]        [84,86]        [86,89]        [90,96]        [96,105]       [105,112]      [112,122]      [122,127]      [128,135]      [153,163]      [163,170]      [170,180]      [180,186]      
Machine 8: job_10_task_0  job_12_task_0  job_5_task_1   job_14_task_3  job_5_task_6   job_6_task_5   job_14_task_5  job_6_task_7   job_5_task_8   job_11_task_6  job_7_task_7   job_10_task_10 job_4_task_10  job_3_task_11  job_0_task_12  job_11_task_10 job_9_task_11  job_9_task_12  job_4_task_12  job_13_task_13 job_8_task_16  job_13_task_16 job_14_task_16 job_3_task_15  job_1_task_16  
           [0,1]          [1,6]          [10,20]        [34,43]        [47,56]        [56,66]        [66,74]        [74,84]        [85,91]        [91,94]        [94,98]        [102,110]      [111,121]      [121,122]      [124,127]      [127,129]      [129,137]      [137,145]      [145,149]      [149,152]      [152,160]      [160,170]      [170,176]      [176,181]      [181,187]      
Machine 9: job_7_task_1   job_0_task_1   job_0_task_3   job_4_task_1   job_14_task_2  job_3_task_4   job_3_task_5   job_5_task_5   job_13_task_5  job_8_task_11  job_8_task_12  job_0_task_9   job_4_task_8   job_13_task_6  job_11_task_8  job_10_task_12 job_12_task_10 job_1_task_14  job_2_task_12  job_12_task_14 job_14_task_15 job_10_task_14 job_12_task_16 job_5_task_16  
           [1,7]          [9,12]         [13,18]        [18,25]        [26,34]        [39,44]        [44,45]        [45,47]        [86,91]        [91,99]        [99,101]       [102,106]      [106,109]      [109,115]      [115,119]      [122,125]      [126,128]      [135,144]      [145,153]      [153,155]      [157,161]      [161,167]      [169,179]      [179,187]      
Machine 10: job_1_task_2   job_14_task_1  job_2_task_4   job_11_task_2  job_14_task_4  job_1_task_6   job_8_task_8   job_12_task_6  job_0_task_10  job_0_task_11  job_14_task_13 job_13_task_10 job_12_task_11 job_8_task_14  job_10_task_13 job_4_task_13  job_6_task_12  job_2_task_14  job_9_task_16  
           [6,16]         [16,26]        [28,32]        [41,51]        [51,57]        [60,65]        [67,68]        [69,76]        [106,114]      [114,124]      [124,127]      [127,130]      [130,133]      [133,143]      [143,151]      [151,152]      [152,161]      [163,167]      [180,184]      
Optimal Schedule Length: 187.0
Total (Unoptimized Schedule Length): 1433
Statistics
  - conflicts: 0
  - branches : 0
  - wall time: 0.35102998100000005s