
Problem
         task_0   task_1    task_2   task_3   task_4   task_5   task_6    task_7   task_8   task_9   task_10  task_11  task_12   task_13   task_14  task_15  task_16   task_17  task_18   task_19
job_0    (2, 8)   (7, 9)    (7, 4)   (4, 8)   (6, 9)   (5, 4)   (7, 6)   (4, 10)   (4, 4)  (10, 6)    (5, 4)   (6, 9)   (7, 1)    (2, 9)    (2, 2)   (5, 3)   (6, 6)    (4, 2)   (2, 2)    (0, 4)
job_1    (6, 5)   (8, 6)   (12, 1)  (10, 5)   (5, 2)   (1, 9)  (10, 4)    (6, 5)   (1, 4)   (8, 2)    (1, 4)  (10, 3)  (10, 3)    (7, 8)    (7, 7)   (4, 6)   (0, 7)   (12, 2)  (10, 2)    (7, 5)
job_2    (5, 9)   (5, 2)    (7, 1)   (9, 3)   (9, 5)   (8, 7)   (8, 3)    (0, 2)   (3, 5)   (4, 1)    (3, 8)   (2, 9)   (8, 4)    (8, 6)    (1, 5)   (1, 4)  (10, 7)    (4, 3)  (2, 10)    (2, 9)
job_3    (4, 7)   (6, 3)    (1, 8)  (10, 2)   (9, 4)   (3, 6)   (9, 2)    (0, 7)   (4, 1)   (3, 2)   (5, 10)   (7, 4)  (10, 1)    (2, 2)    (7, 1)   (3, 9)   (4, 6)    (5, 3)  (3, 10)   (11, 1)
job_4    (3, 2)   (8, 1)    (3, 1)   (3, 4)   (6, 4)   (1, 5)   (7, 7)    (5, 9)   (5, 5)  (10, 5)    (7, 3)  (2, 10)  (11, 2)    (4, 1)    (2, 6)   (9, 5)   (6, 6)    (1, 3)   (2, 4)   (11, 2)
job_5    (0, 8)   (0, 3)    (3, 9)   (7, 8)   (2, 4)  (12, 1)   (8, 1)   (10, 5)   (0, 6)  (10, 7)    (9, 3)   (1, 4)   (6, 4)    (3, 1)   (5, 10)   (0, 4)  (10, 2)    (1, 2)   (1, 1)    (0, 4)
job_6    (6, 2)   (8, 7)    (1, 2)   (2, 3)   (5, 2)   (4, 3)  (12, 5)   (11, 3)   (9, 5)   (6, 4)   (12, 8)   (3, 4)  (12, 9)   (11, 1)    (9, 7)  (12, 7)   (4, 4)   (11, 4)  (11, 9)    (4, 3)
job_7    (2, 7)   (2, 5)   (11, 4)  (11, 8)   (8, 5)   (7, 8)   (3, 2)    (7, 5)   (8, 3)   (2, 4)    (2, 6)   (3, 6)   (0, 5)  (11, 10)   (10, 1)  (10, 3)   (3, 1)   (9, 10)   (6, 4)    (9, 3)
job_8    (7, 7)   (5, 7)    (8, 7)   (9, 7)  (10, 1)   (3, 4)   (7, 2)   (12, 8)   (0, 3)  (12, 7)    (8, 2)   (3, 2)  (4, 10)    (9, 6)    (1, 7)   (3, 5)  (2, 10)   (11, 9)   (0, 8)    (5, 8)
job_9   (12, 7)   (1, 4)    (9, 9)   (4, 7)   (3, 5)   (5, 9)   (7, 6)    (7, 2)   (1, 6)   (4, 8)  (12, 10)  (11, 2)  (11, 2)    (3, 4)   (7, 10)   (2, 4)   (2, 4)    (0, 1)   (0, 1)    (9, 3)
job_10   (9, 2)   (5, 8)   (10, 3)   (1, 3)  (10, 4)   (1, 3)   (2, 2)    (2, 3)   (5, 9)   (2, 3)    (2, 8)   (1, 5)   (9, 2)    (5, 2)    (1, 3)   (0, 8)  (10, 2)    (4, 5)   (1, 5)    (5, 1)
job_11   (2, 4)   (9, 4)    (4, 4)   (7, 4)  (10, 5)   (2, 4)   (6, 4)  (10, 10)   (5, 9)   (2, 9)    (8, 1)   (2, 8)   (8, 9)   (10, 2)    (4, 5)  (10, 7)   (9, 8)    (8, 8)   (0, 3)   (0, 10)
job_12   (5, 9)  (4, 10)    (2, 6)   (2, 1)   (4, 6)   (6, 7)  (11, 3)    (4, 1)   (2, 4)  (12, 6)    (0, 6)  (12, 9)   (6, 3)    (9, 9)    (2, 6)  (12, 4)  (12, 7)    (7, 6)   (6, 9)    (2, 6)
job_13   (8, 8)   (5, 2)    (0, 5)   (0, 3)  (0, 10)   (7, 3)   (6, 2)    (9, 3)   (6, 5)   (9, 1)    (0, 8)   (5, 5)   (8, 9)    (4, 6)   (12, 2)   (3, 3)   (4, 7)   (2, 10)   (7, 9)    (2, 1)
job_14   (8, 9)   (6, 4)   (11, 5)   (7, 7)   (0, 9)   (6, 8)   (9, 3)    (7, 5)  (11, 1)  (12, 7)   (12, 7)  (12, 2)  (11, 1)   (1, 10)    (4, 5)  (1, 10)  (12, 2)    (3, 1)   (9, 5)  (10, 10)
job_15   (5, 1)   (7, 4)    (3, 3)  (11, 9)  (8, 10)  (9, 10)   (0, 9)    (5, 9)   (1, 1)   (9, 9)    (8, 2)   (8, 8)  (12, 4)    (8, 5)   (10, 4)   (8, 9)   (8, 8)   (6, 10)   (8, 4)    (4, 5)
job_16   (8, 2)   (3, 2)    (2, 2)  (11, 9)   (9, 2)   (3, 4)   (9, 8)    (6, 5)   (6, 6)   (0, 5)    (6, 5)   (3, 7)   (2, 4)    (0, 5)  (11, 10)   (5, 5)   (1, 2)    (4, 2)   (9, 9)    (6, 7)
job_17   (0, 9)  (10, 8)  (12, 10)   (8, 5)   (0, 9)  (8, 10)   (3, 7)   (11, 8)   (2, 8)  (4, 10)    (3, 5)  (11, 4)   (8, 6)   (12, 1)    (1, 4)   (8, 2)   (9, 6)    (8, 5)   (2, 1)    (7, 4)
job_18  (11, 9)   (8, 9)   (12, 7)   (0, 6)  (5, 10)  (6, 10)  (10, 1)    (9, 6)  (0, 10)  (7, 10)    (8, 5)  (8, 10)   (3, 9)    (3, 4)  (12, 10)  (12, 2)   (1, 9)  (11, 10)   (3, 4)    (9, 7)


Solution:
Machine 0: job_5_task_0   job_5_task_1   job_17_task_0  job_13_task_2  job_13_task_3  job_13_task_4  job_8_task_8   job_18_task_3  job_16_task_9  job_2_task_7   job_3_task_7   job_13_task_10 job_12_task_10 job_17_task_4  job_18_task_8  job_14_task_4  job_15_task_6  job_5_task_8   job_7_task_12  job_16_task_13 job_10_task_15 job_8_task_18  job_5_task_15  job_9_task_17  job_9_task_18  job_1_task_16  job_0_task_19  job_5_task_19  job_11_task_18 job_11_task_19 
           [0,8]          [8,11]         [11,20]        [20,25]        [25,28]        [28,38]        [46,49]        [53,59]        [59,64]        [65,67]        [67,74]        [74,82]        [82,88]        [88,97]        [97,107]       [107,116]      [116,125]      [125,131]      [131,136]      [136,141]      [146,154]      [161,169]      [173,177]      [177,178]      [178,179]      [180,187]      [187,191]      [191,195]      [195,198]      [198,208]      
Machine 1: job_9_task_1   job_10_task_3  job_6_task_2   job_3_task_2   job_10_task_5  job_4_task_5   job_10_task_11 job_9_task_8   job_1_task_5   job_1_task_8   job_8_task_14  job_2_task_14  job_15_task_8  job_1_task_10  job_2_task_15  job_10_task_14 job_5_task_11  job_14_task_13 job_17_task_14 job_14_task_15 job_18_task_16 job_16_task_16 job_5_task_17  job_5_task_18  job_4_task_17  job_10_task_18 
           [7,11]         [13,16]        [17,19]        [19,27]        [27,30]        [36,41]        [81,86]        [86,92]        [98,107]       [116,120]      [120,127]      [127,132]      [134,135]      [135,139]      [139,143]      [143,146]      [147,151]      [152,162]      [162,166]      [167,177]      [177,186]      [186,188]      [188,190]      [190,191]      [191,194]      [194,199]      
Machine 2: job_11_task_0  job_16_task_2  job_0_task_0   job_7_task_0   job_11_task_5  job_6_task_3   job_7_task_1   job_10_task_6  job_10_task_7  job_5_task_4   job_12_task_2  job_12_task_3  job_10_task_9  job_10_task_10 job_11_task_9  job_12_task_8  job_11_task_11 job_2_task_11  job_16_task_12 job_7_task_9   job_7_task_10  job_4_task_11  job_12_task_14 job_3_task_13  job_17_task_8  job_4_task_14  job_8_task_16  job_9_task_15  job_0_task_13  job_2_task_18  job_0_task_14  job_9_task_16  job_13_task_17 job_0_task_18  job_2_task_19  job_4_task_18  job_17_task_18 job_12_task_19 job_13_task_19 
           [0,4]          [4,6]          [6,14]         [14,21]        [21,25]        [25,28]        [28,33]        [33,35]        [35,38]        [38,42]        [42,48]        [48,49]        [49,52]        [52,60]        [60,69]        [69,73]        [73,81]        [81,90]        [90,94]        [94,98]        [98,104]       [104,114]      [114,120]      [120,122]      [122,130]      [130,136]      [136,146]      [146,150]      [150,159]      [159,169]      [169,171]      [171,175]      [175,185]      [185,187]      [187,196]      [196,200]      [200,201]      [201,207]      [207,208]      
Machine 3: job_4_task_0   job_16_task_1  job_15_task_2  job_5_task_2   job_16_task_5  job_4_task_2   job_4_task_3   job_8_task_5   job_9_task_4   job_3_task_5   job_2_task_8   job_2_task_10  job_7_task_6   job_16_task_11 job_3_task_9   job_8_task_11  job_6_task_11  job_17_task_6  job_7_task_11  job_9_task_13  job_8_task_15  job_3_task_15  job_17_task_10 job_18_task_12 job_18_task_13 job_7_task_16  job_5_task_13  job_13_task_15 job_3_task_18  job_14_task_17 job_18_task_18 
           [0,2]          [2,4]          [11,14]        [14,23]        [23,27]        [27,28]        [28,32]        [32,36]        [36,41]        [47,53]        [67,72]        [73,81]        [81,83]        [83,90]        [90,92]        [97,99]        [100,104]      [107,114]      [114,120]      [120,124]      [127,132]      [133,142]      [142,147]      [147,156]      [156,160]      [160,161]      [162,163]      [163,166]      [166,176]      [179,180]      [196,200]      
Machine 4: job_3_task_0   job_11_task_2  job_9_task_3   job_12_task_1  job_12_task_4  job_6_task_5   job_0_task_3   job_12_task_7  job_2_task_9   job_3_task_8   job_9_task_9   job_8_task_12  job_11_task_14 job_0_task_7   job_4_task_13  job_0_task_8   job_17_task_9  job_13_task_13 job_3_task_16  job_2_task_17  job_6_task_16  job_14_task_14 job_13_task_16 job_1_task_15  job_0_task_17  job_10_task_17 job_16_task_17 job_6_task_19  job_15_task_19 
           [0,7]          [8,12]         [20,27]        [28,38]        [49,55]        [55,58]        [58,66]        [67,68]        [72,73]        [74,75]        [92,100]       [100,110]      [110,115]      [115,125]      [125,126]      [126,130]      [130,140]      [140,146]      [146,152]      [152,155]      [156,160]      [162,167]      [167,174]      [174,180]      [182,184]      [184,189]      [189,191]      [191,194]      [203,208]      
Machine 5: job_15_task_0  job_10_task_1  job_8_task_1   job_13_task_1  job_12_task_0  job_2_task_0   job_2_task_1   job_10_task_8  job_6_task_4   job_11_task_8  job_18_task_4  job_9_task_5   job_4_task_7   job_4_task_8   job_1_task_4   job_0_task_5   job_3_task_10  job_13_task_11 job_10_task_13 job_15_task_7  job_0_task_10  job_3_task_17  job_5_task_14  job_0_task_15  job_16_task_15 job_8_task_19  job_10_task_19 
           [1,2]          [2,10]         [10,17]        [17,19]        [19,28]        [28,37]        [37,39]        [39,48]        [48,50]        [50,59]        [59,69]        [69,78]        [78,87]        [87,92]        [92,94]        [96,100]       [100,110]      [110,115]      [115,117]      [125,134]      [136,140]      [152,155]      [163,173]      [173,176]      [176,181]      [181,189]      [199,200]      
Machine 6: job_6_task_0   job_1_task_0   job_3_task_1   job_11_task_6  job_4_task_4   job_16_task_7  job_13_task_6  job_16_task_8  job_13_task_8  job_12_task_5  job_16_task_10 job_18_task_5  job_6_task_9   job_14_task_1  job_0_task_4   job_12_task_12 job_1_task_7   job_14_task_5  job_0_task_11  job_12_task_18 job_5_task_12  job_4_task_16  job_7_task_18  job_0_task_16  job_15_task_17 job_16_task_19 
           [0,2]          [2,7]          [8,11]         [25,29]        [32,36]        [39,44]        [44,46]        [46,52]        [52,57]        [57,64]        [64,69]        [69,79]        [79,83]        [83,87]        [87,96]        [100,103]      [111,116]      [116,124]      [140,149]      [149,158]      [158,162]      [162,168]      [171,175]      [176,182]      [186,196]      [200,207]      
Machine 7: job_8_task_0   job_15_task_1  job_11_task_3  job_0_task_1   job_5_task_3   job_8_task_6   job_13_task_5  job_2_task_2   job_0_task_2   job_4_task_6   job_7_task_5   job_9_task_6   job_9_task_7   job_7_task_7   job_4_task_10  job_14_task_3  job_0_task_6   job_3_task_11  job_18_task_9  job_14_task_7  job_3_task_14  job_9_task_14  job_12_task_17 job_0_task_12  job_1_task_13  job_1_task_14  job_13_task_18 job_1_task_19  job_17_task_19 
           [0,7]          [7,11]         [12,16]        [16,25]        [25,33]        [36,38]        [38,41]        [41,42]        [42,46]        [46,53]        [70,78]        [78,84]        [84,86]        [86,91]        [97,100]       [100,107]      [107,113]      [113,117]      [117,127]      [127,132]      [132,133]      [133,143]      [143,149]      [149,150]      [156,164]      [164,171]      [185,194]      [197,202]      [202,206]      
Machine 8: job_16_task_0  job_13_task_0  job_6_task_1   job_8_task_2   job_4_task_1   job_14_task_0  job_18_task_1  job_15_task_4  job_5_task_6   job_2_task_5   job_2_task_6   job_7_task_4   job_11_task_10 job_1_task_1   job_17_task_3  job_11_task_12 job_7_task_8   job_8_task_10  job_17_task_5  job_2_task_12  job_2_task_13  job_13_task_12 job_1_task_9   job_18_task_10 job_18_task_11 job_15_task_10 job_15_task_11 job_17_task_12 job_15_task_13 job_17_task_15 job_15_task_15 job_15_task_16 job_11_task_17 job_17_task_17 job_15_task_18 
           [0,2]          [2,10]         [10,17]        [17,24]        [24,25]        [25,34]        [34,43]        [43,53]        [54,55]        [55,62]        [62,65]        [65,70]        [70,71]        [71,77]        [77,82]        [82,91]        [91,94]        [95,97]        [97,107]       [107,111]      [111,117]      [117,126]      [126,128]      [128,133]      [133,143]      [144,146]      [146,154]      [154,160]      [160,165]      [166,168]      [169,178]      [178,186]      [186,194]      [194,199]      [199,203]      
Machine 9: job_10_task_0  job_11_task_1  job_9_task_2   job_16_task_4  job_8_task_3   job_16_task_6  job_3_task_4   job_2_task_3   job_13_task_7  job_2_task_4   job_3_task_6   job_15_task_5  job_13_task_9  job_6_task_8   job_18_task_7  job_10_task_12 job_12_task_13 job_8_task_13  job_14_task_6  job_6_task_14  job_15_task_9  job_5_task_10  job_4_task_15  job_11_task_16 job_7_task_17  job_17_task_16 job_7_task_19  job_14_task_18 job_9_task_19  job_16_task_18 job_18_task_19 
           [0,2]          [4,8]          [11,20]        [20,22]        [24,31]        [31,39]        [39,43]        [43,46]        [46,49]        [49,54]        [54,56]        [56,66]        [66,67]        [72,77]        [80,86]        [99,101]       [103,112]      [112,118]      [124,127]      [127,134]      [135,144]      [144,147]      [147,152]      [152,160]      [161,171]      [171,177]      [177,180]      [180,185]      [185,188]      [191,200]      [200,207]      
Machine 10: job_10_task_2  job_11_task_4  job_10_task_4  job_3_task_3   job_8_task_4   job_11_task_7  job_17_task_1  job_5_task_7   job_18_task_6  job_1_task_3   job_4_task_9   job_11_task_13 job_1_task_6   job_3_task_12  job_11_task_15 job_0_task_9   job_5_task_9   job_2_task_16  job_1_task_11  job_1_task_12  job_7_task_14  job_7_task_15  job_10_task_16 job_15_task_14 job_5_task_16  job_14_task_19 job_1_task_18  
           [10,13]        [16,21]        [21,25]        [27,29]        [31,32]        [32,42]        [42,50]        [55,60]        [79,80]        [83,88]        [92,97]        [98,100]       [107,111]      [117,118]      [118,125]      [130,136]      [136,143]      [143,150]      [150,153]      [153,156]      [156,157]      [157,160]      [160,162]      [165,169]      [177,179]      [185,195]      [195,197]      
Machine 11: job_16_task_3  job_15_task_3  job_18_task_0  job_7_task_2   job_7_task_3   job_12_task_6  job_6_task_7   job_14_task_2  job_9_task_11  job_9_task_12  job_17_task_7  job_6_task_13  job_4_task_12  job_14_task_8  job_7_task_13  job_17_task_11 job_14_task_12 job_8_task_17  job_16_task_14 job_6_task_17  job_6_task_18  job_3_task_19  job_18_task_17 job_4_task_19  
           [6,15]         [15,24]        [24,33]        [33,37]        [43,51]        [64,67]        [69,72]        [87,92]        [110,112]      [112,114]      [114,122]      [122,123]      [123,125]      [132,133]      [136,146]      [147,151]      [151,152]      [152,161]      [161,171]      [171,175]      [175,184]      [184,185]      [186,196]      [200,202]      
Machine 12: job_9_task_0   job_8_task_7   job_18_task_2  job_5_task_5   job_17_task_2  job_6_task_6   job_8_task_9   job_12_task_9  job_1_task_2   job_6_task_10  job_12_task_11 job_9_task_10  job_6_task_12  job_12_task_15 job_12_task_16 job_14_task_9  job_14_task_10 job_14_task_11 job_6_task_15  job_15_task_12 job_17_task_13 job_13_task_14 job_18_task_14 job_18_task_15 job_14_task_16 job_1_task_17  
           [0,7]          [38,46]        [46,53]        [53,54]        [54,64]        [64,69]        [69,76]        [76,82]        [82,83]        [83,91]        [91,100]       [100,110]      [110,119]      [120,124]      [124,131]      [133,140]      [140,147]      [147,149]      [149,156]      [156,160]      [160,161]      [161,163]      [163,173]      [173,175]      [177,179]      [187,189]      
Optimal Schedule Length: 208.0
Total (Unoptimized Schedule Length): 2005
Statistics
  - conflicts: 0
  - branches : 0
  - wall time: 34.004003198s