
Problem
         task_0    task_1   task_2    task_3   task_4    task_5   task_6   task_7   task_8   task_9   task_10   task_11  task_12   task_13   task_14   task_15
job_0    (6, 7)   (11, 5)   (5, 8)   (4, 10)   (8, 8)    (0, 4)   (5, 3)   (4, 2)   (0, 6)  (13, 5)    (7, 6)    (4, 3)  (14, 9)    (6, 7)    (2, 6)    (4, 8)
job_1    (5, 3)   (7, 10)  (13, 7)    (6, 3)  (3, 10)    (3, 9)   (5, 1)   (1, 5)   (5, 1)   (0, 7)    (0, 8)    (6, 6)  (5, 10)  (14, 10)    (2, 1)    (5, 2)
job_2    (6, 7)   (13, 9)  (14, 9)    (0, 4)  (12, 8)   (11, 1)   (6, 3)  (14, 3)   (9, 8)  (14, 9)  (12, 10)    (0, 4)   (1, 6)  (14, 10)    (6, 9)   (13, 9)
job_3   (11, 3)   (12, 6)   (3, 4)   (12, 3)   (3, 5)   (10, 8)   (1, 1)  (13, 8)   (5, 9)  (11, 3)    (8, 4)    (7, 8)   (2, 1)   (12, 3)    (9, 5)   (8, 10)
job_4    (1, 1)   (12, 5)   (6, 8)    (8, 4)   (2, 6)   (14, 5)   (7, 9)  (5, 10)  (13, 8)   (7, 2)    (9, 7)    (3, 8)  (12, 9)   (10, 5)    (6, 8)    (7, 1)
job_5    (2, 8)    (5, 3)   (3, 1)   (11, 8)   (6, 2)  (12, 10)   (4, 6)   (6, 4)   (0, 4)   (5, 5)    (6, 3)    (0, 5)  (12, 3)    (6, 6)   (13, 8)    (8, 8)
job_6   (12, 5)    (8, 3)   (6, 5)   (14, 6)   (9, 5)    (6, 4)   (5, 7)   (8, 3)  (13, 3)   (9, 6)   (0, 10)   (14, 6)   (5, 4)   (10, 7)   (14, 6)   (11, 6)
job_7    (9, 1)   (11, 8)   (9, 2)   (10, 9)   (2, 4)   (13, 4)   (8, 9)   (3, 8)   (8, 6)   (2, 8)    (7, 3)    (9, 7)   (2, 1)    (6, 9)   (12, 6)    (9, 5)
job_8    (9, 3)    (3, 2)  (2, 10)    (5, 6)  (4, 10)    (6, 9)   (1, 2)   (2, 6)  (10, 6)  (1, 10)   (6, 10)   (13, 7)   (0, 3)   (5, 10)    (6, 3)  (10, 10)
job_9   (13, 1)    (9, 1)  (6, 10)    (2, 9)  (9, 10)   (11, 3)   (8, 1)  (10, 7)  (12, 7)   (4, 6)    (9, 3)   (14, 2)   (8, 3)    (4, 4)    (3, 6)    (0, 3)
job_10  (13, 5)    (3, 5)  (11, 3)   (14, 5)  (5, 10)    (2, 4)   (3, 4)   (5, 8)   (6, 2)   (2, 3)    (5, 2)   (10, 5)   (8, 6)    (0, 5)  (12, 10)    (3, 9)
job_11  (11, 2)    (6, 4)  (13, 5)   (14, 1)  (11, 9)    (0, 9)  (11, 8)   (9, 1)   (9, 3)   (4, 7)    (6, 3)    (7, 1)   (1, 8)    (7, 2)    (5, 1)    (6, 2)
job_12   (6, 7)  (12, 10)   (2, 5)   (14, 6)   (2, 6)    (9, 3)   (3, 6)  (14, 2)   (8, 9)  (10, 6)   (12, 7)    (9, 4)  (11, 9)    (3, 9)    (6, 4)   (12, 1)
job_13  (13, 9)    (5, 6)  (13, 7)    (6, 7)  (0, 10)   (14, 4)   (2, 7)   (8, 5)  (13, 3)  (12, 8)    (5, 4)    (4, 3)  (11, 2)   (12, 2)  (10, 10)    (8, 8)
job_14   (5, 6)   (10, 4)  (14, 5)   (10, 9)   (9, 3)   (13, 2)   (6, 9)   (9, 5)  (10, 9)  (14, 1)    (8, 9)    (7, 6)   (8, 9)   (6, 10)   (13, 4)   (14, 2)
job_15   (4, 8)  (13, 10)  (13, 8)    (9, 1)   (3, 2)   (12, 2)   (4, 9)   (0, 5)   (7, 6)   (8, 1)   (12, 1)   (8, 10)  (13, 5)    (3, 7)   (1, 10)    (8, 6)
job_16  (0, 10)   (0, 10)   (3, 3)  (13, 10)   (5, 3)    (6, 3)  (11, 1)  (11, 2)  (14, 8)   (3, 8)    (8, 4)  (12, 10)   (6, 9)    (5, 3)    (8, 5)  (14, 10)
job_17   (3, 9)    (3, 6)  (12, 6)    (1, 8)  (10, 6)   (13, 7)   (3, 8)   (0, 1)   (3, 9)  (11, 3)    (1, 4)    (9, 7)   (5, 1)   (10, 2)    (9, 8)   (14, 9)
job_18   (8, 2)   (2, 10)   (0, 8)    (7, 5)  (11, 3)    (6, 4)  (12, 6)   (9, 7)  (11, 4)   (0, 7)   (13, 9)    (7, 9)  (7, 10)   (12, 7)   (10, 5)   (12, 8)


Solution:
Machine 0: job_16_task_0  job_16_task_1  job_18_task_2  job_2_task_3   job_15_task_7  job_11_task_5  job_5_task_8   job_1_task_9   job_2_task_11  job_1_task_10  job_13_task_4  job_18_task_9  job_0_task_5   job_6_task_10  job_8_task_12  job_17_task_7  job_0_task_8   job_5_task_11  job_10_task_13 job_9_task_15  
           [0,10]         [10,20]        [20,28]        [28,32]        [48,53]        [64,73]        [73,77]        [78,85]        [85,89]        [89,97]        [99,109]       [109,116]      [116,120]      [120,130]      [130,133]      [133,134]      [134,140]      [140,145]      [145,150]      [155,158]      
Machine 1: job_4_task_0   job_3_task_6   job_8_task_6   job_8_task_9   job_1_task_7   job_17_task_3  job_2_task_12  job_15_task_14 job_17_task_10 job_11_task_12 
           [0,1]          [32,33]        [47,49]        [61,71]        [72,77]        [77,85]        [89,95]        [95,105]       [149,153]      [153,161]      
Machine 2: job_18_task_1  job_8_task_2   job_5_task_0   job_7_task_4   job_12_task_2  job_10_task_5  job_8_task_7   job_4_task_4   job_12_task_4  job_3_task_12  job_9_task_3   job_10_task_9  job_7_task_9   job_7_task_12  job_13_task_6  job_1_task_14  job_0_task_14  
           [2,12]         [12,22]        [22,30]        [30,34]        [34,39]        [43,47]        [49,55]        [55,61]        [61,67]        [67,68]        [68,77]        [77,80]        [94,102]       [112,113]      [113,120]      [126,127]      [171,177]      
Machine 3: job_8_task_1   job_3_task_2   job_10_task_1  job_3_task_4   job_17_task_0  job_16_task_2  job_15_task_4  job_5_task_2   job_17_task_1  job_10_task_6  job_1_task_4   job_1_task_5   job_12_task_6  job_7_task_7   job_15_task_13 job_16_task_9  job_17_task_6  job_4_task_11  job_17_task_8  job_9_task_14  job_12_task_13 job_10_task_15 
           [3,5]          [9,13]         [13,18]        [18,23]        [23,32]        [32,35]        [35,37]        [37,38]        [38,44]        [47,51]        [52,62]        [62,71]        [71,77]        [77,85]        [85,92]        [95,103]       [103,111]      [129,137]      [137,146]      [149,155]      [158,167]      [172,181]      
Machine 4: job_15_task_0  job_8_task_4   job_15_task_6  job_5_task_6   job_0_task_3   job_11_task_9  job_9_task_9   job_0_task_7   job_9_task_13  job_0_task_11  job_13_task_11 job_0_task_15  
           [0,8]          [28,38]        [39,48]        [59,65]        [68,78]        [85,92]        [113,119]      [124,126]      [145,149]      [151,154]      [154,157]      [177,185]      
Machine 5: job_1_task_0   job_14_task_0  job_8_task_3   job_5_task_1   job_10_task_4  job_3_task_8   job_10_task_7  job_0_task_2   job_1_task_6   job_16_task_4  job_1_task_8   job_13_task_1  job_4_task_7   job_6_task_6   job_10_task_10 job_1_task_12  job_5_task_9   job_0_task_6   job_1_task_15  job_16_task_13 job_8_task_13  job_6_task_12  job_13_task_10 job_17_task_12 job_11_task_14 
           [0,3]          [3,9]          [22,28]        [30,33]        [33,43]        [43,52]        [52,60]        [60,68]        [71,72]        [72,75]        [77,78]        [78,84]        [84,94]        [94,101]       [104,106]      [106,116]      [116,121]      [121,124]      [127,129]      [132,135]      [135,145]      [145,149]      [149,153]      [160,161]      [163,164]      
Machine 6: job_2_task_0   job_0_task_0   job_12_task_0  job_4_task_2   job_6_task_2   job_11_task_1  job_8_task_5   job_5_task_4   job_1_task_3   job_2_task_6   job_9_task_2   job_5_task_7   job_10_task_8  job_8_task_10  job_16_task_5  job_6_task_5   job_18_task_5  job_13_task_3  job_1_task_11  job_14_task_6  job_7_task_13  job_16_task_12 job_5_task_10  job_2_task_14  job_11_task_10 job_8_task_14  job_5_task_13  job_4_task_14  job_0_task_13  job_14_task_13 job_12_task_14 job_11_task_15 
           [0,7]          [7,14]         [14,21]        [21,29]        [29,34]        [34,38]        [38,47]        [47,49]        [49,52]        [52,55]        [55,65]        [65,69]        [69,71]        [71,81]        [81,84]        [84,88]        [88,92]        [92,99]        [99,105]       [105,114]      [114,123]      [123,132]      [132,135]      [135,144]      [144,147]      [147,150]      [150,156]      [156,164]      [164,171]      [171,181]      [181,185]      [185,187]      
Machine 7: job_1_task_1   job_18_task_3  job_15_task_8  job_3_task_11  job_4_task_6   job_7_task_10  job_4_task_9   job_18_task_11 job_18_task_12 job_0_task_10  job_11_task_11 job_14_task_11 job_11_task_13 job_4_task_15  
           [3,13]         [28,33]        [53,59]        [59,67]        [67,76]        [102,105]      [107,109]      [126,135]      [135,145]      [145,151]      [151,152]      [154,160]      [161,163]      [164,165]      
Machine 8: job_18_task_0  job_6_task_1   job_4_task_3   job_3_task_10  job_15_task_9  job_7_task_6   job_15_task_11 job_12_task_8  job_7_task_8   job_9_task_6   job_6_task_7   job_16_task_10 job_0_task_4   job_10_task_12 job_13_task_7  job_3_task_15  job_16_task_14 job_9_task_12  job_14_task_10 job_15_task_15 job_14_task_12 job_5_task_15  job_13_task_15 
           [0,2]          [22,25]        [29,33]        [55,59]        [59,60]        [60,69]        [69,79]        [79,88]        [88,94]        [98,99]        [101,104]      [104,108]      [108,116]      [116,122]      [122,127]      [127,137]      [137,142]      [142,145]      [145,154]      [154,160]      [160,169]      [169,177]      [177,185]      
Machine 9: job_8_task_0   job_7_task_0   job_9_task_1   job_7_task_2   job_15_task_3  job_6_task_4   job_14_task_4  job_2_task_8   job_12_task_5  job_3_task_14  job_11_task_7  job_11_task_8  job_9_task_4   job_18_task_7  job_7_task_11  job_6_task_9   job_9_task_10  job_4_task_10  job_14_task_7  job_7_task_15  job_12_task_11 job_17_task_11 job_17_task_14 
           [0,3]          [3,4]          [6,7]          [13,15]        [34,35]        [40,45]        [45,48]        [58,66]        [67,70]        [71,76]        [81,82]        [82,85]        [85,95]        [98,105]       [105,112]      [112,118]      [119,122]      [122,129]      [129,134]      [134,139]      [139,143]      [153,160]      [166,174]      
Machine 10: job_14_task_1  job_7_task_3   job_3_task_5   job_14_task_3  job_8_task_8   job_17_task_4  job_12_task_9  job_9_task_7   job_10_task_11 job_14_task_8  job_4_task_13  job_6_task_13  job_18_task_14 job_17_task_13 job_13_task_14 job_8_task_15  
           [9,13]         [15,24]        [24,32]        [32,41]        [55,61]        [85,91]        [91,97]        [99,106]       [106,111]      [134,143]      [147,152]      [152,159]      [159,164]      [164,166]      [166,176]      [176,186]      
Machine 11: job_3_task_0   job_11_task_0  job_7_task_1   job_0_task_1   job_10_task_2  job_18_task_4  job_5_task_3   job_2_task_5   job_3_task_9   job_11_task_4  job_11_task_6  job_16_task_6  job_16_task_7  job_9_task_5   job_18_task_8  job_17_task_9  job_12_task_12 job_13_task_12 job_6_task_15  
           [0,3]          [3,5]          [5,13]         [14,19]        [19,22]        [33,36]        [38,46]        [47,48]        [52,55]        [55,64]        [73,81]        [84,85]        [85,87]        [95,98]        [105,109]      [146,149]      [149,158]      [158,160]      [169,175]      
Machine 12: job_3_task_1   job_4_task_1   job_3_task_3   job_6_task_0   job_12_task_1  job_15_task_5  job_2_task_4   job_5_task_5   job_17_task_2  job_15_task_10 job_3_task_13  job_2_task_10  job_18_task_6  job_12_task_10 job_9_task_8   job_16_task_11 job_7_task_14  job_13_task_9  job_4_task_12  job_5_task_12  job_18_task_13 job_13_task_13 job_10_task_14 job_18_task_15 job_12_task_15 
           [3,9]          [9,14]         [14,17]        [17,22]        [22,32]        [37,39]        [39,47]        [49,59]        [59,65]        [65,66]        [68,71]        [75,85]        [92,98]        [98,105]       [106,113]      [113,123]      [124,130]      [130,138]      [138,147]      [147,150]      [150,157]      [160,162]      [162,172]      [172,180]      [185,186]      
Machine 13: job_10_task_0  job_9_task_0   job_2_task_1   job_15_task_1  job_15_task_2  job_3_task_7   job_1_task_2   job_11_task_2  job_7_task_5   job_16_task_3  job_13_task_0  job_14_task_5  job_15_task_12 job_13_task_2  job_17_task_5  job_4_task_8   job_6_task_8   job_8_task_11  job_18_task_10 job_13_task_8  job_0_task_9   job_2_task_15  job_5_task_14  job_14_task_14 
           [0,5]          [5,6]          [7,16]         [16,26]        [26,34]        [34,42]        [42,49]        [49,54]        [55,59]        [59,69]        [69,78]        [78,80]        [80,85]        [85,92]        [92,99]        [99,107]       [107,110]      [110,117]      [117,126]      [127,130]      [140,145]      [145,154]      [156,164]      [181,185]      
Machine 14: job_14_task_2  job_2_task_2   job_10_task_3  job_6_task_3   job_12_task_3  job_11_task_3  job_2_task_7   job_4_task_5   job_2_task_9   job_12_task_7  job_16_task_8  job_2_task_13  job_13_task_5  job_1_task_13  job_9_task_11  job_6_task_11  job_14_task_9  job_16_task_15 job_0_task_12  job_6_task_14  job_17_task_15 job_14_task_15 
           [13,18]        [18,27]        [27,32]        [34,40]        [40,46]        [54,55]        [55,58]        [61,66]        [66,75]        [77,79]        [87,95]        [95,105]       [109,113]      [116,126]      [126,128]      [130,136]      [143,144]      [144,154]      [154,163]      [163,169]      [174,183]      [185,187]      
Optimal Schedule Length: 187.0
Total (Unoptimized Schedule Length): 1741
Statistics
  - conflicts: 0
  - branches : 0
  - wall time: 0.336416049s