
Problem
         task_0   task_1   task_2   task_3   task_4   task_5   task_6   task_7  task_8   task_9  task_10  task_11  task_12  task_13
job_0    (1, 5)   (5, 1)   (7, 7)   (1, 9)   (0, 5)   (2, 8)   (3, 7)   (0, 6)  (0, 7)   (6, 9)   (3, 8)   (6, 6)   (2, 8)  (6, 10)
job_1   (0, 10)   (4, 3)   (1, 5)  (0, 10)   (1, 6)  (4, 10)   (4, 1)   (6, 7)  (2, 6)   (1, 2)  (1, 10)   (0, 2)   (0, 1)   (2, 7)
job_2    (4, 2)   (6, 6)   (6, 8)   (7, 9)   (0, 1)   (3, 4)   (3, 4)   (0, 2)  (3, 7)   (5, 3)   (1, 6)   (7, 1)   (2, 3)   (1, 3)
job_3    (5, 9)   (1, 4)   (2, 3)   (0, 1)   (2, 5)   (4, 4)   (6, 8)   (2, 8)  (6, 4)   (3, 1)   (0, 1)  (2, 10)   (6, 5)  (6, 10)
job_4    (6, 5)   (3, 8)  (7, 10)   (1, 6)  (4, 10)   (1, 2)   (4, 2)   (3, 2)  (3, 4)  (3, 10)   (4, 1)   (1, 2)   (6, 1)   (4, 7)
job_5    (3, 5)   (1, 9)   (5, 4)   (2, 9)   (2, 2)   (2, 5)   (2, 1)  (4, 10)  (1, 3)   (5, 3)   (2, 3)   (0, 9)   (0, 4)   (3, 3)
job_6    (7, 3)   (0, 8)   (1, 6)   (5, 7)   (0, 4)   (3, 4)   (0, 6)   (6, 6)  (2, 3)   (0, 2)   (1, 6)   (1, 9)   (4, 2)   (5, 2)
job_7    (6, 3)   (4, 3)   (0, 7)   (1, 6)   (2, 8)   (5, 5)  (0, 10)   (4, 9)  (6, 6)  (2, 10)  (5, 10)   (0, 5)   (3, 6)   (2, 8)
job_8    (7, 8)   (3, 8)   (2, 6)   (1, 1)   (3, 4)  (2, 10)   (7, 2)   (4, 5)  (5, 8)   (4, 9)   (0, 2)   (6, 3)   (4, 2)   (2, 5)
job_9   (3, 10)   (3, 7)   (7, 3)   (2, 3)   (4, 7)   (7, 6)   (1, 5)   (6, 1)  (5, 2)   (6, 1)   (7, 7)   (4, 1)   (5, 1)   (6, 8)
job_10   (4, 5)   (6, 2)   (1, 5)   (1, 2)   (7, 2)   (4, 1)   (7, 1)   (2, 8)  (2, 9)   (3, 6)   (7, 2)   (1, 5)  (3, 10)   (0, 3)
job_11  (3, 10)   (3, 7)  (6, 10)  (5, 10)   (3, 8)   (2, 4)   (6, 6)   (0, 7)  (4, 3)  (0, 10)   (0, 8)   (5, 3)   (6, 7)   (7, 3)
job_12   (2, 8)   (3, 1)  (4, 10)   (3, 5)   (4, 7)   (6, 7)   (6, 9)   (7, 4)  (4, 6)   (3, 1)   (0, 7)   (6, 2)   (6, 9)   (0, 9)
job_13   (5, 7)   (6, 5)   (6, 1)  (1, 10)  (7, 10)   (5, 7)   (0, 7)   (2, 7)  (3, 2)   (7, 3)   (1, 9)  (5, 10)   (5, 1)   (7, 3)
job_14   (3, 4)  (2, 10)   (0, 4)  (6, 10)   (1, 3)   (3, 6)   (5, 9)   (6, 2)  (2, 9)   (7, 9)   (2, 2)   (7, 3)   (2, 2)   (2, 3)
job_15   (2, 6)   (7, 9)   (1, 5)   (2, 5)   (0, 3)   (4, 6)   (5, 5)   (6, 5)  (1, 6)   (7, 5)   (4, 9)   (2, 8)   (3, 9)   (2, 6)
job_16   (5, 3)   (1, 9)  (0, 10)  (6, 10)   (6, 8)  (3, 10)   (5, 4)   (4, 8)  (2, 4)   (6, 8)   (3, 7)   (5, 1)   (4, 8)   (3, 6)
job_17   (6, 8)   (4, 9)   (3, 8)   (3, 5)   (5, 9)   (3, 5)   (0, 4)   (1, 1)  (2, 1)   (7, 7)   (3, 1)   (0, 7)   (3, 1)   (2, 5)
job_18   (6, 4)   (2, 6)   (3, 2)   (2, 7)   (1, 5)   (7, 8)   (7, 5)   (7, 6)  (2, 3)   (2, 7)   (2, 4)   (0, 8)   (6, 3)   (1, 3)
job_19   (4, 3)   (3, 4)   (5, 9)   (4, 5)   (2, 8)   (3, 8)   (6, 6)   (5, 1)  (0, 5)   (2, 9)   (5, 7)   (5, 7)   (1, 4)   (3, 2)


Solution:
Machine 0: job_1_task_0   job_7_task_2   job_16_task_2  job_6_task_1   job_0_task_4   job_14_task_2  job_1_task_3   job_7_task_6   job_15_task_4  job_3_task_3   job_0_task_7   job_0_task_8   job_6_task_4   job_13_task_6  job_2_task_4   job_11_task_7  job_11_task_9  job_6_task_6   job_19_task_8  job_17_task_6  job_11_task_10 job_12_task_10 job_3_task_10  job_2_task_7   job_7_task_11  job_8_task_10  job_12_task_13 job_1_task_11  job_1_task_12  job_6_task_9   job_10_task_13 job_5_task_11  job_18_task_11 job_17_task_11 job_5_task_12  
           [0,10]         [10,17]        [17,27]        [27,35]        [35,40]        [40,44]        [44,54]        [54,64]        [64,67]        [67,68]        [71,77]        [77,84]        [84,88]        [88,95]        [103,104]      [107,114]      [126,136]      [136,142]      [142,147]      [147,151]      [151,159]      [159,166]      [166,167]      [167,169]      [169,174]      [174,176]      [181,190]      [190,192]      [192,193]      [207,209]      [209,212]      [219,228]      [228,236]      [236,243]      [243,247]      
Machine 1: job_0_task_0   job_16_task_1  job_1_task_2   job_7_task_3   job_0_task_3   job_3_task_1   job_15_task_2  job_13_task_3  job_5_task_1   job_6_task_2   job_1_task_4   job_10_task_2  job_18_task_4  job_8_task_3   job_10_task_3  job_14_task_4  job_4_task_3   job_15_task_8  job_4_task_5   job_5_task_8   job_9_task_6   job_17_task_7  job_13_task_10 job_10_task_11 job_1_task_9   job_1_task_10  job_2_task_10  job_4_task_11  job_19_task_12 job_6_task_10  job_6_task_11  job_18_task_13 job_2_task_13  
           [0,5]          [5,14]         [14,19]        [19,25]        [25,34]        [34,38]        [38,43]        [43,53]        [53,62]        [62,68]        [68,74]        [74,79]        [79,84]        [84,85]        [85,87]        [87,90]        [90,96]        [96,102]       [112,114]      [123,126]      [144,149]      [151,152]      [158,167]      [167,172]      [178,180]      [180,190]      [190,196]      [196,198]      [198,202]      [209,215]      [215,224]      [244,247]      [251,254]      
Machine 2: job_12_task_0  job_15_task_0  job_14_task_1  job_18_task_1  job_7_task_4   job_3_task_2   job_0_task_5   job_15_task_3  job_19_task_4  job_8_task_2   job_18_task_3  job_3_task_4   job_5_task_3   job_11_task_5  job_5_task_4   job_5_task_5   job_5_task_6   job_13_task_7  job_8_task_5   job_10_task_7  job_9_task_3   job_3_task_7   job_7_task_9   job_10_task_8  job_16_task_8  job_19_task_9  job_18_task_8  job_1_task_8   job_14_task_8  job_18_task_9  job_3_task_11  job_6_task_8   job_15_task_11 job_17_task_8  job_5_task_10  job_18_task_10 job_0_task_12  job_14_task_10 job_7_task_13  job_1_task_13  job_2_task_12  job_15_task_13 job_14_task_12 job_17_task_13 job_8_task_13  job_14_task_13 
           [0,8]          [8,14]         [14,24]        [24,30]        [30,38]        [38,41]        [41,49]        [49,54]        [54,62]        [62,68]        [68,75]        [75,80]        [80,89]        [89,93]        [93,95]        [95,100]       [100,101]      [101,108]      [108,118]      [118,126]      [126,129]      [129,137]      [137,147]      [147,156]      [156,160]      [160,169]      [169,172]      [172,178]      [178,187]      [187,194]      [194,204]      [204,207]      [207,215]      [215,216]      [216,219]      [219,223]      [223,231]      [231,233]      [233,241]      [241,248]      [248,251]      [251,257]      [257,259]      [259,264]      [264,269]      [269,272]      
Machine 3: job_11_task_0  job_14_task_0  job_11_task_1  job_12_task_1  job_19_task_1  job_5_task_0   job_8_task_1   job_12_task_3  job_9_task_0   job_4_task_1   job_18_task_2  job_0_task_6   job_11_task_4  job_16_task_5  job_17_task_2  job_9_task_1   job_8_task_4   job_19_task_5  job_17_task_3  job_14_task_5  job_6_task_5   job_2_task_5   job_17_task_5  job_0_task_10  job_2_task_6   job_12_task_9  job_13_task_8  job_3_task_9   job_4_task_7   job_10_task_9  job_4_task_8   job_4_task_9   job_2_task_8   job_16_task_10 job_7_task_12  job_10_task_12 job_16_task_13 job_19_task_13 job_15_task_12 job_17_task_10 job_17_task_12 job_5_task_13  
           [0,10]         [10,14]        [14,21]        [21,22]        [22,26]        [26,31]        [31,39]        [39,44]        [44,54]        [54,62]        [62,64]        [64,71]        [71,79]        [79,89]        [89,97]        [97,104]       [104,108]      [108,116]      [116,121]      [121,127]      [127,131]      [131,135]      [135,140]      [140,148]      [148,152]      [152,153]      [153,155]      [155,156]      [156,158]      [158,164]      [164,168]      [168,178]      [178,185]      [185,192]      [192,198]      [198,208]      [208,214]      [214,216]      [216,225]      [225,226]      [243,244]      [247,250]      
Machine 4: job_19_task_0  job_7_task_1   job_10_task_0  job_1_task_1   job_2_task_0   job_17_task_1  job_12_task_2  job_19_task_3  job_12_task_4  job_7_task_7   job_15_task_5  job_1_task_5   job_3_task_5   job_16_task_7  job_10_task_5  job_4_task_4   job_1_task_6   job_5_task_7   job_11_task_8  job_8_task_7   job_9_task_4   job_12_task_8  job_15_task_10 job_4_task_6   job_8_task_9   job_4_task_10  job_8_task_12  job_9_task_11  job_16_task_12 job_4_task_13  job_6_task_12  
           [0,3]          [3,6]          [6,11]         [11,14]        [14,16]        [16,25]        [25,35]        [35,40]        [44,51]        [64,73]        [73,79]        [79,89]        [89,93]        [93,101]       [101,102]      [102,112]      [112,113]      [113,123]      [123,126]      [126,131]      [131,138]      [138,144]      [144,153]      [153,155]      [155,164]      [178,179]      [185,187]      [189,190]      [197,205]      [205,212]      [224,226]      
Machine 5: job_16_task_0  job_13_task_0  job_0_task_1   job_3_task_0   job_19_task_2  job_11_task_3  job_7_task_5   job_5_task_2   job_13_task_5  job_6_task_3   job_15_task_6  job_16_task_6  job_17_task_4  job_14_task_6  job_19_task_7  job_8_task_8   job_7_task_10  job_5_task_9   job_11_task_11 job_13_task_11 job_9_task_8   job_19_task_10 job_2_task_9   job_19_task_11 job_16_task_11 job_9_task_12  job_13_task_12 job_6_task_13  
           [0,3]          [3,10]         [10,11]        [11,20]        [26,35]        [35,45]        [45,50]        [62,66]        [66,73]        [73,80]        [80,85]        [89,93]        [121,130]      [130,139]      [139,140]      [140,148]      [148,158]      [158,161]      [161,164]      [167,177]      [177,179]      [179,186]      [186,189]      [189,196]      [196,197]      [197,198]      [198,199]      [226,228]      
Machine 6: job_7_task_0   job_18_task_0  job_17_task_0  job_13_task_1  job_13_task_2  job_11_task_2  job_16_task_3  job_4_task_0   job_16_task_4  job_14_task_3  job_2_task_1   job_10_task_1  job_12_task_5  job_2_task_2   job_15_task_7  job_12_task_6  job_11_task_6  job_3_task_6   job_7_task_8   job_19_task_6  job_0_task_9   job_1_task_7   job_3_task_8   job_14_task_7  job_6_task_7   job_0_task_11  job_16_task_9  job_9_task_7   job_12_task_11 job_12_task_12 job_9_task_9   job_8_task_11  job_11_task_12 job_4_task_12  job_9_task_13  job_3_task_12  job_3_task_13  job_0_task_13  job_18_task_12 
           [0,3]          [3,7]          [7,15]         [15,20]        [20,21]        [21,31]        [31,41]        [41,46]        [46,54]        [54,64]        [64,70]        [70,72]        [72,79]        [79,87]        [87,92]        [92,101]       [101,107]      [107,115]      [115,121]      [121,127]      [127,136]      [136,143]      [143,147]      [147,149]      [149,155]      [155,161]      [161,169]      [169,170]      [170,172]      [172,181]      [181,182]      [182,185]      [185,192]      [198,199]      [199,207]      [207,212]      [212,222]      [231,241]      [241,244]      
Machine 7: job_8_task_0   job_6_task_0   job_0_task_2   job_15_task_1  job_13_task_4  job_4_task_2   job_18_task_5  job_10_task_4  job_2_task_3   job_10_task_6  job_9_task_2   job_18_task_6  job_12_task_7  job_15_task_9  job_8_task_6   job_18_task_7  job_9_task_5   job_13_task_9  job_10_task_10 job_9_task_10  job_14_task_9  job_2_task_11  job_13_task_13 job_11_task_13 job_17_task_9  job_14_task_11 
           [0,8]          [8,11]         [11,18]        [18,27]        [53,63]        [63,73]        [84,92]        [92,94]        [94,103]       [103,104]      [104,107]      [107,112]      [112,116]      [116,121]      [121,123]      [123,129]      [138,144]      [155,158]      [164,166]      [182,189]      [189,198]      [198,199]      [199,202]      [202,205]      [216,223]      [233,236]      
Optimal Schedule Length: 272.0
Total (Unoptimized Schedule Length): 1550
Statistics
  - conflicts: 0
  - branches : 208
  - wall time: 0.198666809s