
Problem
         task_0   task_1  task_2   task_3   task_4   task_5   task_6   task_7   task_8   task_9  task_10  task_11  task_12 task_13  task_14  task_15 task_16  task_17 task_18
job_0    (0, 3)  (2, 10)  (0, 8)   (2, 8)   (0, 8)   (0, 5)   (0, 4)   (2, 1)  (0, 10)   (0, 1)   (1, 5)   (2, 8)   (2, 8)  (2, 5)   (2, 8)   (1, 4)  (0, 8)   (2, 6)  (1, 4)
job_1    (0, 9)   (2, 3)  (0, 9)   (1, 2)   (1, 1)   (0, 2)   (0, 6)  (2, 10)   (0, 3)   (2, 7)   (0, 6)   (0, 3)   (0, 7)  (1, 9)  (2, 10)   (1, 9)  (0, 3)  (0, 10)  (2, 2)
job_2    (2, 5)   (1, 6)  (2, 1)   (1, 9)   (0, 9)   (0, 7)   (0, 5)   (1, 6)   (0, 7)   (2, 8)   (2, 9)   (0, 3)   (1, 1)  (1, 3)   (2, 1)  (0, 10)  (2, 7)   (2, 3)  (2, 2)
job_3    (0, 2)   (0, 5)  (0, 9)   (2, 6)   (2, 3)   (1, 1)   (2, 7)   (1, 1)   (1, 4)   (2, 1)  (1, 10)   (0, 7)  (1, 10)  (1, 5)   (2, 7)   (1, 4)  (0, 5)   (0, 7)  (2, 7)
job_4    (0, 6)  (0, 10)  (1, 2)   (0, 7)   (0, 1)   (2, 5)   (1, 2)   (1, 7)   (2, 3)   (0, 8)   (1, 6)   (2, 1)   (0, 9)  (0, 1)   (0, 3)   (2, 2)  (0, 9)   (2, 6)  (0, 9)
job_5    (2, 8)   (2, 3)  (2, 1)  (1, 10)   (0, 8)   (0, 3)   (2, 8)   (2, 2)  (0, 10)   (0, 5)   (0, 8)   (0, 9)   (2, 8)  (0, 4)   (2, 2)   (0, 7)  (1, 1)  (0, 10)  (2, 4)
job_6    (2, 9)  (0, 10)  (0, 2)   (2, 4)   (1, 2)   (0, 6)   (1, 4)   (0, 8)   (2, 3)   (0, 7)   (1, 4)   (2, 7)   (0, 5)  (2, 8)   (2, 3)   (2, 1)  (2, 1)  (2, 10)  (0, 4)
job_7   (2, 10)   (2, 2)  (0, 3)   (1, 6)   (0, 1)   (1, 1)   (0, 1)   (1, 4)   (2, 9)   (1, 5)   (1, 5)   (0, 7)   (2, 1)  (1, 1)   (1, 1)   (1, 2)  (0, 5)  (2, 10)  (2, 3)
job_8    (2, 7)   (2, 7)  (0, 3)   (2, 2)   (2, 8)   (0, 7)   (2, 4)   (1, 3)   (2, 9)   (1, 3)   (1, 6)   (2, 9)   (0, 6)  (0, 1)   (1, 5)   (2, 5)  (2, 3)   (2, 3)  (0, 9)
job_9   (0, 10)   (0, 3)  (1, 2)   (1, 9)   (1, 7)   (0, 7)   (1, 3)  (2, 10)   (0, 7)   (0, 5)   (1, 8)   (1, 9)   (2, 1)  (2, 5)   (0, 7)   (0, 5)  (2, 7)   (0, 6)  (1, 9)
job_10   (2, 3)   (2, 2)  (1, 3)   (2, 7)   (0, 1)   (0, 1)   (2, 8)   (0, 7)   (1, 4)  (2, 10)   (1, 4)   (1, 1)   (0, 4)  (2, 3)   (1, 1)   (2, 3)  (0, 3)   (1, 3)  (0, 3)
job_11   (1, 4)   (1, 4)  (1, 4)   (0, 9)  (0, 10)   (0, 5)  (0, 10)   (0, 6)   (0, 9)   (0, 1)   (2, 8)   (1, 9)  (2, 10)  (2, 2)   (2, 9)   (2, 4)  (1, 6)   (2, 1)  (0, 7)
job_12   (1, 2)   (1, 1)  (2, 8)   (2, 2)   (1, 6)   (2, 9)   (1, 4)   (2, 7)   (0, 4)   (1, 8)   (2, 5)   (1, 3)   (2, 1)  (2, 1)   (0, 1)   (2, 4)  (1, 6)   (2, 5)  (2, 4)
job_13   (0, 3)  (0, 10)  (1, 2)   (2, 5)   (1, 6)   (2, 7)   (1, 4)   (1, 3)  (2, 10)   (0, 4)   (0, 9)   (2, 9)   (0, 2)  (0, 9)   (1, 1)   (0, 8)  (1, 5)   (1, 3)  (0, 9)
job_14   (2, 3)   (1, 8)  (1, 4)   (0, 7)  (0, 10)   (0, 1)   (1, 9)   (0, 3)   (0, 3)   (0, 9)   (0, 7)   (1, 7)   (0, 3)  (0, 4)   (1, 7)   (0, 2)  (2, 9)   (0, 5)  (1, 9)
job_15   (1, 3)   (2, 2)  (0, 7)   (0, 5)   (1, 6)   (0, 5)   (0, 9)   (1, 9)   (2, 2)   (0, 1)   (1, 7)  (1, 10)  (0, 10)  (2, 5)  (1, 10)   (0, 8)  (2, 7)   (2, 4)  (1, 8)
job_16   (0, 4)   (2, 4)  (2, 4)   (1, 9)   (0, 9)  (0, 10)   (2, 1)   (2, 2)   (2, 8)   (0, 1)   (1, 9)   (1, 8)   (0, 9)  (2, 8)   (2, 1)   (2, 7)  (1, 5)   (1, 6)  (0, 3)


Solution:
Machine 0: job_9_task_0   job_0_task_0   job_15_task_2  job_1_task_0   job_9_task_1   job_13_task_0  job_16_task_0  job_15_task_3  job_11_task_3  job_13_task_1  job_3_task_0   job_0_task_2   job_3_task_1   job_1_task_2   job_4_task_0   job_11_task_4  job_15_task_5  job_14_task_3  job_3_task_2   job_4_task_1   job_15_task_6  job_9_task_5   job_5_task_4   job_6_task_1   job_14_task_4  job_1_task_5   job_11_task_5  job_16_task_4  job_8_task_2   job_1_task_6   job_0_task_4   job_11_task_6  job_5_task_5   job_2_task_4   job_6_task_2   job_4_task_3   job_14_task_5  job_16_task_5  job_0_task_5   job_8_task_5   job_4_task_4   job_0_task_6   job_11_task_7  job_2_task_5   job_6_task_5   job_15_task_9  job_1_task_8   job_9_task_8   job_14_task_7  job_5_task_8   job_0_task_8   job_11_task_8  job_7_task_2   job_14_task_8  job_2_task_6   job_9_task_9   job_14_task_9  job_6_task_7   job_13_task_9  job_1_task_10  job_5_task_9   job_0_task_9   job_16_task_9  job_11_task_9  job_10_task_4  job_7_task_4   job_10_task_5  job_13_task_10 job_2_task_8   job_7_task_6   job_4_task_9   job_1_task_11  job_14_task_10 job_5_task_10  job_3_task_11  job_15_task_12 job_1_task_12  job_6_task_9   job_10_task_7  job_5_task_11  job_12_task_8  job_14_task_12 job_4_task_12  job_16_task_12 job_13_task_12 job_14_task_13 job_13_task_13 job_9_task_14  job_6_task_12  job_8_task_12  job_4_task_13  job_2_task_11  job_7_task_11  job_4_task_14  job_5_task_13  job_9_task_15  job_15_task_15 job_8_task_13  job_14_task_15 job_13_task_15 job_4_task_16  job_5_task_15  job_2_task_15  job_12_task_14 job_10_task_12 job_3_task_16  job_7_task_16  job_0_task_16  job_1_task_16  job_9_task_17  job_14_task_17 job_3_task_17  job_5_task_17  job_1_task_17  job_10_task_16 job_8_task_18  job_4_task_18  job_13_task_18 job_11_task_18 job_6_task_18  job_16_task_18 job_10_task_18 
           [0,10]         [10,13]        [13,20]        [20,29]        [29,32]        [32,35]        [35,39]        [39,44]        [44,53]        [53,63]        [63,65]        [65,73]        [73,78]        [78,87]        [87,93]        [93,103]       [103,108]      [108,115]      [115,124]      [124,134]      [134,143]      [143,150]      [150,158]      [158,168]      [168,178]      [178,180]      [180,185]      [185,194]      [194,197]      [197,203]      [203,211]      [211,221]      [221,224]      [224,233]      [233,235]      [235,242]      [242,243]      [243,253]      [253,258]      [258,265]      [265,266]      [266,270]      [270,276]      [276,283]      [283,289]      [289,290]      [290,293]      [293,300]      [300,303]      [303,313]      [313,323]      [323,332]      [332,335]      [335,338]      [338,343]      [343,348]      [348,357]      [357,365]      [365,369]      [369,375]      [375,380]      [380,381]      [381,382]      [382,383]      [383,384]      [384,385]      [385,386]      [386,395]      [395,402]      [402,403]      [403,411]      [411,414]      [414,421]      [421,429]      [429,436]      [436,446]      [446,453]      [453,460]      [460,467]      [467,476]      [476,480]      [480,483]      [483,492]      [492,501]      [501,503]      [503,507]      [507,516]      [516,523]      [523,528]      [528,534]      [534,535]      [535,538]      [538,545]      [545,548]      [548,552]      [552,557]      [557,565]      [565,566]      [566,568]      [568,576]      [576,585]      [585,592]      [592,602]      [602,603]      [603,607]      [607,612]      [612,617]      [617,625]      [625,628]      [628,634]      [634,639]      [639,646]      [646,656]      [656,666]      [666,669]      [669,678]      [678,687]      [687,696]      [696,703]      [703,707]      [707,710]      [710,713]      
Machine 1: job_15_task_0  job_11_task_0  job_11_task_1  job_11_task_2  job_14_task_1  job_14_task_2  job_12_task_0  job_12_task_1  job_2_task_1   job_9_task_2   job_9_task_3   job_15_task_4  job_5_task_3   job_13_task_2  job_9_task_4   job_16_task_3  job_2_task_3   job_1_task_3   job_13_task_4  job_1_task_4   job_13_task_6  job_13_task_7  job_12_task_4  job_10_task_2  job_4_task_2   job_3_task_5   job_15_task_7  job_9_task_6   job_3_task_7   job_3_task_8   job_12_task_6  job_3_task_10  job_6_task_4   job_14_task_6  job_8_task_7   job_4_task_6   job_4_task_7   job_8_task_9   job_8_task_10  job_15_task_10 job_6_task_6   job_15_task_11 job_7_task_3   job_2_task_7   job_9_task_10  job_9_task_11  job_0_task_10  job_16_task_10 job_7_task_5   job_11_task_11 job_7_task_7   job_16_task_11 job_4_task_10  job_14_task_11 job_7_task_9   job_7_task_10  job_3_task_12  job_3_task_13  job_1_task_13  job_6_task_10  job_10_task_8  job_15_task_14 job_12_task_9  job_10_task_10 job_10_task_11 job_1_task_15  job_14_task_14 job_13_task_14 job_12_task_11 job_3_task_15  job_0_task_15  job_2_task_12  job_2_task_13  job_7_task_13  job_7_task_14  job_7_task_15  job_8_task_14  job_13_task_16 job_13_task_17 job_16_task_16 job_16_task_17 job_5_task_16  job_11_task_16 job_12_task_16 job_10_task_14 job_9_task_18  job_14_task_18 job_15_task_18 job_0_task_18  job_10_task_17 
           [0,3]          [3,7]          [7,11]         [11,15]        [15,23]        [23,27]        [27,29]        [29,30]        [31,37]        [37,39]        [39,48]        [48,54]        [54,64]        [64,66]        [66,73]        [73,82]        [82,91]        [91,93]        [93,99]        [99,100]       [108,112]      [112,115]      [115,121]      [121,124]      [134,136]      [136,137]      [143,152]      [152,155]      [155,156]      [156,160]      [160,164]      [170,180]      [239,241]      [243,252]      [269,272]      [274,276]      [276,283]      [284,287]      [287,293]      [293,300]      [300,304]      [304,314]      [335,341]      [343,349]      [349,357]      [357,366]      [381,386]      [386,395]      [395,396]      [396,405]      [405,409]      [409,417]      [417,423]      [423,430]      [430,435]      [435,440]      [440,450]      [450,455]      [455,464]      [464,468]      [468,472]      [472,482]      [482,490]      [496,500]      [500,501]      [506,515]      [515,522]      [522,523]      [523,526]      [526,530]      [534,538]      [538,539]      [539,542]      [559,560]      [560,561]      [561,563]      [566,571]      [576,581]      [581,584]      [585,590]      [590,596]      [596,597]      [604,610]      [610,616]      [616,617]      [634,643]      [643,652]      [652,660]      [665,669]      [669,672]      
Machine 2: job_5_task_0   job_15_task_1  job_14_task_0  job_0_task_1   job_5_task_1   job_2_task_0   job_1_task_1   job_5_task_2   job_8_task_0   job_16_task_1  job_16_task_2  job_6_task_0   job_8_task_1   job_13_task_3  job_2_task_2   job_12_task_2  job_0_task_3   job_7_task_0   job_10_task_0  job_13_task_5  job_12_task_3  job_10_task_1  job_7_task_1   job_13_task_8  job_3_task_3   job_3_task_4   job_10_task_3  job_3_task_6   job_12_task_5  job_9_task_7   job_15_task_8  job_3_task_9   job_12_task_7  job_8_task_3   job_8_task_4   job_1_task_7   job_5_task_6   job_5_task_7   job_6_task_3   job_16_task_6  job_16_task_7  job_16_task_8  job_8_task_6   job_4_task_5   job_0_task_7   job_8_task_8   job_4_task_8   job_1_task_9   job_8_task_11  job_6_task_8   job_9_task_12  job_9_task_13  job_11_task_10 job_10_task_6  job_0_task_11  job_2_task_9   job_7_task_8   job_13_task_11 job_0_task_12  job_4_task_11  job_2_task_10  job_15_task_13 job_11_task_12 job_0_task_13  job_6_task_11  job_5_task_12  job_10_task_9  job_1_task_14  job_12_task_10 job_3_task_14  job_16_task_13 job_0_task_14  job_11_task_13 job_6_task_13  job_11_task_14 job_4_task_15  job_5_task_14  job_2_task_14  job_7_task_12  job_12_task_12 job_16_task_14 job_9_task_16  job_14_task_16 job_12_task_13 job_16_task_15 job_8_task_15  job_6_task_14  job_15_task_16 job_11_task_15 job_12_task_15 job_6_task_15  job_10_task_13 job_6_task_16  job_8_task_16  job_4_task_17  job_6_task_17  job_7_task_17  job_8_task_17  job_10_task_15 job_15_task_17 job_2_task_16  job_0_task_17  job_12_task_17 job_11_task_17 job_3_task_18  job_2_task_17  job_5_task_18  job_12_task_18 job_7_task_18  job_1_task_18  job_2_task_18  
           [0,8]          [8,10]         [10,13]        [13,23]        [23,26]        [26,31]        [31,34]        [34,35]        [35,42]        [42,46]        [46,50]        [50,59]        [59,66]        [66,71]        [71,72]        [72,80]        [80,88]        [88,98]        [98,101]       [101,108]      [108,110]      [110,112]      [112,114]      [115,125]      [125,131]      [131,134]      [134,141]      [141,148]      [148,157]      [157,167]      [167,169]      [169,170]      [170,177]      [197,199]      [199,207]      [207,217]      [224,232]      [232,234]      [235,239]      [253,254]      [254,256]      [256,264]      [265,269]      [269,274]      [274,275]      [275,284]      [284,287]      [293,300]      [300,309]      [365,368]      [368,369]      [369,374]      [383,391]      [391,399]      [399,407]      [407,415]      [415,424]      [424,433]      [433,441]      [441,442]      [442,451]      [451,456]      [456,466]      [466,471]      [471,478]      [478,486]      [486,496]      [496,506]      [506,511]      [511,518]      [518,526]      [526,534]      [534,536]      [536,544]      [544,553]      [553,555]      [555,557]      [557,558]      [558,559]      [559,560]      [560,561]      [561,568]      [568,577]      [577,578]      [578,585]      [585,590]      [590,593]      [593,600]      [600,604]      [604,608]      [608,609]      [609,612]      [612,613]      [613,616]      [616,622]      [622,632]      [632,642]      [642,645]      [645,648]      [648,652]      [652,659]      [659,665]      [665,670]      [670,671]      [671,678]      [678,681]      [681,685]      [685,689]      [689,692]      [692,694]      [694,696]      
Optimal Schedule Length: 713.0
Total (Unoptimized Schedule Length): 1746
Statistics
  - conflicts: 1
  - branches : 324
  - wall time: 0.28710931100000003s