
Problem
         task_0    task_1    task_2   task_3   task_4   task_5   task_6   task_7   task_8    task_9   task_10   task_11   task_12  task_13   task_14  task_15
job_0    (7, 5)   (11, 6)    (5, 8)  (10, 3)  (15, 5)  (13, 4)  (12, 3)   (8, 7)  (16, 5)   (7, 10)   (15, 5)   (14, 2)   (14, 7)  (2, 10)    (5, 2)  (12, 6)
job_1   (16, 6)    (4, 1)   (13, 7)  (14, 7)  (12, 5)   (0, 8)  (1, 10)   (9, 6)   (9, 9)    (6, 1)    (4, 8)   (12, 8)    (3, 7)  (11, 7)    (5, 7)  (11, 4)
job_2    (9, 1)   (16, 9)   (11, 1)   (0, 2)  (16, 6)  (1, 10)   (6, 1)   (8, 2)  (10, 5)   (8, 10)   (8, 10)    (6, 7)    (2, 4)  (11, 4)   (14, 7)   (0, 8)
job_3    (5, 5)    (4, 4)   (14, 4)   (8, 3)   (2, 4)   (2, 5)  (13, 3)  (10, 4)   (4, 7)    (2, 3)   (1, 10)   (15, 6)   (13, 6)  (15, 7)  (16, 10)  (15, 1)
job_4    (3, 5)    (7, 2)    (8, 5)  (10, 4)  (7, 10)  (9, 10)  (11, 8)  (15, 5)  (10, 2)   (13, 8)    (9, 4)   (13, 8)   (11, 6)   (2, 3)    (4, 2)   (6, 5)
job_5    (1, 7)    (0, 7)   (13, 3)   (7, 3)  (13, 1)  (12, 3)  (10, 5)   (3, 4)  (10, 4)   (11, 8)   (10, 9)  (14, 10)   (11, 5)   (9, 8)   (10, 4)  (12, 8)
job_6    (9, 6)    (5, 3)    (4, 5)  (11, 3)  (11, 9)  (16, 7)   (9, 9)  (0, 10)   (5, 6)   (15, 6)   (14, 7)   (7, 10)  (14, 10)  (10, 9)   (14, 4)  (16, 4)
job_7    (0, 6)   (11, 5)   (14, 2)   (9, 8)   (8, 3)  (16, 9)  (11, 2)   (8, 6)   (6, 3)   (14, 4)    (3, 8)    (5, 6)   (12, 1)   (1, 6)   (15, 2)   (2, 5)
job_8   (15, 8)   (10, 5)   (11, 6)  (0, 10)  (16, 2)  (14, 5)   (4, 8)   (5, 7)  (13, 9)    (4, 5)   (15, 2)   (11, 4)   (14, 5)   (8, 2)  (12, 10)   (1, 3)
job_9    (1, 6)   (14, 1)    (1, 3)  (10, 9)   (0, 8)   (1, 5)  (15, 4)   (4, 6)   (2, 1)    (5, 6)   (11, 5)    (3, 3)    (8, 1)   (8, 3)   (15, 5)  (15, 2)
job_10  (12, 8)   (12, 7)   (7, 10)  (11, 9)  (10, 6)   (6, 1)  (15, 4)  (15, 5)   (7, 7)    (0, 3)   (15, 2)   (15, 6)    (2, 1)   (3, 1)    (2, 7)  (16, 7)
job_11  (13, 4)    (1, 8)  (11, 10)   (8, 8)   (3, 8)   (0, 1)  (14, 2)  (10, 4)   (1, 6)    (4, 5)   (12, 7)    (4, 7)   (10, 9)   (7, 6)    (2, 6)  (10, 3)
job_12  (13, 7)   (13, 4)    (5, 6)  (11, 9)  (13, 7)  (7, 10)   (2, 7)  (14, 2)   (3, 5)   (13, 1)    (2, 3)    (3, 4)   (14, 9)  (10, 6)   (15, 3)  (10, 2)
job_13  (2, 10)    (5, 4)   (11, 4)  (12, 1)  (11, 7)  (13, 5)  (10, 9)   (6, 1)  (14, 3)   (14, 5)  (10, 10)    (3, 9)   (10, 5)  (14, 1)    (5, 4)   (6, 9)
job_14  (14, 6)    (0, 5)   (3, 10)  (15, 3)  (10, 6)  (10, 4)  (11, 2)  (15, 3)  (10, 8)  (11, 10)    (7, 6)    (9, 9)    (4, 8)   (4, 8)   (15, 8)   (1, 6)
job_15   (4, 3)  (15, 10)    (7, 7)   (9, 5)   (2, 4)  (10, 5)  (12, 5)   (2, 5)  (11, 3)   (12, 3)  (13, 10)    (0, 3)    (8, 6)  (11, 8)   (13, 8)  (10, 9)
job_16   (5, 9)    (9, 9)   (15, 2)  (15, 2)  (12, 1)  (14, 2)  (0, 10)  (16, 1)   (0, 5)    (7, 5)  (10, 10)  (11, 10)   (13, 7)   (1, 7)   (2, 10)   (8, 5)
job_17   (3, 6)    (1, 2)    (8, 2)   (1, 2)   (5, 9)  (11, 3)   (8, 4)  (14, 6)   (3, 9)   (16, 1)   (10, 9)    (1, 4)    (5, 6)  (13, 7)    (3, 3)   (5, 6)
job_18  (11, 7)    (7, 4)    (7, 5)  (12, 1)   (6, 1)   (3, 9)   (0, 6)  (11, 2)  (10, 7)    (3, 8)   (11, 5)    (3, 3)    (7, 3)   (6, 7)    (4, 2)  (16, 9)


Solution:
Machine 0: job_7_task_0   job_14_task_1  job_5_task_1   job_8_task_3   job_2_task_3   job_16_task_6  job_1_task_5   job_6_task_7   job_16_task_8  job_11_task_5  job_18_task_6  job_9_task_4   job_10_task_9  job_15_task_11 job_2_task_15  
           [0,6]          [6,11]         [13,20]        [20,30]        [30,32]        [32,42]        [42,50]        [50,60]        [60,65]        [65,66]        [66,72]        [72,80]        [111,114]      [128,131]      [145,153]      
Machine 1: job_9_task_0   job_5_task_0   job_9_task_2   job_17_task_1  job_17_task_3  job_11_task_1  job_2_task_5   job_1_task_6   job_3_task_10  job_9_task_5   job_11_task_8  job_17_task_11 job_14_task_15 job_16_task_13 job_7_task_13  job_8_task_15  
           [0,6]          [6,13]         [13,16]        [16,18]        [20,22]        [22,30]        [45,55]        [55,65]        [65,75]        [80,85]        [85,91]        [136,140]      [140,146]      [146,153]      [153,159]      [159,162]      
Machine 2: job_13_task_0  job_3_task_4   job_3_task_5   job_15_task_4  job_15_task_7  job_3_task_9   job_12_task_6  job_9_task_8   job_0_task_13  job_2_task_12  job_10_task_12 job_12_task_10 job_10_task_14 job_16_task_14 job_4_task_13  job_11_task_14 job_7_task_15  
           [0,10]         [28,32]        [32,37]        [37,41]        [56,61]        [61,64]        [88,95]        [96,97]        [97,107]       [107,111]      [122,123]      [144,147]      [152,159]      [159,169]      [169,172]      [172,178]      [178,183]      
Machine 3: job_4_task_0   job_17_task_0  job_14_task_2  job_18_task_5  job_5_task_7   job_11_task_4  job_1_task_12  job_17_task_8  job_12_task_8  job_13_task_11 job_18_task_9  job_7_task_10  job_18_task_11 job_12_task_11 job_10_task_13 job_9_task_11  job_17_task_14 
           [0,5]          [5,11]         [11,21]        [21,30]        [44,48]        [50,58]        [98,105]       [105,114]      [114,119]      [119,128]      [128,136]      [136,144]      [144,147]      [147,151]      [151,152]      [155,158]      [167,170]      
Machine 4: job_15_task_0  job_1_task_1   job_6_task_2   job_3_task_1   job_8_task_6   job_3_task_8   job_8_task_9   job_1_task_10  job_9_task_7   job_11_task_9  job_11_task_11 job_14_task_12 job_14_task_13 job_18_task_14 job_4_task_14  
           [0,3]          [6,7]          [12,17]        [17,21]        [37,45]        [53,60]        [61,66]        [82,90]        [90,96]        [96,101]       [108,115]      [115,123]      [123,131]      [161,163]      [172,174]      
Machine 5: job_16_task_0  job_6_task_1   job_3_task_0   job_13_task_1  job_0_task_2   job_12_task_2  job_17_task_4  job_8_task_7   job_6_task_8   job_9_task_9   job_0_task_14  job_17_task_12 job_7_task_11  job_13_task_14 job_1_task_14  job_17_task_15 
           [0,9]          [9,12]         [12,17]        [17,21]        [21,29]        [29,35]        [35,44]        [45,52]        [60,66]        [97,103]       [107,109]      [140,146]      [146,152]      [161,165]      [168,175]      [175,181]      
Machine 6: job_18_task_4  job_2_task_6   job_13_task_7  job_1_task_9   job_10_task_5  job_2_task_11  job_7_task_8   job_18_task_13 job_13_task_15 job_4_task_15  
           [17,18]        [55,56]        [75,76]        [81,82]        [85,86]        [89,96]        [120,123]      [154,161]      [165,174]      [174,179]      
Machine 7: job_0_task_0   job_4_task_1   job_18_task_1  job_18_task_2  job_15_task_2  job_5_task_3   job_4_task_4   job_10_task_2  job_0_task_9   job_16_task_9  job_12_task_5  job_6_task_11  job_14_task_10 job_10_task_8  job_11_task_13 job_18_task_12 
           [0,5]          [5,7]          [7,11]         [11,16]        [18,25]        [25,28]        [28,38]        [38,48]        [63,73]        [73,78]        [78,88]        [88,98]        [98,104]       [104,111]      [145,151]      [151,154]      
Machine 8: job_4_task_2   job_17_task_2  job_3_task_3   job_11_task_3  job_0_task_7   job_2_task_7   job_7_task_4   job_2_task_9   job_2_task_10  job_17_task_6  job_7_task_7   job_15_task_12 job_8_task_13  job_9_task_12  job_9_task_13  job_16_task_15 
           [7,12]         [18,20]        [25,28]        [42,50]        [51,58]        [58,60]        [66,69]        [69,79]        [79,89]        [89,93]        [114,120]      [131,137]      [138,140]      [158,159]      [159,162]      [169,174]      
Machine 9: job_6_task_0   job_2_task_0   job_16_task_1  job_15_task_3  job_6_task_6   job_4_task_5   job_7_task_3   job_1_task_7   job_1_task_8   job_14_task_11 job_5_task_13  job_4_task_10  
           [0,6]          [6,7]          [9,18]         [25,30]        [39,48]        [48,58]        [58,66]        [66,72]        [72,81]        [104,113]      [129,137]      [137,141]      
Machine 10: job_8_task_1   job_4_task_3   job_9_task_3   job_14_task_4  job_14_task_5  job_0_task_3   job_5_task_6   job_15_task_5  job_3_task_7   job_14_task_8  job_2_task_8   job_13_task_6  job_11_task_7  job_10_task_4  job_5_task_8   job_16_task_10 job_5_task_10  job_13_task_10 job_18_task_8  job_4_task_8   job_17_task_10 job_11_task_12 job_6_task_13  job_13_task_12 job_5_task_14  job_15_task_15 job_12_task_13 job_11_task_15 job_12_task_15 
           [8,13]         [13,17]        [17,26]        [26,32]        [32,36]        [36,39]        [39,44]        [44,49]        [49,53]        [53,61]        [61,66]        [66,75]        [75,79]        [79,85]        [85,89]        [89,99]        [99,108]       [108,118]      [118,125]      [125,127]      [127,136]      [136,145]      [145,154]      [154,159]      [159,163]      [163,172]      [172,178]      [178,181]      [181,183]      
Machine 11: job_18_task_0  job_0_task_1   job_8_task_2   job_6_task_3   job_2_task_2   job_6_task_4   job_11_task_2  job_13_task_2  job_14_task_6  job_7_task_1   job_13_task_4  job_12_task_3  job_10_task_3  job_17_task_5  job_14_task_9  job_5_task_9   job_4_task_6   job_15_task_8  job_18_task_7  job_7_task_6   job_16_task_11 job_5_task_12  job_8_task_11  job_2_task_13  job_18_task_10 job_15_task_13 job_9_task_10  job_4_task_12  job_1_task_13  job_1_task_15  
           [0,7]          [7,13]         [13,19]        [19,22]        [22,23]        [23,32]        [32,42]        [42,46]        [46,48]        [48,53]        [53,60]        [60,69]        [69,78]        [78,81]        [81,91]        [91,99]        [99,107]       [107,110]      [110,112]      [112,114]      [114,124]      [124,129]      [129,133]      [133,137]      [137,142]      [142,150]      [150,155]      [155,161]      [161,168]      [175,179]      
Machine 12: job_10_task_0  job_10_task_1  job_18_task_3  job_16_task_4  job_1_task_4   job_5_task_5   job_13_task_3  job_0_task_6   job_15_task_6  job_1_task_11  job_11_task_10 job_0_task_15  job_15_task_9  job_8_task_14  job_7_task_12  job_5_task_15  
           [0,8]          [8,15]         [16,17]        [22,23]        [23,28]        [29,32]        [46,47]        [48,51]        [51,56]        [90,98]        [101,108]      [109,115]      [115,118]      [140,150]      [152,153]      [163,171]      
Machine 13: job_12_task_0  job_1_task_2   job_12_task_1  job_11_task_0  job_5_task_2   job_5_task_4   job_3_task_6   job_0_task_5   job_8_task_8   job_13_task_5  job_12_task_4  job_3_task_12  job_15_task_10 job_4_task_9   job_16_task_12 job_12_task_9  job_4_task_11  job_15_task_14 job_17_task_13 
           [0,7]          [7,14]         [14,18]        [18,22]        [22,25]        [28,29]        [37,40]        [44,48]        [52,61]        [61,66]        [69,76]        [85,91]        [118,128]      [128,136]      [136,143]      [143,144]      [144,152]      [152,160]      [160,167]      
Machine 14: job_14_task_0  job_9_task_1   job_1_task_3   job_3_task_2   job_16_task_5  job_8_task_5   job_7_task_2   job_11_task_6  job_6_task_10  job_13_task_8  job_13_task_9  job_0_task_11  job_0_task_12  job_17_task_7  job_12_task_7  job_6_task_12  job_5_task_11  job_7_task_9   job_8_task_12  job_2_task_14  job_12_task_12 job_13_task_13 job_6_task_14  
           [0,6]          [6,7]          [14,21]        [21,25]        [25,27]        [32,37]        [53,55]        [66,68]        [72,79]        [79,82]        [82,87]        [87,89]        [89,96]        [96,102]       [102,104]      [104,114]      [114,124]      [124,128]      [133,138]      [138,145]      [151,160]      [160,161]      [161,165]      
Machine 15: job_8_task_0   job_15_task_1  job_16_task_2  job_16_task_3  job_14_task_3  job_0_task_4   job_14_task_7  job_6_task_9   job_8_task_10  job_0_task_10  job_3_task_11  job_9_task_6   job_10_task_6  job_10_task_7  job_3_task_13  job_4_task_7   job_10_task_10 job_10_task_11 job_3_task_15  job_14_task_14 job_7_task_14  job_9_task_14  job_9_task_15  job_12_task_14 
           [0,8]          [8,18]         [18,20]        [20,22]        [22,25]        [39,44]        [48,51]        [66,72]        [72,74]        [74,79]        [79,85]        [85,89]        [89,93]        [93,98]        [98,105]       [107,112]      [114,116]      [116,122]      [122,123]      [131,139]      [159,161]      [162,167]      [167,169]      [178,181]      
Machine 16: job_1_task_0   job_2_task_1   job_8_task_4   job_6_task_5   job_2_task_4   job_16_task_7  job_0_task_8   job_7_task_5   job_3_task_14  job_17_task_9  job_10_task_15 job_18_task_15 job_6_task_15  
           [0,6]          [7,16]         [30,32]        [32,39]        [39,45]        [45,46]        [58,63]        [69,78]        [105,115]      [115,116]      [159,166]      [166,175]      [175,179]      
Optimal Schedule Length: 183.0
Total (Unoptimized Schedule Length): 1676
Statistics
  - conflicts: 0
  - branches : 0
  - wall time: 0.134477905s