
Problem
         task_0   task_1  task_2   task_3   task_4   task_5  task_6   task_7   task_8   task_9  task_10
job_0   (2, 10)   (0, 2)  (4, 5)   (1, 5)  (4, 10)   (3, 7)  (3, 2)  (1, 10)   (4, 4)   (0, 6)   (2, 1)
job_1    (4, 3)   (1, 4)  (0, 1)   (3, 2)   (4, 4)   (2, 8)  (3, 8)   (3, 7)   (4, 3)   (3, 2)   (3, 5)
job_2    (2, 4)   (2, 2)  (0, 2)   (2, 9)  (4, 10)   (1, 5)  (2, 3)   (4, 2)   (3, 2)   (0, 4)   (4, 4)
job_3    (1, 2)   (4, 3)  (2, 9)   (0, 4)   (1, 5)  (1, 10)  (0, 4)   (0, 2)  (3, 10)   (4, 6)   (3, 3)
job_4    (2, 1)  (1, 10)  (0, 3)  (4, 10)   (3, 9)   (2, 1)  (1, 5)  (1, 10)   (4, 7)   (1, 5)   (0, 9)
job_5    (3, 9)  (4, 10)  (1, 4)   (4, 1)   (1, 2)   (3, 2)  (2, 7)   (0, 5)  (3, 10)  (4, 10)   (3, 4)
job_6   (1, 10)   (0, 4)  (2, 2)   (0, 4)   (1, 9)   (3, 6)  (2, 7)   (1, 5)   (2, 9)   (2, 7)   (0, 1)
job_7    (3, 2)   (2, 9)  (4, 4)   (4, 2)   (3, 6)   (4, 8)  (2, 2)   (2, 4)   (4, 7)   (2, 1)   (2, 7)
job_8   (0, 10)   (4, 1)  (4, 3)   (3, 3)   (3, 2)   (1, 1)  (2, 7)   (2, 9)   (4, 3)   (2, 9)   (1, 9)
job_9    (4, 2)   (3, 2)  (4, 4)   (0, 8)   (1, 8)   (2, 2)  (3, 6)   (3, 8)   (3, 9)   (2, 9)  (4, 10)
job_10   (3, 5)   (1, 6)  (0, 1)   (1, 7)   (2, 2)   (0, 8)  (4, 4)   (2, 1)   (3, 7)  (3, 10)   (3, 1)
job_11   (3, 8)   (2, 5)  (1, 9)  (4, 10)   (4, 1)   (2, 4)  (1, 2)   (0, 8)   (4, 2)   (0, 5)   (2, 9)
job_12   (1, 6)   (0, 9)  (3, 6)   (4, 2)  (3, 10)   (2, 1)  (4, 3)   (2, 3)   (4, 9)   (2, 9)   (0, 8)
job_13  (1, 10)   (1, 8)  (3, 2)  (0, 10)   (2, 4)   (2, 5)  (1, 9)  (0, 10)   (2, 9)   (2, 6)   (2, 3)
job_14   (1, 6)   (0, 6)  (1, 9)   (2, 1)   (1, 2)   (0, 7)  (1, 9)   (3, 2)   (3, 8)   (3, 7)   (1, 5)
job_15   (2, 8)   (0, 5)  (4, 9)   (3, 9)  (3, 10)  (4, 10)  (2, 1)  (1, 10)  (3, 10)   (0, 6)   (1, 9)
job_16   (4, 4)  (1, 10)  (4, 6)   (4, 9)   (2, 1)   (3, 7)  (0, 5)   (2, 2)   (2, 9)   (0, 7)   (0, 9)
job_17   (0, 9)  (1, 10)  (1, 8)   (3, 7)   (0, 2)   (2, 9)  (0, 6)   (1, 2)   (4, 8)   (4, 3)   (2, 5)
job_18   (4, 3)   (1, 1)  (4, 7)   (1, 4)   (0, 5)   (3, 2)  (3, 4)   (0, 7)   (0, 7)   (4, 6)   (3, 9)
job_19   (0, 4)   (1, 6)  (2, 3)   (4, 4)   (2, 1)  (3, 10)  (4, 3)   (3, 3)   (2, 3)   (4, 8)   (4, 3)


Solution:
Machine 0: job_17_task_0  job_15_task_1  job_8_task_0   job_4_task_2   job_12_task_1  job_9_task_3   job_13_task_3  job_6_task_1   job_0_task_1   job_14_task_1  job_19_task_0  job_6_task_3   job_2_task_2   job_16_task_6  job_16_task_9  job_16_task_10 job_10_task_2  job_1_task_2   job_5_task_7   job_3_task_3   job_18_task_4  job_14_task_5  job_18_task_7  job_18_task_8  job_10_task_5  job_17_task_4  job_13_task_7  job_12_task_10 job_3_task_6   job_3_task_7   job_15_task_9  job_17_task_6  job_11_task_7  job_11_task_9  job_0_task_9   job_4_task_10  job_2_task_9   job_6_task_10  
           [0,9]          [9,14]         [14,24]        [24,27]        [27,36]        [36,44]        [44,54]        [54,58]        [58,60]        [60,66]        [66,70]        [70,74]        [74,76]        [76,81]        [98,105]       [105,114]      [114,115]      [115,116]      [116,121]      [121,125]      [126,131]      [131,138]      [138,145]      [145,152]      [154,162]      [174,176]      [176,186]      [186,194]      [196,200]      [200,202]      [202,208]      [208,214]      [217,225]      [227,232]      [237,243]      [244,253]      [254,258]      [262,263]      
Machine 1: job_13_task_0  job_4_task_1   job_12_task_0  job_13_task_1  job_16_task_1  job_6_task_0   job_14_task_0  job_17_task_1  job_3_task_0   job_18_task_1  job_9_task_4   job_14_task_2  job_5_task_2   job_11_task_2  job_5_task_4   job_10_task_1  job_1_task_1   job_0_task_3   job_14_task_4  job_18_task_3  job_19_task_1  job_8_task_5   job_6_task_4   job_10_task_3  job_3_task_4   job_17_task_2  job_13_task_6  job_4_task_6   job_15_task_7  job_3_task_5   job_14_task_6  job_4_task_7   job_11_task_6  job_6_task_7   job_0_task_7   job_2_task_5   job_17_task_7  job_4_task_9   job_8_task_10  job_15_task_10 job_14_task_10 
           [0,10]         [10,20]        [20,26]        [26,34]        [34,44]        [44,54]        [54,60]        [60,70]        [70,72]        [72,73]        [73,81]        [81,90]        [90,94]        [94,103]       [103,105]      [105,111]      [111,115]      [115,120]      [120,122]      [122,126]      [126,132]      [132,133]      [133,142]      [142,149]      [149,154]      [154,162]      [162,171]      [171,176]      [176,186]      [186,196]      [196,205]      [205,215]      [215,217]      [217,222]      [222,232]      [232,237]      [237,239]      [239,244]      [244,253]      [253,262]      [262,267]      
Machine 2: job_15_task_0  job_4_task_0   job_0_task_0   job_11_task_1  job_7_task_1   job_2_task_0   job_2_task_1   job_13_task_4  job_6_task_2   job_13_task_5  job_16_task_4  job_4_task_5   job_15_task_6  job_2_task_3   job_9_task_5   job_16_task_7  job_16_task_8  job_14_task_3  job_12_task_5  job_3_task_2   job_5_task_6   job_11_task_5  job_12_task_7  job_9_task_9   job_19_task_2  job_8_task_6   job_7_task_6   job_1_task_5   job_10_task_4  job_8_task_7   job_19_task_4  job_12_task_9  job_7_task_7   job_17_task_5  job_10_task_7  job_6_task_6   job_13_task_8  job_8_task_9   job_13_task_9  job_13_task_10 job_7_task_9   job_6_task_8   job_11_task_10 job_2_task_6   job_19_task_8  job_7_task_10  job_0_task_10  job_6_task_9   job_17_task_10 
           [0,8]          [8,9]          [9,19]         [19,24]        [24,33]        [33,37]        [37,39]        [54,58]        [58,60]        [60,65]        [65,66]        [66,67]        [75,76]        [76,85]        [85,87]        [87,89]        [89,98]        [98,99]        [99,100]       [100,109]      [109,116]      [116,120]      [120,123]      [123,132]      [132,135]      [135,142]      [142,144]      [144,152]      [152,154]      [154,163]      [163,164]      [164,173]      [173,177]      [177,186]      [186,187]      [187,194]      [194,203]      [203,212]      [212,218]      [218,221]      [221,222]      [222,231]      [232,241]      [241,244]      [244,247]      [247,254]      [254,255]      [255,262]      [262,267]      
Machine 3: job_5_task_0   job_9_task_1   job_11_task_0  job_7_task_0   job_10_task_0  job_15_task_3  job_13_task_2  job_15_task_4  job_12_task_2  job_4_task_4   job_8_task_3   job_16_task_5  job_8_task_4   job_12_task_4  job_9_task_6   job_9_task_7   job_7_task_4   job_5_task_5   job_9_task_8   job_1_task_3   job_5_task_8   job_18_task_5  job_18_task_6  job_0_task_5   job_0_task_6   job_6_task_5   job_1_task_6   job_1_task_7   job_17_task_3  job_19_task_5  job_1_task_9   job_15_task_8  job_18_task_10 job_14_task_7  job_14_task_8  job_3_task_8   job_10_task_8  job_19_task_7  job_14_task_9  job_10_task_9  job_2_task_8   job_1_task_10  job_5_task_10  job_3_task_10  job_10_task_10 
           [0,9]          [9,11]         [11,19]        [19,21]        [21,26]        [26,35]        [35,37]        [37,47]        [47,53]        [53,62]        [62,65]        [66,73]        [73,75]        [77,87]        [87,93]        [93,101]       [101,107]      [107,109]      [109,118]      [118,120]      [121,131]      [131,133]      [133,137]      [137,144]      [144,146]      [146,152]      [152,160]      [160,167]      [167,174]      [174,184]      [184,186]      [186,196]      [196,205]      [205,207]      [207,215]      [215,225]      [225,232]      [232,235]      [235,242]      [242,252]      [252,254]      [254,259]      [259,263]      [263,266]      [266,267]      
Machine 4: job_16_task_0  job_9_task_0   job_18_task_0  job_1_task_0   job_9_task_2   job_15_task_2  job_8_task_1   job_8_task_2   job_4_task_3   job_7_task_2   job_7_task_3   job_16_task_2  job_16_task_3  job_0_task_2   job_15_task_5  job_12_task_3  job_3_task_1   job_5_task_1   job_2_task_4   job_5_task_3   job_12_task_6  job_11_task_3  job_11_task_4  job_18_task_2  job_0_task_4   job_7_task_5   job_1_task_4   job_12_task_8  job_19_task_3  job_9_task_10  job_18_task_9  job_8_task_8   job_1_task_8   job_10_task_6  job_19_task_6  job_7_task_8   job_5_task_9   job_4_task_8   job_11_task_8  job_3_task_9   job_0_task_8   job_17_task_8  job_2_task_7   job_19_task_9  job_17_task_9  job_2_task_10  job_19_task_10 
           [0,4]          [4,6]          [6,9]          [9,12]         [12,16]        [16,25]        [25,26]        [26,29]        [29,39]        [39,43]        [43,45]        [45,51]        [51,60]        [60,65]        [65,75]        [75,77]        [77,80]        [80,90]        [90,100]       [100,101]      [101,104]      [104,114]      [114,115]      [115,122]      [122,132]      [132,140]      [140,144]      [144,153]      [153,157]      [157,167]      [167,173]      [173,176]      [176,179]      [180,184]      [184,187]      [187,194]      [194,204]      [215,222]      [225,227]      [227,233]      [233,237]      [239,247]      [247,249]      [249,257]      [257,260]      [260,264]      [264,267]      
Optimal Schedule Length: 267.0
Total (Unoptimized Schedule Length): 1236
Statistics
  - conflicts: 0
  - branches : 0
  - wall time: 0.18571899800000002s