
Problem
         task_0   task_1   task_2   task_3   task_4  task_5   task_6  task_7   task_8   task_9  task_10  task_11  task_12  task_13  task_14  task_15  task_16
job_0    (5, 6)   (5, 3)   (2, 2)   (4, 9)  (1, 10)  (0, 8)   (4, 7)  (2, 3)   (2, 7)   (1, 7)   (4, 9)   (3, 9)  (3, 10)   (3, 9)   (2, 1)   (1, 8)   (5, 7)
job_1    (4, 1)   (2, 9)   (5, 1)   (3, 7)   (0, 1)  (4, 1)   (0, 6)  (0, 1)   (5, 8)   (5, 4)   (3, 2)   (4, 8)   (5, 7)   (2, 6)   (0, 9)   (0, 9)   (3, 5)
job_2    (5, 6)   (3, 3)   (3, 8)   (2, 4)   (1, 1)  (2, 8)  (4, 10)  (0, 2)   (0, 1)   (5, 7)  (5, 10)   (4, 7)   (3, 6)   (4, 2)   (0, 7)   (0, 4)   (0, 8)
job_3    (3, 3)   (5, 5)   (1, 8)   (0, 5)   (2, 3)  (2, 6)   (5, 5)  (5, 9)   (1, 7)   (4, 1)   (0, 6)   (5, 5)   (4, 5)   (2, 8)   (2, 9)   (3, 2)   (5, 2)
job_4    (3, 4)   (1, 3)   (0, 6)   (5, 2)  (0, 10)  (4, 6)   (1, 1)  (0, 7)   (1, 6)   (2, 3)   (1, 5)   (2, 1)   (0, 9)   (5, 5)   (5, 8)   (2, 7)   (5, 8)
job_5    (2, 4)  (4, 10)   (1, 4)   (3, 8)   (1, 9)  (1, 5)   (5, 2)  (5, 5)   (5, 6)   (0, 9)   (2, 7)   (3, 8)   (1, 2)   (2, 2)  (0, 10)   (0, 2)  (5, 10)
job_6    (2, 9)   (4, 1)   (3, 2)   (4, 8)   (4, 5)  (4, 3)   (0, 1)  (0, 4)   (4, 6)   (3, 7)   (1, 7)  (0, 10)   (0, 3)   (1, 5)   (1, 4)   (1, 3)   (5, 3)
job_7    (3, 6)   (2, 9)   (5, 7)   (2, 3)   (0, 4)  (1, 1)   (1, 9)  (0, 7)  (0, 10)   (1, 3)   (4, 7)   (2, 6)   (4, 4)   (5, 1)   (1, 2)  (2, 10)   (5, 3)
job_8   (0, 10)   (1, 6)   (5, 3)   (0, 7)   (1, 5)  (5, 1)   (5, 5)  (4, 8)   (3, 3)   (0, 3)   (0, 9)   (1, 9)   (0, 9)   (0, 5)   (3, 3)   (3, 1)  (1, 10)
job_9    (5, 4)  (4, 10)   (5, 6)   (2, 3)   (3, 1)  (5, 5)   (1, 4)  (1, 6)   (2, 6)   (3, 8)   (1, 7)   (5, 7)   (3, 9)   (0, 2)   (1, 4)   (0, 6)   (2, 6)
job_10   (5, 3)   (3, 2)   (1, 9)  (3, 10)   (4, 2)  (5, 3)   (0, 3)  (5, 6)   (1, 8)  (1, 10)   (4, 1)   (2, 6)   (1, 1)   (1, 3)  (3, 10)   (4, 8)   (4, 1)
job_11   (5, 6)   (0, 7)  (5, 10)   (5, 7)   (0, 8)  (4, 7)   (1, 1)  (1, 9)   (5, 4)   (0, 3)   (3, 9)   (0, 1)   (3, 8)  (4, 10)   (1, 6)   (2, 8)   (0, 9)
job_12   (2, 4)   (4, 8)   (0, 7)   (4, 7)   (5, 4)  (1, 9)   (3, 8)  (4, 9)   (4, 4)   (0, 8)   (3, 7)   (2, 3)   (4, 6)   (0, 8)  (2, 10)   (1, 1)   (3, 3)
job_13   (0, 8)   (1, 4)   (3, 3)   (3, 6)   (3, 7)  (2, 3)   (3, 2)  (3, 4)   (0, 1)   (3, 8)  (4, 10)   (3, 3)   (5, 4)   (0, 3)   (2, 9)   (1, 9)   (2, 4)
job_14   (1, 6)   (4, 4)   (1, 1)   (2, 4)   (4, 6)  (1, 4)   (4, 4)  (1, 4)   (0, 6)   (4, 5)   (0, 8)   (1, 6)   (1, 7)   (5, 6)   (1, 6)   (4, 1)   (4, 8)
job_15   (3, 8)   (0, 9)   (3, 3)   (2, 9)   (2, 9)  (2, 5)   (5, 9)  (3, 3)   (4, 4)   (0, 2)   (1, 5)   (4, 7)  (3, 10)  (5, 10)   (1, 3)  (3, 10)   (4, 9)
job_16   (2, 6)   (3, 2)   (2, 5)   (2, 3)   (0, 9)  (2, 6)   (5, 5)  (4, 2)   (2, 7)   (0, 9)   (5, 8)   (5, 2)  (3, 10)   (3, 2)  (3, 10)   (0, 2)   (0, 3)
job_17   (5, 1)   (5, 8)   (5, 8)   (5, 6)  (2, 10)  (5, 5)   (0, 4)  (4, 5)   (2, 6)   (4, 8)   (1, 4)   (1, 1)   (4, 5)   (1, 6)   (3, 9)   (2, 5)   (5, 9)
job_18  (1, 10)   (3, 2)   (4, 5)   (2, 3)   (3, 9)  (1, 2)   (0, 7)  (3, 7)   (0, 3)   (1, 7)   (2, 9)   (0, 4)   (5, 8)   (3, 3)   (5, 7)   (2, 4)   (5, 6)


Solution:
Machine 0: job_8_task_0   job_15_task_1  job_11_task_1  job_12_task_2  job_13_task_0  job_4_task_2   job_0_task_5   job_11_task_4  job_16_task_4  job_3_task_3   job_8_task_3   job_18_task_6  job_4_task_4   job_6_task_6   job_6_task_7   job_18_task_8  job_4_task_7   job_17_task_6  job_1_task_4   job_7_task_4   job_1_task_6   job_10_task_6  job_15_task_9  job_2_task_7   job_1_task_7   job_2_task_8   job_7_task_7   job_11_task_9  job_14_task_8  job_13_task_8  job_8_task_9   job_5_task_9   job_12_task_9  job_8_task_10  job_16_task_9  job_7_task_8   job_14_task_10 job_11_task_11 job_3_task_10  job_4_task_12  job_8_task_12  job_18_task_11 job_6_task_11  job_13_task_13 job_1_task_14  job_12_task_13 job_5_task_14  job_8_task_13  job_2_task_14  job_9_task_13  job_6_task_12  job_1_task_15  job_5_task_15  job_2_task_15  job_9_task_15  job_11_task_16 job_2_task_16  job_16_task_15 job_16_task_16 
           [0,10]         [10,19]        [19,26]        [26,33]        [33,41]        [41,47]        [47,55]        [55,63]        [63,72]        [72,77]        [77,84]        [84,91]        [91,101]       [101,102]      [102,106]      [106,109]      [109,116]      [116,120]      [120,121]      [121,125]      [125,131]      [131,134]      [134,136]      [136,138]      [138,139]      [139,140]      [140,147]      [147,150]      [150,156]      [156,157]      [157,160]      [160,169]      [169,177]      [177,186]      [186,195]      [195,205]      [205,213]      [213,214]      [214,220]      [220,229]      [229,238]      [238,242]      [242,252]      [252,255]      [255,264]      [264,272]      [272,282]      [282,287]      [287,294]      [294,296]      [296,299]      [299,308]      [308,310]      [310,314]      [314,320]      [320,329]      [329,337]      [337,339]      [339,342]      
Machine 1: job_18_task_0  job_14_task_0  job_8_task_1   job_4_task_1   job_14_task_2  job_5_task_2   job_0_task_4   job_13_task_1  job_5_task_4   job_5_task_5   job_3_task_2   job_10_task_2  job_18_task_5  job_12_task_5  job_2_task_4   job_8_task_4   job_11_task_6  job_11_task_7  job_4_task_6   job_14_task_5  job_9_task_6   job_9_task_7   job_7_task_5   job_7_task_6   job_0_task_9   job_14_task_7  job_15_task_10 job_4_task_8   job_9_task_10  job_18_task_9  job_10_task_8  job_3_task_8   job_4_task_10  job_10_task_9  job_8_task_11  job_17_task_10 job_7_task_9   job_17_task_11 job_6_task_10  job_14_task_11 job_17_task_13 job_14_task_12 job_5_task_12  job_15_task_14 job_11_task_14 job_10_task_12 job_10_task_13 job_14_task_14 job_7_task_14  job_13_task_15 job_0_task_15  job_9_task_14  job_6_task_13  job_6_task_14  job_6_task_15  job_12_task_15 job_8_task_16  
           [0,10]         [10,16]        [17,23]        [23,26]        [26,27]        [27,31]        [35,45]        [45,49]        [49,58]        [58,63]        [63,71]        [71,80]        [80,82]        [82,91]        [91,92]        [92,97]        [97,98]        [98,107]       [108,109]      [109,113]      [115,119]      [119,125]      [125,126]      [126,135]      [135,142]      [142,146]      [146,151]      [151,157]      [157,164]      [164,171]      [171,179]      [179,186]      [186,191]      [191,201]      [201,210]      [210,214]      [214,217]      [217,218]      [218,225]      [225,231]      [231,237]      [237,244]      [244,246]      [246,249]      [249,255]      [255,256]      [256,259]      [266,272]      [272,274]      [274,283]      [283,291]      [296,300]      [300,305]      [305,309]      [309,312]      [312,313]      [317,327]      
Machine 2: job_12_task_0  job_5_task_0   job_16_task_0  job_0_task_2   job_6_task_0   job_15_task_3  job_15_task_4  job_1_task_1   job_16_task_2  job_16_task_3  job_18_task_3  job_2_task_3   job_7_task_1   job_15_task_5  job_17_task_4  job_14_task_3  job_9_task_3   job_2_task_5   job_7_task_3   job_0_task_7   job_3_task_4   job_0_task_8   job_16_task_5  job_3_task_5   job_13_task_5  job_9_task_8   job_17_task_8  job_4_task_9   job_16_task_8  job_5_task_10  job_18_task_10 job_4_task_11  job_12_task_11 job_1_task_13  job_7_task_11  job_5_task_13  job_10_task_11 job_11_task_15 job_13_task_14 job_3_task_13  job_0_task_14  job_4_task_15  job_17_task_15 job_12_task_14 job_3_task_14  job_7_task_15  job_18_task_15 job_9_task_16  job_13_task_16 
           [0,4]          [4,8]          [8,14]         [14,16]        [16,25]        [25,34]        [34,43]        [43,52]        [52,57]        [57,60]        [60,63]        [63,67]        [67,76]        [76,81]        [81,91]        [91,95]        [95,98]        [98,106]       [106,109]      [109,112]      [112,115]      [115,122]      [122,128]      [128,134]      [134,137]      [137,143]      [151,157]      [157,160]      [160,167]      [169,176]      [176,185]      [191,192]      [216,219]      [219,225]      [230,236]      [246,248]      [248,254]      [255,263]      [263,272]      [272,280]      [280,281]      [281,288]      [288,293]      [293,303]      [303,312]      [312,322]      [322,326]      [326,332]      [332,336]      
Machine 3: job_15_task_0  job_7_task_0   job_4_task_0   job_18_task_1  job_15_task_2  job_2_task_1   job_2_task_2   job_16_task_1  job_3_task_0   job_5_task_3   job_6_task_2   job_13_task_2  job_13_task_3  job_10_task_1  job_13_task_4  job_18_task_4  job_10_task_3  job_12_task_6  job_18_task_7  job_9_task_4   job_15_task_7  job_1_task_3   job_13_task_6  job_13_task_7  job_9_task_9   job_8_task_8   job_11_task_10 job_13_task_9  job_0_task_11  job_0_task_12  job_1_task_10  job_6_task_9   job_15_task_12 job_12_task_10 job_11_task_12 job_5_task_11  job_13_task_11 job_2_task_12  job_9_task_12  job_16_task_12 job_0_task_13  job_17_task_14 job_18_task_13 job_15_task_15 job_10_task_14 job_16_task_13 job_16_task_14 job_8_task_14  job_8_task_15  job_1_task_16  job_3_task_15  job_12_task_16 
           [0,8]          [8,14]         [14,18]        [18,20]        [20,23]        [23,26]        [26,34]        [34,36]        [36,39]        [39,47]        [48,50]        [50,53]        [53,59]        [59,61]        [61,68]        [68,77]        [80,90]        [91,99]        [99,106]       [106,107]      [107,110]      [110,117]      [137,139]      [139,143]      [143,151]      [151,154]      [154,163]      [163,171]      [171,180]      [180,190]      [190,192]      [192,199]      [199,209]      [209,216]      [216,224]      [224,232]      [232,235]      [235,241]      [241,250]      [250,260]      [260,269]      [269,278]      [278,281]      [281,291]      [291,301]      [301,303]      [303,313]      [313,316]      [316,317]      [317,322]      [322,324]      [324,327]      
Machine 4: job_1_task_0   job_12_task_1  job_5_task_1   job_14_task_1  job_0_task_3   job_18_task_2  job_12_task_3  job_6_task_1   job_0_task_6   job_11_task_5  job_9_task_1   job_6_task_3   job_6_task_4   job_6_task_5   job_14_task_4  job_4_task_5   job_2_task_6   job_14_task_6  job_1_task_5   job_10_task_4  job_15_task_8  job_8_task_7   job_12_task_7  job_17_task_7  job_16_task_7  job_0_task_10  job_12_task_8  job_15_task_11 job_6_task_8   job_14_task_9  job_17_task_9  job_1_task_11  job_13_task_10 job_3_task_9   job_2_task_11  job_17_task_12 job_7_task_10  job_11_task_13 job_10_task_10 job_12_task_12 job_3_task_12  job_2_task_13  job_7_task_12  job_14_task_15 job_14_task_16 job_15_task_16 job_10_task_15 job_10_task_16 
           [0,1]          [4,12]         [12,22]        [22,26]        [26,35]        [35,40]        [40,47]        [47,48]        [55,62]        [63,70]        [70,80]        [80,88]        [88,93]        [93,96]        [96,102]       [102,108]      [108,118]      [118,122]      [122,123]      [123,125]      [125,129]      [129,137]      [137,146]      [146,151]      [151,153]      [153,162]      [162,166]      [166,173]      [173,179]      [179,184]      [184,192]      [192,200]      [200,210]      [210,211]      [211,218]      [218,223]      [223,230]      [230,240]      [240,241]      [241,247]      [247,252]      [252,254]      [254,258]      [272,273]      [273,281]      [291,300]      [301,309]      [309,310]      
Machine 5: job_0_task_0   job_0_task_1   job_11_task_0  job_17_task_0  job_2_task_0   job_17_task_1  job_11_task_2  job_17_task_2  job_11_task_3  job_10_task_0  job_3_task_1   job_9_task_0   job_17_task_3  job_8_task_2   job_12_task_4  job_9_task_2   job_4_task_3   job_7_task_2   job_1_task_2   job_15_task_6  job_17_task_5  job_9_task_5   job_8_task_5   job_8_task_6   job_5_task_6   job_5_task_7   job_10_task_5  job_16_task_6  job_3_task_6   job_11_task_8  job_1_task_8   job_5_task_8   job_10_task_7  job_3_task_7   job_2_task_9   job_1_task_9   job_2_task_10  job_9_task_11  job_16_task_10 job_1_task_12  job_15_task_13 job_3_task_11  job_16_task_11 job_13_task_12 job_4_task_13  job_18_task_12 job_4_task_14  job_14_task_13 job_7_task_13  job_18_task_14 job_4_task_16  job_17_task_16 job_0_task_16  job_5_task_16  job_7_task_16  job_6_task_16  job_18_task_16 job_3_task_16  
           [0,6]          [6,9]          [9,15]         [15,16]        [16,22]        [22,30]        [30,40]        [40,48]        [48,55]        [55,58]        [58,63]        [63,67]        [67,73]        [73,76]        [76,80]        [80,86]        [86,88]        [88,95]        [95,96]        [96,105]       [105,110]      [110,115]      [115,116]      [116,121]      [121,123]      [123,128]      [128,131]      [131,136]      [136,141]      [141,145]      [145,153]      [153,159]      [159,165]      [165,174]      [174,181]      [181,185]      [185,195]      [195,202]      [202,210]      [210,217]      [217,227]      [227,232]      [232,234]      [235,239]      [239,244]      [244,252]      [252,260]      [260,266]      [266,267]      [281,288]      [288,296]      [296,305]      [305,312]      [312,322]      [322,325]      [325,328]      [328,334]      [334,336]      
Optimal Schedule Length: 342.0
Total (Unoptimized Schedule Length): 1822
Statistics
  - conflicts: 0
  - branches : 0
  - wall time: 0.472450509s