
Problem
          task_0    task_1   task_2    task_3   task_4   task_5   task_6   task_7   task_8   task_9   task_10 task_11  task_12  task_13  task_14
job_0     (1, 7)   (8, 10)   (4, 8)   (11, 1)   (8, 6)   (6, 8)   (4, 8)   (4, 8)   (5, 4)  (11, 1)    (9, 4)  (4, 6)   (0, 2)   (1, 5)  (0, 10)
job_1     (3, 2)  (11, 10)   (2, 8)    (8, 9)   (5, 5)  (10, 4)   (5, 8)   (4, 8)   (0, 3)   (9, 5)    (1, 8)  (0, 7)   (4, 4)   (9, 2)   (0, 5)
job_2     (9, 2)    (1, 4)   (3, 4)    (7, 6)   (4, 9)  (10, 2)   (5, 6)  (11, 3)   (4, 7)   (4, 1)    (0, 5)  (8, 8)  (3, 10)   (4, 9)  (6, 10)
job_3    (10, 9)    (9, 6)   (1, 1)    (3, 4)   (2, 9)  (11, 5)   (1, 8)   (1, 2)   (6, 2)   (7, 1)    (8, 2)  (6, 1)   (8, 8)  (10, 1)   (9, 9)
job_4     (1, 9)    (9, 4)   (4, 8)    (2, 9)  (11, 4)   (5, 1)   (9, 8)   (1, 3)   (8, 5)  (11, 9)   (8, 10)  (6, 2)  (4, 10)   (9, 3)  (9, 10)
job_5     (0, 7)    (8, 8)   (1, 6)    (9, 2)   (6, 4)  (10, 6)   (0, 3)   (4, 5)   (5, 8)   (0, 1)    (8, 5)  (5, 5)   (8, 3)   (9, 2)   (1, 8)
job_6     (9, 1)   (10, 1)   (0, 4)   (11, 3)   (8, 9)   (1, 7)   (5, 8)   (9, 4)   (2, 3)   (4, 4)   (11, 4)  (7, 1)   (1, 8)  (5, 10)   (1, 1)
job_7     (7, 7)   (10, 6)   (2, 9)    (1, 6)   (0, 5)   (3, 7)   (1, 5)   (9, 2)   (1, 3)   (8, 6)    (3, 4)  (2, 7)   (7, 7)   (4, 8)   (2, 7)
job_8     (0, 6)   (11, 2)  (3, 10)   (10, 9)   (9, 7)   (1, 3)   (7, 4)   (7, 1)   (8, 1)   (8, 3)  (11, 10)  (5, 5)  (11, 9)   (0, 2)   (4, 9)
job_9     (7, 6)    (3, 4)   (2, 2)    (3, 2)   (2, 6)  (9, 10)   (5, 9)  (10, 8)  (4, 10)   (0, 4)   (2, 10)  (2, 1)  (10, 1)   (5, 3)   (1, 1)
job_10    (2, 9)    (5, 4)   (9, 2)    (5, 5)   (5, 4)   (1, 6)   (2, 3)   (9, 2)   (8, 9)   (2, 3)    (9, 4)  (9, 8)   (6, 5)   (0, 8)   (8, 4)
job_11    (9, 9)    (2, 7)   (0, 7)    (5, 5)   (2, 2)   (1, 3)   (9, 5)   (7, 4)   (8, 3)   (9, 9)    (0, 8)  (5, 4)   (0, 6)   (4, 2)   (2, 4)
job_12  (10, 10)    (5, 4)   (3, 3)  (11, 10)   (3, 8)   (3, 5)   (8, 6)  (11, 7)  (3, 10)   (2, 5)    (2, 6)  (3, 2)   (9, 7)  (2, 10)  (9, 10)
job_13    (4, 6)    (7, 2)   (0, 3)    (5, 3)   (3, 6)   (3, 2)  (11, 4)   (9, 8)   (2, 2)   (6, 9)    (8, 4)  (7, 6)  (10, 5)   (7, 9)   (3, 3)
job_14   (10, 7)   (10, 9)  (11, 4)    (6, 3)   (4, 5)   (6, 5)   (9, 9)  (10, 8)   (4, 3)   (4, 1)    (1, 1)  (3, 2)   (4, 1)   (0, 9)   (0, 4)
job_15    (8, 8)   (4, 10)   (3, 8)    (7, 5)  (10, 2)   (5, 8)   (1, 4)   (7, 5)  (10, 7)   (2, 1)    (2, 7)  (2, 3)   (5, 6)   (4, 2)   (7, 7)
job_16    (7, 3)    (4, 9)  (10, 8)    (0, 8)   (6, 4)   (9, 5)   (0, 5)   (0, 3)  (10, 2)   (5, 4)    (2, 7)  (0, 9)   (1, 1)  (10, 7)  (5, 10)
job_17   (9, 10)   (10, 5)  (10, 5)    (1, 1)   (5, 5)   (6, 1)   (7, 1)   (6, 1)   (7, 9)   (8, 6)    (1, 3)  (0, 7)   (4, 9)  (10, 5)   (0, 6)


Solution:
Machine 0: job_5_task_0   job_8_task_0   job_13_task_2  job_11_task_2  job_16_task_3  job_5_task_6   job_6_task_2   job_7_task_4   job_11_task_10 job_1_task_8   job_2_task_10  job_16_task_6  job_16_task_7  job_11_task_12 job_1_task_11  job_9_task_9   job_16_task_11 job_0_task_12  job_1_task_14  job_0_task_14  job_17_task_11 job_5_task_9   job_10_task_13 job_14_task_13 job_8_task_13  job_17_task_14 job_14_task_14 
           [0,7]          [7,13]         [13,16]        [18,25]        [27,35]        [39,42]        [50,54]        [56,61]        [61,69]        [70,73]        [73,78]        [78,83]        [84,87]        [87,93]        [94,101]       [101,105]      [105,114]      [114,116]      [116,121]      [122,132]      [132,139]      [139,140]      [141,149]      [149,158]      [158,160]      [160,166]      [166,170]      
Machine 1: job_2_task_1   job_0_task_0   job_5_task_2   job_4_task_0   job_11_task_5  job_3_task_2   job_10_task_5  job_7_task_3   job_7_task_6   job_17_task_3  job_6_task_5   job_4_task_7   job_1_task_10  job_8_task_5   job_3_task_6   job_3_task_7   job_7_task_8   job_16_task_12 job_0_task_13  job_15_task_6  job_17_task_10 job_14_task_10 job_6_task_12  job_9_task_14  job_5_task_14  job_6_task_14  
           [2,6]          [9,16]         [16,22]        [22,31]        [32,35]        [38,39]        [39,45]        [50,56]        [68,73]        [74,75]        [75,82]        [83,86]        [86,94]        [98,101]       [102,110]      [111,113]      [113,116]      [116,117]      [117,122]      [122,126]      [128,131]      [139,140]      [150,158]      [160,161]      [161,169]      [169,170]      
Machine 2: job_10_task_0  job_11_task_1  job_1_task_2   job_9_task_2   job_11_task_4  job_9_task_4   job_7_task_2   job_4_task_3   job_10_task_6  job_13_task_8  job_3_task_4   job_12_task_9  job_12_task_10 job_16_task_10 job_10_task_9  job_9_task_10  job_6_task_8   job_12_task_13 job_9_task_11  job_7_task_11  job_15_task_9  job_15_task_10 job_15_task_11 job_11_task_14 job_7_task_14  
           [0,9]          [11,18]        [18,26]        [26,28]        [30,32]        [35,41]        [41,50]        [50,59]        [61,64]        [73,75]        [75,84]        [84,89]        [89,95]        [97,104]       [108,111]      [111,121]      [121,124]      [124,134]      [134,135]      [135,142]      [142,143]      [143,150]      [150,153]      [153,157]      [161,168]      
Machine 3: job_1_task_0   job_2_task_2   job_9_task_1   job_12_task_2  job_8_task_2   job_13_task_4  job_9_task_3   job_13_task_5  job_15_task_2  job_12_task_4  job_12_task_5  job_7_task_5   job_3_task_3   job_12_task_8  job_12_task_11 job_2_task_12  job_7_task_10  job_14_task_11 job_13_task_14 
           [0,2]          [6,10]         [10,14]        [14,17]        [17,27]        [27,33]        [33,35]        [35,37]        [37,45]        [46,54]        [54,59]        [61,68]        [68,72]        [72,82]        [99,101]       [102,112]      [131,135]      [140,142]      [161,164]      
Machine 4: job_13_task_0  job_16_task_1  job_15_task_1  job_2_task_4   job_0_task_2   job_4_task_2   job_5_task_7   job_2_task_8   job_1_task_7   job_2_task_9   job_0_task_6   job_0_task_7   job_9_task_8   job_14_task_4  job_1_task_12  job_0_task_11  job_2_task_13  job_4_task_12  job_6_task_9   job_14_task_8  job_14_task_9  job_17_task_12 job_14_task_12 job_11_task_13 job_7_task_13  job_15_task_13 job_8_task_14  
           [0,6]          [6,15]         [15,25]        [25,34]        [34,42]        [42,50]        [50,55]        [55,62]        [62,70]        [70,71]        [71,79]        [79,87]        [87,97]        [97,102]       [102,106]      [106,112]      [112,121]      [121,131]      [131,135]      [135,138]      [138,139]      [139,148]      [148,149]      [149,151]      [151,159]      [159,161]      [161,170]      
Machine 5: job_12_task_1  job_10_task_1  job_13_task_3  job_11_task_3  job_10_task_3  job_10_task_4  job_1_task_4   job_2_task_6   job_1_task_6   job_9_task_6   job_4_task_5   job_11_task_11 job_17_task_4  job_6_task_6   job_16_task_9  job_0_task_8   job_15_task_5  job_5_task_8   job_16_task_14 job_8_task_11  job_5_task_11  job_9_task_13  job_15_task_12 job_6_task_13  
           [10,14]        [14,18]        [22,25]        [25,30]        [30,35]        [35,39]        [40,45]        [46,52]        [54,62]        [62,71]        [71,72]        [73,77]        [77,82]        [82,90]        [93,97]        [97,101]       [104,112]      [117,125]      [125,135]      [135,140]      [145,150]      [150,153]      [153,159]      [159,169]      
Machine 6: job_5_task_4   job_16_task_4  job_0_task_5   job_17_task_5  job_14_task_3  job_17_task_7  job_13_task_9  job_14_task_5  job_3_task_8   job_4_task_11  job_2_task_14  job_10_task_12 job_3_task_11  
           [25,29]        [45,49]        [60,68]        [82,83]        [83,86]        [86,87]        [88,97]        [108,113]      [113,115]      [119,121]      [121,131]      [136,141]      [147,148]      
Machine 7: job_16_task_0  job_9_task_0   job_13_task_1  job_7_task_0   job_2_task_3   job_11_task_7  job_15_task_3  job_17_task_6  job_17_task_8  job_8_task_6   job_8_task_7   job_3_task_9   job_15_task_7  job_13_task_11 job_7_task_12  job_6_task_11  job_13_task_13 job_15_task_14 
           [0,3]          [3,9]          [9,11]         [11,18]        [18,24]        [41,45]        [65,70]        [83,84]        [87,96]        [101,105]      [107,108]      [115,116]      [126,131]      [135,141]      [142,149]      [149,150]      [152,161]      [162,169]      
Machine 8: job_15_task_0  job_5_task_1   job_0_task_1   job_1_task_3   job_11_task_8  job_0_task_4   job_12_task_6  job_6_task_4   job_2_task_11  job_4_task_8   job_10_task_8  job_17_task_9  job_8_task_8   job_4_task_10  job_8_task_9   job_7_task_9   job_13_task_10 job_5_task_10  job_3_task_10  job_3_task_12  job_5_task_12  job_10_task_14 
           [0,8]          [8,16]         [21,31]        [31,40]        [45,48]        [53,59]        [59,65]        [66,75]        [78,86]        [86,91]        [91,100]       [100,106]      [108,109]      [109,119]      [119,122]      [123,129]      [131,135]      [140,145]      [145,147]      [148,156]      [156,159]      [161,165]      
Machine 9: job_2_task_0   job_11_task_0  job_17_task_0  job_10_task_2  job_5_task_3   job_6_task_0   job_3_task_1   job_4_task_1   job_11_task_6  job_9_task_5   job_11_task_9  job_16_task_5  job_13_task_7  job_4_task_6   job_1_task_9   job_10_task_7  job_7_task_7   job_8_task_4   job_6_task_7   job_0_task_10  job_12_task_12 job_1_task_13  job_14_task_6  job_10_task_10 job_10_task_11 job_4_task_13  job_4_task_14  job_12_task_14 job_5_task_13  job_3_task_14  
           [0,2]          [2,11]         [11,21]        [21,23]        [23,25]        [25,26]        [26,32]        [32,36]        [36,41]        [41,51]        [51,60]        [60,65]        [65,73]        [73,81]        [81,86]        [86,88]        [88,90]        [91,98]        [98,102]       [102,106]      [106,113]      [113,115]      [115,124]      [124,128]      [128,136]      [136,139]      [139,149]      [149,159]      [159,161]      [161,170]      
Machine 10: job_12_task_0  job_3_task_0   job_16_task_2  job_7_task_1   job_5_task_5   job_2_task_5   job_14_task_0  job_6_task_1   job_1_task_5   job_17_task_1  job_14_task_1  job_17_task_2  job_9_task_7   job_8_task_3   job_15_task_4  job_16_task_8  job_16_task_13 job_14_task_7  job_15_task_8  job_13_task_12 job_9_task_12  job_17_task_13 job_3_task_13  
           [0,10]         [10,19]        [19,27]        [27,33]        [33,39]        [39,41]        [41,48]        [48,49]        [49,53]        [53,58]        [58,67]        [67,72]        [72,80]        [80,89]        [89,91]        [91,93]        [117,124]      [127,135]      [135,142]      [142,147]      [147,148]      [152,157]      [157,158]      
Machine 11: job_1_task_1   job_8_task_1   job_12_task_3  job_13_task_6  job_0_task_3   job_2_task_7   job_6_task_3   job_4_task_4   job_12_task_7  job_14_task_2  job_3_task_5   job_4_task_9   job_0_task_9   job_8_task_10  job_6_task_10  job_8_task_12  
           [2,12]         [14,16]        [35,45]        [45,49]        [49,50]        [52,55]        [57,60]        [61,65]        [65,72]        [72,76]        [84,89]        [91,100]       [101,102]      [122,132]      [142,146]      [146,155]      
Optimal Schedule Length: 170.0
Total (Unoptimized Schedule Length): 1455
Statistics
  - conflicts: 0
  - branches : 0
  - wall time: 0.38252993s