
Problem
        task_0  task_1   task_2   task_3   task_4   task_5   task_6   task_7   task_8   task_9 task_10  task_11  task_12  task_13  task_14  task_15  task_16 task_17  task_18
job_0   (2, 9)  (2, 9)   (1, 9)   (2, 9)   (3, 8)  (2, 10)   (3, 6)   (0, 2)  (3, 10)   (3, 7)  (3, 2)   (0, 9)  (1, 10)   (1, 1)  (0, 10)   (3, 1)   (1, 7)  (3, 2)  (3, 10)
job_1   (1, 5)  (0, 3)   (0, 9)   (0, 1)   (1, 4)   (0, 3)   (2, 8)   (3, 4)   (1, 5)  (3, 10)  (3, 3)   (1, 1)   (3, 4)   (1, 4)   (3, 9)   (2, 3)   (1, 4)  (2, 8)   (3, 5)
job_2   (2, 1)  (2, 2)  (0, 10)   (1, 5)   (3, 5)   (2, 5)   (1, 6)   (1, 2)   (0, 1)   (0, 5)  (3, 6)   (3, 7)  (3, 10)   (0, 3)   (2, 7)   (0, 4)   (1, 9)  (1, 2)   (2, 8)
job_3   (3, 9)  (2, 7)   (2, 2)   (2, 4)   (3, 4)   (2, 7)   (3, 3)  (0, 10)   (3, 5)   (1, 6)  (3, 6)   (1, 9)   (0, 6)  (3, 10)   (2, 5)   (1, 8)   (2, 6)  (0, 7)   (1, 5)
job_4   (0, 3)  (3, 8)   (2, 7)   (1, 4)   (3, 8)   (1, 9)   (1, 4)   (1, 9)   (1, 3)   (1, 3)  (0, 7)  (1, 10)  (2, 10)   (3, 4)   (1, 8)   (3, 6)  (0, 10)  (3, 2)   (2, 9)
job_5   (2, 8)  (2, 3)   (1, 2)   (0, 3)   (3, 3)   (0, 8)   (1, 3)   (2, 7)   (0, 8)   (3, 9)  (2, 7)   (1, 5)   (2, 8)   (0, 4)  (0, 10)   (2, 3)   (1, 4)  (0, 6)   (0, 9)
job_6   (3, 3)  (3, 1)   (0, 7)   (2, 6)  (0, 10)   (2, 8)   (1, 6)   (2, 7)   (3, 5)   (2, 5)  (2, 5)   (0, 9)   (0, 1)   (1, 2)   (1, 1)   (3, 9)   (1, 1)  (1, 8)   (0, 8)
job_7   (0, 9)  (3, 5)  (1, 10)   (3, 2)   (1, 4)   (0, 4)   (0, 3)   (0, 6)   (2, 2)   (3, 9)  (3, 8)   (1, 8)   (0, 3)  (0, 10)   (1, 3)   (1, 6)   (0, 7)  (3, 2)   (1, 3)
job_8   (3, 2)  (2, 9)   (2, 8)  (1, 10)   (2, 8)   (0, 8)  (2, 10)   (1, 5)   (0, 4)   (3, 4)  (3, 8)   (0, 5)   (3, 6)   (3, 4)   (1, 6)   (3, 9)   (2, 3)  (2, 8)   (3, 7)
job_9   (3, 8)  (1, 7)   (1, 7)   (2, 9)   (3, 8)   (2, 5)   (0, 6)   (2, 7)   (2, 2)   (3, 6)  (2, 7)  (3, 10)  (0, 10)   (1, 8)   (0, 7)  (0, 10)   (2, 9)  (3, 5)   (2, 4)
job_10  (0, 3)  (0, 9)   (2, 2)   (3, 6)  (3, 10)   (0, 4)   (3, 9)   (2, 9)   (0, 1)   (3, 9)  (0, 8)   (3, 6)   (0, 9)   (2, 6)   (0, 6)   (2, 6)   (1, 4)  (3, 8)   (3, 2)
job_11  (0, 8)  (3, 8)   (1, 2)   (0, 6)   (1, 9)   (3, 5)   (3, 1)  (0, 10)   (3, 4)   (0, 5)  (2, 8)   (3, 9)   (2, 8)   (3, 2)   (2, 2)   (2, 5)   (0, 7)  (0, 2)   (1, 5)
job_12  (3, 5)  (0, 3)  (3, 10)   (1, 3)   (3, 9)   (1, 1)   (1, 9)  (0, 10)   (0, 5)   (2, 7)  (0, 1)  (2, 10)   (0, 1)   (0, 9)   (0, 3)   (3, 7)   (2, 4)  (0, 3)  (1, 10)


Solution:
Machine 0: job_4_task_0   job_10_task_0  job_10_task_1  job_11_task_0  job_7_task_0   job_12_task_1  job_1_task_1   job_1_task_2   job_1_task_3   job_6_task_2   job_11_task_3  job_1_task_5   job_2_task_2   job_5_task_3   job_9_task_6   job_5_task_5   job_10_task_5  job_8_task_5   job_3_task_7   job_6_task_4   job_7_task_5   job_7_task_6   job_5_task_8   job_0_task_7   job_7_task_7   job_11_task_7  job_12_task_7  job_4_task_10  job_10_task_8  job_8_task_8   job_2_task_8   job_2_task_9   job_12_task_8  job_11_task_9  job_10_task_10 job_9_task_12  job_3_task_12  job_12_task_10 job_8_task_11  job_5_task_13  job_9_task_14  job_0_task_11  job_6_task_11  job_12_task_12 job_7_task_12  job_10_task_12 job_12_task_13 job_7_task_13  job_5_task_14  job_2_task_13  job_6_task_12  job_0_task_14  job_9_task_15  job_12_task_14 job_10_task_14 job_2_task_15  job_4_task_16  job_5_task_17  job_11_task_16 job_7_task_16  job_3_task_17  job_12_task_17 job_11_task_17 job_5_task_18  job_6_task_18  
           [0,3]          [3,6]          [6,15]         [15,23]        [23,32]        [32,35]        [35,38]        [38,47]        [47,48]        [62,69]        [79,85]        [85,88]        [89,99]        [99,102]       [102,108]      [108,116]      [116,120]      [120,128]      [128,138]      [138,148]      [148,152]      [152,155]      [155,163]      [163,165]      [165,171]      [171,181]      [181,191]      [191,198]      [198,199]      [199,203]      [203,204]      [204,209]      [209,214]      [214,219]      [219,227]      [227,237]      [237,243]      [243,244]      [244,249]      [249,253]      [253,260]      [260,269]      [269,278]      [278,279]      [279,282]      [282,291]      [291,300]      [300,310]      [310,320]      [320,323]      [323,324]      [324,334]      [334,344]      [344,347]      [347,353]      [353,357]      [357,367]      [367,373]      [373,380]      [380,387]      [387,394]      [394,397]      [397,399]      [399,408]      [408,416]      
Machine 1: job_1_task_0   job_9_task_1   job_9_task_2   job_0_task_2   job_4_task_3   job_8_task_3   job_12_task_3  job_4_task_5   job_4_task_6   job_4_task_7   job_11_task_2  job_1_task_4   job_7_task_2   job_5_task_2   job_11_task_4  job_2_task_3   job_4_task_8   job_4_task_9   job_12_task_5  job_5_task_6   job_12_task_6  job_7_task_4   job_3_task_9   job_8_task_7   job_2_task_6   job_2_task_7   job_6_task_6   job_3_task_11  job_4_task_11  job_5_task_11  job_1_task_8   job_9_task_13  job_7_task_11  job_0_task_12  job_0_task_13  job_3_task_15  job_7_task_14  job_7_task_15  job_1_task_11  job_4_task_14  job_1_task_13  job_8_task_14  job_6_task_13  job_6_task_14  job_5_task_16  job_1_task_16  job_2_task_16  job_6_task_16  job_6_task_17  job_10_task_16 job_0_task_16  job_2_task_17  job_3_task_18  job_12_task_18 job_11_task_18 job_7_task_18  
           [0,5]          [8,15]         [15,22]        [22,31]        [34,38]        [42,52]        [52,55]        [55,64]        [64,68]        [68,77]        [77,79]        [79,83]        [83,93]        [93,95]        [95,104]       [104,109]      [109,112]      [112,115]      [115,116]      [116,119]      [119,128]      [128,132]      [145,151]      [151,156]      [156,162]      [162,164]      [164,170]      [170,179]      [198,208]      [208,213]      [222,227]      [237,245]      [256,264]      [269,279]      [279,280]      [296,304]      [310,313]      [313,319]      [319,320]      [323,331]      [331,335]      [335,341]      [341,343]      [343,344]      [344,348]      [356,360]      [360,369]      [369,370]      [370,378]      [378,382]      [382,389]      [389,391]      [394,399]      [399,409]      [409,414]      [414,417]      
Machine 2: job_0_task_0   job_0_task_1   job_8_task_1   job_4_task_2   job_8_task_2   job_9_task_3   job_3_task_1   job_5_task_0   job_10_task_2  job_0_task_3   job_3_task_2   job_3_task_3   job_5_task_1   job_2_task_0   job_2_task_1   job_9_task_5   job_8_task_4   job_3_task_5   job_6_task_3   job_0_task_5   job_9_task_7   job_5_task_7   job_8_task_6   job_9_task_8   job_2_task_5   job_6_task_5   job_10_task_7  job_9_task_10  job_1_task_6   job_7_task_8   job_6_task_7   job_5_task_10  job_4_task_12  job_12_task_9  job_11_task_10 job_5_task_12  job_12_task_11 job_6_task_9   job_6_task_10  job_3_task_14  job_10_task_13 job_3_task_16  job_11_task_12 job_5_task_15  job_2_task_14  job_9_task_16  job_1_task_15  job_10_task_15 job_11_task_14 job_11_task_15 job_8_task_16  job_8_task_17  job_12_task_16 job_1_task_17  job_4_task_18  job_2_task_18  job_9_task_18  
           [0,9]          [9,18]         [18,27]        [27,34]        [34,42]        [42,51]        [51,58]        [58,66]        [66,68]        [68,77]        [77,79]        [79,83]        [83,86]        [86,87]        [87,89]        [89,94]        [94,102]       [102,109]      [109,115]      [115,125]      [125,132]      [132,139]      [139,149]      [149,151]      [151,156]      [156,164]      [164,173]      [173,180]      [180,188]      [188,190]      [190,197]      [197,204]      [208,218]      [218,225]      [225,233]      [233,241]      [244,254]      [254,259]      [259,264]      [291,296]      [296,302]      [304,310]      [310,318]      [320,323]      [323,330]      [344,353]      [353,356]      [356,362]      [362,364]      [364,369]      [369,372]      [372,380]      [380,384]      [384,392]      [392,401]      [401,409]      [409,413]      
Machine 3: job_9_task_0   job_8_task_0   job_4_task_1   job_3_task_0   job_12_task_0  job_6_task_0   job_12_task_2  job_4_task_4   job_9_task_4   job_6_task_1   job_11_task_1  job_10_task_3  job_7_task_1   job_10_task_4  job_3_task_4   job_0_task_4   job_5_task_4   job_12_task_4  job_3_task_6   job_7_task_3   job_10_task_6  job_2_task_4   job_0_task_6   job_3_task_8   job_11_task_5  job_11_task_6  job_9_task_9   job_3_task_10  job_5_task_9   job_0_task_8   job_9_task_11  job_7_task_9   job_10_task_9  job_11_task_8  job_8_task_9   job_1_task_7   job_0_task_9   job_2_task_10  job_8_task_10  job_6_task_8   job_7_task_10  job_0_task_10  job_1_task_9   job_2_task_11  job_10_task_11 job_3_task_13  job_8_task_12  job_11_task_11 job_2_task_12  job_1_task_10  job_4_task_13  job_8_task_13  job_1_task_12  job_4_task_15  job_1_task_14  job_8_task_15  job_11_task_13 job_6_task_15  job_12_task_15 job_9_task_17  job_0_task_15  job_4_task_17  job_8_task_18  job_10_task_17 job_0_task_17  job_0_task_18  job_7_task_17  job_1_task_18  job_10_task_18 
           [0,8]          [8,10]         [10,18]        [18,27]        [27,32]        [32,35]        [35,45]        [45,53]        [53,61]        [61,62]        [62,70]        [70,76]        [76,81]        [81,91]        [91,95]        [95,103]       [103,106]      [106,115]      [115,118]      [118,120]      [120,129]      [129,134]      [134,140]      [140,145]      [145,150]      [150,151]      [151,157]      [157,163]      [163,172]      [172,182]      [182,192]      [192,201]      [201,210]      [210,214]      [214,218]      [218,222]      [222,229]      [229,235]      [235,243]      [243,248]      [248,256]      [256,258]      [258,268]      [268,275]      [275,281]      [281,291]      [291,297]      [297,306]      [306,316]      [316,319]      [319,323]      [323,327]      [327,331]      [331,337]      [337,346]      [346,355]      [355,357]      [357,366]      [366,373]      [373,378]      [378,379]      [379,381]      [381,388]      [388,396]      [396,398]      [398,408]      [408,410]      [410,415]      [415,417]      
Optimal Schedule Length: 417.0
Total (Unoptimized Schedule Length): 1473
Statistics
  - conflicts: 0
  - branches : 0
  - wall time: 0.13116317900000002s