
Problem
        task_0   task_1   task_2   task_3  task_4   task_5   task_6   task_7  task_8   task_9  task_10 task_11  task_12  task_13
job_0   (2, 8)   (3, 8)   (3, 9)   (3, 4)  (3, 2)   (5, 9)   (4, 9)   (0, 5)  (5, 8)  (3, 10)   (2, 7)  (2, 9)   (5, 9)   (5, 8)
job_1   (4, 5)   (3, 8)   (1, 8)   (5, 4)  (0, 2)   (1, 7)   (5, 6)   (2, 1)  (5, 7)   (0, 9)   (0, 2)  (1, 2)   (5, 9)   (3, 3)
job_2   (4, 6)  (3, 10)   (5, 1)   (3, 1)  (5, 1)   (4, 1)   (0, 9)  (2, 10)  (0, 4)   (0, 2)  (4, 10)  (1, 5)  (0, 10)   (0, 3)
job_3   (3, 3)   (5, 1)   (4, 9)   (4, 7)  (0, 4)   (4, 3)   (3, 1)  (5, 10)  (3, 9)   (5, 6)   (1, 5)  (1, 2)   (5, 5)   (5, 5)
job_4   (1, 4)   (3, 3)   (1, 3)   (0, 9)  (0, 1)   (0, 5)   (4, 3)   (5, 7)  (0, 5)  (1, 10)   (1, 7)  (5, 8)  (2, 10)   (3, 8)
job_5   (0, 4)   (1, 3)   (2, 9)  (1, 10)  (0, 5)   (1, 8)   (3, 2)   (4, 4)  (2, 6)   (1, 9)   (1, 4)  (1, 8)   (0, 9)   (2, 3)
job_6   (1, 7)   (2, 1)   (5, 7)   (5, 7)  (0, 6)   (2, 7)   (2, 9)   (3, 1)  (1, 5)  (0, 10)   (4, 8)  (0, 2)   (4, 2)   (3, 1)
job_7   (5, 7)   (5, 3)   (1, 4)   (2, 4)  (2, 7)   (1, 6)  (1, 10)   (1, 4)  (1, 3)  (4, 10)   (0, 9)  (5, 1)   (4, 9)  (4, 10)
job_8   (3, 6)   (2, 1)  (0, 10)   (4, 3)  (2, 4)   (1, 9)   (3, 2)  (4, 10)  (0, 2)   (5, 2)   (2, 2)  (3, 6)   (3, 8)   (3, 5)
job_9   (4, 3)   (1, 8)   (5, 3)   (0, 6)  (3, 7)   (3, 4)   (5, 8)   (5, 4)  (0, 8)   (0, 7)   (5, 9)  (3, 3)   (2, 3)   (5, 9)
job_10  (3, 3)   (5, 7)   (5, 6)   (2, 4)  (1, 6)  (5, 10)   (2, 5)   (4, 4)  (4, 5)   (1, 3)   (3, 6)  (1, 2)   (5, 5)   (4, 6)
job_11  (4, 1)   (4, 4)   (4, 9)   (4, 2)  (2, 4)   (2, 9)   (5, 3)   (4, 8)  (4, 2)   (4, 9)   (4, 6)  (2, 5)  (1, 10)   (1, 1)
job_12  (3, 4)   (1, 9)  (2, 10)   (5, 4)  (5, 6)   (4, 3)   (3, 7)   (5, 6)  (4, 5)   (4, 8)   (4, 3)  (4, 5)   (3, 5)   (2, 6)
job_13  (5, 2)   (3, 3)   (3, 9)   (5, 6)  (2, 6)   (5, 6)   (1, 9)   (3, 3)  (2, 5)   (3, 1)   (3, 5)  (2, 3)   (4, 1)   (1, 5)
job_14  (4, 8)   (4, 3)   (5, 8)   (0, 7)  (0, 1)   (1, 9)   (3, 4)   (2, 4)  (2, 5)   (5, 2)   (4, 7)  (4, 7)   (0, 1)   (5, 3)
job_15  (2, 1)   (3, 2)   (1, 1)   (2, 4)  (3, 5)   (5, 8)   (3, 4)  (3, 10)  (1, 8)   (3, 3)  (0, 10)  (1, 8)  (4, 10)   (5, 4)
job_16  (0, 5)   (3, 5)   (4, 7)   (5, 2)  (4, 5)   (0, 7)   (5, 1)   (1, 1)  (4, 5)   (5, 5)   (4, 5)  (2, 1)   (2, 1)   (1, 9)
job_17  (5, 9)   (2, 1)   (5, 3)   (1, 2)  (1, 7)   (4, 5)  (5, 10)   (4, 5)  (0, 2)   (1, 9)   (5, 5)  (4, 7)   (5, 6)   (0, 1)


Solution:
Machine 0: job_5_task_0   job_16_task_0  job_9_task_3   job_4_task_3   job_4_task_4   job_4_task_5   job_8_task_2   job_5_task_4   job_0_task_7   job_3_task_4   job_6_task_4   job_14_task_3  job_14_task_4  job_4_task_8   job_2_task_6   job_1_task_4   job_2_task_8   job_2_task_9   job_7_task_10  job_15_task_10 job_8_task_8   job_6_task_9   job_9_task_8   job_16_task_5  job_17_task_8  job_9_task_9   job_1_task_9   job_1_task_10  job_5_task_12  job_2_task_12  job_6_task_11  job_2_task_13  job_17_task_13 job_14_task_12 
           [0,4]          [4,9]          [22,28]        [31,40]        [40,41]        [41,46]        [47,57]        [57,62]        [62,67]        [74,78]        [78,84]        [84,91]        [91,92]        [92,97]        [97,106]       [106,108]      [116,120]      [120,122]      [129,138]      [138,148]      [149,151]      [151,161]      [161,169]      [169,176]      [176,178]      [178,185]      [189,198]      [198,200]      [209,218]      [218,228]      [228,230]      [230,233]      [262,263]      [272,273]      
Machine 1: job_4_task_0   job_5_task_1   job_9_task_1   job_7_task_2   job_12_task_1  job_4_task_2   job_6_task_0   job_15_task_2  job_5_task_3   job_7_task_5   job_7_task_6   job_17_task_3  job_1_task_2   job_17_task_4  job_5_task_5   job_10_task_4  job_7_task_7   job_8_task_5   job_1_task_5   job_7_task_8   job_15_task_8  job_14_task_5  job_4_task_9   job_6_task_8   job_4_task_10  job_5_task_9   job_5_task_10  job_15_task_11 job_13_task_6  job_17_task_9  job_16_task_7  job_10_task_9  job_5_task_11  job_2_task_11  job_1_task_11  job_3_task_10  job_10_task_11 job_3_task_11  job_11_task_12 job_11_task_13 job_16_task_13 job_13_task_13 
           [0,4]          [4,7]          [7,15]         [15,19]        [19,28]        [28,31]        [31,38]        [38,39]        [39,49]        [49,55]        [55,65]        [65,67]        [67,75]        [75,82]        [82,90]        [90,96]        [96,100]       [100,109]      [109,116]      [116,119]      [119,127]      [127,136]      [136,146]      [146,151]      [151,158]      [158,167]      [167,171]      [171,179]      [179,188]      [188,197]      [197,198]      [198,201]      [201,209]      [209,214]      [214,216]      [216,221]      [221,223]      [223,225]      [225,235]      [235,236]      [245,254]      [285,290]      
Machine 2: job_0_task_0   job_15_task_0  job_5_task_2   job_7_task_3   job_7_task_4   job_12_task_2  job_15_task_3  job_6_task_1   job_17_task_1  job_8_task_1   job_11_task_4  job_10_task_3  job_11_task_5  job_8_task_4   job_6_task_5   job_6_task_6   job_2_task_7   job_5_task_8   job_13_task_4  job_0_task_10  job_0_task_11  job_10_task_6  job_14_task_7  job_14_task_8  job_1_task_7   job_13_task_8  job_4_task_12  job_13_task_11 job_8_task_10  job_11_task_11 job_9_task_12  job_5_task_13  job_16_task_11 job_16_task_12 job_12_task_13 
           [0,8]          [8,9]          [9,18]         [19,23]        [23,30]        [30,40]        [40,44]        [44,45]        [45,46]        [46,47]        [47,51]        [51,55]        [55,64]        [77,81]        [84,91]        [91,100]       [106,116]      [116,122]      [125,131]      [131,138]      [138,147]      [147,152]      [152,156]      [156,161]      [170,171]      [191,196]      [198,208]      [208,211]      [211,213]      [213,218]      [218,221]      [221,224]      [243,244]      [244,245]      [254,260]      
Machine 3: job_12_task_0  job_4_task_1   job_10_task_0  job_0_task_1   job_0_task_2   job_0_task_3   job_0_task_4   job_15_task_1  job_3_task_0   job_8_task_0   job_15_task_4  job_1_task_1   job_2_task_1   job_13_task_1  job_9_task_4   job_13_task_2  job_15_task_6  job_2_task_3   job_9_task_5   job_16_task_1  job_15_task_7  job_5_task_6   job_12_task_6  job_3_task_6   job_0_task_9   job_8_task_6   job_15_task_9  job_6_task_7   job_14_task_6  job_3_task_8   job_13_task_7  job_13_task_9  job_13_task_10 job_10_task_10 job_9_task_11  job_4_task_13  job_8_task_11  job_8_task_12  job_8_task_13  job_1_task_13  job_12_task_12 job_6_task_13  
           [0,4]          [4,7]          [7,10]         [10,18]        [18,27]        [27,31]        [31,33]        [33,35]        [35,38]        [38,44]        [44,49]        [49,57]        [57,67]        [67,70]        [70,77]        [77,86]        [86,90]        [90,91]        [91,95]        [95,100]       [100,110]      [110,112]      [112,119]      [119,120]      [120,130]      [130,132]      [132,135]      [135,136]      [136,140]      [164,173]      [188,191]      [196,197]      [197,202]      [202,208]      [208,211]      [211,219]      [219,225]      [225,233]      [233,238]      [246,249]      [249,254]      [284,285]      
Machine 4: job_9_task_0   job_11_task_0  job_1_task_0   job_2_task_0   job_11_task_1  job_14_task_0  job_11_task_2  job_14_task_1  job_11_task_3  job_0_task_6   job_3_task_2   job_4_task_6   job_3_task_3   job_8_task_3   job_3_task_5   job_17_task_5  job_2_task_5   job_12_task_5  job_16_task_2  job_5_task_7   job_7_task_9   job_2_task_10  job_8_task_7   job_11_task_7  job_16_task_4  job_17_task_7  job_11_task_8  job_10_task_7  job_11_task_9  job_12_task_8  job_10_task_8  job_12_task_9  job_16_task_8  job_11_task_10 job_12_task_10 job_6_task_10  job_14_task_10 job_7_task_12  job_16_task_10 job_12_task_11 job_17_task_11 job_15_task_12 job_14_task_11 job_7_task_13  job_6_task_12  job_13_task_12 job_10_task_13 
           [0,3]          [3,4]          [4,9]          [9,15]         [15,19]        [19,27]        [27,36]        [36,39]        [39,41]        [46,55]        [55,64]        [64,67]        [67,74]        [74,77]        [78,81]        [82,87]        [93,94]        [99,102]       [102,109]      [112,116]      [119,129]      [129,139]      [139,149]      [149,157]      [157,162]      [162,167]      [167,169]      [169,173]      [173,182]      [182,187]      [187,192]      [192,200]      [200,205]      [205,211]      [211,214]      [214,222]      [222,229]      [229,238]      [238,243]      [243,248]      [248,255]      [255,265]      [265,272]      [272,282]      [282,284]      [284,285]      [285,291]      
Machine 5: job_7_task_0   job_7_task_1   job_17_task_0  job_9_task_2   job_10_task_1  job_13_task_0  job_10_task_2  job_0_task_5   job_3_task_1   job_6_task_2   job_15_task_5  job_17_task_2  job_12_task_3  job_6_task_3   job_14_task_2  job_2_task_2   job_4_task_7   job_2_task_4   job_12_task_4  job_1_task_3   job_9_task_6   job_0_task_8   job_13_task_3  job_17_task_6  job_10_task_5  job_11_task_6  job_9_task_7   job_16_task_3  job_3_task_7   job_1_task_6   job_13_task_5  job_12_task_7  job_1_task_8   job_16_task_6  job_4_task_11  job_9_task_10  job_8_task_9   job_3_task_9   job_14_task_9  job_17_task_10 job_16_task_9  job_7_task_11  job_0_task_12  job_1_task_12  job_10_task_12 job_3_task_12  job_17_task_12 job_9_task_13  job_0_task_13  job_3_task_13  job_15_task_13 job_14_task_13 
           [0,7]          [7,10]         [10,19]        [19,22]        [22,29]        [29,31]        [31,37]        [37,46]        [46,47]        [47,54]        [54,62]        [62,65]        [65,69]        [69,76]        [76,84]        [84,85]        [85,92]        [92,93]        [93,99]        [99,103]       [103,111]      [111,119]      [119,125]      [125,135]      [135,145]      [145,148]      [148,152]      [152,154]      [154,164]      [164,170]      [170,176]      [176,182]      [182,189]      [189,190]      [190,198]      [198,207]      [207,209]      [209,215]      [215,217]      [217,222]      [222,227]      [227,228]      [228,237]      [237,246]      [246,251]      [251,256]      [256,262]      [262,271]      [271,279]      [279,284]      [284,288]      [288,291]      
Optimal Schedule Length: 291.0
Total (Unoptimized Schedule Length): 1368
Statistics
  - conflicts: 0
  - branches : 0
  - wall time: 0.271507524s