
Problem
         task_0   task_1   task_2   task_3   task_4    task_5   task_6   task_7   task_8   task_9  task_10  task_11  task_12   task_13  task_14  task_15  task_16  task_17  task_18
job_0    (7, 7)   (8, 3)  (1, 10)   (7, 1)   (9, 1)    (9, 4)   (7, 5)   (2, 1)   (6, 2)   (9, 7)   (5, 8)   (5, 7)   (3, 4)    (8, 3)  (1, 10)  (6, 10)   (5, 6)   (8, 7)   (1, 1)
job_1    (6, 5)   (0, 5)  (10, 4)   (4, 2)   (6, 4)    (1, 2)   (9, 7)   (5, 3)   (2, 1)   (2, 6)  (10, 2)   (0, 3)   (1, 8)    (8, 4)   (0, 3)   (4, 9)   (4, 6)   (1, 6)  (10, 4)
job_2    (3, 4)   (4, 9)   (4, 6)   (0, 9)   (4, 4)    (4, 8)   (5, 9)   (7, 6)   (6, 9)  (10, 2)   (8, 5)   (7, 8)   (5, 9)    (2, 1)   (5, 1)  (9, 10)   (9, 9)   (8, 4)   (1, 5)
job_3    (9, 6)  (0, 10)  (6, 10)   (6, 5)   (9, 9)    (0, 5)   (5, 5)   (7, 3)  (0, 10)   (1, 7)   (9, 3)   (8, 4)   (4, 4)    (1, 9)   (3, 5)   (4, 6)   (3, 4)   (9, 9)  (3, 10)
job_4    (1, 5)   (5, 4)   (6, 4)   (8, 4)  (3, 10)    (1, 4)   (6, 9)   (5, 1)  (0, 10)   (8, 1)   (0, 2)   (3, 3)  (2, 10)  (10, 10)   (1, 1)   (3, 6)   (0, 2)   (2, 7)   (9, 5)
job_5    (8, 2)   (1, 1)   (9, 7)   (1, 5)   (5, 8)    (1, 3)   (7, 5)  (3, 10)   (8, 8)  (10, 2)   (2, 2)   (1, 3)   (3, 6)    (5, 1)   (7, 5)   (3, 7)   (8, 9)   (6, 3)   (4, 9)
job_6    (0, 8)   (6, 8)   (9, 9)   (0, 3)   (1, 2)    (1, 4)   (4, 5)   (6, 1)   (5, 9)   (7, 2)   (9, 6)   (2, 7)   (9, 3)    (9, 4)   (0, 4)   (1, 7)  (1, 10)  (5, 10)   (1, 4)
job_7   (10, 2)   (6, 4)   (8, 2)   (3, 7)   (0, 8)    (1, 3)   (6, 3)   (5, 4)   (6, 5)   (9, 9)  (5, 10)   (8, 4)   (2, 7)    (1, 1)   (5, 6)   (2, 9)   (3, 2)   (8, 5)   (7, 5)
job_8    (6, 4)   (8, 5)   (6, 4)   (3, 5)  (10, 8)    (2, 2)   (9, 8)   (1, 3)   (0, 5)   (6, 4)   (0, 8)   (5, 7)   (2, 1)    (2, 2)  (10, 3)   (1, 2)  (8, 10)   (6, 3)   (3, 7)
job_9    (2, 9)   (4, 3)   (9, 8)   (9, 4)   (6, 5)    (2, 3)   (8, 6)   (1, 9)   (6, 5)  (0, 10)  (10, 8)   (8, 5)   (4, 2)    (6, 3)   (9, 1)  (8, 10)   (6, 3)   (1, 4)   (6, 7)
job_10   (3, 8)   (2, 8)  (10, 9)   (4, 3)   (6, 4)  (10, 10)   (5, 9)  (10, 2)  (4, 10)   (8, 9)   (7, 9)   (4, 1)   (0, 6)    (9, 6)   (0, 4)   (9, 6)   (6, 7)   (5, 9)  (10, 5)
job_11   (8, 3)   (7, 8)   (7, 8)   (4, 5)  (8, 10)   (10, 3)   (0, 9)   (1, 9)   (0, 6)  (10, 3)   (3, 5)   (3, 4)  (5, 10)   (8, 10)  (10, 9)   (5, 1)   (3, 4)   (8, 3)  (10, 4)
job_12   (7, 7)   (1, 6)  (10, 8)  (8, 10)   (5, 3)    (8, 5)   (7, 6)   (5, 9)   (1, 3)   (5, 8)  (8, 10)   (8, 7)   (2, 5)    (9, 2)   (0, 8)   (0, 6)   (8, 5)   (0, 3)  (10, 9)
job_13   (0, 5)   (6, 1)   (4, 8)  (2, 10)  (6, 10)    (4, 6)  (7, 10)  (1, 10)   (8, 4)  (10, 1)   (8, 3)  (8, 10)   (8, 3)    (7, 9)   (8, 9)   (3, 1)   (6, 2)   (7, 8)  (10, 7)
job_14  (7, 10)   (1, 1)   (7, 3)  (9, 10)   (0, 3)    (1, 7)   (6, 6)   (7, 2)   (3, 3)   (9, 8)  (0, 10)   (3, 2)   (3, 7)    (4, 1)   (5, 9)  (10, 1)   (3, 5)   (9, 9)  (10, 3)
job_15   (9, 5)   (4, 3)   (9, 1)   (3, 8)   (0, 2)    (1, 1)   (4, 4)   (9, 6)   (1, 1)   (6, 2)   (4, 7)  (10, 1)   (0, 1)    (4, 5)   (2, 8)   (7, 2)   (1, 4)  (10, 5)   (1, 6)
job_16   (3, 8)   (5, 6)   (0, 4)  (0, 10)  (10, 3)    (4, 5)   (6, 1)   (1, 8)   (7, 8)  (10, 1)   (0, 3)   (7, 3)   (3, 1)    (3, 5)   (8, 7)   (6, 9)   (0, 8)   (5, 6)   (8, 5)
job_17   (5, 5)   (6, 5)   (7, 4)   (3, 6)   (7, 4)    (9, 5)  (1, 10)   (3, 2)   (1, 4)   (9, 7)   (3, 9)   (4, 3)   (9, 8)    (4, 7)   (8, 8)   (2, 8)   (6, 9)   (2, 7)   (9, 6)
job_18   (5, 1)   (6, 8)  (10, 8)  (10, 1)   (6, 2)   (0, 10)   (7, 8)   (5, 3)  (5, 10)  (10, 2)  (7, 10)   (6, 4)   (8, 8)    (6, 8)   (4, 9)  (10, 8)   (2, 1)   (3, 7)  (10, 1)


Solution:
Machine 0: job_13_task_0  job_6_task_0   job_3_task_1   job_16_task_2  job_16_task_3  job_7_task_4   job_4_task_8   job_15_task_4  job_2_task_3   job_18_task_5  job_6_task_3   job_14_task_4  job_11_task_6  job_1_task_1   job_3_task_5   job_9_task_9   job_4_task_10  job_16_task_10 job_3_task_8   job_11_task_8  job_8_task_8   job_12_task_14 job_10_task_12 job_15_task_12 job_8_task_10  job_10_task_14 job_14_task_10 job_1_task_11  job_12_task_15 job_4_task_16  job_6_task_14  job_1_task_14  job_12_task_17 job_16_task_16 
           [0,5]          [5,13]         [13,23]        [32,36]        [36,46]        [46,54]        [54,64]        [64,66]        [66,75]        [75,85]        [85,88]        [88,91]        [91,100]       [100,105]      [105,110]      [110,120]      [120,122]      [122,125]      [125,135]      [135,141]      [141,146]      [146,154]      [154,160]      [160,161]      [161,169]      [169,173]      [173,183]      [183,186]      [186,192]      [192,194]      [197,201]      [201,204]      [204,207]      [207,215]      
Machine 1: job_4_task_0   job_5_task_1   job_12_task_1  job_5_task_3   job_5_task_5   job_4_task_5   job_0_task_2   job_13_task_7  job_7_task_5   job_15_task_5  job_5_task_11  job_12_task_8  job_14_task_1  job_9_task_7   job_16_task_7  job_6_task_4   job_17_task_6  job_6_task_5   job_17_task_8  job_14_task_5  job_11_task_7  job_1_task_5   job_8_task_7   job_15_task_8  job_3_task_9   job_4_task_14  job_0_task_14  job_3_task_13  job_15_task_16 job_9_task_17  job_7_task_13  job_1_task_12  job_15_task_18 job_8_task_15  job_6_task_15  job_6_task_16  job_1_task_17  job_2_task_18  job_0_task_18  job_6_task_18  
           [0,5]          [5,6]          [7,13]         [13,18]        [26,29]        [30,34]        [34,44]        [53,63]        [63,66]        [66,67]        [67,70]        [70,73]        [73,74]        [74,83]        [83,91]        [91,93]        [93,103]       [103,107]      [107,111]      [111,118]      [118,127]      [127,129]      [129,132]      [132,133]      [135,142]      [145,146]      [153,163]      [163,172]      [177,181]      [181,185]      [185,186]      [186,194]      [194,200]      [200,202]      [202,209]      [209,219]      [219,225]      [225,230]      [230,231]      [231,235]      
Machine 2: job_9_task_0   job_10_task_1  job_13_task_3  job_9_task_5   job_5_task_10  job_0_task_7   job_8_task_5   job_12_task_12 job_4_task_12  job_1_task_8   job_1_task_9   job_2_task_13  job_15_task_14 job_7_task_12  job_6_task_11  job_8_task_12  job_8_task_13  job_18_task_16 job_7_task_15  job_17_task_15 job_4_task_17  job_17_task_17 
           [0,9]          [9,17]         [17,27]        [51,54]        [59,61]        [82,83]        [106,108]      [119,124]      [125,135]      [156,157]      [157,163]      [166,167]      [167,175]      [175,182]      [182,189]      [189,190]      [190,192]      [194,195]      [196,205]      [205,213]      [213,220]      [222,229]      
Machine 3: job_10_task_0  job_2_task_0   job_16_task_0  job_4_task_4   job_7_task_3   job_5_task_7   job_17_task_3  job_15_task_3  job_5_task_12  job_8_task_3   job_17_task_7  job_13_task_15 job_5_task_15  job_4_task_11  job_17_task_10 job_0_task_12  job_14_task_8  job_16_task_12 job_16_task_13 job_11_task_10 job_11_task_11 job_4_task_15  job_3_task_14  job_14_task_11 job_14_task_12 job_3_task_16  job_18_task_17 job_7_task_16  job_14_task_16 job_3_task_18  job_11_task_16 job_8_task_18  
           [0,8]          [8,12]         [12,20]        [20,30]        [30,37]        [37,47]        [47,53]        [53,61]        [70,76]        [93,98]        [103,105]      [105,106]      [112,119]      [122,125]      [125,134]      [134,138]      [138,141]      [149,150]      [150,155]      [155,160]      [160,164]      [164,170]      [172,177]      [183,185]      [185,192]      [192,196]      [196,203]      [205,207]      [207,212]      [212,222]      [222,226]      [226,233]      
Machine 4: job_13_task_2  job_9_task_1   job_2_task_1   job_11_task_3  job_10_task_3  job_13_task_5  job_2_task_2   job_15_task_1  job_16_task_5  job_15_task_6  job_2_task_4   job_2_task_5   job_10_task_8  job_6_task_6   job_1_task_3   job_5_task_18  job_17_task_11 job_15_task_10 job_10_task_11 job_3_task_12  job_9_task_12  job_15_task_13 job_17_task_13 job_18_task_14 job_3_task_15  job_14_task_13 job_1_task_15  job_1_task_16  
           [9,17]         [17,20]        [20,29]        [29,34]        [34,37]        [37,43]        [43,49]        [49,52]        [52,57]        [67,71]        [75,79]        [79,87]        [92,102]       [107,112]      [112,114]      [131,140]      [140,143]      [143,150]      [150,151]      [151,155]      [155,157]      [161,166]      [166,173]      [173,182]      [182,188]      [192,193]      [204,213]      [213,219]      
Machine 5: job_17_task_0  job_4_task_1   job_18_task_0  job_5_task_4   job_16_task_1  job_12_task_4  job_4_task_7   job_12_task_7  job_7_task_7   job_12_task_9  job_10_task_6  job_2_task_6   job_5_task_13  job_18_task_7  job_18_task_8  job_3_task_6   job_0_task_10  job_0_task_11  job_6_task_8   job_7_task_10  job_1_task_7   job_2_task_12  job_11_task_12 job_2_task_14  job_8_task_11  job_0_task_16  job_7_task_14  job_14_task_14 job_10_task_17 job_11_task_15 job_16_task_17 job_6_task_17  
           [0,5]          [5,9]          [9,10]         [18,26]        [26,32]        [32,35]        [46,47]        [60,69]        [69,73]        [73,81]        [81,90]        [90,99]        [99,100]       [101,104]      [104,114]      [114,119]      [119,127]      [127,134]      [134,143]      [143,153]      [153,156]      [157,166]      [166,176]      [176,177]      [177,184]      [184,190]      [190,196]      [196,205]      [205,214]      [214,215]      [215,221]      [221,231]      
Machine 6: job_8_task_0   job_7_task_1   job_13_task_1  job_4_task_2   job_17_task_1  job_18_task_1  job_13_task_4  job_4_task_6   job_9_task_4   job_6_task_1   job_10_task_4  job_18_task_4  job_16_task_6  job_7_task_6   job_3_task_2   job_3_task_3   job_1_task_0   job_8_task_2   job_0_task_8   job_7_task_8   job_9_task_8   job_13_task_16 job_2_task_8   job_1_task_4   job_14_task_6  job_6_task_7   job_5_task_17  job_18_task_11 job_15_task_9  job_8_task_9   job_18_task_13 job_9_task_13  job_0_task_15  job_9_task_16  job_16_task_15 job_10_task_16 job_9_task_18  job_17_task_16 job_8_task_17  
           [0,4]          [4,8]          [8,9]          [9,13]         [13,18]        [18,26]        [27,37]        [37,46]        [46,51]        [51,59]        [59,63]        [63,65]        [65,66]        [66,69]        [69,79]        [79,84]        [84,89]        [89,93]        [93,95]        [95,100]       [100,105]      [106,108]      [108,117]      [117,121]      [121,127]      [127,128]      [128,131]      [133,137]      [137,139]      [146,150]      [150,158]      [158,161]      [163,173]      [174,177]      [177,186]      [186,193]      [193,200]      [213,222]      [222,225]      
Machine 7: job_12_task_0  job_11_task_1  job_11_task_2  job_0_task_0   job_5_task_6   job_17_task_2  job_13_task_6  job_0_task_3   job_12_task_6  job_14_task_0  job_17_task_4  job_14_task_2  job_0_task_6   job_13_task_13 job_18_task_6  job_2_task_7   job_5_task_14  job_16_task_8  job_3_task_7   job_18_task_10 job_14_task_7  job_10_task_10 job_6_task_9   job_16_task_11 job_2_task_11  job_13_task_17 job_15_task_15 job_7_task_18  
           [0,7]          [7,15]         [15,23]        [23,30]        [30,35]        [35,39]        [43,53]        [53,54]        [54,60]        [60,70]        [70,74]        [74,77]        [77,82]        [84,93]        [93,101]       [101,107]      [107,112]      [112,120]      [120,123]      [123,133]      [133,135]      [135,144]      [144,146]      [146,149]      [149,157]      [157,165]      [175,177]      [227,232]      
Machine 8: job_5_task_0   job_11_task_0  job_8_task_1   job_7_task_2   job_4_task_3   job_12_task_3  job_0_task_1   job_11_task_4  job_12_task_5  job_5_task_8   job_9_task_6   job_13_task_8  job_4_task_9   job_13_task_10 job_13_task_11 job_13_task_12 job_12_task_10 job_13_task_14 job_10_task_9  job_12_task_11 job_5_task_16  job_2_task_10  job_9_task_11  job_18_task_12 job_3_task_11  job_0_task_13  job_7_task_11  job_16_task_14 job_9_task_15  job_17_task_14 job_11_task_13 job_12_task_16 job_1_task_13  job_0_task_17  job_8_task_16  job_2_task_17  job_7_task_17  job_11_task_17 job_16_task_18 
           [0,2]          [2,5]          [5,10]         [10,12]        [13,17]        [21,31]        [31,34]        [34,44]        [44,49]        [49,57]        [57,63]        [63,67]        [67,68]        [68,71]        [71,81]        [81,84]        [84,94]        [94,103]       [103,112]      [112,119]      [119,128]      [128,133]      [133,138]      [138,146]      [146,150]      [150,153]      [153,157]      [157,164]      [164,174]      [174,182]      [182,192]      [192,197]      [197,201]      [201,208]      [208,218]      [218,222]      [222,227]      [227,230]      [230,235]      
Machine 9: job_3_task_0   job_5_task_2   job_15_task_0  job_9_task_2   job_9_task_3   job_15_task_2  job_0_task_4   job_0_task_5   job_6_task_2   job_15_task_7  job_14_task_3  job_17_task_5  job_3_task_4   job_0_task_9   job_8_task_6   job_17_task_9  job_7_task_9   job_1_task_6   job_12_task_13 job_3_task_10  job_14_task_9  job_17_task_12 job_9_task_14  job_10_task_13 job_6_task_10  job_10_task_15 job_2_task_15  job_6_task_12  job_6_task_13  job_3_task_17  job_2_task_16  job_14_task_17 job_4_task_18  job_17_task_18 
           [0,6]          [6,13]         [13,18]        [20,28]        [28,32]        [52,53]        [54,55]        [55,59]        [59,68]        [71,77]        [77,87]        [87,92]        [92,101]       [101,108]      [108,116]      [116,123]      [123,132]      [132,139]      [139,141]      [142,145]      [145,153]      [153,161]      [161,162]      [162,168]      [168,174]      [174,180]      [180,190]      [190,193]      [193,197]      [197,206]      [206,215]      [215,224]      [224,229]      [229,235]      
Machine 10: job_7_task_0   job_12_task_2  job_10_task_2  job_18_task_2  job_18_task_3  job_11_task_5  job_16_task_4  job_5_task_9   job_13_task_9  job_10_task_5  job_10_task_7  job_8_task_4   job_1_task_2   job_18_task_9  job_2_task_9   job_16_task_9  job_9_task_10  job_4_task_13  job_11_task_9  job_15_task_11 job_1_task_10  job_13_task_18 job_15_task_17 job_18_task_15 job_8_task_14  job_11_task_14 job_14_task_15 job_12_task_18 job_10_task_18 job_18_task_18 job_14_task_18 job_1_task_18  job_11_task_18 
           [0,2]          [13,21]        [21,30]        [30,38]        [38,39]        [44,47]        [47,50]        [57,59]        [67,68]        [68,78]        [90,92]        [98,106]       [106,110]      [114,116]      [117,119]      [120,121]      [121,129]      [135,145]      [145,148]      [150,151]      [163,165]      [165,172]      [181,186]      [186,194]      [194,197]      [197,206]      [206,207]      [207,216]      [216,221]      [221,222]      [224,227]      [227,231]      [231,235]      
Optimal Schedule Length: 235.0
Total (Unoptimized Schedule Length): 1990
Statistics
  - conflicts: 0
  - branches : 205
  - wall time: 21.60486643s