
 Problem
         task_0  task_1  task_2  task_3  task_4  task_5  task_6  task_7  task_8  task_9 task_10 task_11 task_12 task_13 task_14 task_15 task_16 task_17 task_18
job_0   (1, 4)  (4, 1)  (2, 2)  (2, 8)  (0, 6)  (1, 4)  (1, 1)  (4, 5)  (1, 9)  (2, 1)  (4, 1)  (1, 4)  (1, 9)  (1, 6)  (0, 3)  (3, 4)  (0, 5)  (4, 6)  (0, 8)
job_1   (2, 6)  (1, 7)  (1, 5)  (0, 2)  (0, 5)  (3, 1)  (0, 3)  (3, 6)  (3, 7)  (1, 1)  (1, 6)  (2, 3)  (0, 9)  (3, 4)  (4, 8)  (4, 1)  (4, 5)  (2, 9)  (3, 6)
job_2   (2, 6)  (2, 6)  (0, 4)  (1, 3)  (1, 8)  (1, 2)  (2, 3)  (2, 4)  (2, 6)  (0, 5)  (3, 0)  (1, 5)  (4, 0)  (2, 8)  (3, 9)  (4, 6)  (3, 6)  (0, 7)  (0, 0)
job_3   (3, 6)  (4, 0)  (2, 8)  (3, 3)  (1, 4)  (0, 3)  (1, 4)  (0, 6)  (4, 2)  (3, 9)  (4, 0)  (0, 7)  (0, 1)  (2, 5)  (3, 2)  (0, 4)  (4, 2)  (0, 1)  (1, 0)
job_4   (3, 9)  (0, 4)  (2, 1)  (1, 8)  (4, 7)  (1, 0)  (0, 1)  (4, 8)  (4, 4)  (3, 0)  (4, 7)  (0, 2)  (2, 3)  (4, 7)  (3, 5)  (0, 2)  (2, 9)  (3, 5)  (3, 0)
job_5   (1, 1)  (1, 8)  (4, 1)  (2, 2)  (2, 1)  (1, 9)  (3, 6)  (4, 2)  (4, 9)  (4, 5)  (2, 6)  (2, 1)  (4, 3)  (4, 0)  (0, 6)  (2, 3)  (0, 0)  (0, 7)  (4, 3)
job_6   (1, 4)  (3, 5)  (1, 2)  (2, 6)  (0, 9)  (0, 6)  (2, 7)  (3, 1)  (2, 9)  (0, 9)  (4, 9)  (1, 0)  (2, 0)  (3, 2)  (1, 4)  (3, 8)  (2, 9)  (4, 8)  (2, 7)
job_7   (2, 3)  (2, 2)  (4, 4)  (4, 6)  (0, 4)  (3, 0)  (2, 7)  (0, 1)  (1, 3)  (4, 4)  (0, 0)  (0, 0)  (3, 1)  (2, 2)  (4, 2)  (0, 7)  (0, 8)  (2, 7)  (1, 3)
job_8   (4, 2)  (2, 1)  (2, 3)  (2, 3)  (2, 6)  (2, 0)  (1, 7)  (4, 4)  (0, 8)  (3, 4)  (0, 9)  (4, 3)  (0, 5)  (4, 8)  (4, 3)  (0, 4)  (2, 8)  (2, 7)  (2, 9)
job_9   (3, 8)  (2, 8)  (0, 1)  (1, 8)  (1, 3)  (1, 0)  (2, 6)  (4, 0)  (2, 0)  (0, 5)  (1, 6)  (2, 7)  (4, 4)  (1, 6)  (0, 1)  (4, 6)  (3, 7)  (4, 5)  (1, 5)
job_10  (3, 5)  (2, 3)  (0, 1)  (3, 8)  (4, 7)  (3, 6)  (2, 6)  (0, 3)  (4, 6)  (1, 8)  (0, 9)  (0, 9)  (0, 2)  (3, 6)  (1, 7)  (0, 6)  (3, 8)  (2, 5)  (3, 0)
job_11  (3, 8)  (1, 7)  (3, 8)  (3, 7)  (0, 5)  (1, 4)  (4, 2)  (0, 6)  (3, 5)  (4, 5)  (2, 2)  (3, 1)  (1, 0)  (2, 6)  (3, 6)  (1, 4)  (3, 9)  (1, 0)  (3, 8)
job_12  (2, 8)  (2, 3)  (3, 2)  (4, 4)  (2, 7)  (2, 7)  (1, 4)  (3, 7)  (1, 0)  (3, 6)  (0, 5)  (1, 6)  (4, 3)  (1, 1)  (3, 6)  (0, 5)  (0, 7)  (0, 6)  (3, 0)
job_13  (4, 9)  (0, 7)  (3, 7)  (4, 7)  (3, 8)  (3, 6)  (3, 0)  (0, 2)  (2, 2)  (3, 8)  (1, 4)  (2, 4)  (1, 3)  (1, 8)  (3, 4)  (3, 4)  (2, 5)  (2, 2)  (0, 5)
job_14  (3, 6)  (1, 2)  (1, 9)  (4, 0)  (0, 8)  (2, 2)  (4, 3)  (3, 8)  (3, 1)  (2, 2)  (1, 5)  (3, 8)  (4, 4)  (1, 2)  (2, 3)  (4, 4)  (2, 3)  (0, 8)  (4, 3)
job_15  (1, 3)  (1, 9)  (2, 1)  (3, 3)  (2, 7)  (2, 1)  (0, 2)  (0, 0)  (4, 4)  (2, 9)  (4, 0)  (4, 0)  (3, 3)  (0, 5)  (1, 4)  (1, 5)  (3, 5)  (0, 4)  (0, 6)
job_16  (0, 8)  (0, 1)  (1, 7)  (3, 8)  (0, 3)  (1, 4)  (3, 0)  (1, 7)  (2, 0)  (2, 2)  (2, 0)  (3, 2)  (1, 6)  (3, 0)  (4, 7)  (3, 8)  (4, 8)  (1, 1)  (0, 7)
job_17  (1, 3)  (3, 6)  (0, 3)  (2, 8)  (3, 8)  (2, 7)  (1, 4)  (2, 1)  (2, 1)  (0, 2)  (0, 4)  (4, 0)  (4, 1)  (2, 5)  (0, 7)  (4, 1)  (3, 4)  (0, 9)  (1, 2)

Solution:
Machine 0: job_16_task_0  job_16_task_1  job_10_task_2  job_13_task_1  job_2_task_2   job_1_task_3   job_6_task_4   job_6_task_5   job_1_task_4   job_17_task_2  job_1_task_6   job_14_task_4  job_0_task_4   job_8_task_8   job_4_task_1   job_10_task_7  job_9_task_2   job_8_task_10  job_11_task_4  job_8_task_12  job_6_task_9   job_16_task_4  job_8_task_15  job_11_task_7  job_10_task_10 job_10_task_11 job_4_task_6   job_13_task_7  job_7_task_4   job_9_task_9   job_3_task_5   job_10_task_12 job_2_task_9   job_3_task_7   job_15_task_6  job_1_task_12  job_15_task_7  job_7_task_7   job_17_task_9  job_17_task_10 job_12_task_10 job_4_task_11  job_17_task_14 job_3_task_11  job_17_task_17 job_3_task_12  job_7_task_10  job_7_task_11  job_15_task_13 job_0_task_14  job_9_task_14  job_3_task_15  job_0_task_16  job_7_task_15  job_7_task_16  job_3_task_17  job_10_task_15 job_0_task_18  job_5_task_14  job_12_task_15 job_4_task_15  job_12_task_16 job_5_task_16  job_14_task_17 job_5_task_17  job_16_task_18 job_15_task_17 job_2_task_17  job_2_task_18  job_12_task_17 job_15_task_18 job_13_task_18 
           [0,8]          [8,9]          [9,10]         [10,17]        [21,25]        [25,27]        [27,36]        [36,42]        [42,47]        [47,50]        [50,53]        [53,61]        [61,67]        [67,75]        [75,79]        [79,82]        [82,83]        [83,92]        [92,97]        [97,102]       [102,111]      [111,114]      [114,118]      [118,124]      [124,133]      [133,142]      [142,143]      [143,145]      [145,149]      [149,154]      [154,157]      [157,159]      [159,164]      [164,170]      [170,172]      [172,181]      [172,172]      [181,182]      [182,184]      [184,188]      [188,193]      [193,195]      [195,202]      [202,209]      [209,218]      [218,219]      [219,219]      [219,219]      [219,224]      [224,227]      [227,228]      [228,232]      [232,237]      [237,244]      [244,252]      [252,253]      [253,259]      [259,267]      [267,273]      [273,278]      [278,280]      [280,287]      [287,287]      [287,295]      [295,302]      [302,309]      [309,313]      [313,320]      [320,320]      [320,326]      [326,332]      [332,337]      
Machine 1: job_6_task_0   job_0_task_0   job_1_task_1   job_6_task_2   job_1_task_2   job_17_task_0  job_5_task_0   job_11_task_1  job_5_task_1   job_14_task_1  job_14_task_2  job_8_task_6   job_2_task_3   job_15_task_0  job_16_task_2  job_2_task_4   job_15_task_1  job_9_task_3   job_4_task_3   job_0_task_5   job_0_task_6   job_2_task_5   job_11_task_5  job_10_task_9  job_5_task_5   job_4_task_5   job_9_task_4   job_9_task_5   job_12_task_6  job_0_task_8   job_3_task_4   job_1_task_9   job_16_task_5  job_3_task_6   job_1_task_10  job_6_task_11  job_12_task_8  job_16_task_7  job_17_task_6  job_9_task_10  job_0_task_11  job_14_task_10 job_2_task_11  job_0_task_12  job_13_task_10 job_7_task_8   job_0_task_13  job_9_task_13  job_11_task_12 job_16_task_12 job_6_task_14  job_12_task_11 job_13_task_12 job_10_task_14 job_3_task_18  job_13_task_13 job_12_task_13 job_14_task_13 job_15_task_14 job_11_task_15 job_15_task_15 job_17_task_18 job_16_task_17 job_11_task_17 job_9_task_18  job_7_task_18  
           [0,4]          [4,8]          [8,15]         [15,17]        [17,22]        [22,25]        [25,26]        [26,33]        [33,41]        [41,43]        [43,52]        [52,59]        [59,62]        [62,65]        [65,72]        [72,80]        [80,89]        [89,97]        [97,105]       [105,109]      [109,110]      [110,112]      [112,116]      [116,124]      [124,133]      [133,133]      [133,136]      [136,136]      [136,140]      [140,149]      [149,153]      [153,154]      [154,158]      [158,162]      [162,168]      [162,162]      [168,168]      [168,175]      [175,179]      [179,185]      [185,189]      [189,194]      [194,199]      [199,208]      [208,212]      [212,215]      [215,221]      [221,227]      [221,221]      [227,233]      [233,237]      [237,243]      [243,246]      [246,253]      [253,253]      [253,261]      [261,262]      [262,264]      [264,268]      [268,272]      [272,277]      [277,279]      [283,284]      [295,295]      [296,301]      [311,314]      
Machine 2: job_1_task_0   job_10_task_1  job_2_task_0   job_2_task_1   job_6_task_3   job_8_task_1   job_8_task_2   job_8_task_3   job_12_task_0  job_12_task_1  job_8_task_4   job_0_task_2   job_8_task_5   job_0_task_3   job_9_task_1   job_10_task_6  job_6_task_6   job_12_task_4  job_4_task_2   job_5_task_3   job_6_task_8   job_17_task_3  job_7_task_0   job_5_task_4   job_12_task_5  job_3_task_2   job_7_task_1   job_15_task_2  job_2_task_6   job_14_task_5  job_9_task_6   job_2_task_7   job_9_task_8   job_15_task_4  job_2_task_8   job_17_task_5  job_6_task_12  job_15_task_5  job_13_task_8  job_1_task_11  job_0_task_9   job_7_task_6   job_16_task_8  job_17_task_7  job_17_task_8  job_16_task_9  job_16_task_10 job_14_task_9  job_17_task_13 job_9_task_11  job_15_task_9  job_11_task_10 job_2_task_13  job_3_task_13  job_13_task_11 job_4_task_12  job_7_task_13  job_11_task_13 job_5_task_10  job_5_task_11  job_8_task_16  job_6_task_16  job_14_task_14 job_8_task_17  job_14_task_16 job_5_task_15  job_1_task_17  job_4_task_16  job_13_task_16 job_7_task_17  job_8_task_18  job_13_task_17 job_6_task_18  job_10_task_17 
           [0,6]          [6,9]          [9,15]         [15,21]        [21,27]        [27,28]        [28,31]        [31,34]        [34,42]        [42,45]        [45,51]        [51,53]        [51,51]        [53,61]        [61,69]        [69,75]        [75,82]        [82,89]        [89,90]        [90,92]        [92,101]       [101,109]      [109,112]      [112,113]      [113,120]      [120,128]      [128,130]      [130,131]      [131,134]      [134,136]      [136,142]      [142,146]      [146,146]      [146,153]      [153,159]      [159,166]      [166,166]      [166,167]      [167,169]      [169,172]      [172,173]      [173,180]      [180,180]      [180,181]      [181,182]      [182,184]      [184,184]      [187,189]      [190,195]      [195,202]      [202,211]      [211,213]      [213,221]      [221,226]      [226,230]      [230,233]      [233,235]      [235,241]      [241,247]      [247,248]      [248,256]      [256,265]      [265,268]      [268,275]      [275,278]      [278,281]      [281,290]      [290,299]      [299,304]      [304,311]      [311,320]      [320,322]      [322,329]      [329,334]      
Machine 3: job_10_task_0  job_6_task_1   job_10_task_3  job_11_task_0  job_9_task_0   job_14_task_0  job_17_task_1  job_12_task_2  job_1_task_5   job_4_task_0   job_10_task_5  job_13_task_2  job_11_task_2  job_8_task_9   job_11_task_3  job_6_task_7   job_3_task_0   job_1_task_7   job_16_task_3  job_13_task_4  job_1_task_8   job_17_task_4  job_15_task_3  job_13_task_5  job_3_task_3   job_13_task_6  job_5_task_6   job_7_task_5   job_14_task_7  job_12_task_7  job_16_task_6  job_2_task_10  job_11_task_8  job_13_task_9  job_4_task_9   job_12_task_9  job_14_task_8  job_16_task_11 job_6_task_13  job_3_task_9   job_1_task_13  job_17_task_16 job_14_task_11 job_15_task_12 job_11_task_11 job_10_task_13 job_3_task_14  job_0_task_15  job_7_task_12  job_2_task_14  job_16_task_13 job_6_task_15  job_11_task_14 job_16_task_15 job_12_task_14 job_4_task_14  job_13_task_14 job_9_task_16  job_11_task_16 job_13_task_15 job_15_task_16 job_2_task_16  job_10_task_16 job_11_task_18 job_1_task_18  job_12_task_18 job_4_task_17  job_4_task_18  job_10_task_18 
           [0,5]          [5,10]         [10,18]        [18,26]        [26,34]        [34,40]        [40,46]        [46,48]        [48,49]        [49,58]        [58,64]        [64,71]        [71,79]        [79,83]        [83,90]        [90,91]        [91,97]        [97,103]       [103,111]      [111,119]      [119,126]      [126,134]      [134,137]      [137,143]      [143,146]      [143,143]      [146,152]      [152,152]      [152,160]      [160,167]      [160,160]      [167,167]      [167,172]      [172,180]      [180,180]      [180,186]      [186,187]      [187,189]      [189,191]      [191,200]      [200,204]      [204,208]      [208,216]      [216,219]      [219,220]      [220,226]      [226,228]      [228,232]      [232,233]      [233,242]      [233,233]      [242,250]      [250,256]      [256,264]      [264,270]      [270,275]      [275,279]      [279,286]      [286,295]      [295,299]      [299,304]      [304,310]      [310,318]      [318,326]      [326,332]      [326,326]      [332,337]      [337,337]      [337,337]      
Machine 4: job_13_task_0  job_8_task_0   job_0_task_1   job_10_task_4  job_5_task_2   job_12_task_3  job_14_task_3  job_8_task_7   job_13_task_3  job_10_task_8  job_8_task_11  job_3_task_1   job_8_task_13  job_8_task_14  job_11_task_6  job_0_task_7   job_4_task_4   job_7_task_2   job_7_task_3   job_14_task_6  job_4_task_7   job_9_task_7   job_6_task_10  job_5_task_7   job_5_task_8   job_4_task_8   job_0_task_10  job_15_task_8  job_4_task_10  job_3_task_8   job_17_task_11 job_17_task_12 job_11_task_9  job_5_task_9   job_2_task_12  job_3_task_10  job_17_task_15 job_9_task_12  job_1_task_14  job_7_task_9   job_15_task_10 job_15_task_11 job_14_task_12 job_1_task_15  job_1_task_16  job_9_task_15  job_7_task_14  job_16_task_14 job_12_task_12 job_3_task_16  job_0_task_17  job_5_task_12  job_4_task_13  job_5_task_13  job_2_task_15  job_14_task_15 job_16_task_16 job_6_task_17  job_9_task_17  job_14_task_18 job_5_task_18  
           [0,9]          [9,11]         [11,12]        [18,25]        [41,42]        [48,52]        [52,52]        [59,63]        [71,78]        [82,88]        [92,95]        [97,97]        [102,110]      [110,113]      [116,118]      [118,123]      [123,130]      [130,134]      [134,140]      [140,143]      [143,151]      [143,143]      [151,160]      [160,162]      [162,171]      [171,175]      [175,176]      [176,180]      [180,187]      [187,189]      [189,189]      [189,190]      [190,195]      [195,200]      [200,200]      [200,200]      [202,203]      [203,207]      [207,215]      [215,219]      [215,215]      [215,215]      [219,223]      [223,224]      [224,229]      [229,235]      [235,237]      [237,244]      [244,247]      [247,249]      [249,255]      [255,258]      [258,265]      [258,258]      [265,271]      [271,275]      [275,283]      [283,291]      [291,296]      [296,299]      [302,305]      
Optimal Schedule Length: 337.0
Total (Unoptimized Schedule Length): 1527
Statistics
  - conflicts: 0
  - branches : 0
  - wall time: 1.140313794s