
Problem
         task_0   task_1   task_2   task_3   task_4   task_5   task_6   task_7   task_8
job_0    (1, 2)   (4, 5)   (1, 9)   (4, 6)   (2, 2)   (0, 6)   (2, 8)  (1, 10)   (0, 2)
job_1    (1, 7)   (2, 1)   (3, 6)   (3, 7)   (2, 8)   (4, 5)   (1, 9)   (3, 5)  (3, 10)
job_2    (3, 9)  (3, 10)   (0, 5)   (2, 1)   (2, 3)   (0, 8)   (2, 8)   (4, 6)   (1, 4)
job_3    (4, 5)   (3, 4)  (3, 10)   (1, 7)   (4, 8)   (3, 6)  (0, 10)   (1, 8)   (0, 7)
job_4    (4, 8)   (4, 9)   (4, 6)   (0, 5)   (0, 6)   (3, 2)   (1, 5)   (2, 8)   (4, 8)
job_5    (0, 7)   (1, 4)   (4, 1)   (3, 6)   (1, 6)   (0, 6)   (1, 4)   (0, 2)  (0, 10)
job_6   (1, 10)   (4, 2)   (4, 3)   (4, 4)   (1, 8)   (1, 4)   (0, 3)   (1, 9)   (3, 7)
job_7    (0, 4)   (1, 8)   (0, 7)  (4, 10)   (3, 4)   (4, 9)   (3, 2)   (2, 7)   (1, 3)
job_8   (4, 10)   (3, 6)   (3, 1)   (3, 8)   (1, 4)   (0, 1)   (4, 4)  (4, 10)   (4, 8)
job_9    (4, 1)   (0, 8)   (4, 3)  (4, 10)   (1, 8)  (2, 10)   (3, 6)  (0, 10)   (1, 7)
job_10   (4, 7)   (3, 7)   (4, 7)   (1, 2)   (2, 6)   (4, 6)   (1, 7)   (0, 4)   (2, 9)
job_11   (4, 3)   (2, 9)   (1, 7)   (3, 2)   (0, 9)   (3, 5)   (0, 3)   (4, 3)   (0, 2)
job_12   (4, 9)   (3, 5)   (4, 4)   (4, 6)   (2, 3)  (2, 10)   (1, 9)  (1, 10)   (2, 6)
job_13   (2, 4)  (4, 10)   (1, 7)   (3, 5)   (3, 5)  (4, 10)   (0, 6)   (0, 3)   (0, 3)
job_14   (4, 6)   (4, 7)   (4, 6)   (1, 4)   (0, 9)   (3, 7)   (4, 3)   (3, 8)   (4, 4)
job_15   (0, 4)   (3, 2)  (2, 10)   (2, 1)  (2, 10)   (4, 9)   (2, 4)   (2, 2)   (3, 9)
job_16  (0, 10)   (0, 3)   (3, 7)   (1, 3)   (3, 3)   (0, 1)   (2, 4)   (0, 9)   (0, 7)
job_17   (3, 9)   (4, 1)   (2, 3)   (2, 6)   (1, 4)  (2, 10)   (0, 5)  (4, 10)   (1, 2)
job_18   (1, 5)   (3, 1)   (2, 9)  (0, 10)   (4, 3)   (3, 8)   (3, 2)   (2, 4)   (1, 8)
job_19   (4, 8)   (0, 2)   (1, 4)   (4, 5)   (3, 7)   (1, 6)  (0, 10)   (0, 7)   (1, 5)


Solution:
Machine 0: job_7_task_0   job_15_task_0  job_9_task_1   job_16_task_0  job_5_task_0   job_7_task_2   job_16_task_1  job_19_task_1  job_2_task_2   job_18_task_3  job_8_task_5   job_2_task_5   job_9_task_7   job_14_task_4  job_11_task_4  job_4_task_3   job_4_task_4   job_16_task_5  job_11_task_6  job_17_task_6  job_19_task_6  job_3_task_6   job_0_task_5   job_5_task_5   job_6_task_6   job_16_task_7  job_10_task_7  job_5_task_7   job_13_task_6  job_19_task_7  job_5_task_8   job_16_task_8  job_3_task_8   job_13_task_7  job_13_task_8  job_0_task_8   job_11_task_8  
           [0,4]          [4,8]          [8,16]         [16,26]        [26,33]        [33,40]        [40,43]        [47,49]        [63,68]        [71,81]        [89,90]        [104,112]      [112,122]      [122,131]      [131,140]      [140,145]      [145,151]      [151,152]      [152,155]      [155,160]      [160,170]      [170,180]      [180,186]      [186,192]      [192,195]      [195,204]      [204,208]      [208,210]      [210,216]      [216,223]      [223,233]      [233,240]      [240,247]      [247,250]      [250,253]      [253,255]      [264,266]      
Machine 1: job_1_task_0   job_0_task_0   job_18_task_0  job_7_task_1   job_6_task_0   job_3_task_3   job_5_task_1   job_19_task_2  job_9_task_4   job_8_task_4   job_13_task_2  job_0_task_2   job_16_task_3  job_14_task_3  job_11_task_2  job_10_task_3  job_17_task_4  job_9_task_8   job_12_task_6  job_19_task_5  job_6_task_4   job_5_task_4   job_6_task_5   job_1_task_6   job_4_task_6   job_10_task_6  job_5_task_6   job_6_task_7   job_12_task_7  job_3_task_7   job_0_task_7   job_18_task_8  job_19_task_8  job_2_task_8   job_7_task_8   job_17_task_8  
           [0,7]          [7,9]          [9,14]         [14,22]        [22,32]        [32,39]        [39,43]        [49,53]        [67,75]        [85,89]        [89,96]        [96,105]       [105,108]      [118,122]      [122,129]      [129,131]      [131,135]      [135,142]      [142,151]      [151,157]      [157,165]      [165,171]      [171,175]      [175,184]      [184,189]      [189,196]      [196,200]      [200,209]      [209,219]      [219,227]      [227,237]      [237,245]      [245,250]      [250,254]      [254,257]      [257,259]      
Machine 2: job_13_task_0  job_1_task_1   job_15_task_2  job_18_task_2  job_1_task_4   job_15_task_3  job_15_task_4  job_9_task_5   job_2_task_3   job_2_task_4   job_12_task_4  job_11_task_1  job_17_task_2  job_17_task_3  job_12_task_5  job_10_task_4  job_17_task_5  job_16_task_6  job_2_task_6   job_0_task_4   job_0_task_6   job_4_task_7   job_15_task_6  job_18_task_7  job_15_task_7  job_10_task_8  job_7_task_7   job_12_task_8  
           [0,4]          [7,8]          [52,62]        [62,71]        [71,79]        [79,80]        [80,90]        [90,100]       [100,101]      [101,104]      [108,111]      [111,120]      [120,123]      [123,129]      [129,139]      [139,145]      [145,155]      [155,159]      [159,167]      [170,172]      [186,194]      [194,202]      [202,206]      [206,210]      [210,212]      [212,221]      [221,228]      [228,234]      
Machine 3: job_2_task_0   job_3_task_1   job_3_task_2   job_12_task_1  job_1_task_2   job_17_task_0  job_10_task_1  job_15_task_1  job_18_task_1  job_2_task_1   job_1_task_3   job_8_task_1   job_8_task_2   job_8_task_3   job_16_task_2  job_13_task_3  job_13_task_4  job_9_task_6   job_16_task_4  job_11_task_3  job_14_task_5  job_19_task_4  job_11_task_5  job_5_task_3   job_3_task_5   job_4_task_5   job_7_task_4   job_18_task_5  job_1_task_7   job_18_task_6  job_1_task_8   job_6_task_8   job_7_task_6   job_15_task_8  job_14_task_7  
           [0,9]          [9,13]         [13,23]        [23,28]        [28,34]        [34,43]        [43,50]        [50,52]        [52,53]        [53,63]        [63,70]        [70,76]        [76,77]        [77,85]        [85,92]        [96,101]       [101,106]      [106,112]      [112,115]      [129,131]      [131,138]      [138,145]      [145,150]      [150,156]      [156,162]      [162,164]      [164,168]      [184,192]      [192,197]      [197,199]      [199,209]      [209,216]      [216,218]      [218,227]      [229,237]      
Machine 4: job_3_task_0   job_9_task_0   job_12_task_0  job_4_task_0   job_10_task_0  job_9_task_2   job_14_task_0  job_19_task_0  job_8_task_0   job_9_task_3   job_4_task_1   job_13_task_1  job_12_task_2  job_0_task_1   job_14_task_1  job_12_task_3  job_11_task_0  job_17_task_1  job_14_task_2  job_10_task_2  job_6_task_1   job_19_task_3  job_4_task_2   job_3_task_4   job_6_task_2   job_5_task_2   job_6_task_3   job_7_task_3   job_0_task_3   job_1_task_5   job_10_task_5  job_18_task_4  job_15_task_5  job_8_task_6   job_13_task_5  job_7_task_5   job_8_task_7   job_14_task_6  job_17_task_7  job_2_task_7   job_8_task_8   job_4_task_8   job_11_task_7  job_14_task_8  
           [0,5]          [5,6]          [6,15]         [15,23]        [23,30]        [30,33]        [33,39]        [39,47]        [47,57]        [57,67]        [67,76]        [76,86]        [86,90]        [90,95]        [95,102]       [102,108]      [108,111]      [111,112]      [112,118]      [118,125]      [125,127]      [127,132]      [132,138]      [138,146]      [146,149]      [149,150]      [150,154]      [154,164]      [164,170]      [170,175]      [175,181]      [181,184]      [184,193]      [193,197]      [197,207]      [207,216]      [216,226]      [226,229]      [229,239]      [239,245]      [245,253]      [253,261]      [261,264]      [264,268]      
Optimal Schedule Length: 268.0
Total (Unoptimized Schedule Length): 1068
Statistics
  - conflicts: 0
  - branches : 0
  - wall time: 0.057488818000000004s