
Problem
         task_0   task_1   task_2   task_3   task_4   task_5   task_6  task_7   task_8   task_9 task_10  task_11  task_12  task_13  task_14 task_15  task_16  task_17 task_18
job_0   (2, 10)   (4, 2)   (2, 6)   (5, 7)   (0, 8)   (6, 2)   (2, 6)  (0, 6)   (3, 3)   (5, 6)  (5, 8)   (0, 9)   (0, 6)   (2, 7)   (0, 8)  (3, 6)   (0, 8)   (6, 7)  (5, 3)
job_1    (3, 9)   (1, 5)   (4, 9)   (6, 1)   (5, 1)   (5, 7)   (4, 3)  (2, 2)  (0, 10)   (6, 1)  (3, 4)   (2, 2)  (1, 10)   (5, 6)   (6, 4)  (4, 2)   (1, 4)   (1, 3)  (4, 8)
job_2    (3, 7)   (1, 7)   (5, 8)   (0, 6)   (0, 8)   (3, 7)   (2, 5)  (6, 9)   (0, 7)  (2, 10)  (4, 1)   (2, 7)   (5, 4)   (5, 7)   (2, 5)  (4, 3)  (5, 10)   (1, 1)  (6, 9)
job_3    (3, 4)   (4, 2)   (1, 7)   (1, 5)   (1, 7)   (0, 3)   (4, 7)  (0, 9)   (6, 6)   (5, 2)  (6, 2)   (3, 1)   (2, 2)   (1, 9)   (3, 4)  (1, 7)   (5, 4)   (4, 7)  (6, 9)
job_4    (2, 8)   (6, 8)   (3, 1)   (5, 9)   (1, 5)   (6, 9)   (0, 9)  (4, 3)   (1, 8)   (0, 2)  (5, 8)   (1, 9)  (3, 10)   (3, 4)   (5, 5)  (0, 3)   (1, 1)   (6, 1)  (2, 9)
job_5    (3, 6)  (4, 10)   (5, 1)   (4, 8)  (2, 10)   (4, 7)   (0, 5)  (4, 9)   (6, 9)   (4, 6)  (6, 2)   (4, 2)   (6, 6)  (1, 10)   (3, 6)  (6, 8)  (6, 10)   (2, 8)  (4, 8)
job_6    (0, 4)   (3, 4)  (2, 10)   (3, 9)   (4, 6)   (5, 5)  (3, 10)  (0, 6)   (3, 9)   (2, 3)  (4, 4)   (1, 4)   (3, 6)   (5, 5)  (0, 10)  (0, 7)   (1, 7)   (4, 2)  (0, 8)
job_7    (4, 5)   (2, 6)   (2, 9)   (2, 3)   (2, 7)   (3, 4)   (5, 2)  (1, 6)   (2, 7)   (5, 5)  (5, 4)   (2, 8)   (6, 2)   (5, 3)   (0, 5)  (1, 6)   (5, 7)   (5, 3)  (6, 3)
job_8    (6, 8)  (1, 10)   (4, 2)  (3, 10)   (2, 4)  (1, 10)   (3, 5)  (1, 1)   (3, 4)   (4, 9)  (6, 9)   (5, 2)  (6, 10)  (4, 10)  (1, 10)  (0, 5)   (6, 6)   (5, 9)  (5, 1)
job_9    (1, 4)   (2, 1)   (0, 5)   (2, 4)   (1, 1)   (5, 5)   (4, 7)  (0, 6)   (1, 6)   (0, 6)  (0, 2)  (4, 10)   (3, 8)   (5, 1)   (4, 5)  (3, 7)   (6, 1)   (5, 8)  (2, 8)
job_10   (0, 9)   (4, 4)   (5, 4)   (3, 6)   (0, 7)   (0, 7)   (3, 1)  (2, 3)   (4, 3)   (4, 2)  (3, 8)   (2, 5)   (3, 4)   (3, 9)   (6, 5)  (5, 6)   (0, 9)   (4, 1)  (4, 1)
job_11   (1, 6)   (2, 2)  (5, 10)  (1, 10)   (1, 3)  (2, 10)   (2, 2)  (0, 9)   (0, 7)   (6, 2)  (5, 6)  (3, 10)   (1, 2)  (6, 10)   (4, 6)  (0, 2)   (1, 3)   (3, 7)  (4, 4)
job_12   (3, 9)   (4, 4)  (4, 10)   (6, 8)   (5, 8)   (6, 5)   (2, 1)  (3, 4)   (6, 6)   (2, 6)  (3, 5)   (4, 1)   (1, 6)   (3, 3)   (6, 6)  (3, 5)   (3, 6)   (2, 7)  (6, 3)
job_13   (4, 8)   (5, 8)   (1, 5)   (3, 8)   (2, 2)   (5, 4)   (4, 9)  (0, 2)   (4, 9)   (5, 3)  (5, 8)   (1, 1)   (2, 2)   (2, 6)  (4, 10)  (0, 6)   (0, 5)   (4, 2)  (4, 8)
job_14   (4, 6)  (1, 10)   (6, 1)   (6, 3)   (0, 7)   (2, 3)   (5, 3)  (0, 5)   (0, 2)   (0, 4)  (0, 1)   (5, 2)   (3, 8)  (0, 10)   (1, 5)  (3, 5)   (1, 3)  (4, 10)  (2, 8)


Solution:
Machine 0: job_10_task_0  job_6_task_0   job_9_task_2   job_14_task_4  job_0_task_4   job_14_task_7  job_14_task_8  job_2_task_3   job_2_task_4   job_14_task_9  job_14_task_10 job_0_task_7   job_5_task_6   job_14_task_13 job_4_task_6   job_10_task_4  job_10_task_5  job_9_task_7   job_3_task_5   job_13_task_7  job_6_task_7   job_11_task_7  job_2_task_8   job_3_task_7   job_9_task_9   job_4_task_9   job_11_task_8  job_9_task_10  job_1_task_8   job_0_task_11  job_0_task_12  job_8_task_15  job_13_task_15 job_13_task_16 job_7_task_14  job_6_task_14  job_0_task_14  job_4_task_15  job_6_task_15  job_11_task_15 job_0_task_16  job_10_task_16 job_6_task_18  
           [0,9]          [9,13]         [13,18]        [20,27]        [27,35]        [35,40]        [40,42]        [42,48]        [48,56]        [56,60]        [60,61]        [61,67]        [67,72]        [72,82]        [82,91]        [91,98]        [98,105]       [105,111]      [111,114]      [114,116]      [116,122]      [122,131]      [131,138]      [138,147]      [147,153]      [153,155]      [155,162]      [162,164]      [164,174]      [174,183]      [183,189]      [189,194]      [194,200]      [200,205]      [205,210]      [210,220]      [220,228]      [228,231]      [231,238]      [238,240]      [240,248]      [248,257]      [257,265]      
Machine 1: job_9_task_0   job_14_task_1  job_8_task_1   job_2_task_1   job_11_task_0  job_1_task_1   job_3_task_2   job_13_task_2  job_4_task_4   job_3_task_3   job_8_task_5   job_11_task_3  job_9_task_4   job_11_task_4  job_3_task_4   job_8_task_7   job_14_task_14 job_9_task_8   job_4_task_8   job_7_task_7   job_14_task_16 job_13_task_11 job_6_task_11  job_12_task_12 job_5_task_13  job_8_task_14  job_11_task_12 job_4_task_11  job_1_task_12  job_3_task_13  job_7_task_15  job_2_task_17  job_3_task_15  job_4_task_16  job_1_task_16  job_6_task_16  job_1_task_17  job_11_task_16 
           [0,4]          [6,16]         [16,26]        [26,33]        [33,39]        [39,44]        [47,54]        [54,59]        [59,64]        [64,69]        [69,79]        [79,89]        [89,90]        [90,93]        [93,100]       [100,101]      [101,106]      [111,117]      [126,134]      [134,140]      [140,143]      [153,154]      [154,158]      [158,164]      [164,174]      [174,184]      [184,186]      [186,195]      [195,205]      [205,214]      [214,220]      [220,221]      [221,228]      [231,232]      [234,238]      [238,245]      [245,248]      [248,251]      
Machine 2: job_0_task_0   job_9_task_1   job_0_task_2   job_4_task_0   job_14_task_5  job_6_task_2   job_5_task_4   job_0_task_6   job_11_task_1  job_7_task_1   job_8_task_4   job_9_task_3   job_7_task_2   job_13_task_4  job_7_task_3   job_7_task_4   job_11_task_5  job_2_task_6   job_11_task_6  job_12_task_6  job_10_task_7  job_6_task_9   job_12_task_9  job_2_task_9   job_1_task_7   job_7_task_8   job_10_task_11 job_2_task_11  job_13_task_12 job_13_task_13 job_7_task_11  job_1_task_11  job_2_task_14  job_3_task_12  job_0_task_13  job_5_task_17  job_14_task_18 job_4_task_18  job_9_task_18  job_12_task_17 
           [0,10]         [10,11]        [13,19]        [19,27]        [27,30]        [30,40]        [40,50]        [50,56]        [56,58]        [58,64]        [64,68]        [68,72]        [72,81]        [81,83]        [83,86]        [86,93]        [93,103]       [103,108]      [108,110]      [110,111]      [119,122]      [132,135]      [138,144]      [144,154]      [154,156]      [156,163]      [163,168]      [168,175]      [175,177]      [177,183]      [183,191]      [191,193]      [193,198]      [198,200]      [205,212]      [222,230]      [230,238]      [238,247]      [247,255]      [255,262]      
Machine 3: job_5_task_0   job_2_task_0   job_6_task_1   job_12_task_0  job_3_task_0   job_1_task_0   job_4_task_2   job_6_task_3   job_8_task_3   job_14_task_12 job_13_task_3  job_8_task_6   job_10_task_3  job_2_task_5   job_6_task_6   job_0_task_8   job_8_task_8   job_7_task_5   job_10_task_6  job_12_task_7  job_6_task_8   job_14_task_15 job_12_task_10 job_10_task_10 job_6_task_12  job_12_task_13 job_3_task_11  job_10_task_12 job_11_task_11 job_1_task_10  job_9_task_12  job_5_task_14  job_4_task_12  job_4_task_13  job_3_task_14  job_9_task_15  job_10_task_13 job_0_task_15  job_12_task_15 job_12_task_16 job_11_task_17 
           [0,6]          [6,13]         [13,17]        [17,26]        [26,30]        [30,39]        [39,40]        [40,49]        [49,59]        [63,71]        [71,79]        [79,84]        [84,90]        [90,97]        [97,107]       [107,110]      [110,114]      [114,118]      [118,119]      [119,123]      [123,132]      [132,137]      [144,149]      [150,158]      [158,164]      [164,167]      [167,168]      [168,172]      [172,182]      [182,186]      [186,194]      [194,200]      [200,210]      [210,214]      [214,218]      [218,225]      [225,234]      [234,240]      [240,245]      [245,251]      [251,258]      
Machine 4: job_14_task_0  job_7_task_0   job_0_task_1   job_5_task_1   job_13_task_0  job_5_task_3   job_8_task_2   job_12_task_1  job_3_task_1   job_12_task_2  job_5_task_5   job_6_task_4   job_10_task_1  job_5_task_7   job_1_task_2   job_5_task_9   job_9_task_6   job_13_task_6  job_8_task_9   job_4_task_7   job_3_task_6   job_13_task_8  job_1_task_6   job_10_task_8  job_10_task_9  job_6_task_10  job_5_task_11  job_12_task_11 job_8_task_13  job_2_task_10  job_9_task_11  job_13_task_14 job_2_task_15  job_11_task_14 job_9_task_14  job_13_task_17 job_14_task_17 job_13_task_18 job_1_task_15  job_3_task_17  job_5_task_18  job_6_task_17  job_1_task_18  job_11_task_18 job_10_task_17 job_10_task_18 
           [0,6]          [6,11]         [11,13]        [13,23]        [23,31]        [31,39]        [39,41]        [41,45]        [45,47]        [47,57]        [57,64]        [64,70]        [70,74]        [74,83]        [83,92]        [92,98]        [98,105]       [105,114]      [114,123]      [123,126]      [126,133]      [133,142]      [142,145]      [145,148]      [148,150]      [150,154]      [154,156]      [156,157]      [157,167]      [167,168]      [168,178]      [183,193]      [198,201]      [201,207]      [207,212]      [212,214]      [214,224]      [224,232]      [232,234]      [234,241]      [241,249]      [249,251]      [251,259]      [259,263]      [263,264]      [264,265]      
Machine 5: job_0_task_3   job_5_task_2   job_14_task_6  job_2_task_2   job_13_task_1  job_4_task_3   job_14_task_11 job_11_task_2  job_6_task_5   job_10_task_2  job_12_task_4  job_9_task_5   job_13_task_5  job_1_task_4   job_1_task_5   job_0_task_9   job_0_task_10  job_7_task_6   job_8_task_11  job_13_task_9  job_13_task_10 job_3_task_9   job_4_task_10  job_11_task_10 job_7_task_9   job_7_task_10  job_2_task_12  job_2_task_13  job_6_task_13  job_9_task_13  job_7_task_13  job_2_task_16  job_1_task_13  job_4_task_14  job_7_task_16  job_3_task_16  job_9_task_17  job_10_task_15 job_7_task_17  job_8_task_17  job_0_task_18  job_8_task_18  
           [19,26]        [26,27]        [30,33]        [33,41]        [41,49]        [49,58]        [61,63]        [63,73]        [73,78]        [78,82]        [82,90]        [90,95]        [95,99]        [99,100]       [100,107]      [110,116]      [116,124]      [124,126]      [132,134]      [142,145]      [145,153]      [154,156]      [156,164]      [166,172]      [172,177]      [177,181]      [181,185]      [185,192]      [192,197]      [197,198]      [198,201]      [201,211]      [211,217]      [217,222]      [222,229]      [229,233]      [233,241]      [242,248]      [248,251]      [251,260]      [260,263]      [263,264]      
Machine 6: job_8_task_0   job_14_task_2  job_14_task_3  job_4_task_1   job_0_task_5   job_12_task_3  job_4_task_5   job_5_task_8   job_1_task_3   job_12_task_5  job_5_task_10  job_2_task_7   job_8_task_10  job_12_task_8  job_8_task_12  job_3_task_8   job_5_task_12  job_3_task_10  job_11_task_9  job_12_task_14 job_1_task_9   job_11_task_13 job_7_task_12  job_8_task_16  job_5_task_15  job_5_task_16  job_1_task_14  job_9_task_16  job_2_task_18  job_4_task_17  job_10_task_14 job_3_task_18  job_0_task_17  job_7_task_18  job_12_task_18 
           [0,8]          [16,17]        [17,20]        [27,35]        [35,37]        [57,65]        [65,74]        [83,92]        [92,93]        [93,98]        [98,100]       [108,117]      [123,132]      [132,138]      [138,148]      [148,154]      [156,162]      [162,164]      [164,166]      [167,173]      [174,175]      [186,196]      [196,198]      [198,204]      [204,212]      [212,222]      [222,226]      [226,227]      [227,236]      [236,237]      [237,242]      [242,251]      [251,258]      [258,261]      [262,265]      
Optimal Schedule Length: 265.0
Total (Unoptimized Schedule Length): 1614
Statistics
  - conflicts: 0
  - branches : 0
  - wall time: 11.422073617s