
Problem
         task_0   task_1   task_2    task_3   task_4   task_5   task_6   task_7    task_8   task_9  task_10  task_11 task_12  task_13  task_14
job_0    (4, 9)  (7, 10)   (9, 3)    (6, 3)   (7, 4)   (0, 2)   (3, 4)   (4, 1)    (5, 8)  (6, 10)   (8, 8)   (8, 7)  (8, 1)   (8, 2)   (6, 3)
job_1    (3, 5)   (4, 1)  (9, 10)    (4, 7)   (9, 3)   (7, 7)   (7, 7)  (10, 9)    (3, 1)   (9, 2)   (7, 7)   (3, 4)  (2, 6)   (9, 3)   (0, 7)
job_2    (4, 9)   (9, 6)   (9, 6)    (7, 6)  (0, 10)   (7, 4)  (5, 10)   (2, 2)    (5, 4)  (2, 10)   (6, 1)   (8, 2)  (3, 9)   (0, 7)   (1, 3)
job_3    (8, 3)  (7, 10)  (1, 10)    (1, 5)   (3, 7)   (4, 1)  (7, 10)   (3, 4)    (3, 7)  (10, 1)   (3, 3)   (2, 3)  (6, 9)   (1, 8)  (7, 10)
job_4   (10, 9)  (8, 10)  (2, 10)    (6, 5)   (3, 4)   (1, 4)   (2, 5)   (1, 8)   (5, 10)   (0, 6)   (3, 1)  (10, 7)  (3, 9)   (7, 9)   (4, 8)
job_5    (3, 9)   (3, 5)   (8, 1)    (4, 6)  (6, 10)   (9, 1)   (0, 8)   (5, 1)    (6, 5)   (5, 4)   (7, 7)   (4, 8)  (6, 4)   (3, 3)   (4, 2)
job_6    (1, 1)   (7, 2)   (4, 8)    (7, 8)  (8, 10)   (3, 3)  (0, 10)   (9, 9)  (10, 10)   (2, 7)   (7, 9)   (3, 2)  (5, 4)   (7, 6)   (8, 6)
job_7    (8, 3)  (1, 10)   (4, 4)    (9, 9)   (4, 2)   (5, 7)   (1, 4)   (3, 1)    (1, 1)   (4, 6)   (7, 4)  (8, 10)  (6, 3)   (6, 2)   (6, 3)
job_8    (5, 2)   (6, 1)  (10, 1)    (6, 6)  (10, 2)  (10, 7)   (0, 5)   (4, 2)    (8, 2)   (6, 3)   (5, 8)   (0, 7)  (5, 1)   (9, 1)   (8, 3)
job_9    (1, 1)   (7, 3)   (7, 6)    (0, 6)   (4, 7)   (4, 8)   (5, 5)   (3, 1)    (1, 1)   (0, 3)  (10, 3)   (1, 5)  (2, 3)   (9, 1)   (4, 8)
job_10   (7, 3)   (3, 4)  (2, 10)    (0, 1)   (6, 7)   (4, 3)  (4, 10)   (0, 1)    (2, 3)   (0, 8)   (6, 2)   (1, 4)  (6, 6)   (3, 7)  (4, 10)
job_11   (2, 1)   (4, 2)   (6, 2)    (0, 8)   (8, 4)   (6, 2)   (5, 3)   (4, 9)    (2, 2)   (9, 5)   (5, 3)   (7, 1)  (1, 7)   (3, 3)   (1, 3)
job_12   (0, 5)  (9, 10)   (6, 9)   (10, 3)   (7, 8)   (6, 4)   (6, 8)   (6, 7)   (7, 10)   (7, 9)   (0, 4)   (7, 6)  (3, 8)   (6, 5)   (5, 4)
job_13  (10, 4)   (8, 8)  (2, 10)    (3, 8)  (3, 10)   (9, 1)   (2, 7)   (3, 6)   (2, 10)  (1, 10)   (7, 5)   (7, 4)  (5, 3)   (0, 2)   (3, 8)
job_14   (2, 4)   (7, 4)   (1, 9)    (0, 4)   (6, 9)   (8, 4)   (4, 1)   (3, 2)    (0, 5)   (0, 2)   (4, 3)   (7, 4)  (7, 7)  (6, 10)   (5, 5)
job_15   (9, 1)   (7, 2)  (10, 3)  (10, 10)   (0, 5)  (10, 2)   (1, 5)  (10, 3)    (7, 7)   (5, 4)   (3, 7)   (1, 9)  (0, 7)   (3, 6)   (0, 3)


Solution:
Machine 0: job_12_task_0  job_10_task_3  job_15_task_4  job_2_task_4   job_14_task_3  job_11_task_3  job_6_task_6   job_9_task_3   job_4_task_9   job_10_task_7  job_8_task_6   job_5_task_6   job_0_task_5   job_14_task_8  job_10_task_9  job_14_task_9  job_9_task_9   job_12_task_10 job_8_task_11  job_15_task_12 job_2_task_13  job_15_task_14 job_1_task_14  job_13_task_13 
           [0,5]          [19,20]        [30,35]        [35,45]        [45,49]        [49,57]        [57,67]        [67,73]        [73,79]        [79,80]        [80,85]        [85,93]        [93,95]        [95,100]       [100,108]      [108,110]      [111,114]      [120,124]      [133,140]      [140,147]      [147,154]      [157,160]      [160,167]      [176,178]      
Machine 1: job_6_task_0   job_9_task_0   job_7_task_1   job_3_task_2   job_3_task_3   job_14_task_2  job_15_task_6  job_4_task_5   job_4_task_7   job_7_task_6   job_13_task_9  job_7_task_8   job_9_task_8   job_3_task_13  job_10_task_11 job_9_task_11  job_15_task_11 job_2_task_14  job_11_task_12 job_11_task_14 
           [0,1]          [1,2]          [6,16]         [16,26]        [26,31]        [31,40]        [40,45]        [45,49]        [54,62]        [79,83]        [87,97]        [97,98]        [110,111]      [111,119]      [119,123]      [123,128]      [128,137]      [154,157]      [183,190]      [193,196]      
Machine 2: job_14_task_0  job_11_task_0  job_10_task_2  job_4_task_2   job_13_task_2  job_4_task_6   job_13_task_6  job_13_task_8  job_10_task_8  job_6_task_9   job_2_task_7   job_3_task_11  job_11_task_8  job_2_task_9   job_9_task_12  job_1_task_12  
           [0,4]          [4,5]          [9,19]         [19,29]        [29,39]        [49,54]        [64,71]        [77,87]        [87,90]        [90,97]        [97,99]        [99,102]       [105,107]      [107,117]      [128,131]      [151,157]      
Machine 3: job_1_task_0   job_10_task_1  job_5_task_0   job_5_task_1   job_3_task_4   job_4_task_4   job_13_task_3  job_6_task_5   job_13_task_4  job_13_task_7  job_3_task_7   job_3_task_8   job_14_task_7  job_4_task_10  job_3_task_10  job_7_task_7   job_0_task_6   job_4_task_12  job_1_task_8   job_9_task_7   job_15_task_10 job_6_task_11  job_10_task_13 job_2_task_12  job_1_task_11  job_15_task_13 job_12_task_12 job_5_task_13  job_13_task_14 job_11_task_13 
           [0,5]          [5,9]          [9,18]         [18,23]        [31,38]        [38,42]        [42,50]        [50,53]        [53,63]        [71,77]        [77,81]        [81,88]        [88,90]        [90,91]        [91,94]        [94,95]        [95,99]        [99,108]       [108,109]      [109,110]      [118,125]      [129,131]      [131,138]      [138,147]      [147,151]      [151,157]      [158,166]      [166,169]      [178,186]      [190,193]      
Machine 4: job_2_task_0   job_6_task_2   job_0_task_0   job_1_task_1   job_11_task_1  job_7_task_2   job_1_task_3   job_5_task_3   job_3_task_5   job_10_task_5  job_10_task_6  job_7_task_4   job_9_task_4   job_14_task_6  job_9_task_5   job_8_task_7   job_11_task_7  job_0_task_7   job_7_task_9   job_14_task_10 job_9_task_14  job_10_task_14 job_5_task_11  job_5_task_14  job_4_task_14  
           [0,9]          [9,17]         [17,26]        [26,27]        [27,29]        [29,33]        [37,44]        [44,50]        [50,51]        [51,54]        [54,64]        [64,66]        [73,80]        [80,81]        [81,89]        [89,91]        [96,105]       [105,106]      [106,112]      [112,115]      [132,140]      [140,150]      [152,160]      [169,171]      [182,190]      
Machine 5: job_8_task_0   job_4_task_8   job_7_task_5   job_2_task_6   job_11_task_6  job_5_task_7   job_9_task_6   job_2_task_8   job_0_task_8   job_15_task_9  job_5_task_9   job_11_task_10 job_8_task_10  job_6_task_12  job_8_task_12  job_13_task_12 job_14_task_14 job_12_task_14 
           [0,2]          [62,72]        [72,79]        [83,93]        [93,96]        [96,97]        [97,102]       [102,106]      [106,114]      [114,118]      [118,122]      [122,125]      [125,133]      [133,137]      [140,141]      [173,176]      [176,181]      [181,185]      
Machine 6: job_8_task_1   job_8_task_3   job_12_task_2  job_4_task_3   job_10_task_4  job_11_task_2  job_12_task_5  job_12_task_6  job_12_task_7  job_0_task_3   job_14_task_4  job_5_task_4   job_11_task_5  job_8_task_9   job_5_task_8   job_3_task_12  job_10_task_10 job_0_task_9   job_10_task_12 job_2_task_10  job_0_task_14  job_5_task_12  job_14_task_13 job_12_task_13 job_7_task_12  job_7_task_13  job_7_task_14  
           [2,3]          [14,20]        [20,29]        [29,34]        [34,41]        [41,43]        [43,47]        [47,55]        [55,62]        [62,65]        [65,74]        [74,84]        [84,86]        [93,96]        [97,102]       [102,111]      [111,113]      [114,124]      [124,130]      [130,131]      [144,147]      [160,164]      [165,175]      [175,180]      [180,183]      [183,185]      [185,188]      
Machine 7: job_10_task_0  job_6_task_1   job_3_task_1   job_15_task_1  job_6_task_3   job_14_task_1  job_2_task_3   job_12_task_4  job_0_task_1   job_9_task_1   job_9_task_2   job_3_task_6   job_1_task_5   job_2_task_5   job_0_task_4   job_1_task_6   job_12_task_8  job_15_task_8  job_12_task_9  job_6_task_10  job_14_task_11 job_1_task_10  job_13_task_10 job_5_task_10  job_12_task_11 job_14_task_12 job_7_task_10  job_13_task_11 job_4_task_13  job_11_task_11 job_6_task_13  job_3_task_14  
           [0,3]          [3,5]          [5,15]         [15,17]        [17,25]        [25,29]        [29,35]        [35,43]        [43,53]        [53,56]        [56,62]        [62,72]        [72,79]        [79,83]        [83,87]        [87,94]        [94,104]       [104,111]      [111,120]      [120,129]      [129,133]      [133,140]      [140,145]      [145,152]      [152,158]      [158,165]      [165,169]      [169,173]      [173,182]      [182,183]      [183,189]      [189,199]      
Machine 8: job_3_task_0   job_7_task_0   job_4_task_1   job_13_task_1  job_6_task_4   job_5_task_2   job_11_task_4  job_14_task_5  job_8_task_8   job_0_task_10  job_2_task_11  job_0_task_11  job_0_task_12  job_0_task_13  job_8_task_14  job_7_task_11  job_6_task_14  
           [0,3]          [3,6]          [9,19]         [19,27]        [27,37]        [37,38]        [57,61]        [74,78]        [91,93]        [124,132]      [132,134]      [134,141]      [141,142]      [142,144]      [144,147]      [169,179]      [189,195]      
Machine 9: job_15_task_0  job_12_task_1  job_2_task_1   job_2_task_2   job_1_task_2   job_7_task_3   job_1_task_4   job_0_task_2   job_13_task_5  job_6_task_7   job_5_task_5   job_11_task_9  job_1_task_9   job_9_task_13  job_8_task_13  job_1_task_13  
           [0,1]          [5,15]         [15,21]        [21,27]        [27,37]        [37,46]        [46,49]        [53,56]        [63,64]        [67,76]        [84,85]        [107,112]      [112,114]      [131,132]      [141,142]      [157,160]      
Machine 10: job_4_task_0   job_13_task_0  job_8_task_2   job_15_task_2  job_15_task_3  job_12_task_3  job_8_task_4   job_15_task_5  job_8_task_5   job_15_task_7  job_6_task_8   job_3_task_9   job_4_task_11  job_1_task_7   job_9_task_10  
           [0,9]          [9,13]         [13,14]        [17,20]        [20,30]        [30,33]        [33,35]        [35,37]        [37,44]        [45,48]        [76,86]        [88,89]        [91,98]        [98,107]       [114,117]      
Optimal Schedule Length: 199.0
Total (Unoptimized Schedule Length): 1266
Statistics
  - conflicts: 1
  - branches : 242
  - wall time: 0.07578275100000001s