
Problem
         task_0   task_1   task_2   task_3    task_4   task_5   task_6   task_7   task_8   task_9   task_10  task_11   task_12  task_13  task_14  task_15
job_0   (11, 6)   (7, 5)  (11, 8)   (2, 3)    (2, 6)  (10, 4)   (5, 7)   (4, 6)   (6, 9)   (1, 1)    (6, 8)   (2, 7)    (9, 8)   (1, 9)  (8, 10)   (6, 5)
job_1    (7, 9)   (3, 6)   (0, 4)   (8, 2)    (0, 6)   (3, 8)   (6, 2)   (6, 6)  (9, 10)  (12, 7)    (8, 2)   (9, 2)    (9, 6)   (8, 8)  (11, 2)   (0, 7)
job_2    (2, 7)  (11, 7)   (9, 9)   (1, 8)   (12, 8)   (1, 5)   (3, 6)   (7, 3)   (5, 7)   (6, 4)    (0, 9)   (0, 6)    (6, 9)   (0, 9)   (9, 4)   (1, 6)
job_3    (4, 5)   (6, 1)   (0, 6)   (0, 8)    (6, 7)   (5, 6)   (6, 2)  (12, 4)  (11, 2)   (8, 1)  (12, 10)  (10, 5)    (4, 9)  (12, 2)  (12, 6)   (3, 1)
job_4    (1, 7)   (7, 7)   (2, 8)  (10, 1)  (11, 10)   (7, 3)  (12, 5)  (1, 10)   (8, 1)  (10, 8)    (1, 4)  (12, 8)    (3, 9)   (5, 9)   (7, 8)   (1, 6)
job_5    (3, 3)   (9, 7)   (8, 9)  (10, 8)    (2, 3)   (7, 7)  (11, 6)   (4, 9)   (0, 4)   (4, 4)    (3, 7)   (1, 8)    (7, 4)   (9, 4)  (0, 10)   (2, 3)
job_6    (1, 7)   (5, 8)   (0, 9)  (11, 3)   (10, 3)   (3, 7)   (9, 9)   (6, 4)  (10, 8)   (4, 7)    (3, 8)   (3, 4)    (7, 7)   (3, 9)  (5, 10)   (2, 7)
job_7    (5, 7)   (0, 2)  (5, 10)   (4, 7)    (3, 8)   (5, 5)   (2, 5)   (2, 8)   (2, 4)   (8, 8)    (9, 2)  (1, 10)   (10, 6)  (11, 4)   (3, 4)   (0, 5)
job_8    (2, 9)  (12, 5)  (1, 10)   (7, 3)   (12, 4)  (10, 1)   (3, 8)   (7, 4)  (3, 10)   (4, 3)    (0, 2)   (2, 8)   (3, 10)   (3, 1)  (12, 4)   (6, 3)
job_9    (2, 5)   (8, 8)   (5, 4)   (3, 3)   (11, 1)  (5, 10)  (10, 6)  (10, 6)   (7, 1)  (12, 6)   (10, 8)   (1, 3)    (5, 9)   (0, 8)   (5, 4)   (1, 4)
job_10   (3, 6)   (9, 4)   (5, 8)   (7, 5)    (8, 3)   (6, 4)   (2, 9)  (10, 7)   (4, 5)   (5, 7)    (5, 4)   (1, 9)    (5, 1)   (5, 9)   (4, 8)   (0, 9)
job_11   (0, 1)   (2, 6)   (1, 3)   (4, 5)    (7, 9)  (10, 1)   (5, 1)   (7, 4)   (2, 5)   (1, 1)   (11, 3)  (11, 5)  (11, 10)   (3, 9)   (2, 8)   (1, 3)
job_12   (2, 1)   (4, 7)  (6, 10)   (5, 3)   (12, 6)   (5, 5)   (4, 2)   (2, 8)   (0, 8)   (4, 7)    (6, 6)  (10, 2)    (5, 4)  (10, 1)   (4, 6)  (12, 5)
job_13   (3, 4)  (11, 7)   (0, 3)   (0, 5)    (5, 2)   (5, 4)   (8, 8)   (1, 5)  (11, 8)   (9, 4)    (1, 8)   (7, 9)   (12, 3)   (4, 8)   (3, 8)   (6, 3)
job_14   (3, 8)   (8, 2)   (2, 9)   (6, 9)    (5, 7)   (4, 5)  (12, 5)   (4, 3)   (6, 3)   (3, 1)   (11, 5)   (1, 3)    (5, 3)   (8, 1)   (8, 6)   (2, 4)
job_15   (2, 3)  (10, 1)   (3, 5)  (8, 10)    (3, 2)   (3, 5)   (8, 8)  (11, 9)   (1, 9)   (5, 3)    (4, 3)   (5, 9)    (7, 4)   (6, 7)   (2, 9)   (1, 5)
job_16  (11, 9)   (2, 8)   (7, 4)  (11, 7)    (4, 4)   (8, 8)   (6, 5)   (2, 5)   (2, 2)   (5, 5)   (0, 10)   (2, 7)    (6, 4)  (10, 2)   (8, 9)  (10, 3)
job_17   (0, 6)   (7, 7)   (5, 4)   (1, 3)    (6, 5)  (11, 8)   (2, 9)   (2, 3)   (9, 5)  (10, 6)    (4, 3)   (0, 6)    (4, 2)   (3, 4)   (9, 6)   (5, 8)
job_18   (7, 4)  (1, 10)   (7, 9)   (9, 7)   (10, 6)   (3, 7)   (7, 9)   (1, 8)   (1, 6)   (4, 3)    (3, 6)   (0, 1)   (12, 4)   (1, 9)   (3, 1)  (11, 6)


Solution:
Machine 0: job_17_task_0  job_11_task_0  job_7_task_1   job_3_task_2   job_6_task_2   job_3_task_3   job_13_task_2  job_13_task_3  job_1_task_2   job_1_task_4   job_12_task_8  job_2_task_10  job_2_task_11  job_18_task_11 job_5_task_8   job_8_task_10  job_9_task_13  job_16_task_10 job_2_task_13  job_10_task_15 job_17_task_11 job_5_task_14  job_1_task_15  job_7_task_15  
           [0,6]          [6,7]          [7,9]          [9,15]         [15,24]        [24,32]        [32,35]        [35,40]        [40,44]        [46,52]        [89,97]        [97,106]       [106,112]      [112,113]      [113,117]      [117,119]      [119,127]      [127,137]      [137,146]      [146,155]      [155,161]      [161,171]      [171,178]      [178,183]      
Machine 1: job_6_task_0   job_18_task_1  job_4_task_0   job_8_task_2   job_2_task_3   job_11_task_2  job_17_task_3  job_2_task_5   job_13_task_7  job_4_task_7   job_18_task_7  job_18_task_8  job_13_task_10 job_15_task_8  job_4_task_10  job_9_task_11  job_10_task_11 job_0_task_9   job_11_task_9  job_18_task_13 job_7_task_11  job_5_task_11  job_14_task_11 job_0_task_13  job_2_task_15  job_11_task_15 job_4_task_15  job_15_task_15 job_9_task_15  
           [0,7]          [7,17]         [17,24]        [24,34]        [34,42]        [42,45]        [45,48]        [50,55]        [56,61]        [61,71]        [71,79]        [79,85]        [85,93]        [93,102]       [102,106]      [106,109]      [109,118]      [118,119]      [119,120]      [120,129]      [129,139]      [139,147]      [147,150]      [150,159]      [159,165]      [165,168]      [168,174]      [174,179]      [179,183]      
Machine 2: job_2_task_0   job_8_task_0   job_15_task_0  job_9_task_0   job_11_task_1  job_12_task_0  job_4_task_2   job_0_task_3   job_16_task_1  job_0_task_4   job_5_task_4   job_14_task_2  job_10_task_6  job_12_task_7  job_7_task_6   job_7_task_7   job_16_task_7  job_7_task_8   job_16_task_8  job_11_task_8  job_17_task_6  job_17_task_7  job_0_task_11  job_16_task_11 job_8_task_11  job_11_task_14 job_15_task_14 job_6_task_15  job_5_task_15  job_14_task_15 
           [0,7]          [7,16]         [16,19]        [19,24]        [24,30]        [30,31]        [32,40]        [40,43]        [43,51]        [51,57]        [57,60]        [60,69]        [69,78]        [81,89]        [89,94]        [94,102]       [102,107]      [107,111]      [111,113]      [113,118]      [118,127]      [127,130]      [130,137]      [137,144]      [144,152]      [152,160]      [160,169]      [169,176]      [176,179]      [179,183]      
Machine 3: job_10_task_0  job_5_task_0   job_14_task_0  job_13_task_0  job_1_task_1   job_15_task_2  job_7_task_4   job_6_task_5   job_15_task_4  job_9_task_3   job_18_task_5  job_15_task_5  job_2_task_6   job_8_task_6   job_1_task_5   job_6_task_10  job_8_task_8   job_18_task_10 job_6_task_11  job_4_task_12  job_5_task_10  job_6_task_13  job_14_task_9  job_11_task_13 job_7_task_14  job_8_task_12  job_17_task_13 job_8_task_13  job_18_task_14 job_13_task_14 job_3_task_15  
           [0,6]          [6,9]          [9,17]         [17,21]        [21,27]        [27,32]        [32,40]        [40,47]        [47,49]        [49,52]        [54,61]        [61,66]        [66,72]        [72,80]        [80,88]        [88,96]        [96,106]       [106,112]      [112,116]      [116,125]      [125,132]      [132,141]      [141,142]      [142,151]      [151,155]      [155,165]      [165,169]      [169,170]      [170,171]      [171,179]      [182,183]      
Machine 4: job_3_task_0   job_7_task_3   job_12_task_1  job_11_task_3  job_16_task_4  job_0_task_7   job_12_task_6  job_6_task_9   job_10_task_8  job_5_task_7   job_18_task_9  job_14_task_5  job_8_task_9   job_12_task_9  job_5_task_9   job_13_task_13 job_15_task_10 job_14_task_7  job_10_task_14 job_17_task_10 job_12_task_14 job_17_task_12 job_3_task_12  
           [0,5]          [25,32]        [32,39]        [45,50]        [69,73]        [73,79]        [79,81]        [81,88]        [88,93]        [93,102]       [102,105]      [105,110]      [110,113]      [113,120]      [120,124]      [124,132]      [132,135]      [135,138]      [138,146]      [151,154]      [154,160]      [161,163]      [163,172]      
Machine 5: job_7_task_0   job_6_task_1   job_7_task_2   job_10_task_2  job_17_task_2  job_9_task_2   job_13_task_4  job_13_task_5  job_7_task_5   job_12_task_3  job_9_task_5   job_0_task_6   job_12_task_5  job_3_task_5   job_2_task_8   job_14_task_4  job_10_task_9  job_10_task_10 job_11_task_6  job_9_task_12  job_16_task_9  job_15_task_9  job_10_task_12 job_10_task_13 job_15_task_11 job_12_task_12 job_4_task_13  job_6_task_14  job_14_task_12 job_9_task_14  job_17_task_15 
           [0,7]          [7,15]         [15,25]        [25,33]        [33,37]        [37,41]        [41,43]        [43,47]        [47,52]        [52,55]        [55,65]        [65,72]        [72,77]        [77,83]        [83,90]        [90,97]        [97,104]       [104,108]      [108,109]      [109,118]      [118,123]      [123,126]      [126,127]      [127,136]      [136,145]      [145,149]      [149,158]      [158,168]      [168,171]      [171,175]      [175,183]      
Machine 6: job_3_task_1   job_3_task_4   job_12_task_2  job_17_task_4  job_6_task_7   job_10_task_5  job_14_task_3  job_0_task_8   job_1_task_6   job_2_task_9   job_16_task_6  job_1_task_7   job_3_task_6   job_2_task_12  job_0_task_10  job_12_task_10 job_14_task_8  job_16_task_12 job_15_task_13 job_0_task_15  job_8_task_15  job_13_task_15 
           [5,6]          [32,39]        [39,49]        [49,54]        [57,61]        [61,65]        [69,78]        [79,88]        [88,90]        [90,94]        [94,99]        [99,105]       [105,107]      [112,121]      [121,129]      [129,135]      [138,141]      [144,148]      [149,156]      [172,177]      [177,180]      [180,183]      
Machine 7: job_18_task_0  job_1_task_0   job_0_task_1   job_17_task_1  job_4_task_1   job_18_task_2  job_10_task_3  job_8_task_3   job_4_task_5   job_16_task_2  job_18_task_6  job_5_task_5   job_2_task_7   job_11_task_4  job_9_task_8   job_8_task_7   job_13_task_11 job_11_task_7  job_6_task_12  job_15_task_12 job_5_task_12  job_4_task_14  
           [0,4]          [4,13]         [13,18]        [18,25]        [25,32]        [32,41]        [41,46]        [46,49]        [51,54]        [54,58]        [61,70]        [70,77]        [77,80]        [80,89]        [89,90]        [90,94]        [94,103]       [109,113]      [116,123]      [145,149]      [149,153]      [158,166]      
Machine 8: job_5_task_2   job_9_task_1   job_15_task_3  job_1_task_3   job_14_task_1  job_13_task_6  job_10_task_4  job_15_task_6  job_16_task_5  job_4_task_8   job_7_task_9   job_1_task_10  job_1_task_13  job_3_task_9   job_16_task_14 job_0_task_14  job_14_task_13 job_14_task_14 
           [17,26]        [26,34]        [34,44]        [44,46]        [46,48]        [48,56]        [56,59]        [66,74]        [74,82]        [82,83]        [111,119]      [125,127]      [135,143]      [143,144]      [153,162]      [162,172]      [172,173]      [173,179]      
Machine 9: job_10_task_1  job_5_task_1   job_2_task_2   job_18_task_3  job_6_task_6   job_13_task_9  job_1_task_8   job_7_task_10  job_1_task_11  job_1_task_12  job_17_task_8  job_0_task_12  job_2_task_14  job_5_task_13  job_17_task_14 
           [6,10]         [10,17]        [22,31]        [41,48]        [48,57]        [77,81]        [105,115]      [119,121]      [127,129]      [129,135]      [135,140]      [140,148]      [148,152]      [153,157]      [169,175]      
Machine 10: job_15_task_1  job_5_task_3   job_6_task_4   job_4_task_3   job_18_task_4  job_8_task_5   job_0_task_5   job_6_task_8   job_9_task_6   job_9_task_7   job_10_task_7  job_4_task_9   job_9_task_10  job_11_task_5  job_12_task_11 job_7_task_12  job_17_task_9  job_16_task_13 job_12_task_13 job_3_task_11  job_16_task_15 
           [19,20]        [26,34]        [34,37]        [40,41]        [48,54]        [54,55]        [57,61]        [61,69]        [69,75]        [75,81]        [81,88]        [88,96]        [96,104]       [104,105]      [135,137]      [139,145]      [145,151]      [151,153]      [153,154]      [154,159]      [162,165]      
Machine 11: job_0_task_0   job_16_task_0  job_2_task_1   job_13_task_1  job_6_task_3   job_0_task_2   job_4_task_4   job_9_task_4   job_17_task_5  job_16_task_3  job_13_task_8  job_5_task_6   job_15_task_7  job_11_task_10 job_11_task_11 job_11_task_12 job_3_task_8   job_14_task_10 job_7_task_13  job_1_task_14  job_18_task_15 
           [0,6]          [6,15]         [15,22]        [22,29]        [29,32]        [32,40]        [41,51]        [52,53]        [54,62]        [62,69]        [69,77]        [77,83]        [83,92]        [120,123]      [123,128]      [128,138]      [138,140]      [142,147]      [147,151]      [151,153]      [171,177]      
Machine 12: job_8_task_1   job_2_task_4   job_8_task_4   job_4_task_6   job_12_task_4  job_9_task_9   job_13_task_12 job_4_task_11  job_18_task_12 job_1_task_9   job_3_task_7   job_14_task_6  job_3_task_10  job_12_task_15 job_8_task_14  job_3_task_13  job_3_task_14  
           [16,21]        [42,50]        [50,54]        [54,59]        [59,65]        [90,96]        [103,106]      [106,114]      [114,118]      [118,125]      [125,129]      [129,134]      [144,154]      [160,165]      [170,174]      [174,176]      [176,182]      
Optimal Schedule Length: 183.0
Total (Unoptimized Schedule Length): 1728
Statistics
  - conflicts: 0
  - branches : 0
  - wall time: 0.5761481860000001s