
Problem
         task_0   task_1   task_2  task_3   task_4   task_5   task_6   task_7   task_8  task_9  task_10  task_11 task_12  task_13  task_14  task_15  task_16  task_17
job_0    (0, 7)   (8, 3)   (8, 5)  (5, 7)   (8, 4)   (8, 2)   (3, 3)   (7, 2)   (1, 8)  (6, 5)   (5, 4)   (2, 5)  (6, 9)   (8, 8)   (0, 7)   (8, 6)   (1, 8)   (0, 5)
job_1    (0, 5)   (3, 2)   (4, 9)  (2, 6)   (2, 7)  (3, 10)   (2, 1)   (4, 6)   (5, 4)  (7, 6)   (1, 1)   (3, 6)  (1, 2)  (8, 10)   (7, 7)   (2, 9)   (5, 4)   (4, 3)
job_2    (2, 4)   (4, 5)   (5, 3)  (7, 6)   (5, 9)   (0, 2)   (1, 5)   (8, 6)   (1, 1)  (8, 9)  (0, 10)   (8, 8)  (5, 2)   (2, 3)   (3, 7)   (8, 9)   (8, 3)   (4, 3)
job_3    (4, 2)  (8, 10)   (6, 7)  (4, 9)   (8, 5)   (8, 9)   (3, 4)   (7, 7)   (4, 6)  (4, 1)   (4, 9)   (5, 8)  (5, 7)   (3, 5)  (4, 10)   (4, 9)   (4, 8)   (6, 2)
job_4    (6, 4)   (4, 6)   (8, 7)  (3, 9)   (7, 2)   (6, 1)   (8, 3)   (5, 7)   (1, 7)  (8, 3)   (5, 3)   (4, 7)  (0, 9)   (7, 7)   (1, 5)   (8, 5)  (4, 10)   (3, 1)
job_5    (6, 9)   (0, 7)   (3, 9)  (7, 4)  (6, 10)   (6, 2)   (7, 7)   (1, 1)   (6, 5)  (2, 2)   (8, 6)  (5, 10)  (6, 9)   (7, 9)   (0, 5)   (5, 4)   (3, 3)   (5, 6)
job_6   (3, 10)   (4, 2)   (3, 2)  (5, 8)   (3, 8)   (4, 7)   (6, 1)   (2, 8)   (8, 7)  (1, 8)  (7, 10)   (2, 6)  (3, 7)   (0, 4)   (3, 9)  (4, 10)   (6, 9)   (0, 4)
job_7    (2, 7)   (7, 9)   (2, 9)  (5, 6)   (6, 3)   (4, 2)   (5, 2)   (2, 9)   (8, 2)  (6, 7)   (2, 8)   (7, 7)  (6, 5)   (4, 4)   (7, 4)   (1, 5)   (4, 7)   (0, 4)
job_8   (1, 10)   (5, 3)   (2, 1)  (5, 7)   (6, 2)   (3, 8)   (6, 2)   (7, 3)   (2, 5)  (4, 2)   (6, 6)   (8, 4)  (7, 7)   (6, 7)   (6, 3)   (5, 4)   (6, 8)   (7, 7)
job_9    (5, 9)   (8, 9)  (5, 10)  (0, 8)   (6, 2)   (5, 5)   (3, 6)   (4, 3)   (3, 7)  (8, 9)   (1, 8)   (2, 7)  (6, 1)   (0, 1)   (7, 5)   (8, 8)   (0, 4)   (6, 7)
job_10   (2, 5)   (7, 3)   (4, 1)  (8, 1)   (1, 7)   (0, 8)   (8, 5)  (7, 10)   (0, 7)  (2, 5)   (5, 8)  (5, 10)  (7, 1)   (4, 3)   (2, 9)  (0, 10)   (7, 9)   (0, 1)
job_11   (2, 9)   (6, 1)   (3, 6)  (2, 5)   (2, 8)   (2, 3)   (5, 7)   (2, 6)   (1, 2)  (2, 4)   (8, 7)  (4, 10)  (5, 5)   (7, 6)   (8, 4)   (6, 5)   (1, 3)  (8, 10)
job_12   (7, 2)   (4, 6)   (7, 7)  (2, 7)  (4, 10)   (4, 8)   (7, 4)   (4, 1)   (2, 4)  (4, 5)  (3, 10)   (0, 7)  (2, 6)  (6, 10)   (6, 5)   (8, 6)   (5, 1)   (5, 8)
job_13   (2, 6)  (3, 10)   (3, 3)  (0, 9)   (5, 8)   (0, 9)   (0, 7)   (6, 2)   (2, 2)  (3, 9)   (2, 7)   (0, 8)  (4, 2)   (4, 3)   (5, 7)   (5, 5)   (5, 1)   (2, 5)
job_14   (1, 4)   (0, 8)   (6, 3)  (4, 6)   (2, 3)   (3, 1)   (7, 4)   (5, 6)  (2, 10)  (4, 1)  (5, 10)   (3, 6)  (0, 4)  (0, 10)   (1, 7)   (3, 4)   (4, 4)   (7, 4)
job_15   (2, 8)   (0, 6)   (4, 1)  (6, 3)  (8, 10)   (5, 3)  (1, 10)   (3, 6)   (2, 2)  (7, 1)   (0, 6)   (1, 9)  (0, 4)   (2, 4)   (7, 4)   (3, 9)   (5, 8)   (2, 8)
job_16   (6, 4)   (7, 1)   (1, 6)  (8, 1)   (3, 9)   (1, 1)   (5, 6)   (3, 6)   (7, 4)  (8, 2)   (1, 1)   (4, 8)  (4, 2)   (1, 7)   (1, 6)   (4, 4)   (1, 9)   (1, 2)
job_17  (3, 10)   (4, 4)   (6, 8)  (2, 8)   (8, 3)   (5, 5)   (4, 7)   (1, 5)   (2, 1)  (2, 9)   (5, 4)   (7, 6)  (3, 1)   (2, 9)   (7, 9)   (3, 5)   (4, 8)   (4, 4)


Solution:
Machine 0: job_1_task_0   job_0_task_0   job_5_task_1   job_15_task_1  job_14_task_1  job_10_task_5  job_9_task_3   job_2_task_5   job_13_task_3  job_2_task_10  job_13_task_5  job_10_task_8  job_13_task_6  job_4_task_12  job_12_task_11 job_15_task_10 job_14_task_12 job_15_task_12 job_6_task_13  job_0_task_14  job_13_task_11 job_14_task_13 job_5_task_14  job_0_task_17  job_9_task_13  job_6_task_17  job_10_task_15 job_9_task_16  job_7_task_17  job_10_task_17 
           [0,5]          [5,12]         [12,19]        [19,25]        [25,33]        [33,41]        [41,49]        [65,67]        [76,85]        [97,107]       [107,116]      [116,123]      [123,130]      [131,140]      [140,147]      [154,160]      [166,170]      [171,175]      [178,182]      [182,189]      [190,198]      [198,208]      [208,213]      [213,218]      [221,222]      [222,226]      [228,238]      [238,242]      [242,246]      [249,250]      
Machine 1: job_14_task_0  job_8_task_0   job_10_task_4  job_16_task_2  job_5_task_7   job_2_task_6   job_16_task_5  job_6_task_9   job_2_task_8   job_0_task_8   job_4_task_8   job_11_task_8  job_16_task_10 job_17_task_7  job_15_task_6  job_16_task_13 job_4_task_14  job_1_task_10  job_16_task_14 job_1_task_12  job_15_task_11 job_9_task_10  job_16_task_16 job_16_task_17 job_0_task_16  job_14_task_14 job_7_task_15  job_11_task_16 
           [0,4]          [4,14]         [22,29]        [29,35]        [69,70]        [70,75]        [75,76]        [79,87]        [87,88]        [88,96]        [96,103]       [121,123]      [123,124]      [124,129]      [129,139]      [141,148]      [148,153]      [153,154]      [154,160]      [160,162]      [162,171]      [171,179]      [179,188]      [188,190]      [195,203]      [208,215]      [215,220]      [234,237]      
Machine 2: job_10_task_0  job_13_task_0  job_15_task_0  job_11_task_0  job_7_task_0   job_2_task_0   job_12_task_3  job_17_task_3  job_7_task_2   job_6_task_7   job_8_task_2   job_1_task_3   job_1_task_4   job_11_task_3  job_11_task_4  job_11_task_5  job_12_task_8  job_1_task_6   job_7_task_7   job_11_task_7  job_14_task_4  job_8_task_8   job_11_task_9  job_13_task_8  job_17_task_8  job_14_task_8  job_15_task_8  job_0_task_11  job_5_task_9   job_17_task_9  job_6_task_11  job_10_task_9  job_7_task_10  job_13_task_10 job_12_task_12 job_15_task_13 job_17_task_13 job_2_task_13  job_9_task_11  job_10_task_14 job_1_task_15  job_15_task_17 job_13_task_17 
           [0,5]          [5,11]         [11,19]        [19,28]        [28,35]        [35,39]        [39,46]        [46,54]        [54,63]        [63,71]        [71,72]        [72,78]        [78,85]        [85,90]        [90,98]        [98,101]       [101,105]      [105,106]      [106,115]      [115,121]      [121,124]      [124,129]      [129,133]      [133,135]      [135,136]      [136,146]      [146,148]      [148,153]      [153,155]      [155,164]      [164,170]      [170,175]      [175,183]      [183,190]      [190,196]      [196,200]      [200,209]      [209,212]      [212,219]      [219,228]      [228,237]      [237,245]      [245,250]      
Machine 3: job_6_task_0   job_17_task_0  job_6_task_2   job_13_task_1  job_1_task_1   job_5_task_2   job_6_task_4   job_4_task_3   job_3_task_6   job_16_task_4  job_13_task_2  job_11_task_2  job_0_task_6   job_9_task_6   job_1_task_5   job_8_task_5   job_16_task_7  job_9_task_8   job_14_task_5  job_12_task_10 job_15_task_7  job_13_task_9  job_1_task_11  job_14_task_11 job_3_task_13  job_6_task_12  job_4_task_17  job_17_task_12 job_6_task_14  job_15_task_15 job_2_task_14  job_14_task_15 job_17_task_15 job_5_task_16  
           [0,10]         [10,20]        [20,22]        [22,32]        [32,34]        [34,43]        [43,51]        [51,60]        [60,64]        [64,73]        [73,76]        [76,82]        [83,86]        [86,92]        [92,102]       [102,110]      [110,116]      [116,123]      [124,125]      [125,135]      [139,145]      [145,154]      [154,160]      [160,166]      [166,171]      [171,178]      [178,179]      [179,180]      [182,191]      [204,213]      [213,220]      [220,224]      [224,229]      [229,232]      
Machine 4: job_3_task_0   job_12_task_1  job_10_task_2  job_6_task_1   job_4_task_1   job_3_task_3   job_17_task_1  job_15_task_2  job_2_task_1   job_1_task_2   job_6_task_5   job_12_task_4  job_12_task_5  job_3_task_8   job_14_task_3  job_12_task_7  job_3_task_9   job_9_task_7   job_7_task_5   job_3_task_10  job_12_task_9  job_1_task_7   job_17_task_6  job_4_task_11  job_16_task_11 job_16_task_12 job_8_task_9   job_14_task_9  job_11_task_11 job_4_task_16  job_16_task_15 job_3_task_14  job_3_task_15  job_6_task_15  job_13_task_12 job_13_task_13 job_7_task_13  job_10_task_13 job_3_task_16  job_7_task_16  job_14_task_16 job_17_task_16 job_17_task_17 job_2_task_17  job_1_task_17  
           [0,2]          [2,8]          [8,9]          [10,12]        [13,19]        [20,29]        [29,33]        [33,34]        [39,44]        [44,53]        [53,60]        [60,70]        [70,78]        [78,84]        [84,90]        [90,91]        [91,92]        [92,95]        [95,97]        [97,106]       [106,111]      [111,117]      [117,124]      [124,131]      [131,139]      [139,141]      [141,143]      [146,147]      [147,157]      [158,168]      [168,172]      [172,182]      [182,191]      [191,201]      [201,203]      [203,206]      [206,210]      [210,213]      [213,221]      [221,228]      [228,232]      [232,240]      [240,244]      [244,247]      [247,250]      
Machine 5: job_9_task_0   job_8_task_1   job_9_task_2   job_6_task_3   job_0_task_3   job_2_task_2   job_2_task_4   job_7_task_3   job_9_task_5   job_8_task_3   job_4_task_7   job_13_task_4  job_7_task_6   job_16_task_6  job_11_task_6  job_17_task_5  job_4_task_10  job_0_task_10  job_15_task_5  job_2_task_12  job_14_task_7  job_1_task_8   job_3_task_11  job_14_task_10 job_3_task_12  job_17_task_10 job_5_task_11  job_10_task_10 job_10_task_11 job_11_task_12 job_8_task_15  job_13_task_14 job_5_task_15  job_13_task_15 job_15_task_16 job_12_task_16 job_13_task_16 job_12_task_17 job_1_task_16  job_5_task_17  
           [0,9]          [14,17]        [21,31]        [31,39]        [39,46]        [46,49]        [55,64]        [64,70]        [70,75]        [75,82]        [82,89]        [89,97]        [97,99]        [99,105]       [105,112]      [112,117]      [117,120]      [120,124]      [124,127]      [127,129]      [129,135]      [135,139]      [139,147]      [147,157]      [157,164]      [164,168]      [168,178]      [178,186]      [186,196]      [196,201]      [201,205]      [206,213]      [213,217]      [217,222]      [222,230]      [230,231]      [231,232]      [232,240]      [240,244]      [244,250]      
Machine 6: job_5_task_0   job_4_task_0   job_3_task_2   job_16_task_0  job_11_task_1  job_17_task_2  job_15_task_3  job_14_task_2  job_5_task_4   job_9_task_4   job_5_task_5   job_6_task_6   job_4_task_5   job_5_task_8   job_7_task_4   job_8_task_4   job_0_task_9   job_8_task_6   job_7_task_9   job_13_task_7  job_8_task_10  job_0_task_12  job_8_task_13  job_8_task_14  job_5_task_12  job_7_task_12  job_12_task_13 job_12_task_14 job_6_task_16  job_9_task_12  job_8_task_16  job_11_task_15 job_3_task_17  job_9_task_17  
           [0,9]          [9,13]         [13,20]        [20,24]        [28,29]        [33,41]        [41,44]        [44,47]        [48,58]        [58,60]        [60,62]        [62,63]        [63,64]        [70,75]        [75,78]        [99,101]       [101,106]      [111,113]      [117,124]      [130,132]      [143,149]      [153,162]      [163,170]      [170,173]      [178,187]      [190,195]      [196,206]      [206,211]      [211,220]      [220,221]      [221,229]      [229,234]      [234,236]      [242,249]      
Machine 7: job_12_task_0  job_10_task_1  job_12_task_2  job_16_task_1  job_7_task_1   job_5_task_3   job_2_task_3   job_4_task_4   job_5_task_6   job_3_task_7   job_12_task_6  job_0_task_7   job_6_task_10  job_10_task_7  job_8_task_7   job_16_task_8  job_14_task_6  job_4_task_13  job_1_task_9   job_15_task_9  job_8_task_12  job_17_task_11 job_1_task_14  job_7_task_11  job_5_task_13  job_10_task_12 job_15_task_14 job_11_task_13 job_7_task_14  job_17_task_14 job_9_task_14  job_8_task_17  job_14_task_17 job_10_task_16 
           [0,2]          [5,8]          [8,15]         [24,25]        [35,44]        [44,48]        [49,55]        [60,62]        [62,69]        [69,76]        [78,82]        [86,88]        [88,98]        [102,112]      [113,116]      [116,120]      [125,129]      [140,147]      [147,153]      [153,154]      [156,163]      [169,175]      [175,182]      [183,190]      [190,199]      [199,200]      [200,204]      [204,210]      [210,214]      [214,223]      [223,228]      [229,236]      [236,240]      [240,249]      
Machine 8: job_3_task_1   job_9_task_1   job_10_task_3  job_0_task_1   job_0_task_2   job_3_task_4   job_4_task_2   job_3_task_5   job_15_task_4  job_16_task_3  job_0_task_4   job_17_task_4  job_4_task_6   job_6_task_8   job_0_task_5   job_2_task_7   job_2_task_9   job_10_task_6  job_4_task_9   job_2_task_11  job_7_task_8   job_16_task_9  job_9_task_9   job_11_task_10 job_8_task_11  job_4_task_15  job_5_task_10  job_1_task_13  job_0_task_13  job_0_task_15  job_11_task_14 job_12_task_15 job_2_task_15  job_9_task_15  job_2_task_16  job_11_task_17 
           [2,12]         [12,21]        [21,22]        [22,25]        [25,30]        [30,35]        [35,42]        [42,51]        [51,61]        [61,62]        [62,66]        [66,69]        [69,72]        [72,79]        [79,81]        [81,87]        [88,97]        [97,102]       [103,106]      [107,115]      [115,117]      [120,122]      [123,132]      [133,140]      [149,153]      [153,158]      [158,164]      [164,174]      [174,182]      [189,195]      [210,214]      [214,220]      [220,229]      [229,237]      [237,240]      [240,250]      
Optimal Schedule Length: 250.0
Total (Unoptimized Schedule Length): 1827
Statistics
  - conflicts: 0
  - branches : 213
  - wall time: 2.904267303s