
Problem
         task_0  task_1   task_2   task_3   task_4   task_5   task_6   task_7   task_8   task_9  task_10  task_11
job_0    (6, 7)  (5, 9)   (3, 2)   (0, 5)  (0, 10)   (9, 2)   (2, 8)   (5, 4)   (8, 2)   (7, 2)  (4, 10)   (7, 1)
job_1    (4, 8)  (3, 3)  (0, 10)   (6, 3)  (0, 10)   (7, 4)   (8, 7)   (8, 3)   (3, 6)   (7, 7)   (1, 6)   (8, 5)
job_2    (7, 8)  (7, 8)   (8, 4)  (1, 10)   (9, 7)   (8, 1)   (1, 8)   (2, 7)   (9, 5)   (8, 5)   (6, 1)   (5, 5)
job_3    (8, 3)  (3, 3)   (8, 1)   (0, 5)   (8, 9)   (5, 6)  (6, 10)   (0, 6)   (8, 1)   (1, 9)   (3, 1)  (5, 10)
job_4    (4, 5)  (3, 9)   (5, 7)   (6, 4)  (2, 10)   (5, 1)   (8, 3)  (3, 10)   (2, 5)   (1, 6)   (5, 9)   (4, 9)
job_5    (7, 6)  (6, 8)   (8, 9)   (6, 8)   (9, 4)   (8, 2)   (1, 9)   (1, 4)   (6, 8)   (3, 8)   (2, 6)   (9, 9)
job_6    (5, 3)  (3, 2)  (3, 10)   (0, 8)  (1, 10)   (4, 4)   (1, 1)   (9, 7)   (6, 3)  (0, 10)   (7, 7)   (6, 2)
job_7    (1, 2)  (8, 5)   (3, 2)   (5, 8)   (6, 4)   (3, 2)   (8, 1)   (7, 8)  (7, 10)   (5, 7)   (8, 4)   (6, 2)
job_8    (5, 8)  (0, 7)   (7, 9)  (7, 10)   (7, 8)   (6, 1)   (3, 2)   (2, 2)   (2, 7)   (2, 8)   (0, 9)   (0, 6)
job_9    (8, 1)  (3, 7)   (4, 7)   (3, 2)  (0, 10)   (5, 5)   (1, 8)   (2, 2)   (2, 5)   (5, 7)   (9, 8)   (0, 9)
job_10   (9, 9)  (4, 8)   (3, 4)  (0, 10)   (6, 9)  (3, 10)   (6, 1)   (4, 7)   (1, 4)  (9, 10)   (2, 7)   (1, 4)
job_11   (2, 5)  (4, 8)   (9, 2)   (5, 3)   (0, 5)   (8, 3)   (2, 5)   (0, 6)   (3, 7)   (0, 9)   (5, 1)   (3, 3)
job_12   (1, 8)  (6, 3)   (2, 5)   (2, 5)   (7, 1)   (1, 3)   (2, 2)  (5, 10)   (5, 4)   (9, 2)   (1, 1)   (1, 7)
job_13   (6, 6)  (5, 8)  (5, 10)   (2, 3)   (6, 4)   (7, 5)   (2, 4)   (7, 7)   (9, 3)   (9, 9)   (0, 5)   (6, 6)
job_14   (5, 6)  (1, 5)  (0, 10)   (1, 7)   (6, 5)   (4, 5)   (9, 8)   (3, 7)   (6, 7)   (6, 4)   (2, 4)   (7, 1)
job_15  (5, 10)  (3, 9)   (5, 3)   (4, 5)   (8, 5)   (6, 5)   (4, 9)  (1, 10)   (5, 9)   (6, 4)   (9, 6)   (2, 1)
job_16   (5, 8)  (8, 2)   (0, 5)   (9, 7)   (9, 9)  (9, 10)   (4, 2)   (9, 7)   (1, 4)   (0, 9)   (8, 4)   (7, 4)
job_17   (8, 3)  (2, 8)   (3, 4)  (9, 10)  (3, 10)   (5, 3)   (8, 3)   (4, 6)   (3, 1)   (9, 3)   (2, 6)   (0, 6)
job_18   (4, 1)  (0, 7)   (7, 7)   (8, 2)  (0, 10)  (6, 10)   (0, 9)  (6, 10)  (2, 10)   (4, 4)  (1, 10)   (3, 4)
job_19   (2, 6)  (5, 1)   (9, 5)  (0, 10)   (9, 3)   (1, 5)  (4, 10)   (0, 5)   (5, 6)   (6, 8)   (3, 4)   (3, 3)


Solution:
Machine 0: job_18_task_1  job_8_task_1   job_3_task_3   job_1_task_2   job_18_task_4  job_10_task_3  job_16_task_2  job_14_task_2  job_9_task_4   job_19_task_3  job_6_task_3   job_1_task_4   job_18_task_6  job_0_task_3   job_11_task_4  job_0_task_4   job_11_task_7  job_3_task_7   job_19_task_7  job_6_task_9   job_16_task_9  job_8_task_10  job_11_task_9  job_13_task_10 job_9_task_11  job_8_task_11  job_17_task_11 
           [1,8]          [8,15]         [15,20]        [20,30]        [30,40]        [40,50]        [50,55]        [55,65]        [65,75]        [75,85]        [85,93]        [93,103]       [103,112]      [112,117]      [117,122]      [122,132]      [132,138]      [138,144]      [144,149]      [149,159]      [159,168]      [168,177]      [177,186]      [186,191]      [191,200]      [200,206]      [206,212]      
Machine 1: job_7_task_0   job_12_task_0  job_14_task_1  job_5_task_6   job_2_task_3   job_5_task_7   job_12_task_5  job_14_task_3  job_15_task_7  job_9_task_6   job_6_task_4   job_19_task_5  job_2_task_6   job_6_task_6   job_10_task_8  job_4_task_9   job_16_task_8  job_1_task_10  job_18_task_10 job_3_task_9   job_10_task_11 job_12_task_10 job_12_task_11 
           [0,2]          [2,10]         [32,37]        [38,47]        [47,57]        [57,61]        [61,64]        [65,72]        [78,88]        [89,97]        [97,107]       [107,112]      [112,120]      [120,121]      [121,125]      [125,131]      [131,135]      [135,141]      [146,156]      [156,165]      [165,169]      [169,170]      [170,177]      
Machine 2: job_19_task_0  job_11_task_0  job_17_task_1  job_12_task_2  job_12_task_3  job_4_task_4   job_13_task_3  job_12_task_6  job_8_task_7   job_13_task_6  job_8_task_8   job_8_task_9   job_9_task_7   job_9_task_8   job_4_task_8   job_5_task_10  job_2_task_7   job_11_task_6  job_18_task_8  job_0_task_6   job_10_task_10 job_14_task_10 job_17_task_10 job_15_task_11 
           [0,6]          [6,11]         [11,19]        [24,29]        [29,34]        [54,64]        [64,67]        [67,69]        [77,79]        [79,83]        [83,90]        [90,98]        [98,100]       [100,105]      [105,110]      [112,118]      [120,127]      [127,132]      [132,142]      [142,150]      [150,157]      [157,161]      [164,170]      [181,182]      
Machine 3: job_9_task_1   job_3_task_1   job_7_task_2   job_1_task_1   job_4_task_1   job_10_task_2  job_15_task_1  job_6_task_1   job_6_task_2   job_9_task_3   job_17_task_2  job_10_task_5  job_0_task_2   job_8_task_6   job_17_task_4  job_7_task_5   job_4_task_7   job_5_task_9   job_14_task_7  job_1_task_8   job_17_task_8  job_11_task_8  job_18_task_11 job_19_task_10 job_3_task_10  job_19_task_11 job_11_task_11 
           [1,8]          [8,11]         [12,14]        [14,17]        [17,26]        [26,30]        [30,39]        [39,41]        [41,51]        [51,53]        [53,57]        [63,73]        [73,75]        [75,77]        [82,92]        [92,94]        [94,104]       [104,112]      [112,119]      [119,125]      [125,126]      [138,145]      [156,160]      [163,167]      [167,168]      [168,171]      [187,190]      
Machine 4: job_18_task_0  job_4_task_0   job_1_task_0   job_10_task_1  job_9_task_2   job_11_task_1  job_15_task_3  job_15_task_6  job_14_task_5  job_10_task_7  job_16_task_6  job_17_task_7  job_6_task_5   job_19_task_6  job_18_task_9  job_4_task_11  job_0_task_10  
           [0,1]          [1,6]          [6,14]         [14,22]        [22,29]        [29,37]        [54,59]        [69,78]        [78,83]        [83,90]        [92,94]        [102,108]      [108,112]      [112,122]      [142,146]      [146,155]      [168,178]      
Machine 5: job_8_task_0   job_15_task_0  job_16_task_0  job_14_task_0  job_6_task_0   job_4_task_2   job_13_task_1  job_19_task_1  job_15_task_2  job_13_task_2  job_0_task_1   job_7_task_3   job_11_task_3  job_9_task_5   job_4_task_5   job_3_task_5   job_17_task_5  job_12_task_7  job_9_task_9   job_15_task_8  job_12_task_8  job_7_task_9   job_4_task_10  job_19_task_8  job_0_task_7   job_2_task_11  job_3_task_11  job_11_task_10 
           [0,8]          [8,18]         [18,26]        [26,32]        [32,35]        [35,42]        [42,50]        [50,51]        [51,54]        [54,64]        [64,73]        [73,81]        [81,84]        [84,89]        [89,90]        [90,96]        [96,99]        [99,109]       [109,116]      [116,125]      [125,129]      [129,136]      [136,145]      [149,155]      [155,159]      [167,172]      [172,182]      [186,187]      
Machine 6: job_13_task_0  job_5_task_1   job_0_task_0   job_12_task_1  job_5_task_3   job_1_task_3   job_18_task_5  job_4_task_3   job_10_task_4  job_8_task_5   job_15_task_5  job_13_task_4  job_14_task_4  job_10_task_6  job_5_task_8   job_7_task_4   job_3_task_6   job_18_task_7  job_14_task_8  job_15_task_9  job_14_task_9  job_6_task_8   job_7_task_11  job_19_task_9  job_2_task_10  job_6_task_11  job_13_task_11 
           [0,6]          [6,14]         [14,21]        [21,24]        [24,32]        [32,35]        [40,50]        [50,54]        [54,63]        [63,64]        [64,69]        [69,73]        [73,78]        [78,79]        [79,87]        [87,91]        [96,106]       [112,122]      [122,129]      [129,133]      [133,137]      [137,140]      [140,142]      [155,163]      [166,167]      [167,169]      [191,197]      
Machine 7: job_5_task_0   job_2_task_0   job_18_task_2  job_8_task_2   job_2_task_1   job_8_task_3   job_8_task_4   job_12_task_4  job_13_task_5  job_13_task_7  job_7_task_7   job_1_task_5   job_7_task_8   job_1_task_9   job_6_task_10  job_0_task_9   job_14_task_11 job_16_task_11 job_0_task_11  
           [0,6]          [6,14]         [14,21]        [21,30]        [30,38]        [38,48]        [48,56]        [56,57]        [73,78]        [83,90]        [95,103]       [103,107]      [107,117]      [125,132]      [159,166]      [166,168]      [168,169]      [172,176]      [178,179]      
Machine 8: job_9_task_0   job_3_task_0   job_17_task_0  job_7_task_1   job_3_task_2   job_5_task_2   job_18_task_3  job_3_task_4   job_16_task_1  job_5_task_5   job_2_task_2   job_15_task_4  job_4_task_6   job_7_task_6   job_17_task_6  job_2_task_5   job_1_task_6   job_1_task_7   job_11_task_5  job_7_task_10  job_1_task_11  job_3_task_8   job_0_task_8   job_2_task_9   job_16_task_10 
           [0,1]          [1,4]          [4,7]          [7,12]         [12,13]        [14,23]        [23,25]        [25,34]        [34,36]        [36,38]        [38,42]        [59,64]        [90,93]        [94,95]        [99,102]       [102,103]      [107,114]      [114,117]      [122,125]      [136,140]      [141,146]      [146,147]      [159,161]      [161,166]      [168,172]      
Machine 9: job_10_task_0  job_5_task_4   job_11_task_2  job_19_task_2  job_16_task_3  job_16_task_4  job_17_task_3  job_16_task_5  job_19_task_4  job_2_task_4   job_14_task_6  job_16_task_7  job_13_task_8  job_13_task_9  job_6_task_7   job_0_task_5   job_10_task_9  job_9_task_10  job_2_task_8   job_17_task_9  job_12_task_9  job_5_task_11  job_15_task_10 
           [0,9]          [32,36]        [37,39]        [51,56]        [56,63]        [63,72]        [72,82]        [82,92]        [92,95]        [95,102]       [102,110]      [110,117]      [117,120]      [120,129]      [129,136]      [136,138]      [138,148]      [148,156]      [156,161]      [161,164]      [164,166]      [166,175]      [175,181]      
Optimal Schedule Length: 212.0
Total (Unoptimized Schedule Length): 1386
Statistics
  - conflicts: 0
  - branches : 0
  - wall time: 0.12863580100000002s