
Problem
        task_0   task_1   task_2  task_3   task_4   task_5  task_6   task_7  task_8   task_9  task_10  task_11  task_12  task_13 task_14 task_15  task_16 task_17  task_18
job_0   (0, 8)   (3, 2)   (3, 5)  (7, 2)   (6, 3)   (3, 8)  (2, 1)   (5, 8)  (4, 1)   (9, 6)  (6, 10)   (5, 3)   (1, 9)   (1, 5)  (9, 6)  (3, 3)   (5, 8)  (1, 3)   (7, 9)
job_1   (8, 5)   (1, 9)   (9, 6)  (0, 8)   (1, 7)   (0, 4)  (8, 5)  (9, 10)  (2, 7)  (4, 10)   (6, 9)   (4, 9)   (5, 1)   (1, 5)  (1, 3)  (0, 4)  (0, 10)  (5, 6)   (6, 8)
job_2   (8, 2)   (5, 5)   (8, 1)  (1, 3)  (9, 10)   (2, 8)  (5, 5)  (7, 10)  (2, 7)   (8, 9)  (3, 10)   (1, 1)   (8, 8)   (9, 7)  (1, 9)  (7, 6)   (0, 4)  (5, 2)   (7, 5)
job_3   (1, 6)  (5, 10)   (5, 8)  (3, 5)   (4, 7)   (5, 1)  (4, 5)   (5, 4)  (1, 6)   (4, 3)   (9, 5)   (1, 5)   (8, 9)   (5, 8)  (6, 1)  (5, 7)   (0, 3)  (8, 7)   (0, 3)
job_4   (2, 4)  (2, 10)   (4, 6)  (7, 9)   (1, 7)   (5, 4)  (4, 4)   (3, 4)  (8, 2)   (2, 2)   (1, 4)   (6, 4)   (0, 4)   (9, 1)  (2, 1)  (0, 8)   (4, 1)  (5, 3)   (9, 2)
job_5   (4, 5)   (3, 1)   (6, 2)  (4, 7)   (3, 9)   (5, 2)  (9, 4)   (0, 9)  (6, 4)  (4, 10)   (9, 9)   (9, 1)   (6, 5)   (2, 2)  (7, 9)  (6, 7)  (0, 10)  (4, 3)   (6, 8)
job_6   (0, 6)   (5, 5)   (3, 6)  (7, 8)   (5, 1)   (8, 5)  (8, 1)   (2, 4)  (9, 8)   (0, 5)   (4, 8)   (8, 4)   (3, 2)   (4, 5)  (9, 1)  (3, 4)   (4, 1)  (8, 4)   (4, 6)
job_7   (7, 6)   (9, 8)  (3, 10)  (0, 6)   (0, 8)   (7, 8)  (3, 2)   (8, 4)  (3, 8)   (6, 5)   (6, 6)   (7, 4)   (4, 9)   (5, 4)  (9, 4)  (9, 8)   (8, 9)  (0, 5)   (3, 5)
job_8   (2, 9)   (1, 4)   (5, 1)  (9, 9)   (4, 5)   (7, 5)  (4, 1)   (0, 4)  (0, 9)   (0, 2)   (9, 3)   (9, 9)   (8, 7)  (3, 10)  (0, 5)  (7, 2)   (5, 5)  (5, 9)   (8, 6)
job_9   (9, 6)   (0, 4)   (9, 7)  (5, 4)   (9, 5)   (8, 1)  (4, 1)  (0, 10)  (5, 5)   (9, 4)   (8, 3)   (2, 7)   (3, 7)  (1, 10)  (2, 1)  (9, 1)   (5, 7)  (7, 3)   (9, 1)
job_10  (0, 9)   (4, 2)   (0, 8)  (4, 5)   (6, 3)   (1, 7)  (9, 6)   (5, 1)  (8, 6)   (0, 2)   (8, 2)   (2, 6)   (6, 7)   (3, 1)  (6, 4)  (4, 6)   (3, 5)  (0, 1)   (2, 8)
job_11  (9, 9)   (0, 4)   (8, 4)  (6, 2)   (6, 2)  (4, 10)  (3, 1)   (3, 7)  (7, 9)   (6, 3)   (6, 2)   (9, 6)   (6, 1)   (3, 4)  (9, 6)  (6, 1)   (7, 1)  (8, 8)   (7, 9)
job_12  (6, 3)   (9, 6)   (4, 6)  (0, 9)   (5, 6)   (7, 9)  (4, 7)   (2, 1)  (3, 1)   (6, 3)  (0, 10)   (1, 4)  (0, 10)  (1, 10)  (3, 2)  (4, 2)   (0, 6)  (4, 8)   (3, 9)
job_13  (6, 9)   (2, 2)   (7, 5)  (7, 3)   (0, 1)   (2, 9)  (8, 9)   (3, 8)  (6, 1)   (2, 9)   (6, 5)  (2, 10)   (4, 8)   (9, 9)  (1, 2)  (2, 8)   (6, 2)  (9, 8)  (5, 10)


Solution:
Machine 0: job_0_task_0   job_10_task_0  job_9_task_1   job_6_task_0   job_1_task_3   job_13_task_4  job_12_task_3  job_7_task_3   job_1_task_5   job_7_task_4   job_11_task_1  job_10_task_2  job_5_task_7   job_8_task_7   job_8_task_8   job_8_task_9   job_9_task_7   job_12_task_10 job_10_task_9  job_6_task_9   job_12_task_12 job_4_task_12  job_8_task_14  job_4_task_15  job_3_task_16  job_12_task_16 job_1_task_15  job_1_task_16  job_2_task_16  job_5_task_16  job_10_task_17 job_7_task_17  job_3_task_18  
           [0,8]          [8,17]         [17,21]        [21,27]        [27,35]        [35,36]        [36,45]        [45,51]        [51,55]        [55,63]        [63,67]        [67,75]        [75,84]        [84,88]        [88,97]        [97,99]        [99,109]       [109,119]      [119,121]      [121,126]      [126,136]      [136,140]      [140,145]      [145,153]      [153,156]      [156,162]      [162,166]      [166,176]      [176,180]      [180,190]      [190,191]      [191,196]      [196,199]      
Machine 1: job_3_task_0   job_1_task_1   job_8_task_1   job_2_task_3   job_1_task_4   job_4_task_4   job_3_task_8   job_10_task_5  job_4_task_10  job_3_task_11  job_2_task_11  job_0_task_12  job_12_task_11 job_0_task_13  job_12_task_13 job_1_task_13  job_1_task_14  job_2_task_14  job_13_task_14 job_9_task_13  job_0_task_17  
           [0,6]          [6,15]         [15,19]        [22,25]        [35,42]        [44,51]        [80,86]        [86,93]        [93,97]        [97,102]       [108,109]      [109,118]      [119,123]      [123,128]      [136,146]      [151,156]      [156,159]      [159,168]      [169,171]      [171,181]      [181,184]      
Machine 2: job_8_task_0   job_13_task_1  job_4_task_0   job_4_task_1   job_13_task_5  job_2_task_5   job_0_task_6   job_13_task_9  job_1_task_8   job_12_task_7  job_4_task_9   job_2_task_8   job_13_task_11 job_6_task_7   job_10_task_11 job_5_task_13  job_4_task_14  job_9_task_11  job_13_task_15 job_9_task_14  job_10_task_18 
           [0,9]          [9,11]         [11,15]        [15,25]        [36,45]        [45,53]        [53,54]        [63,72]        [72,79]        [79,80]        [80,82]        [82,89]        [89,99]        [104,108]      [136,142]      [142,144]      [144,145]      [145,152]      [171,179]      [181,182]      [191,199]      
Machine 3: job_5_task_1   job_0_task_1   job_0_task_2   job_7_task_2   job_5_task_4   job_0_task_5   job_3_task_3   job_6_task_2   job_13_task_7  job_4_task_7   job_7_task_6   job_7_task_8   job_12_task_8  job_2_task_10  job_11_task_6  job_11_task_7  job_8_task_13  job_12_task_14 job_11_task_13 job_9_task_12  job_0_task_15  job_10_task_13 job_6_task_12  job_12_task_18 job_10_task_16 job_6_task_15  job_7_task_18  
           [5,6]          [8,10]         [10,15]        [15,25]        [25,34]        [34,42]        [42,47]        [47,53]        [54,62]        [62,66]        [72,74]        [78,86]        [86,87]        [98,108]       [108,109]      [109,116]      [125,135]      [146,148]      [149,153]      [153,160]      [160,163]      [163,164]      [164,166]      [170,179]      [179,184]      [184,188]      [196,201]      
Machine 4: job_5_task_0   job_5_task_3   job_12_task_2  job_10_task_1  job_4_task_2   job_8_task_4   job_3_task_4   job_8_task_6   job_4_task_6   job_12_task_6  job_3_task_6   job_10_task_3  job_0_task_8   job_9_task_6   job_3_task_9   job_11_task_5  job_1_task_9   job_5_task_9   job_7_task_12  job_13_task_12 job_1_task_11  job_6_task_10  job_12_task_15 job_4_task_16  job_12_task_17 job_10_task_15 job_6_task_13  job_6_task_16  job_5_task_17  job_6_task_18  
           [0,5]          [14,21]        [21,27]        [27,29]        [29,35]        [45,50]        [50,57]        [57,58]        [58,62]        [64,71]        [71,76]        [76,81]        [81,82]        [82,83]        [86,89]        [89,99]        [99,109]       [109,119]      [119,128]      [128,136]      [136,145]      [145,153]      [153,155]      [155,156]      [162,170]      [170,176]      [176,181]      [188,189]      [190,193]      [194,200]      
Machine 5: job_3_task_1   job_2_task_1   job_8_task_2   job_3_task_2   job_6_task_1   job_5_task_5   job_12_task_4  job_4_task_5   job_2_task_6   job_0_task_7   job_3_task_5   job_9_task_3   job_3_task_7   job_6_task_4   job_10_task_7  job_0_task_11  job_9_task_8   job_7_task_13  job_3_task_13  job_3_task_15  job_1_task_12  job_8_task_16  job_8_task_17  job_0_task_16  job_4_task_17  job_1_task_17  job_2_task_17  job_9_task_16  job_13_task_18 
           [6,16]         [16,21]        [21,22]        [22,30]        [30,35]        [35,37]        [45,51]        [51,55]        [55,60]        [60,68]        [68,69]        [69,73]        [76,80]        [90,91]        [100,101]      [106,109]      [109,114]      [128,132]      [134,142]      [143,150]      [150,151]      [151,156]      [156,165]      [165,173]      [173,176]      [176,182]      [182,184]      [184,191]      [191,201]      
Machine 6: job_13_task_0  job_12_task_0  job_5_task_2   job_0_task_4   job_13_task_8  job_11_task_3  job_11_task_4  job_13_task_10 job_10_task_4  job_5_task_8   job_12_task_9  job_7_task_9   job_0_task_10  job_7_task_10  job_1_task_10  job_4_task_11  job_11_task_9  job_11_task_10 job_5_task_12  job_3_task_14  job_11_task_12 job_10_task_12 job_5_task_15  job_11_task_15 job_10_task_14 job_13_task_16 job_1_task_18  job_5_task_18  
           [0,9]          [9,12]         [12,14]        [21,24]        [62,63]        [72,74]        [74,76]        [76,81]        [81,84]        [84,88]        [88,91]        [91,96]        [96,106]       [106,112]      [112,121]      [121,125]      [125,128]      [128,130]      [134,139]      [142,143]      [148,149]      [149,156]      [158,165]      [165,166]      [166,170]      [179,181]      [182,190]      [193,201]      
Machine 7: job_7_task_0   job_13_task_2  job_13_task_3  job_0_task_3   job_4_task_3   job_8_task_5   job_12_task_5  job_7_task_5   job_2_task_7   job_6_task_3   job_7_task_11  job_11_task_8  job_8_task_15  job_5_task_14  job_11_task_16 job_2_task_15  job_11_task_18 job_0_task_18  job_9_task_17  job_2_task_18  
           [0,6]          [11,16]        [16,19]        [19,21]        [35,44]        [50,55]        [55,64]        [64,72]        [72,82]        [82,90]        [112,116]      [116,125]      [145,147]      [149,158]      [166,167]      [168,174]      [175,184]      [184,193]      [193,196]      [196,201]      
Machine 8: job_1_task_0   job_2_task_0   job_2_task_2   job_13_task_6  job_1_task_6   job_4_task_8   job_11_task_2  job_7_task_7   job_9_task_5   job_2_task_9   job_6_task_5   job_6_task_6   job_10_task_8  job_2_task_12  job_8_task_12  job_3_task_12  job_10_task_10 job_9_task_10  job_6_task_11  job_3_task_17  job_11_task_17 job_8_task_18  job_7_task_16  job_6_task_17  
           [0,5]          [5,7]          [21,22]        [45,54]        [55,60]        [66,68]        [68,72]        [74,78]        [80,81]        [89,98]        [98,103]       [103,104]      [104,110]      [110,118]      [118,125]      [125,134]      [134,136]      [136,139]      [153,157]      [157,164]      [167,175]      [175,181]      [181,190]      [190,194]      
Machine 9: job_9_task_0   job_7_task_1   job_12_task_1  job_1_task_2   job_2_task_4   job_8_task_3   job_11_task_0  job_9_task_2   job_1_task_7   job_5_task_6   job_9_task_4   job_0_task_9   job_3_task_10  job_10_task_6  job_8_task_10  job_8_task_11  job_6_task_8   job_5_task_10  job_9_task_9   job_5_task_11  job_2_task_13  job_4_task_13  job_11_task_11 job_0_task_14  job_11_task_14 job_13_task_13 job_7_task_14  job_7_task_15  job_6_task_14  job_9_task_15  job_13_task_17 job_4_task_18  job_9_task_18  
           [0,6]          [6,14]         [14,20]        [20,26]        [26,36]        [36,45]        [45,54]        [54,61]        [61,71]        [71,75]        [75,80]        [82,88]        [89,94]        [94,100]       [100,103]      [103,112]      [112,120]      [120,129]      [129,133]      [133,134]      [134,141]      [141,142]      [142,148]      [148,154]      [154,160]      [160,169]      [169,173]      [173,181]      [181,182]      [182,183]      [183,191]      [191,193]      [196,197]      
Optimal Schedule Length: 201.0
Total (Unoptimized Schedule Length): 1431
Statistics
  - conflicts: 0
  - branches : 0
  - wall time: 0.473768815s