
Problem
         task_0   task_1   task_2   task_3   task_4   task_5   task_6   task_7   task_8   task_9  task_10 task_11  task_12  task_13  task_14  task_15  task_16  task_17
job_0    (1, 4)   (6, 1)   (4, 7)   (2, 7)   (0, 7)   (1, 4)   (4, 8)  (1, 10)  (2, 10)   (0, 8)   (3, 4)  (0, 8)   (3, 5)   (4, 9)   (1, 4)   (4, 4)   (5, 2)   (5, 4)
job_1    (2, 1)   (2, 3)   (0, 1)  (1, 10)   (1, 8)   (2, 7)   (3, 5)   (5, 8)   (4, 4)   (1, 3)  (4, 10)  (2, 3)   (3, 8)   (6, 2)   (2, 9)   (3, 9)  (5, 10)   (5, 6)
job_2    (2, 8)   (6, 7)   (6, 3)   (5, 3)   (4, 6)   (6, 5)   (4, 3)   (0, 8)   (5, 6)   (5, 7)   (3, 2)  (2, 8)   (1, 4)   (3, 1)   (1, 4)   (3, 8)   (1, 5)  (6, 10)
job_3    (3, 5)   (1, 9)   (1, 5)   (5, 2)   (2, 5)   (1, 3)  (0, 10)   (6, 3)   (1, 8)   (2, 7)   (5, 5)  (4, 6)   (2, 6)   (3, 1)   (6, 4)   (6, 8)   (0, 9)   (2, 1)
job_4   (1, 10)   (5, 5)   (4, 2)   (5, 5)   (5, 5)   (2, 8)   (5, 4)   (4, 7)   (2, 8)  (6, 10)   (4, 8)  (0, 5)   (2, 6)   (5, 9)   (3, 9)   (4, 9)   (1, 2)   (6, 5)
job_5    (1, 4)  (0, 10)  (1, 10)   (4, 7)   (5, 8)   (5, 7)   (1, 5)   (3, 2)   (2, 5)  (3, 10)   (5, 7)  (6, 3)   (2, 5)   (0, 2)   (5, 2)   (1, 7)   (0, 6)   (4, 5)
job_6   (5, 10)   (1, 6)   (0, 4)   (6, 8)   (4, 5)   (6, 1)   (0, 5)   (1, 2)   (3, 1)  (6, 10)   (1, 2)  (0, 6)   (2, 9)   (2, 2)   (2, 3)  (1, 10)   (3, 8)   (2, 8)
job_7    (1, 3)   (6, 3)   (2, 4)   (6, 7)   (5, 9)   (3, 9)   (4, 7)   (0, 2)   (4, 9)   (5, 5)   (5, 4)  (0, 4)   (5, 4)  (6, 10)   (3, 5)   (1, 9)   (2, 8)   (4, 2)
job_8    (2, 1)   (2, 6)   (0, 3)   (0, 8)   (4, 1)   (1, 6)   (2, 8)   (1, 8)   (5, 5)   (2, 9)   (1, 9)  (0, 8)   (2, 6)   (6, 4)   (2, 8)   (3, 4)   (6, 2)   (3, 4)
job_9    (6, 1)   (3, 8)   (6, 7)   (3, 5)   (2, 4)   (2, 7)   (2, 3)   (3, 1)   (0, 8)   (5, 2)   (1, 9)  (6, 1)   (6, 9)   (5, 6)   (4, 3)   (2, 7)   (0, 2)   (0, 5)
job_10   (1, 1)   (5, 2)   (3, 2)   (0, 2)   (4, 2)   (2, 5)   (5, 4)   (6, 1)   (2, 9)   (3, 5)   (4, 4)  (1, 8)  (4, 10)   (1, 4)  (6, 10)   (1, 4)   (4, 6)   (0, 1)
job_11   (5, 1)  (1, 10)   (4, 8)   (6, 7)  (0, 10)  (2, 10)   (4, 4)   (5, 8)   (4, 1)   (0, 1)   (3, 7)  (1, 5)   (6, 7)   (0, 3)   (3, 5)  (2, 10)   (6, 2)   (3, 5)
job_12   (4, 6)   (0, 1)   (6, 1)   (0, 3)   (1, 1)   (4, 2)   (1, 8)   (1, 8)   (2, 7)   (4, 6)   (2, 5)  (5, 7)   (5, 1)   (2, 7)   (5, 5)   (5, 5)   (3, 8)   (6, 4)
job_13   (4, 3)   (0, 7)   (4, 4)   (5, 9)   (4, 5)   (0, 5)   (2, 4)   (0, 2)   (6, 9)   (1, 9)   (6, 2)  (4, 9)   (1, 8)   (4, 9)   (5, 6)   (3, 8)  (4, 10)   (2, 2)
job_14   (4, 1)   (4, 6)   (1, 6)   (6, 3)   (3, 2)  (3, 10)   (3, 7)   (5, 3)   (6, 8)   (2, 8)   (4, 4)  (1, 8)   (3, 2)   (0, 1)   (4, 6)   (0, 1)  (1, 10)   (0, 1)
job_15   (2, 6)  (1, 10)   (3, 1)   (6, 1)   (3, 1)   (5, 1)   (0, 3)   (3, 6)   (0, 1)   (2, 3)   (4, 9)  (1, 5)   (0, 3)   (3, 5)   (0, 4)   (3, 3)   (3, 3)   (2, 1)


Solution:
Machine 0: job_13_task_1  job_1_task_2   job_8_task_2   job_8_task_3   job_5_task_1   job_12_task_1  job_13_task_5  job_0_task_4   job_12_task_3  job_11_task_4  job_13_task_7  job_7_task_7   job_6_task_2   job_10_task_3  job_2_task_7   job_3_task_6   job_6_task_6   job_4_task_11  job_0_task_9   job_9_task_8   job_11_task_9  job_7_task_11  job_0_task_11  job_15_task_6  job_6_task_11  job_8_task_11  job_15_task_8  job_11_task_13 job_5_task_13  job_14_task_13 job_15_task_12 job_14_task_15 job_3_task_16  job_15_task_14 job_5_task_16  job_9_task_16  job_9_task_17  job_10_task_17 job_14_task_17 
           [3,10]         [10,11]        [11,14]        [14,22]        [22,32]        [32,33]        [34,39]        [39,46]        [46,49]        [49,59]        [59,61]        [71,73]        [74,78]        [79,81]        [81,89]        [100,110]      [110,115]      [119,124]      [124,132]      [132,140]      [140,141]      [141,145]      [145,153]      [168,171]      [173,179]      [190,198]      [198,199]      [224,227]      [234,236]      [242,243]      [247,250]      [250,251]      [251,260]      [260,264]      [264,270]      [270,272]      [272,277]      [285,286]      [288,289]      
Machine 1: job_4_task_0   job_0_task_0   job_7_task_0   job_5_task_0   job_11_task_1  job_1_task_3   job_1_task_4   job_3_task_1   job_5_task_2   job_6_task_1   job_10_task_0  job_3_task_2   job_0_task_5   job_8_task_5   job_14_task_2  job_12_task_4  job_3_task_5   job_0_task_7   job_12_task_6  job_8_task_7   job_12_task_7  job_13_task_9  job_6_task_7   job_1_task_9   job_15_task_1  job_5_task_6   job_3_task_8   job_6_task_10  job_10_task_11 job_8_task_10  job_13_task_12 job_9_task_10  job_11_task_11 job_2_task_12  job_10_task_13 job_14_task_11 job_2_task_14  job_6_task_15  job_15_task_11 job_7_task_15  job_5_task_15  job_2_task_16  job_0_task_14  job_10_task_15 job_4_task_16  job_14_task_16 
           [0,10]         [10,14]        [14,17]        [17,21]        [21,31]        [31,41]        [41,49]        [49,58]        [58,68]        [68,74]        [74,75]        [75,80]        [80,84]        [84,90]        [90,96]        [96,97]        [97,100]       [100,110]      [110,118]      [118,126]      [126,134]      [134,143]      [143,145]      [145,148]      [148,158]      [158,163]      [163,171]      [171,173]      [173,181]      [181,190]      [190,198]      [198,207]      [207,212]      [212,216]      [216,220]      [220,228]      [228,232]      [232,242]      [242,247]      [247,256]      [256,263]      [263,268]      [268,272]      [272,276]      [276,278]      [278,288]      
Machine 2: job_1_task_0   job_1_task_1   job_8_task_0   job_8_task_1   job_2_task_0   job_15_task_0  job_7_task_2   job_0_task_3   job_4_task_5   job_13_task_6  job_9_task_4   job_1_task_5   job_4_task_8   job_11_task_5  job_9_task_5   job_10_task_5  job_3_task_4   job_8_task_6   job_10_task_8  job_0_task_8   job_9_task_6   job_4_task_12  job_2_task_11  job_12_task_8  job_8_task_9   job_14_task_9  job_1_task_11  job_5_task_8   job_3_task_9   job_12_task_10 job_6_task_12  job_1_task_14  job_15_task_9  job_6_task_13  job_6_task_14  job_3_task_12  job_12_task_13 job_8_task_12  job_5_task_12  job_11_task_15 job_8_task_14  job_9_task_15  job_7_task_16  job_6_task_17  job_13_task_17 job_3_task_17  job_15_task_17 
           [0,1]          [1,4]          [4,5]          [5,11]         [11,19]        [19,25]        [25,29]        [29,36]        [36,44]        [44,48]        [48,52]        [52,59]        [59,67]        [67,77]        [77,84]        [84,89]        [89,94]        [94,102]       [102,111]      [111,121]      [121,124]      [124,130]      [130,138]      [138,145]      [145,154]      [154,162]      [164,167]      [167,172]      [172,179]      [179,184]      [184,193]      [193,202]      [202,205]      [205,207]      [207,210]      [210,216]      [216,223]      [223,229]      [229,234]      [234,244]      [244,252]      [252,259]      [259,267]      [267,275]      [275,277]      [277,278]      [278,279]      
Machine 3: job_3_task_0   job_9_task_1   job_9_task_3   job_7_task_5   job_1_task_6   job_10_task_2  job_14_task_4  job_14_task_5  job_14_task_6  job_10_task_9  job_2_task_10  job_9_task_7   job_0_task_10  job_11_task_10 job_6_task_8   job_4_task_14  job_15_task_2  job_0_task_12  job_5_task_7   job_15_task_4  job_1_task_12  job_5_task_9   job_15_task_7  job_7_task_14  job_1_task_15  job_13_task_15 job_2_task_13  job_3_task_13  job_11_task_14 job_2_task_15  job_14_task_12 job_6_task_16  job_15_task_13 job_12_task_16 job_8_task_15  job_15_task_15 job_11_task_17 job_15_task_16 job_8_task_17  
           [0,5]          [5,13]         [20,25]        [47,56]        [59,64]        [77,79]        [99,101]       [101,111]      [111,118]      [118,123]      [123,125]      [125,126]      [132,136]      [141,148]      [148,149]      [149,158]      [158,159]      [159,164]      [164,166]      [166,167]      [167,175]      [175,185]      [185,191]      [191,196]      [202,211]      [214,222]      [222,223]      [223,224]      [227,232]      [232,240]      [240,242]      [242,250]      [250,255]      [255,263]      [263,267]      [267,270]      [270,275]      [275,278]      [278,282]      
Machine 4: job_13_task_0  job_14_task_0  job_14_task_1  job_13_task_2  job_12_task_0  job_4_task_2   job_0_task_2   job_13_task_4  job_11_task_2  job_8_task_4   job_4_task_7   job_2_task_4   job_7_task_6   job_5_task_3   job_2_task_6   job_10_task_4  job_1_task_8   job_0_task_6   job_6_task_4   job_12_task_5  job_7_task_8   job_4_task_10  job_11_task_6  job_10_task_10 job_11_task_8  job_13_task_11 job_1_task_10  job_12_task_9  job_14_task_10 job_0_task_13  job_10_task_12 job_3_task_11  job_13_task_13 job_15_task_10 job_4_task_15  job_13_task_16 job_9_task_14  job_14_task_14 job_7_task_17  job_5_task_17  job_0_task_15  job_10_task_16 
           [0,3]          [3,4]          [4,10]         [10,14]        [14,20]        [20,22]        [22,29]        [29,34]        [34,42]        [42,43]        [51,58]        [58,64]        [64,71]        [71,78]        [78,81]        [81,83]        [83,87]        [87,95]        [95,100]       [100,102]      [102,111]      [111,119]      [119,123]      [123,127]      [132,133]      [145,154]      [154,164]      [164,170]      [170,174]      [174,183]      [183,193]      [193,199]      [199,208]      [208,217]      [217,226]      [226,236]      [236,239]      [243,249]      [267,269]      [270,275]      [275,279]      [279,285]      
Machine 5: job_11_task_0  job_6_task_0   job_4_task_1   job_13_task_3  job_4_task_3   job_4_task_4   job_7_task_4   job_4_task_6   job_2_task_3   job_1_task_7   job_10_task_1  job_5_task_4   job_3_task_3   job_5_task_5   job_10_task_6  job_2_task_8   job_2_task_9   job_7_task_9   job_7_task_10  job_14_task_7  job_11_task_7  job_8_task_8   job_4_task_13  job_9_task_9   job_7_task_12  job_15_task_5  job_3_task_10  job_12_task_11 job_5_task_10  job_12_task_12 job_13_task_14 job_1_task_16  job_9_task_13  job_12_task_14 job_12_task_15 job_5_task_14  job_1_task_17  job_0_task_16  job_0_task_17  
           [0,1]          [1,11]         [11,16]        [16,25]        [25,30]        [30,35]        [38,47]        [47,51]        [51,54]        [64,72]        [75,77]        [78,86]        [86,88]        [88,95]        [95,99]        [99,105]       [105,112]      [112,117]      [117,121]      [121,124]      [124,132]      [132,137]      [137,146]      [146,148]      [148,152]      [167,168]      [179,184]      [184,191]      [191,198]      [198,199]      [208,214]      [214,224]      [224,230]      [230,235]      [235,240]      [240,242]      [242,248]      [279,281]      [281,285]      
Machine 6: job_9_task_0   job_9_task_2   job_0_task_1   job_7_task_1   job_2_task_1   job_7_task_3   job_2_task_2   job_12_task_2  job_11_task_3  job_13_task_8  job_2_task_5   job_4_task_9   job_6_task_3   job_14_task_3  job_10_task_7  job_6_task_5   job_3_task_7   job_14_task_8  job_13_task_10 job_6_task_9   job_15_task_3  job_7_task_13  job_1_task_13  job_5_task_11  job_9_task_11  job_9_task_12  job_11_task_12 job_10_task_14 job_8_task_13  job_3_task_14  job_3_task_15  job_11_task_16 job_12_task_17 job_8_task_16  job_2_task_17  job_4_task_17  
           [0,1]          [13,20]        [20,21]        [21,24]        [24,31]        [31,38]        [38,41]        [41,42]        [42,49]        [61,70]        [70,75]        [75,85]        [85,93]        [96,99]        [99,100]       [100,101]      [110,113]      [124,132]      [143,145]      [149,159]      [159,160]      [160,170]      [175,177]      [198,201]      [207,208]      [208,217]      [217,224]      [224,234]      [234,238]      [238,242]      [242,250]      [250,252]      [263,267]      [267,269]      [269,279]      [279,284]      
Optimal Schedule Length: 289.0
Total (Unoptimized Schedule Length): 1555
Statistics
  - conflicts: 0
  - branches : 0
  - wall time: 0.15653604000000002s