
Problem
         task_0   task_1    task_2   task_3   task_4    task_5   task_6   task_7   task_8    task_9 task_10  task_11   task_12   task_13  task_14  task_15  task_16  task_17  task_18
job_0    (9, 5)   (0, 1)    (1, 9)   (8, 7)   (1, 7)    (3, 1)   (3, 8)  (0, 10)   (6, 4)    (1, 3)  (3, 1)   (0, 8)   (10, 3)    (4, 6)   (8, 5)   (3, 6)  (11, 3)  (11, 3)  (11, 7)
job_1   (8, 10)   (7, 1)    (6, 6)   (8, 4)   (0, 7)  (10, 10)  (1, 10)   (4, 1)   (9, 6)    (2, 4)  (6, 1)  (10, 4)  (11, 10)    (6, 7)   (5, 6)   (6, 2)   (2, 7)  (10, 4)   (4, 5)
job_2   (11, 5)  (10, 9)    (2, 2)   (4, 2)   (7, 6)    (5, 9)  (10, 8)   (8, 9)   (3, 5)    (6, 5)  (4, 1)  (11, 4)  (10, 10)   (10, 6)  (11, 1)   (5, 8)   (0, 1)   (5, 6)   (9, 3)
job_3    (3, 8)   (4, 6)    (9, 4)   (2, 7)  (11, 9)    (0, 1)   (8, 5)   (4, 2)   (5, 8)    (9, 7)  (9, 3)  (10, 3)    (3, 9)   (11, 2)   (8, 3)   (1, 9)  (10, 6)   (7, 3)   (9, 9)
job_4    (8, 5)   (0, 1)    (5, 3)   (6, 4)   (3, 4)    (0, 9)   (0, 2)  (5, 10)   (6, 6)    (2, 1)  (1, 6)   (5, 2)    (7, 2)    (8, 3)  (11, 3)  (10, 2)   (5, 7)   (9, 6)   (9, 9)
job_5    (5, 7)  (7, 10)   (0, 10)   (8, 3)   (8, 9)   (10, 5)   (6, 1)  (3, 10)   (9, 1)   (6, 10)  (1, 3)   (3, 2)    (3, 3)    (4, 5)  (3, 10)   (5, 3)   (2, 2)   (5, 1)  (10, 2)
job_6   (11, 4)   (7, 8)   (9, 10)   (6, 4)   (3, 2)   (10, 6)   (8, 5)   (7, 9)  (11, 8)    (6, 7)  (5, 7)   (1, 3)    (5, 8)    (7, 7)   (2, 7)   (8, 1)   (0, 5)  (5, 10)  (10, 8)
job_7   (10, 9)   (7, 8)   (5, 10)  (6, 10)  (5, 10)    (0, 2)   (2, 6)   (2, 6)   (4, 5)    (9, 3)  (1, 4)   (9, 1)    (5, 7)    (8, 7)   (5, 9)   (3, 9)   (0, 5)   (9, 1)   (7, 1)
job_8   (9, 10)  (9, 10)    (8, 6)   (9, 2)   (8, 2)    (9, 5)   (7, 4)  (5, 10)   (3, 8)    (7, 8)  (0, 5)   (4, 6)    (8, 6)  (11, 10)  (1, 10)   (0, 9)   (7, 4)   (7, 7)   (1, 1)
job_9   (10, 4)   (4, 1)    (5, 4)  (2, 10)   (7, 3)    (3, 3)  (10, 8)   (0, 5)   (0, 6)  (11, 10)  (1, 1)   (0, 6)    (9, 4)   (2, 10)   (2, 9)  (10, 8)   (1, 3)  (10, 7)  (7, 10)
job_10   (5, 2)   (2, 6)    (7, 4)  (11, 9)   (3, 6)    (8, 3)  (2, 10)   (5, 7)   (4, 4)    (8, 4)  (4, 6)   (3, 4)    (4, 3)    (9, 3)   (1, 6)   (2, 6)   (1, 8)  (10, 9)   (1, 8)
job_11   (3, 6)  (11, 8)    (2, 7)  (11, 1)   (2, 6)    (9, 1)  (5, 10)   (6, 4)   (0, 7)    (5, 4)  (1, 3)   (7, 8)    (2, 4)    (7, 9)   (8, 7)   (4, 5)   (8, 8)   (5, 7)  (10, 9)
job_12   (8, 1)   (7, 1)  (11, 10)   (4, 3)  (10, 7)    (2, 4)   (6, 5)   (8, 5)   (3, 3)    (3, 4)  (6, 2)   (9, 5)    (5, 4)    (3, 4)   (3, 2)   (1, 1)   (4, 5)   (0, 3)   (4, 9)
job_13   (9, 6)   (2, 9)    (2, 1)   (0, 2)   (4, 2)    (2, 5)  (11, 3)  (11, 6)   (7, 6)    (3, 6)  (2, 2)   (4, 8)    (6, 9)    (1, 5)   (3, 5)   (2, 3)  (11, 1)   (0, 3)   (8, 1)


Solution:
Machine 0: job_4_task_1   job_4_task_5   job_1_task_4   job_0_task_1   job_5_task_2   job_4_task_6   job_7_task_5   job_9_task_7   job_9_task_8   job_3_task_5   job_13_task_3  job_11_task_8  job_9_task_11  job_0_task_7   job_8_task_10  job_0_task_11  job_7_task_16  job_2_task_16  job_6_task_16  job_8_task_15  job_12_task_17 job_13_task_17 
           [5,6]          [20,29]        [30,37]        [38,39]        [39,49]        [49,51]        [51,53]        [55,60]        [60,66]        [66,67]        [67,69]        [69,76]        [77,83]        [83,93]        [93,98]        [101,109]      [144,149]      [149,150]      [152,157]      [157,166]      [172,175]      [180,183]      
Machine 1: job_0_task_2   job_0_task_4   job_1_task_6   job_9_task_10  job_7_task_10  job_0_task_9   job_11_task_10 job_4_task_10  job_6_task_11  job_10_task_14 job_9_task_16  job_3_task_15  job_8_task_14  job_5_task_10  job_10_task_16 job_13_task_13 job_12_task_15 job_10_task_18 job_8_task_18  
           [39,48]        [55,62]        [62,72]        [76,77]        [91,95]        [97,100]       [100,103]      [103,109]      [111,114]      [114,120]      [120,123]      [125,134]      [134,144]      [146,149]      [149,157]      [157,162]      [162,163]      [173,181]      [181,182]      
Machine 2: job_10_task_1  job_11_task_2  job_11_task_4  job_9_task_3   job_2_task_2   job_10_task_6  job_3_task_3   job_13_task_1  job_13_task_2  job_7_task_6   job_7_task_7   job_13_task_5  job_1_task_9   job_9_task_13  job_12_task_5  job_4_task_9   job_9_task_14  job_11_task_12 job_10_task_15 job_13_task_10 job_1_task_16  job_6_task_14  job_13_task_15 job_5_task_16  
           [2,8]          [14,21]        [22,28]        [28,38]        [38,40]        [40,50]        [50,57]        [57,66]        [66,67]        [67,73]        [73,79]        [79,84]        [84,88]        [88,98]        [98,102]       [102,103]      [103,112]      [112,116]      [120,126]      [126,128]      [136,143]      [143,150]      [176,179]      [179,181]      
Machine 3: job_11_task_0  job_3_task_0   job_4_task_4   job_10_task_4  job_9_task_5   job_6_task_4   job_0_task_5   job_8_task_8   job_0_task_6   job_5_task_7   job_2_task_8   job_0_task_10  job_10_task_11 job_13_task_9  job_3_task_12  job_12_task_8  job_12_task_9  job_7_task_15  job_12_task_13 job_12_task_14 job_5_task_11  job_5_task_12  job_0_task_15  job_5_task_14  job_13_task_14 
           [0,6]          [6,14]         [16,20]        [31,37]        [43,46]        [57,59]        [62,63]        [63,71]        [71,79]        [79,89]        [95,100]       [100,101]      [101,105]      [105,111]      [111,120]      [120,123]      [123,127]      [135,144]      [144,148]      [148,150]      [150,152]      [152,155]      [155,161]      [161,171]      [171,176]      
Machine 4: job_9_task_1   job_3_task_1   job_2_task_3   job_12_task_3  job_10_task_8  job_13_task_4  job_1_task_7   job_3_task_7   job_7_task_8   job_10_task_10 job_8_task_11  job_10_task_12 job_2_task_10  job_0_task_13  job_11_task_15 job_13_task_11 job_1_task_18  job_5_task_13  job_12_task_16 job_12_task_18 
           [13,14]        [14,20]        [40,42]        [42,45]        [66,70]        [70,72]        [72,73]        [81,83]        [83,88]        [88,94]        [98,104]       [105,108]      [114,115]      [120,126]      [132,137]      [137,145]      [147,152]      [155,160]      [163,168]      [175,184]      
Machine 5: job_10_task_0  job_5_task_0   job_4_task_2   job_9_task_2   job_7_task_2   job_11_task_6  job_7_task_4   job_8_task_7   job_10_task_7  job_2_task_5   job_4_task_7   job_3_task_8   job_11_task_9  job_7_task_12  job_6_task_10  job_7_task_14  job_6_task_12  job_1_task_14  job_12_task_12 job_4_task_11  job_2_task_15  job_11_task_17 job_4_task_16  job_6_task_17  job_5_task_15  job_2_task_17  job_5_task_17  
           [0,2]          [2,9]          [9,12]         [14,18]        [18,28]        [29,39]        [39,49]        [49,59]        [59,66]        [66,75]        [75,85]        [85,93]        [93,97]        [97,104]       [104,111]      [111,120]      [120,128]      [128,134]      [134,138]      [138,140]      [140,148]      [148,155]      [155,162]      [162,172]      [172,175]      [175,181]      [181,182]      
Machine 6: job_4_task_3   job_1_task_2   job_7_task_3   job_11_task_7  job_6_task_3   job_5_task_6   job_4_task_8   job_1_task_10  job_0_task_8   job_6_task_9   job_12_task_6  job_2_task_9   job_1_task_13  job_12_task_10 job_1_task_15  job_5_task_9   job_13_task_12 
           [12,16]        [18,24]        [28,38]        [39,43]        [53,57]        [72,73]        [85,91]        [91,92]        [93,97]        [97,104]       [104,109]      [109,114]      [114,121]      [127,129]      [134,136]      [136,146]      [146,155]      
Machine 7: job_12_task_1  job_7_task_1   job_1_task_1   job_10_task_2  job_5_task_1   job_6_task_1   job_9_task_4   job_8_task_6   job_2_task_4   job_6_task_7   job_8_task_9   job_13_task_8  job_11_task_11 job_11_task_13 job_6_task_13  job_4_task_12  job_9_task_18  job_3_task_17  job_8_task_16  job_8_task_17  job_7_task_18  
           [6,7]          [9,17]         [17,18]        [18,22]        [22,32]        [32,40]        [40,43]        [43,47]        [47,53]        [72,81]        [84,92]        [98,104]       [104,112]      [116,125]      [131,138]      [140,142]      [143,153]      [153,156]      [166,170]      [174,181]      [181,182]      
Machine 8: job_4_task_0   job_12_task_0  job_1_task_0   job_8_task_2   job_1_task_3   job_8_task_4   job_10_task_5  job_0_task_3   job_5_task_3   job_5_task_4   job_6_task_6   job_10_task_9  job_3_task_6   job_2_task_7   job_7_task_13  job_12_task_7  job_8_task_12  job_3_task_14  job_11_task_14 job_0_task_14  job_11_task_16 job_4_task_13  job_6_task_15  job_13_task_18 
           [0,5]          [5,6]          [6,16]         [20,26]        [26,30]        [30,32]        [37,40]        [48,55]        [55,58]        [58,67]        [67,72]        [72,76]        [76,81]        [86,95]        [104,111]      [111,116]      [116,122]      [122,125]      [125,132]      [132,137]      [137,145]      [145,148]      [150,151]      [183,184]      
Machine 9: job_8_task_0   job_8_task_1   job_13_task_0  job_8_task_3   job_11_task_5  job_3_task_2   job_0_task_0   job_8_task_5   job_6_task_2   job_1_task_8   job_9_task_12  job_7_task_9   job_5_task_8   job_7_task_11  job_3_task_9   job_3_task_10  job_10_task_13 job_12_task_11 job_7_task_17  job_3_task_18  job_4_task_17  job_4_task_18  job_2_task_18  
           [0,10]         [10,20]        [20,26]        [26,28]        [28,29]        [29,33]        [33,38]        [38,43]        [43,53]        [73,79]        [83,87]        [88,91]        [91,92]        [95,96]        [96,103]       [103,106]      [108,111]      [129,134]      [149,150]      [156,165]      [165,171]      [171,180]      [181,184]      
Machine 10: job_7_task_0   job_9_task_0   job_2_task_1   job_1_task_5   job_9_task_6   job_6_task_5   job_5_task_5   job_2_task_6   job_12_task_4  job_1_task_11  job_3_task_11  job_0_task_12  job_9_task_15  job_2_task_12  job_2_task_13  job_9_task_17  job_1_task_17  job_3_task_16  job_4_task_15  job_11_task_18 job_10_task_17 job_6_task_18  job_5_task_18  
           [0,9]          [9,13]         [19,28]        [37,47]        [47,55]        [59,65]        [67,72]        [78,86]        [86,93]        [93,97]        [106,109]      [109,112]      [112,120]      [120,130]      [130,136]      [136,143]      [143,147]      [147,153]      [153,155]      [155,164]      [164,173]      [173,181]      [182,184]      
Machine 11: job_6_task_0   job_11_task_1  job_2_task_0   job_11_task_3  job_10_task_3  job_12_task_2  job_3_task_4   job_9_task_9   job_6_task_8   job_13_task_6  job_13_task_7  job_1_task_12  job_2_task_11  job_3_task_13  job_8_task_13  job_2_task_14  job_4_task_14  job_0_task_16  job_0_task_17  job_0_task_18  job_13_task_16 
           [0,4]          [6,14]         [14,19]        [21,22]        [22,31]        [31,41]        [57,66]        [66,76]        [81,89]        [89,92]        [92,98]        [98,108]       [115,119]      [120,122]      [122,132]      [136,137]      [148,151]      [164,167]      [167,170]      [170,177]      [179,180]      
Optimal Schedule Length: 184.0
Total (Unoptimized Schedule Length): 1438
Statistics
  - conflicts: 0
  - branches : 84
  - wall time: 0.441466919s