
Problem
       task_0  task_1  task_2  task_3   task_4   task_5   task_6   task_7  task_8  task_9 task_10 task_11 task_12 task_13  task_14 task_15 task_16 task_17  task_18 task_19
job_0  (0, 2)  (2, 8)  (1, 2)  (1, 2)   (4, 3)   (3, 1)   (0, 2)   (0, 2)  (0, 2)  (3, 4)  (2, 2)  (2, 2)  (0, 9)  (4, 9)   (0, 3)  (2, 4)  (0, 7)  (1, 2)   (1, 1)  (4, 2)
job_1  (4, 7)  (1, 1)  (3, 5)  (3, 2)   (3, 8)   (0, 9)   (4, 1)   (0, 7)  (3, 7)  (0, 1)  (2, 2)  (0, 8)  (4, 3)  (1, 3)   (0, 4)  (2, 5)  (3, 1)  (4, 7)   (3, 9)  (1, 1)
job_2  (4, 3)  (1, 8)  (1, 3)  (2, 8)   (3, 6)   (2, 9)   (2, 3)   (1, 8)  (2, 7)  (0, 5)  (0, 5)  (2, 5)  (1, 9)  (1, 5)   (0, 8)  (3, 1)  (3, 2)  (3, 7)  (3, 10)  (0, 9)
job_3  (4, 1)  (1, 7)  (2, 3)  (2, 3)   (4, 7)   (1, 9)   (2, 1)   (2, 4)  (4, 9)  (0, 5)  (2, 3)  (0, 5)  (4, 9)  (2, 2)   (0, 8)  (0, 3)  (1, 2)  (0, 3)   (2, 6)  (0, 6)
job_4  (1, 9)  (4, 9)  (0, 8)  (1, 8)   (2, 8)   (0, 9)   (0, 6)   (0, 6)  (2, 1)  (2, 1)  (4, 8)  (0, 2)  (3, 8)  (0, 6)   (2, 6)  (1, 2)  (2, 1)  (3, 5)   (0, 2)  (3, 7)
job_5  (1, 1)  (4, 2)  (0, 3)  (2, 9)   (4, 3)   (2, 6)   (4, 3)   (2, 3)  (0, 8)  (1, 2)  (1, 2)  (2, 6)  (1, 6)  (0, 3)   (2, 5)  (2, 3)  (1, 4)  (4, 9)  (0, 10)  (4, 2)
job_6  (2, 7)  (2, 8)  (2, 1)  (3, 2)   (2, 1)  (0, 10)   (3, 4)   (2, 9)  (3, 8)  (1, 1)  (3, 1)  (3, 6)  (2, 6)  (1, 2)   (4, 4)  (3, 6)  (4, 9)  (0, 4)   (1, 9)  (4, 1)
job_7  (2, 2)  (2, 8)  (0, 8)  (4, 2)  (1, 10)  (4, 10)   (4, 6)   (4, 6)  (3, 7)  (1, 5)  (1, 1)  (3, 5)  (2, 5)  (4, 1)  (1, 10)  (0, 1)  (3, 7)  (1, 2)   (3, 9)  (4, 4)
job_8  (0, 5)  (4, 4)  (0, 5)  (1, 5)   (1, 1)   (1, 5)  (0, 10)   (4, 2)  (3, 9)  (4, 9)  (2, 9)  (1, 5)  (0, 6)  (3, 7)   (4, 2)  (2, 8)  (4, 9)  (4, 6)   (2, 8)  (2, 7)
job_9  (4, 4)  (0, 9)  (4, 4)  (4, 6)   (2, 6)   (4, 7)   (3, 6)  (3, 10)  (1, 5)  (3, 2)  (0, 5)  (3, 9)  (3, 8)  (2, 9)   (4, 4)  (3, 9)  (4, 8)  (3, 4)   (0, 8)  (1, 5)


Solution:
Machine 0: job_8_task_0   job_9_task_1   job_8_task_2   job_7_task_2   job_4_task_2   job_8_task_6   job_0_task_0   job_6_task_5   job_5_task_2   job_1_task_5   job_4_task_5   job_4_task_6   job_4_task_7   job_9_task_10  job_1_task_7   job_2_task_9   job_2_task_10  job_5_task_8   job_8_task_12  job_0_task_6   job_0_task_7   job_0_task_8   job_1_task_9   job_3_task_9   job_1_task_11  job_4_task_11  job_2_task_14  job_5_task_13  job_3_task_11  job_4_task_13  job_1_task_14  job_7_task_15  job_0_task_12  job_3_task_14  job_3_task_15  job_2_task_19  job_0_task_14  job_4_task_18  job_6_task_17  job_3_task_17  job_5_task_18  job_9_task_18  job_0_task_16  job_3_task_19  
           [0,5]          [5,14]         [14,19]        [19,27]        [27,35]        [35,45]        [45,47]        [47,57]        [57,60]        [60,69]        [69,78]        [78,84]        [84,90]        [90,95]        [95,102]       [102,107]      [107,112]      [112,120]      [120,126]      [126,128]      [128,130]      [130,132]      [132,133]      [133,138]      [138,146]      [146,148]      [148,156]      [156,159]      [159,164]      [164,170]      [170,174]      [174,175]      [175,184]      [184,192]      [192,195]      [195,204]      [204,207]      [207,209]      [209,213]      [213,216]      [216,226]      [226,234]      [234,241]      [241,247]      
Machine 1: job_4_task_0   job_2_task_1   job_2_task_2   job_8_task_3   job_8_task_4   job_8_task_5   job_3_task_1   job_5_task_0   job_1_task_1   job_7_task_4   job_4_task_3   job_2_task_7   job_9_task_8   job_3_task_5   job_0_task_2   job_0_task_3   job_7_task_9   job_7_task_10  job_8_task_11  job_5_task_9   job_5_task_10  job_6_task_9   job_2_task_12  job_2_task_13  job_5_task_12  job_1_task_13  job_6_task_13  job_7_task_14  job_5_task_16  job_4_task_15  job_3_task_16  job_7_task_17  job_6_task_18  job_9_task_19  job_1_task_19  job_0_task_17  job_0_task_18  
           [0,9]          [9,17]         [17,20]        [20,25]        [25,26]        [26,31]        [31,38]        [38,39]        [40,41]        [41,51]        [51,59]        [59,67]        [72,77]        [80,89]        [89,91]        [91,93]        [94,99]        [99,100]       [109,114]      [120,122]      [122,124]      [127,128]      [128,137]      [137,142]      [142,148]      [149,152]      [155,157]      [164,174]      [174,178]      [183,185]      [195,197]      [213,215]      [215,224]      [234,239]      [240,241]      [241,243]      [243,244]      
Machine 2: job_7_task_0   job_7_task_1   job_6_task_0   job_6_task_1   job_2_task_3   job_6_task_2   job_9_task_4   job_3_task_2   job_6_task_4   job_2_task_5   job_3_task_3   job_2_task_6   job_4_task_4   job_5_task_3   job_0_task_1   job_5_task_5   job_2_task_8   job_5_task_7   job_8_task_10  job_3_task_6   job_6_task_7   job_3_task_7   job_2_task_11  job_5_task_11  job_4_task_8   job_4_task_9   job_1_task_10  job_9_task_13  job_6_task_12  job_3_task_10  job_7_task_12  job_5_task_14  job_5_task_15  job_0_task_10  job_0_task_11  job_3_task_13  job_4_task_14  job_1_task_15  job_4_task_16  job_8_task_15  job_0_task_15  job_3_task_18  job_8_task_18  job_8_task_19  
           [0,2]          [2,10]         [10,17]        [17,25]        [25,33]        [33,34]        [34,40]        [40,43]        [43,44]        [44,53]        [53,56]        [56,59]        [59,67]        [67,76]        [76,84]        [84,90]        [90,97]        [97,100]       [100,109]      [109,110]      [110,119]      [119,123]      [123,128]      [128,134]      [134,135]      [135,136]      [136,138]      [140,149]      [149,155]      [155,158]      [158,163]      [163,168]      [168,171]      [171,173]      [173,175]      [175,177]      [177,183]      [183,188]      [188,189]      [189,197]      [207,211]      [216,222]      [223,231]      [231,238]      
Machine 3: job_2_task_4   job_6_task_3   job_1_task_2   job_1_task_3   job_1_task_4   job_9_task_6   job_9_task_7   job_8_task_8   job_9_task_9   job_6_task_6   job_7_task_8   job_9_task_11  job_1_task_8   job_0_task_5   job_7_task_11  job_6_task_8   job_9_task_12  job_8_task_13  job_6_task_10  job_6_task_11  job_4_task_12  job_9_task_15  job_0_task_9   job_2_task_15  job_2_task_16  job_2_task_17  job_2_task_18  job_6_task_15  job_4_task_17  job_1_task_16  job_9_task_17  job_7_task_16  job_7_task_18  job_4_task_19  job_1_task_18  
           [33,39]        [39,41]        [41,46]        [46,48]        [48,56]        [56,62]        [62,72]        [72,81]        [81,83]        [83,87]        [87,94]        [95,104]       [104,111]      [111,112]      [112,117]      [119,127]      [127,135]      [135,142]      [142,143]      [143,149]      [149,157]      [157,166]      [166,170]      [170,171]      [171,173]      [173,180]      [180,190]      [190,196]      [196,201]      [201,202]      [202,206]      [206,213]      [215,224]      [224,231]      [231,240]      
Machine 4: job_9_task_0   job_2_task_0   job_8_task_1   job_4_task_1   job_9_task_2   job_9_task_3   job_3_task_0   job_7_task_3   job_1_task_0   job_9_task_5   job_8_task_7   job_5_task_1   job_7_task_5   job_7_task_6   job_7_task_7   job_3_task_4   job_5_task_4   job_8_task_9   job_1_task_6   job_5_task_6   job_0_task_4   job_3_task_8   job_4_task_10  job_8_task_14  job_1_task_12  job_9_task_14  job_6_task_14  job_7_task_13  job_3_task_12  job_9_task_16  job_5_task_17  job_0_task_13  job_6_task_16  job_8_task_16  job_8_task_17  job_1_task_17  job_7_task_19  job_5_task_19  job_6_task_19  job_0_task_19  
           [0,4]          [4,7]          [7,11]         [11,20]        [20,24]        [24,30]        [30,31]        [31,33]        [33,40]        [40,47]        [47,49]        [49,51]        [51,61]        [61,67]        [67,73]        [73,80]        [80,83]        [83,92]        [92,93]        [93,96]        [96,99]        [123,132]      [136,144]      [144,146]      [146,149]      [149,153]      [157,161]      [163,164]      [164,173]      [173,181]      [181,190]      [190,199]      [199,208]      [208,217]      [217,223]      [223,230]      [230,234]      [234,236]      [236,237]      [244,246]      
Optimal Schedule Length: 247.0
Total (Unoptimized Schedule Length): 1037
Statistics
  - conflicts: 0
  - branches : 0
  - wall time: 0.161274511s