
Problem
         task_0   task_1  task_2  task_3   task_4   task_5  task_6  task_7   task_8   task_9  task_10  task_11  task_12 task_13  task_14
job_0    (0, 4)  (5, 10)  (0, 2)  (0, 7)   (3, 2)   (3, 4)  (0, 5)  (5, 5)  (1, 10)   (5, 9)   (0, 7)  (4, 10)   (2, 1)  (4, 2)   (0, 3)
job_1    (5, 2)   (1, 3)  (3, 2)  (3, 8)  (3, 10)   (0, 4)  (3, 1)  (0, 4)   (5, 6)  (1, 10)   (5, 3)   (3, 6)  (4, 10)  (1, 2)   (5, 1)
job_2    (0, 6)   (3, 6)  (0, 6)  (3, 4)   (2, 5)   (3, 8)  (0, 4)  (0, 9)   (4, 7)   (3, 9)   (2, 7)   (5, 5)   (3, 6)  (4, 4)   (3, 6)
job_3    (2, 3)   (3, 4)  (4, 4)  (1, 9)   (3, 9)   (4, 5)  (0, 3)  (3, 3)   (2, 6)  (2, 10)   (0, 3)   (1, 1)   (5, 9)  (0, 5)   (3, 9)
job_4    (1, 9)   (0, 3)  (5, 2)  (1, 6)   (0, 2)   (4, 8)  (3, 8)  (2, 6)   (4, 3)   (3, 1)   (3, 4)   (5, 6)   (3, 7)  (2, 8)   (2, 3)
job_5    (0, 2)   (5, 6)  (1, 6)  (1, 7)   (1, 8)   (3, 1)  (2, 2)  (2, 4)   (2, 9)   (0, 5)   (3, 9)   (5, 2)   (3, 2)  (1, 1)   (3, 6)
job_6   (3, 10)  (5, 10)  (5, 6)  (5, 5)  (4, 10)   (2, 5)  (5, 8)  (2, 6)   (2, 8)  (4, 10)  (1, 10)   (2, 3)   (1, 3)  (4, 7)   (4, 1)
job_7    (2, 7)   (0, 9)  (2, 1)  (4, 8)   (1, 4)   (0, 2)  (5, 8)  (0, 2)   (3, 6)   (1, 2)   (1, 5)   (4, 2)   (5, 2)  (1, 8)   (2, 5)
job_8    (1, 4)   (5, 1)  (1, 3)  (0, 6)   (3, 5)   (0, 4)  (0, 1)  (2, 2)   (2, 8)   (3, 6)   (5, 1)   (2, 2)   (4, 9)  (2, 9)   (1, 9)
job_9   (0, 10)   (0, 9)  (0, 8)  (4, 3)  (5, 10)   (5, 5)  (5, 3)  (2, 1)   (5, 6)   (3, 6)   (2, 3)   (4, 9)   (1, 9)  (5, 1)   (5, 1)
job_10   (2, 3)   (4, 4)  (5, 8)  (3, 8)   (5, 2)   (1, 1)  (2, 1)  (2, 5)   (0, 9)   (3, 1)   (2, 2)   (1, 9)   (0, 9)  (2, 4)   (5, 3)
job_11   (2, 4)   (5, 2)  (1, 9)  (2, 9)   (3, 4)  (1, 10)  (1, 3)  (0, 7)   (3, 5)   (0, 7)   (1, 6)  (1, 10)   (2, 4)  (1, 7)  (1, 10)
job_12   (3, 7)  (5, 10)  (0, 8)  (2, 2)   (4, 5)   (5, 1)  (0, 8)  (1, 4)  (0, 10)   (2, 3)   (5, 2)   (3, 3)  (3, 10)  (0, 7)   (1, 1)
job_13   (2, 8)   (2, 7)  (0, 8)  (3, 1)   (2, 2)   (3, 5)  (1, 3)  (1, 7)   (2, 4)   (3, 2)   (4, 1)   (2, 2)   (1, 6)  (4, 1)   (4, 3)
job_14  (3, 10)   (1, 5)  (0, 6)  (3, 6)   (4, 2)   (4, 4)  (0, 5)  (4, 8)   (3, 9)   (1, 8)   (5, 9)   (2, 2)   (5, 8)  (4, 6)  (5, 10)
job_15   (3, 2)  (2, 10)  (5, 7)  (5, 2)   (1, 5)   (2, 9)  (0, 6)  (2, 2)   (2, 3)   (1, 9)   (2, 5)   (0, 7)   (5, 1)  (0, 7)   (5, 1)
job_16   (4, 4)   (2, 6)  (0, 3)  (4, 1)   (2, 7)   (5, 2)  (1, 9)  (1, 4)   (2, 4)   (2, 8)   (5, 4)   (2, 7)  (3, 10)  (1, 8)   (3, 2)
job_17   (1, 9)   (5, 5)  (2, 3)  (2, 8)   (0, 2)   (4, 4)  (2, 3)  (4, 3)   (5, 7)   (2, 1)   (5, 1)   (5, 6)   (4, 5)  (2, 1)   (0, 7)
job_18   (4, 9)   (2, 3)  (2, 3)  (1, 2)   (0, 2)   (5, 1)  (2, 9)  (5, 3)   (3, 2)   (4, 7)   (1, 3)   (1, 9)   (0, 4)  (3, 4)   (5, 2)


Solution:
Machine 0: job_5_task_0   job_0_task_0   job_2_task_0   job_9_task_0   job_16_task_2  job_0_task_2   job_14_task_2  job_2_task_2   job_4_task_1   job_9_task_1   job_0_task_3   job_14_task_6  job_9_task_2   job_12_task_2  job_7_task_1   job_8_task_3   job_2_task_6   job_4_task_4   job_11_task_7  job_2_task_7   job_0_task_6   job_8_task_5   job_8_task_6   job_12_task_6  job_18_task_4  job_1_task_5   job_3_task_6   job_11_task_9  job_1_task_7   job_13_task_2  job_15_task_6  job_7_task_5   job_17_task_4  job_10_task_8  job_12_task_8  job_7_task_7   job_3_task_10  job_0_task_10  job_18_task_12 job_3_task_13  job_10_task_12 job_15_task_11 job_15_task_13 job_12_task_13 job_5_task_9   job_17_task_14 job_0_task_14  
           [0,2]          [2,6]          [6,12]         [12,22]        [22,25]        [25,27]        [27,33]        [33,39]        [39,42]        [42,51]        [51,58]        [58,63]        [63,71]        [71,79]        [79,88]        [88,94]        [94,98]        [98,100]       [100,107]      [107,116]      [116,121]      [121,125]      [125,126]      [126,134]      [134,136]      [136,140]      [140,143]      [143,150]      [150,154]      [154,162]      [162,168]      [168,170]      [170,172]      [172,181]      [181,191]      [191,193]      [193,196]      [196,203]      [203,207]      [208,213]      [217,226]      [232,239]      [240,247]      [247,254]      [254,259]      [265,272]      [277,280]      
Machine 1: job_17_task_0  job_11_task_2  job_1_task_1   job_14_task_1  job_8_task_0   job_4_task_0   job_18_task_3  job_3_task_3   job_8_task_2   job_11_task_5  job_4_task_3   job_5_task_2   job_11_task_6  job_5_task_3   job_5_task_4   job_15_task_4  job_16_task_6  job_16_task_7  job_7_task_4   job_14_task_9  job_9_task_12  job_0_task_8   job_12_task_7  job_6_task_10  job_11_task_10 job_10_task_5  job_1_task_9   job_11_task_11 job_18_task_10 job_18_task_11 job_1_task_13  job_3_task_11  job_13_task_6  job_13_task_7  job_10_task_11 job_15_task_9  job_7_task_9   job_7_task_10  job_11_task_13 job_16_task_13 job_7_task_13  job_6_task_12  job_13_task_12 job_11_task_14 job_12_task_14 job_5_task_13  job_8_task_14  
           [0,9]          [9,18]         [18,21]        [21,26]        [26,30]        [30,39]        [39,41]        [41,50]        [50,53]        [53,63]        [63,69]        [69,75]        [75,78]        [78,85]        [85,93]        [93,98]        [98,107]       [107,111]      [111,115]      [115,123]      [123,132]      [132,142]      [142,146]      [146,156]      [156,162]      [162,163]      [163,173]      [173,183]      [183,186]      [186,195]      [195,197]      [197,198]      [198,201]      [201,208]      [208,217]      [217,226]      [226,228]      [228,233]      [233,240]      [240,248]      [248,256]      [256,259]      [259,265]      [265,275]      [275,276]      [276,277]      [277,286]      
Machine 2: job_11_task_0  job_3_task_0   job_16_task_1  job_18_task_1  job_18_task_2  job_11_task_3  job_13_task_0  job_13_task_1  job_16_task_4  job_15_task_1  job_2_task_4   job_6_task_5   job_7_task_0   job_17_task_2  job_12_task_3  job_17_task_3  job_7_task_2   job_6_task_7   job_9_task_7   job_10_task_0  job_15_task_5  job_9_task_10  job_16_task_8  job_6_task_8   job_5_task_6   job_8_task_7   job_8_task_8   job_18_task_6  job_3_task_8   job_4_task_7   job_5_task_7   job_14_task_11 job_13_task_4  job_10_task_6  job_10_task_7  job_15_task_7  job_3_task_9   job_17_task_6  job_16_task_9  job_10_task_10 job_12_task_9  job_15_task_8  job_8_task_11  job_2_task_10  job_6_task_11  job_16_task_11 job_11_task_12 job_17_task_9  job_15_task_10 job_13_task_8  job_8_task_13  job_5_task_8   job_13_task_11 job_4_task_13  job_17_task_13 job_10_task_13 job_0_task_12  job_7_task_14  job_4_task_14  
           [0,4]          [4,7]          [7,13]         [13,16]        [16,19]        [19,28]        [28,36]        [36,43]        [43,50]        [50,60]        [60,65]        [65,70]        [70,77]        [77,80]        [80,82]        [82,90]        [90,91]        [91,97]        [97,98]        [98,101]       [101,110]      [110,113]      [113,117]      [117,125]      [125,127]      [127,129]      [129,137]      [137,146]      [146,152]      [152,158]      [158,162]      [162,164]      [164,166]      [166,167]      [167,172]      [172,174]      [174,184]      [184,187]      [187,195]      [195,197]      [197,200]      [200,203]      [203,205]      [205,212]      [212,215]      [215,222]      [222,226]      [226,227]      [227,232]      [232,236]      [236,245]      [245,254]      [254,256]      [256,264]      [264,265]      [265,269]      [269,270]      [270,275]      [275,278]      
Machine 3: job_6_task_0   job_14_task_0  job_2_task_1   job_12_task_0  job_3_task_1   job_14_task_3  job_15_task_0  job_2_task_3   job_11_task_4  job_1_task_2   job_1_task_3   job_0_task_4   job_2_task_5   job_1_task_4   job_14_task_8  job_0_task_5   job_8_task_4   job_5_task_5   job_9_task_9   job_4_task_6   job_3_task_4   job_11_task_8  job_2_task_9   job_1_task_6   job_3_task_7   job_8_task_9   job_10_task_3  job_18_task_8  job_13_task_3  job_4_task_9   job_4_task_10  job_13_task_5  job_1_task_11  job_10_task_9  job_4_task_12  job_7_task_8   job_18_task_13 job_3_task_14  job_16_task_12 job_12_task_11 job_12_task_12 job_13_task_9  job_2_task_12  job_16_task_14 job_5_task_10  job_2_task_14  job_5_task_12  job_5_task_14  
           [0,10]         [10,20]        [20,26]        [26,33]        [33,37]        [37,43]        [43,45]        [45,49]        [49,53]        [53,55]        [55,63]        [63,65]        [65,73]        [73,83]        [83,92]        [92,96]        [96,101]       [101,102]      [104,110]      [110,118]      [118,127]      [127,132]      [132,141]      [141,142]      [143,146]      [146,152]      [152,160]      [160,162]      [162,163]      [163,164]      [164,168]      [168,173]      [176,182]      [182,183]      [190,197]      [197,203]      [208,212]      [213,222]      [222,232]      [232,235]      [235,245]      [248,250]      [250,256]      [256,258]      [259,268]      [268,274]      [274,276]      [278,284]      
Machine 4: job_16_task_0  job_18_task_0  job_16_task_3  job_3_task_2   job_6_task_4   job_14_task_4  job_14_task_5  job_14_task_7  job_9_task_3   job_12_task_4  job_7_task_3   job_4_task_5   job_10_task_1  job_9_task_11  job_2_task_8   job_3_task_5   job_6_task_9   job_4_task_8   job_18_task_9  job_17_task_5  job_14_task_13 job_1_task_12  job_17_task_7  job_0_task_11  job_8_task_12  job_7_task_11  job_17_task_12 job_13_task_10 job_2_task_13  job_13_task_13 job_13_task_14 job_0_task_13  job_6_task_13  job_6_task_14  
           [0,4]          [4,13]         [25,26]        [37,41]        [41,51]        [51,53]        [53,57]        [63,71]        [71,74]        [82,87]        [91,99]        [100,108]      [108,112]      [113,122]      [122,129]      [129,134]      [134,144]      [158,161]      [162,169]      [172,176]      [176,182]      [182,192]      [193,196]      [203,213]      [213,222]      [233,235]      [239,244]      [250,251]      [256,260]      [265,266]      [266,269]      [275,277]      [277,284]      [284,285]      
Machine 5: job_1_task_0   job_11_task_1  job_0_task_1   job_6_task_1   job_6_task_2   job_6_task_3   job_12_task_1  job_8_task_1   job_5_task_1   job_4_task_2   job_17_task_1  job_15_task_2  job_15_task_3  job_6_task_6   job_9_task_4   job_9_task_5   job_9_task_6   job_16_task_5  job_9_task_8   job_12_task_5  job_10_task_2  job_0_task_7   job_14_task_10 job_9_task_13  job_18_task_5  job_9_task_14  job_0_task_9   job_18_task_7  job_1_task_8   job_10_task_4  job_8_task_10  job_14_task_12 job_1_task_10  job_7_task_6   job_4_task_11  job_16_task_10 job_3_task_12  job_17_task_8  job_12_task_10 job_2_task_11  job_14_task_14 job_17_task_10 job_17_task_11 job_15_task_12 job_7_task_12  job_18_task_14 job_15_task_14 job_10_task_14 job_5_task_11  job_1_task_14  
           [0,2]          [4,6]          [6,16]         [16,26]        [26,32]        [32,37]        [37,47]        [47,48]        [48,54]        [54,56]        [56,61]        [61,68]        [68,70]        [70,78]        [78,88]        [88,93]        [93,96]        [96,98]        [98,104]       [104,105]      [112,120]      [121,126]      [126,135]      [135,136]      [136,137]      [137,138]      [142,151]      [151,154]      [154,160]      [160,162]      [162,163]      [164,172]      [173,176]      [176,184]      [184,190]      [195,199]      [199,208]      [208,215]      [215,217]      [217,222]      [222,232]      [232,233]      [233,239]      [239,240]      [240,242]      [242,244]      [247,248]      [269,272]      [272,274]      [276,277]      
Optimal Schedule Length: 286.0
Total (Unoptimized Schedule Length): 1489
Statistics
  - conflicts: 0
  - branches : 0
  - wall time: 0.6046395250000001s