
Problem
        task_0  task_1   task_2   task_3   task_4  task_5   task_6   task_7  task_8  task_9 task_10 task_11 task_12  task_13  task_14 task_15 task_16 task_17 task_18  task_19
job_0   (2, 4)  (1, 8)   (1, 4)   (0, 2)   (1, 5)  (0, 6)   (2, 1)   (2, 8)  (1, 6)  (1, 4)  (0, 4)  (2, 3)  (1, 5)   (0, 9)   (1, 3)  (2, 4)  (1, 3)  (2, 8)  (2, 3)   (2, 4)
job_1   (0, 6)  (0, 2)   (0, 8)   (1, 1)   (0, 3)  (2, 7)   (1, 6)   (0, 4)  (2, 8)  (0, 8)  (1, 2)  (0, 9)  (2, 4)   (0, 8)   (2, 9)  (1, 2)  (2, 4)  (0, 3)  (2, 1)   (0, 8)
job_2   (2, 9)  (0, 8)   (0, 9)   (0, 9)   (2, 6)  (0, 8)   (1, 5)   (1, 9)  (1, 2)  (2, 6)  (0, 3)  (2, 8)  (1, 1)   (0, 2)  (2, 10)  (1, 7)  (2, 3)  (2, 8)  (0, 3)   (2, 4)
job_3   (2, 7)  (0, 3)   (2, 6)   (2, 7)   (2, 2)  (2, 4)   (2, 5)   (0, 5)  (1, 7)  (0, 7)  (2, 8)  (1, 4)  (2, 9)   (2, 2)   (2, 4)  (0, 1)  (2, 2)  (2, 5)  (0, 6)   (1, 6)
job_4   (1, 9)  (1, 8)   (2, 2)   (0, 5)   (1, 5)  (0, 8)   (1, 5)  (2, 10)  (2, 6)  (1, 5)  (2, 7)  (1, 4)  (2, 1)  (2, 10)   (1, 4)  (1, 6)  (0, 6)  (0, 9)  (0, 1)   (0, 5)
job_5   (1, 3)  (0, 2)   (2, 6)   (0, 7)  (1, 10)  (1, 3)   (0, 8)   (1, 6)  (1, 9)  (1, 6)  (0, 7)  (0, 8)  (1, 6)   (1, 7)   (0, 5)  (2, 3)  (1, 8)  (0, 2)  (1, 6)   (0, 6)
job_6   (2, 7)  (2, 2)   (2, 3)   (0, 4)   (0, 8)  (1, 6)   (1, 4)   (1, 6)  (2, 5)  (1, 2)  (0, 8)  (1, 3)  (2, 2)  (0, 10)   (0, 6)  (1, 8)  (2, 6)  (1, 7)  (2, 3)  (2, 10)
job_7   (2, 5)  (2, 3)   (0, 3)   (1, 8)   (0, 1)  (0, 9)   (1, 2)  (1, 10)  (0, 5)  (0, 5)  (1, 3)  (1, 9)  (1, 2)  (1, 10)  (1, 10)  (2, 4)  (2, 2)  (2, 2)  (1, 5)   (2, 6)
job_8   (1, 7)  (0, 2)  (0, 10)   (2, 6)   (0, 6)  (1, 8)   (1, 6)   (0, 5)  (0, 6)  (2, 7)  (0, 4)  (2, 5)  (1, 1)   (1, 4)   (0, 1)  (0, 4)  (0, 5)  (1, 1)  (0, 7)  (1, 10)
job_9   (0, 9)  (2, 7)   (0, 4)   (1, 1)   (0, 4)  (2, 4)   (1, 4)   (1, 8)  (2, 9)  (2, 9)  (1, 6)  (2, 2)  (2, 2)   (2, 4)   (2, 3)  (0, 5)  (0, 6)  (1, 9)  (1, 5)   (1, 9)
job_10  (0, 5)  (1, 7)   (2, 7)  (1, 10)   (0, 5)  (0, 4)  (1, 10)   (1, 1)  (0, 3)  (2, 4)  (0, 9)  (2, 1)  (1, 1)   (1, 2)   (1, 5)  (1, 4)  (1, 5)  (1, 4)  (0, 1)   (0, 8)


Solution:
Machine 0: job_9_task_0   job_5_task_1   job_2_task_1   job_1_task_0   job_5_task_3   job_2_task_2   job_8_task_1   job_6_task_3   job_1_task_1   job_0_task_3   job_10_task_0  job_4_task_3   job_7_task_2   job_8_task_2   job_1_task_2   job_8_task_4   job_9_task_2   job_6_task_4   job_2_task_3   job_1_task_4   job_3_task_1   job_4_task_5   job_9_task_4   job_5_task_6   job_7_task_4   job_7_task_5   job_2_task_5   job_0_task_5   job_1_task_7   job_10_task_4  job_6_task_10  job_3_task_7   job_7_task_8   job_10_task_5  job_8_task_7   job_7_task_9   job_5_task_10  job_1_task_9   job_8_task_8   job_3_task_9   job_5_task_11  job_6_task_13  job_2_task_10  job_1_task_11  job_10_task_8  job_0_task_10  job_8_task_10  job_6_task_14  job_10_task_10 job_2_task_13  job_1_task_13  job_9_task_15  job_0_task_13  job_5_task_14  job_9_task_16  job_8_task_14  job_8_task_15  job_8_task_16  job_4_task_16  job_3_task_15  job_4_task_17  job_4_task_18  job_4_task_19  job_3_task_18  job_5_task_17  job_2_task_18  job_8_task_18  job_1_task_17  job_10_task_18 job_10_task_19 job_1_task_19  job_5_task_19  
           [0,9]          [9,11]         [11,19]        [19,25]        [25,32]        [32,41]        [41,43]        [43,47]        [47,49]        [49,51]        [51,56]        [56,61]        [61,64]        [64,74]        [74,82]        [82,88]        [88,92]        [92,100]       [100,109]      [109,112]      [112,115]      [115,123]      [123,127]      [127,135]      [135,136]      [136,145]      [145,153]      [153,159]      [159,163]      [163,168]      [168,176]      [176,181]      [181,186]      [186,190]      [190,195]      [195,200]      [200,207]      [207,215]      [215,221]      [221,228]      [228,236]      [236,246]      [246,249]      [249,258]      [258,261]      [261,265]      [265,269]      [269,275]      [275,284]      [284,286]      [286,294]      [294,299]      [299,308]      [308,313]      [313,319]      [319,320]      [320,324]      [324,329]      [329,335]      [335,336]      [336,345]      [345,346]      [346,351]      [351,357]      [360,362]      [362,365]      [368,375]      [376,379]      [387,388]      [388,396]      [396,404]      [404,410]      
Machine 1: job_5_task_0   job_4_task_0   job_4_task_1   job_8_task_0   job_0_task_1   job_5_task_4   job_0_task_2   job_5_task_5   job_0_task_4   job_10_task_1  job_7_task_3   job_10_task_3  job_4_task_4   job_1_task_3   job_8_task_5   job_8_task_6   job_6_task_5   job_6_task_6   job_6_task_7   job_9_task_3   job_1_task_6   job_4_task_6   job_6_task_9   job_9_task_6   job_5_task_7   job_9_task_7   job_7_task_6   job_5_task_8   job_7_task_7   job_2_task_6   job_2_task_7   job_5_task_9   job_3_task_8   job_4_task_9   job_10_task_6  job_2_task_8   job_0_task_8   job_6_task_11  job_7_task_10  job_9_task_10  job_1_task_10  job_0_task_9   job_7_task_11  job_10_task_7  job_4_task_11  job_5_task_12  job_7_task_12  job_3_task_11  job_7_task_13  job_2_task_12  job_0_task_12  job_5_task_13  job_6_task_15  job_8_task_12  job_8_task_13  job_4_task_14  job_7_task_14  job_10_task_12 job_10_task_13 job_10_task_14 job_4_task_15  job_0_task_14  job_2_task_15  job_9_task_17  job_10_task_15 job_5_task_16  job_6_task_17  job_8_task_17  job_1_task_15  job_0_task_16  job_10_task_16 job_9_task_18  job_10_task_17 job_5_task_18  job_7_task_18  job_8_task_19  job_9_task_19  job_3_task_19  
           [0,3]          [3,12]         [12,20]        [20,27]        [27,35]        [35,45]        [45,49]        [49,52]        [52,57]        [57,64]        [64,72]        [72,82]        [82,87]        [87,88]        [88,96]        [96,102]       [102,108]      [108,112]      [112,118]      [118,119]      [119,125]      [125,130]      [130,132]      [132,136]      [136,142]      [142,150]      [150,152]      [152,161]      [161,171]      [171,176]      [176,185]      [185,191]      [191,198]      [198,203]      [203,213]      [213,215]      [215,221]      [221,224]      [224,227]      [227,233]      [233,235]      [235,239]      [239,248]      [248,249]      [249,253]      [253,259]      [259,261]      [261,265]      [265,275]      [275,276]      [276,281]      [281,288]      [288,296]      [296,297]      [297,301]      [301,305]      [305,315]      [315,316]      [316,318]      [318,323]      [323,329]      [329,332]      [332,339]      [339,348]      [348,352]      [352,360]      [360,367]      [367,368]      [368,370]      [370,373]      [373,378]      [378,383]      [383,387]      [387,393]      [393,398]      [398,408]      [408,417]      [417,423]      
Machine 2: job_2_task_0   job_6_task_0   job_5_task_2   job_0_task_0   job_7_task_0   job_6_task_1   job_6_task_2   job_9_task_1   job_3_task_0   job_4_task_2   job_7_task_1   job_10_task_2  job_8_task_3   job_1_task_5   job_6_task_8   job_9_task_5   job_3_task_2   job_2_task_4   job_3_task_3   job_3_task_4   job_3_task_5   job_4_task_7   job_3_task_6   job_9_task_8   job_1_task_8   job_0_task_6   job_4_task_8   job_0_task_7   job_9_task_9   job_4_task_10  job_2_task_9   job_6_task_12  job_8_task_9   job_3_task_10  job_9_task_11  job_9_task_12  job_9_task_13  job_2_task_11  job_4_task_12  job_4_task_13  job_10_task_9  job_0_task_11  job_1_task_12  job_8_task_11  job_9_task_14  job_3_task_12  job_2_task_14  job_10_task_11 job_1_task_14  job_3_task_13  job_6_task_16  job_5_task_15  job_3_task_14  job_0_task_15  job_3_task_16  job_7_task_15  job_2_task_16  job_3_task_17  job_7_task_16  job_2_task_17  job_7_task_17  job_2_task_19  job_6_task_18  job_1_task_16  job_0_task_17  job_6_task_19  job_1_task_18  job_0_task_18  job_7_task_19  job_0_task_19  
           [0,9]          [9,16]         [16,22]        [22,26]        [26,31]        [31,33]        [33,36]        [36,43]        [43,50]        [50,52]        [52,55]        [64,71]        [74,80]        [112,119]      [119,124]      [127,131]      [131,137]      [137,143]      [143,150]      [150,152]      [152,156]      [156,166]      [166,171]      [171,180]      [180,188]      [188,189]      [189,195]      [195,203]      [203,212]      [212,219]      [219,225]      [225,227]      [227,234]      [234,242]      [242,244]      [244,246]      [246,250]      [250,258]      [258,259]      [259,269]      [269,273]      [273,276]      [276,280]      [280,285]      [285,288]      [288,297]      [297,307]      [307,308]      [308,317]      [317,319]      [319,325]      [325,328]      [328,332]      [332,336]      [336,338]      [338,342]      [342,345]      [345,350]      [350,352]      [352,360]      [360,362]      [365,369]      [369,372]      [372,376]      [376,384]      [384,394]      [394,395]      [395,398]      [398,404]      [404,408]      
Optimal Schedule Length: 423.0
Total (Unoptimized Schedule Length): 1176
Statistics
  - conflicts: 0
  - branches : 67
  - wall time: 0.9457226510000001s