
Problem
          task_0    task_1    task_2    task_3   task_4    task_5   task_6   task_7    task_8   task_9  task_10  task_11  task_12  task_13  task_14  task_15  task_16   task_17   task_18   task_19
job_0   (15, 10)    (8, 6)    (3, 1)   (12, 8)   (9, 7)   (14, 5)  (17, 7)  (11, 7)    (0, 6)   (4, 8)   (1, 8)  (17, 1)  (14, 4)  (15, 1)   (7, 4)  (19, 4)   (7, 2)    (7, 6)   (19, 8)   (17, 5)
job_1    (19, 2)    (0, 5)   (17, 2)   (18, 4)   (6, 3)    (7, 1)   (3, 4)  (14, 2)    (8, 2)  (12, 4)   (9, 5)  (17, 6)   (7, 2)  (12, 2)  (14, 5)   (9, 9)  (13, 5)   (13, 1)    (6, 6)    (4, 1)
job_2     (6, 4)    (2, 2)   (1, 10)   (11, 5)   (2, 5)   (7, 10)  (10, 1)  (16, 7)    (6, 6)   (8, 5)   (2, 3)   (6, 4)  (6, 10)   (7, 6)  (17, 8)   (2, 2)   (9, 9)   (10, 2)   (19, 3)   (9, 10)
job_3    (17, 9)    (0, 9)    (4, 8)  (19, 10)  (4, 10)   (14, 6)  (17, 6)   (5, 7)   (15, 7)  (18, 5)   (4, 3)   (7, 2)   (7, 5)  (16, 2)   (8, 8)  (17, 7)   (0, 3)    (7, 2)   (19, 4)   (10, 7)
job_4    (16, 2)   (18, 9)   (15, 6)    (7, 5)   (0, 9)    (0, 3)   (0, 9)  (17, 4)    (0, 5)  (18, 2)  (13, 9)   (9, 1)   (0, 4)  (0, 10)  (17, 7)  (15, 6)   (4, 4)    (8, 4)   (15, 2)    (8, 8)
job_5     (5, 7)   (18, 1)    (1, 3)   (11, 4)   (2, 3)    (1, 5)  (1, 10)   (3, 5)   (16, 8)  (19, 7)   (7, 9)  (14, 1)   (6, 6)   (2, 5)   (1, 2)   (8, 6)  (0, 10)   (14, 2)    (7, 6)   (9, 10)
job_6    (6, 10)   (6, 10)   (18, 3)    (8, 8)   (5, 4)   (15, 3)   (5, 9)  (13, 6)    (7, 3)   (8, 2)   (5, 1)   (4, 6)   (6, 2)  (12, 6)  (12, 8)  (14, 1)  (11, 3)   (15, 4)    (7, 1)    (9, 6)
job_7    (19, 9)    (6, 2)   (10, 9)    (0, 8)   (0, 9)    (1, 7)  (13, 4)   (7, 8)   (10, 5)  (15, 1)  (13, 4)  (13, 5)   (7, 7)   (1, 1)   (1, 7)  (18, 7)   (6, 8)    (6, 4)  (17, 10)  (13, 10)
job_8    (11, 5)   (18, 9)   (19, 7)    (8, 3)   (6, 1)    (3, 9)  (13, 7)   (2, 5)    (0, 8)   (2, 9)  (11, 8)   (5, 3)  (18, 6)  (10, 7)   (5, 1)   (7, 4)  (16, 9)   (13, 5)   (12, 8)    (7, 3)
job_9     (5, 2)   (10, 6)   (16, 8)   (12, 1)   (3, 8)    (0, 9)  (19, 6)   (1, 5)    (6, 5)  (12, 2)   (8, 1)   (5, 8)   (2, 3)   (0, 8)  (19, 1)  (17, 1)  (15, 4)    (8, 4)   (13, 1)   (14, 2)
job_10   (14, 2)   (19, 5)   (12, 9)    (0, 1)  (11, 7)   (17, 6)  (19, 2)   (6, 4)  (10, 10)  (12, 9)   (0, 6)  (15, 9)   (6, 1)   (8, 6)   (6, 5)   (0, 6)  (17, 2)   (11, 1)    (9, 4)    (0, 7)
job_11    (8, 2)    (9, 6)   (13, 9)    (0, 6)  (16, 3)   (13, 9)   (2, 4)  (12, 1)   (11, 9)   (6, 7)  (12, 1)  (13, 6)  (17, 1)  (12, 8)  (19, 2)   (4, 8)   (4, 6)   (11, 7)   (14, 3)   (13, 6)
job_12    (8, 8)   (13, 4)  (10, 10)   (14, 9)   (5, 3)    (5, 9)   (3, 8)  (16, 3)   (13, 2)   (4, 8)  (16, 6)   (1, 7)  (14, 6)   (6, 9)  (18, 6)   (5, 7)   (1, 7)    (3, 6)   (10, 9)   (13, 3)
job_13    (9, 9)    (2, 6)   (12, 9)    (9, 8)   (8, 2)  (13, 10)  (13, 9)   (9, 9)    (8, 2)   (1, 5)  (11, 3)  (15, 5)   (5, 5)  (14, 5)  (11, 3)  (18, 4)  (17, 5)   (14, 7)  (13, 10)   (19, 6)
job_14   (14, 3)  (10, 10)    (0, 6)    (2, 7)  (16, 4)   (1, 10)  (16, 7)   (0, 4)    (0, 7)   (5, 2)   (0, 3)   (2, 2)   (1, 1)   (2, 5)   (2, 1)  (12, 3)  (10, 5)    (3, 6)   (14, 8)   (12, 2)
job_15   (13, 1)   (19, 6)    (6, 4)    (8, 9)   (3, 3)    (2, 4)   (5, 6)   (5, 1)   (15, 3)   (8, 3)  (17, 4)   (6, 9)   (6, 5)   (2, 4)  (10, 8)   (7, 2)  (1, 10)  (19, 10)   (2, 10)    (5, 8)
job_16    (0, 5)    (2, 1)    (6, 6)    (4, 3)  (17, 1)   (14, 8)   (1, 1)   (2, 9)   (19, 5)   (1, 8)  (7, 10)   (2, 8)  (14, 5)  (11, 5)  (15, 2)  (11, 3)  (16, 7)   (13, 3)    (2, 5)    (3, 9)


Solution:
Machine 0: job_16_task_0  job_1_task_1   job_3_task_1   job_14_task_2  job_4_task_4   job_7_task_3   job_7_task_4   job_10_task_3  job_11_task_3  job_8_task_8   job_4_task_5   job_4_task_6   job_14_task_7  job_4_task_8   job_9_task_5   job_0_task_8   job_10_task_10 job_4_task_12  job_14_task_8  job_4_task_13  job_14_task_10 job_10_task_15 job_5_task_16  job_3_task_16  job_9_task_13  job_10_task_19 
           [0,5]          [5,10]         [10,19]        [19,25]        [25,34]        [34,42]        [42,51]        [51,52]        [52,58]        [58,66]        [66,69]        [69,78]        [78,82]        [82,87]        [87,96]        [96,102]       [102,108]      [108,112]      [112,119]      [119,129]      [129,132]      [132,138]      [138,148]      [148,151]      [151,159]      [159,166]      
Machine 1: job_2_task_2   job_5_task_2   job_5_task_5   job_16_task_6  job_5_task_6   job_7_task_5   job_14_task_5  job_16_task_9  job_13_task_9  job_12_task_11 job_15_task_16 job_9_task_7   job_7_task_13  job_7_task_14  job_0_task_10  job_5_task_14  job_12_task_16 job_14_task_12 
           [6,16]         [21,24]        [31,36]        [40,41]        [41,51]        [51,58]        [58,68]        [68,76]        [77,82]        [84,91]        [91,101]       [102,107]      [107,108]      [108,115]      [115,123]      [123,125]      [128,135]      [135,136]      
Machine 2: job_2_task_1   job_16_task_1  job_13_task_1  job_15_task_5  job_5_task_4   job_2_task_4   job_14_task_3  job_16_task_7  job_8_task_7   job_15_task_13 job_8_task_9   job_2_task_10  job_11_task_6  job_16_task_11 job_5_task_13  job_2_task_15  job_14_task_11 job_16_task_18 job_14_task_13 job_14_task_14 job_9_task_12  job_15_task_18 
           [4,6]          [6,7]          [9,15]         [24,28]        [28,31]        [31,36]        [36,43]        [43,52]        [52,57]        [62,66]        [66,75]        [75,78]        [78,82]        [100,108]      [117,122]      [126,128]      [132,134]      [135,140]      [140,145]      [145,146]      [146,149]      [149,159]      
Machine 3: job_15_task_4  job_0_task_2   job_8_task_5   job_1_task_6   job_12_task_6  job_5_task_7   job_9_task_4   job_12_task_17 job_16_task_19 job_14_task_17 
           [21,24]        [27,28]        [31,40]        [40,44]        [47,55]        [55,60]        [60,68]        [135,141]      [141,150]      [155,161]      
Machine 4: job_3_task_2   job_16_task_3  job_3_task_4   job_12_task_9  job_3_task_10  job_0_task_9   job_6_task_11  job_11_task_15 job_11_task_16 job_4_task_16  job_1_task_19  
           [19,27]        [27,30]        [37,47]        [66,74]        [78,81]        [102,110]      [113,119]      [120,128]      [128,134]      [142,146]      [148,149]      
Machine 5: job_5_task_0   job_9_task_0   job_15_task_6  job_12_task_4  job_15_task_7  job_12_task_5  job_6_task_4   job_3_task_7   job_6_task_6   job_8_task_11  job_13_task_12 job_8_task_14  job_6_task_10  job_14_task_9  job_12_task_15 job_9_task_11  job_15_task_19 
           [0,7]          [7,9]          [28,34]        [34,37]        [37,38]        [38,47]        [55,59]        [59,66]        [66,75]        [83,86]        [91,96]        [102,103]      [112,113]      [119,121]      [121,128]      [132,140]      [159,167]      
Machine 6: job_2_task_0   job_15_task_2  job_16_task_2  job_7_task_1   job_6_task_0   job_8_task_4   job_1_task_4   job_6_task_1   job_15_task_11 job_15_task_12 job_2_task_8   job_10_task_7  job_2_task_11  job_2_task_12  job_11_task_9  job_12_task_13 job_5_task_12  job_10_task_12 job_9_task_8   job_6_task_12  job_10_task_14 job_7_task_16  job_7_task_17  job_1_task_18  
           [0,4]          [8,12]         [12,18]        [18,20]        [20,30]        [30,31]        [31,34]        [34,44]        [48,57]        [57,62]        [62,68]        [74,78]        [78,82]        [82,92]        [95,102]       [102,111]      [111,117]      [117,118]      [118,123]      [123,125]      [125,130]      [130,138]      [138,142]      [142,148]      
Machine 7: job_4_task_3   job_1_task_5   job_2_task_5   job_7_task_7   job_15_task_15 job_1_task_12  job_5_task_10  job_16_task_10 job_7_task_12  job_6_task_8   job_3_task_11  job_2_task_13  job_3_task_12  job_8_task_15  job_0_task_14  job_0_task_16  job_0_task_17  job_5_task_18  job_3_task_17  job_6_task_18  job_8_task_19  
           [17,22]        [34,35]        [36,46]        [64,72]        [74,76]        [78,80]        [81,90]        [90,100]       [100,107]      [107,110]      [110,112]      [112,118]      [118,123]      [123,127]      [132,136]      [142,144]      [144,150]      [150,156]      [156,158]      [158,159]      [159,162]      
Machine 8: job_12_task_0  job_11_task_0  job_15_task_3  job_0_task_1   job_8_task_3   job_13_task_4  job_15_task_9  job_6_task_3   job_1_task_8   job_2_task_9   job_13_task_8  job_6_task_9   job_10_task_13 job_5_task_15  job_9_task_10  job_3_task_14  job_4_task_17  job_4_task_19  job_9_task_17  
           [0,8]          [8,10]         [12,21]        [21,27]        [27,30]        [32,34]        [41,44]        [47,55]        [55,57]        [68,73]        [75,77]        [110,112]      [118,124]      [125,131]      [131,132]      [132,140]      [146,150]      [152,160]      [165,169]      
Machine 9: job_13_task_0  job_11_task_1  job_13_task_3  job_0_task_4   job_1_task_10  job_13_task_7  job_1_task_15  job_4_task_11  job_2_task_16  job_10_task_18 job_2_task_19  job_5_task_19  job_6_task_19  
           [0,9]          [10,16]        [24,32]        [36,43]        [61,66]        [66,75]        [87,96]        [99,100]       [128,137]      [142,146]      [146,156]      [156,166]      [166,172]      
Machine 10: job_14_task_1  job_12_task_2  job_7_task_2   job_9_task_1   job_2_task_6   job_15_task_14 job_7_task_8   job_10_task_8  job_8_task_13  job_2_task_17  job_12_task_18 job_14_task_16 job_3_task_19  
           [3,13]         [13,23]        [23,32]        [32,38]        [46,47]        [66,74]        [74,79]        [79,89]        [95,102]       [137,139]      [141,150]      [150,155]      [164,171]      
Machine 11: job_8_task_0   job_2_task_3   job_5_task_3   job_10_task_4  job_0_task_7   job_8_task_10  job_13_task_10 job_11_task_8  job_13_task_14 job_16_task_13 job_16_task_15 job_11_task_17 job_10_task_17 job_6_task_16  
           [0,5]          [16,21]        [24,28]        [52,59]        [66,73]        [75,83]        [83,86]        [86,95]        [102,105]      [113,118]      [120,123]      [134,141]      [141,142]      [142,145]      
Machine 12: job_13_task_2  job_0_task_3   job_10_task_2  job_9_task_3   job_1_task_9   job_1_task_13  job_11_task_7  job_10_task_9  job_11_task_10 job_11_task_13 job_9_task_9   job_6_task_13  job_6_task_14  job_14_task_15 job_8_task_18  job_14_task_19 
           [15,24]        [28,36]        [42,51]        [51,52]        [57,61]        [80,82]        [82,83]        [89,98]        [102,103]      [110,118]      [123,125]      [125,131]      [131,139]      [146,149]      [149,157]      [169,171]      
Machine 13: job_15_task_0  job_12_task_1  job_11_task_2  job_13_task_5  job_8_task_6   job_13_task_6  job_7_task_6   job_12_task_8  job_11_task_5  job_6_task_7   job_7_task_10  job_7_task_11  job_4_task_10  job_11_task_11 job_1_task_16  job_1_task_17  job_13_task_18 job_16_task_17 job_8_task_17  job_11_task_19 job_12_task_19 job_7_task_19  job_9_task_18  
           [0,1]          [8,12]         [16,25]        [34,44]        [44,51]        [51,60]        [60,64]        [64,66]        [66,75]        [75,81]        [81,85]        [85,90]        [90,99]        [103,109]      [109,114]      [114,115]      [122,132]      [132,135]      [141,146]      [146,152]      [152,155]      [157,167]      [169,170]      
Machine 14: job_14_task_0  job_10_task_0  job_12_task_3  job_16_task_5  job_1_task_7   job_3_task_5   job_0_task_5   job_1_task_14  job_5_task_11  job_12_task_12 job_13_task_13 job_16_task_12 job_13_task_17 job_0_task_12  job_6_task_15  job_11_task_18 job_5_task_17  job_14_task_18 job_9_task_19  
           [0,3]          [3,5]          [23,32]        [32,40]        [44,46]        [47,53]        [53,58]        [82,87]        [90,91]        [91,97]        [97,102]       [108,113]      [115,122]      [127,131]      [139,140]      [141,144]      [148,150]      [161,169]      [170,172]      
Machine 15: job_0_task_0   job_4_task_2   job_15_task_8  job_6_task_5   job_3_task_8   job_7_task_9   job_13_task_11 job_10_task_11 job_16_task_14 job_0_task_13  job_4_task_15  job_6_task_17  job_4_task_18  job_9_task_16  
           [0,10]         [11,17]        [38,41]        [59,62]        [66,73]        [79,80]        [86,91]        [108,117]      [118,120]      [131,132]      [136,142]      [145,149]      [150,152]      [161,165]      
Machine 16: job_4_task_0   job_9_task_2   job_14_task_4  job_2_task_7   job_12_task_7  job_11_task_4  job_5_task_8   job_14_task_6  job_12_task_10 job_3_task_13  job_16_task_16 job_8_task_16  
           [0,2]          [38,46]        [46,50]        [50,57]        [57,60]        [60,63]        [63,71]        [71,78]        [78,84]        [123,125]      [125,132]      [132,141]      
Machine 17: job_3_task_0   job_1_task_2   job_16_task_4  job_15_task_10 job_3_task_6   job_0_task_6   job_10_task_5  job_1_task_11  job_4_task_7   job_11_task_12 job_13_task_16 job_2_task_14  job_0_task_11  job_4_task_14  job_10_task_16 job_3_task_15  job_7_task_18  job_9_task_15  job_0_task_19  
           [0,9]          [10,12]        [30,31]        [44,48]        [53,59]        [59,66]        [66,72]        [72,78]        [78,82]        [109,110]      [110,115]      [118,126]      [126,127]      [129,136]      [138,140]      [140,147]      [147,157]      [160,161]      [161,166]      
Machine 18: job_4_task_1   job_8_task_1   job_5_task_1   job_1_task_3   job_6_task_2   job_3_task_9   job_4_task_9   job_8_task_12  job_13_task_15 job_12_task_14 job_7_task_15  
           [2,11]         [11,20]        [20,21]        [21,25]        [44,47]        [73,78]        [87,89]        [89,95]        [105,109]      [111,117]      [117,124]      
Machine 19: job_1_task_0   job_15_task_1  job_7_task_0   job_8_task_2   job_3_task_3   job_10_task_1  job_16_task_8  job_10_task_6  job_5_task_9   job_9_task_6   job_15_task_17 job_11_task_14 job_13_task_19 job_0_task_15  job_2_task_18  job_0_task_18  job_9_task_14  job_3_task_18  
           [0,2]          [2,8]          [8,17]         [20,27]        [27,37]        [37,42]        [52,57]        [72,74]        [74,81]        [96,102]       [102,112]      [118,120]      [132,138]      [138,142]      [142,145]      [150,158]      [159,160]      [160,164]      
Optimal Schedule Length: 172.0
Total (Unoptimized Schedule Length): 1821
Statistics
  - conflicts: 0
  - branches : 0
  - wall time: 0.24240128000000002s