
Problem
          task_0   task_1   task_2   task_3    task_4   task_5   task_6   task_7   task_8    task_9   task_10  task_11   task_12  task_13   task_14   task_15  task_16   task_17
job_0    (9, 10)   (9, 4)   (2, 6)   (2, 9)   (14, 6)   (3, 7)  (9, 10)  (6, 10)   (9, 4)    (9, 3)    (5, 7)  (14, 1)   (13, 2)   (7, 3)    (9, 1)   (6, 10)   (0, 6)    (0, 3)
job_1     (4, 2)   (6, 4)   (3, 5)   (4, 5)    (6, 2)   (3, 8)   (3, 3)   (0, 6)   (7, 4)    (7, 4)   (11, 7)   (8, 2)    (8, 6)  (15, 5)    (4, 9)   (10, 1)   (3, 3)    (7, 5)
job_2     (6, 8)   (9, 9)   (8, 2)   (5, 2)    (6, 3)  (14, 3)   (9, 2)  (15, 1)   (9, 6)   (8, 10)   (15, 9)   (9, 1)  (11, 10)   (6, 3)  (13, 10)    (6, 1)   (5, 2)   (13, 5)
job_3   (13, 10)   (6, 7)   (3, 4)   (6, 1)    (8, 9)   (5, 2)   (3, 3)  (10, 4)   (6, 1)   (15, 7)  (11, 10)   (3, 5)    (2, 1)  (14, 3)   (15, 8)    (1, 2)  (7, 10)    (1, 8)
job_4     (6, 2)   (5, 9)   (8, 4)   (2, 3)    (7, 2)   (7, 9)  (10, 4)  (5, 10)  (14, 9)   (13, 2)   (13, 5)  (10, 3)    (3, 3)  (13, 3)   (12, 9)    (8, 9)   (7, 3)    (1, 5)
job_5     (5, 7)  (12, 3)  (13, 4)   (1, 4)  (13, 10)  (11, 2)   (5, 8)   (8, 5)   (5, 2)    (9, 5)   (10, 3)  (13, 8)    (9, 7)  (14, 9)    (2, 2)    (3, 5)   (1, 6)   (11, 9)
job_6     (5, 6)  (14, 6)  (2, 10)  (2, 10)    (5, 1)   (1, 1)  (12, 7)   (1, 9)   (7, 7)   (4, 10)    (4, 5)   (0, 6)   (10, 1)  (14, 6)   (14, 6)    (9, 8)   (7, 5)    (1, 2)
job_7     (3, 4)  (15, 7)  (15, 6)   (2, 1)    (6, 2)   (1, 9)   (5, 8)   (7, 6)   (0, 9)    (7, 2)   (10, 9)  (3, 10)    (4, 2)   (9, 3)   (12, 2)    (4, 5)   (2, 6)   (9, 10)
job_8     (9, 3)   (8, 8)   (6, 9)   (9, 1)    (3, 7)   (7, 3)   (9, 9)   (0, 8)   (7, 8)  (13, 10)    (4, 3)   (4, 6)    (7, 6)   (9, 4)    (8, 3)   (11, 2)   (3, 6)    (1, 1)
job_9     (6, 2)   (1, 5)   (6, 4)   (2, 2)   (12, 2)   (4, 8)  (15, 4)  (15, 2)   (8, 8)    (1, 9)    (9, 1)   (1, 2)    (6, 8)  (11, 2)   (9, 10)   (12, 4)   (4, 2)    (4, 6)
job_10   (12, 1)   (7, 4)   (8, 6)  (15, 8)   (13, 6)  (12, 7)   (8, 6)  (10, 2)   (8, 4)    (8, 6)    (6, 1)  (12, 9)   (11, 3)   (8, 9)    (8, 9)  (10, 10)   (8, 5)   (0, 10)
job_11   (6, 10)  (8, 10)  (13, 9)  (13, 8)   (13, 2)   (5, 7)   (2, 7)  (14, 5)  (13, 4)   (12, 7)   (13, 6)  (13, 9)    (7, 5)   (2, 4)    (4, 7)    (4, 1)  (14, 3)   (14, 5)
job_12   (14, 7)   (2, 7)   (6, 1)   (9, 7)    (0, 2)  (12, 6)   (4, 4)   (2, 1)  (1, 10)    (9, 7)    (2, 7)  (15, 7)    (4, 1)   (4, 1)   (12, 1)    (3, 9)  (15, 7)    (8, 2)
job_13   (12, 7)   (6, 2)  (10, 1)  (15, 9)   (15, 5)   (4, 4)   (8, 5)  (13, 5)  (15, 7)    (9, 6)   (11, 9)  (14, 3)   (14, 3)   (3, 7)   (13, 9)    (6, 5)   (7, 5)  (14, 10)
job_14    (5, 5)   (3, 9)   (9, 3)   (0, 8)    (3, 6)   (1, 1)   (4, 4)  (12, 2)  (14, 2)   (12, 2)    (4, 4)   (6, 8)    (4, 7)   (3, 7)    (9, 9)    (3, 5)  (14, 4)   (12, 2)
job_15   (10, 6)   (9, 4)  (11, 8)   (1, 6)   (10, 4)   (9, 5)   (8, 1)   (3, 3)  (10, 1)   (10, 8)   (13, 1)  (13, 8)    (6, 9)  (14, 4)    (2, 2)   (10, 4)   (8, 1)    (5, 6)
job_16    (9, 7)   (6, 5)   (0, 5)   (4, 7)    (8, 5)  (14, 7)   (0, 3)   (1, 9)  (10, 8)    (2, 1)   (11, 8)   (2, 9)    (6, 3)  (9, 10)    (2, 2)    (2, 3)   (7, 4)    (6, 9)
job_17   (11, 9)   (3, 7)   (2, 9)   (5, 4)   (11, 8)  (15, 6)   (8, 6)  (10, 2)   (4, 9)   (13, 1)    (8, 9)   (1, 1)  (14, 10)   (7, 9)  (10, 10)   (10, 1)   (5, 2)   (8, 10)
job_18   (14, 1)   (0, 8)  (15, 6)   (6, 7)    (7, 9)   (6, 6)  (11, 7)  (3, 10)   (5, 2)  (11, 10)    (2, 5)   (5, 7)   (15, 9)   (7, 5)    (7, 7)   (14, 1)  (14, 6)    (4, 7)


Solution:
Machine 0: job_18_task_1  job_16_task_2  job_14_task_3  job_16_task_6  job_12_task_4  job_7_task_8   job_8_task_7   job_1_task_7   job_6_task_11  job_0_task_16  job_10_task_17 job_0_task_17  
           [1,9]          [15,20]        [31,39]        [41,44]        [44,46]        [53,62]        [67,75]        [79,85]        [121,127]      [150,156]      [156,166]      [166,169]      
Machine 1: job_5_task_3   job_15_task_3  job_7_task_5   job_16_task_7  job_14_task_5  job_9_task_1   job_6_task_5   job_12_task_8  job_6_task_7   job_17_task_11 job_9_task_9   job_9_task_11  job_5_task_16  job_3_task_15  job_3_task_17  job_4_task_17  job_6_task_17  job_8_task_17  
           [15,19]        [19,25]        [28,37]        [44,53]        [57,58]        [61,66]        [70,71]        [71,81]        [81,90]        [91,92]        [113,122]      [124,126]      [132,138]      [138,140]      [151,159]      [159,164]      [164,166]      [166,167]      
Machine 2: job_12_task_1  job_17_task_2  job_7_task_3   job_6_task_2   job_0_task_2   job_0_task_3   job_4_task_3   job_6_task_3   job_16_task_9  job_12_task_7  job_11_task_6  job_9_task_3   job_16_task_11 job_18_task_10 job_16_task_14 job_16_task_15 job_5_task_14  job_11_task_13 job_3_task_12  job_15_task_14 job_12_task_10 job_7_task_16  
           [8,15]         [16,25]        [25,26]        [26,36]        [36,42]        [42,51]        [51,54]        [54,64]        [64,65]        [66,67]        [69,76]        [76,78]        [82,91]        [102,107]      [109,111]      [111,114]      [118,120]      [120,124]      [124,125]      [125,127]      [131,138]      [150,156]      
Machine 3: job_7_task_0   job_17_task_1  job_14_task_1  job_1_task_2   job_15_task_7  job_8_task_4   job_14_task_4  job_0_task_5   job_3_task_2   job_1_task_5   job_1_task_6   job_18_task_7  job_3_task_6   job_7_task_11  job_14_task_13 job_3_task_11  job_4_task_12  job_5_task_15  job_13_task_13 job_14_task_15 job_1_task_16  job_12_task_15 job_8_task_16  
           [0,4]          [9,16]         [16,25]        [34,39]        [39,42]        [44,51]        [51,57]        [57,64]        [64,68]        [68,76]        [76,79]        [80,90]        [90,93]        [93,103]       [103,110]      [119,124]      [124,127]      [127,132]      [133,140]      [140,145]      [146,149]      [151,160]      [160,166]      
Machine 4: job_1_task_0   job_16_task_3  job_1_task_3   job_13_task_5  job_12_task_6  job_14_task_6  job_17_task_8  job_14_task_10 job_9_task_5   job_14_task_12 job_8_task_10  job_6_task_9   job_8_task_11  job_6_task_10  job_11_task_14 job_7_task_12  job_11_task_15 job_1_task_14  job_7_task_15  job_12_task_12 job_12_task_13 job_18_task_17 job_9_task_16  job_9_task_17  
           [0,2]          [20,27]        [39,44]        [45,49]        [52,56]        [58,62]        [69,78]        [78,82]        [82,90]        [90,97]        [97,100]       [100,110]      [110,116]      [116,121]      [124,131]      [131,133]      [133,134]      [134,143]      [143,148]      [148,149]      [149,150]      [150,157]      [160,162]      [162,168]      
Machine 5: job_5_task_0   job_14_task_0  job_6_task_0   job_4_task_1   job_17_task_3  job_5_task_6   job_7_task_6   job_5_task_8   job_2_task_3   job_11_task_5  job_6_task_4   job_3_task_5   job_18_task_8  job_4_task_7   job_18_task_11 job_0_task_10  job_17_task_16 job_2_task_16  job_15_task_17 
           [0,7]          [7,12]         [12,18]        [18,27]        [27,31]        [31,39]        [39,47]        [47,49]        [57,59]        [62,69]        [69,70]        [88,90]        [90,92]        [92,102]       [107,114]      [115,122]      [131,133]      [160,162]      [162,168]      
Machine 6: job_11_task_0  job_16_task_1  job_4_task_0   job_2_task_0   job_12_task_2  job_7_task_4   job_13_task_1  job_1_task_1   job_8_task_2   job_18_task_3  job_1_task_4   job_3_task_1   job_9_task_0   job_2_task_4   job_18_task_5  job_3_task_3   job_9_task_2   job_10_task_10 job_14_task_11 job_16_task_12 job_3_task_8   job_0_task_7   job_15_task_12 job_9_task_12  job_0_task_15  job_2_task_13  job_13_task_15 job_2_task_15  job_16_task_17 
           [0,10]         [10,15]        [15,17]        [17,25]        [25,26]        [26,28]        [28,30]        [30,34]        [34,43]        [43,50]        [50,52]        [52,59]        [59,61]        [61,64]        [65,71]        [71,72]        [72,76]        [76,77]        [82,90]        [91,94]        [97,98]        [98,108]       [108,117]      [126,134]      [135,145]      [146,149]      [149,154]      [159,160]      [160,169]      
Machine 7: job_10_task_1  job_7_task_7   job_8_task_5   job_18_task_4  job_4_task_4   job_4_task_5   job_7_task_9   job_8_task_8   job_1_task_8   job_6_task_8   job_1_task_9   job_17_task_13 job_11_task_12 job_16_task_16 job_8_task_12  job_0_task_13  job_18_task_13 job_18_task_14 job_3_task_16  job_4_task_16  job_13_task_16 job_6_task_16  job_1_task_17  
           [1,5]          [47,53]        [53,56]        [56,65]        [65,67]        [67,76]        [76,78]        [78,86]        [86,90]        [90,97]        [97,101]       [102,111]      [111,116]      [116,120]      [120,126]      [126,129]      [129,134]      [134,141]      [141,151]      [151,154]      [154,159]      [159,164]      [164,169]      
Machine 8: job_10_task_2  job_11_task_1  job_8_task_1   job_16_task_4  job_4_task_2   job_15_task_6  job_5_task_7   job_10_task_6  job_13_task_6  job_2_task_2   job_10_task_8  job_17_task_6  job_10_task_9  job_3_task_4   job_17_task_10 job_2_task_9   job_9_task_8   job_1_task_11  job_1_task_12  job_10_task_13 job_10_task_14 job_4_task_15  job_8_task_14  job_10_task_16 job_15_task_16 job_17_task_17 job_12_task_17 
           [5,11]         [11,21]        [21,29]        [29,34]        [34,38]        [38,39]        [39,44]        [44,50]        [50,55]        [55,57]        [57,61]        [61,67]        [67,73]        [73,82]        [82,91]        [91,101]       [101,109]      [109,111]      [111,117]      [117,126]      [126,135]      [139,148]      [148,151]      [151,156]      [156,157]      [157,167]      [167,169]      
Machine 9: job_16_task_0  job_15_task_1  job_8_task_0   job_0_task_0   job_0_task_1   job_14_task_2  job_15_task_5  job_12_task_3  job_8_task_3   job_2_task_1   job_5_task_9   job_8_task_6   job_13_task_9  job_2_task_6   job_5_task_12  job_2_task_8   job_0_task_6   job_16_task_13 job_0_task_8   job_0_task_9   job_12_task_9  job_9_task_10  job_14_task_14 job_2_task_11  job_0_task_14  job_8_task_13  job_7_task_13  job_9_task_14  job_6_task_15  job_7_task_17  
           [0,7]          [7,11]         [11,14]        [14,24]        [24,28]        [28,31]        [31,36]        [36,43]        [43,44]        [44,53]        [53,58]        [58,67]        [67,73]        [73,75]        [75,82]        [82,88]        [88,98]        [98,108]       [108,112]      [112,115]      [115,122]      [122,123]      [123,132]      [132,133]      [133,134]      [134,138]      [138,141]      [141,151]      [151,159]      [159,169]      
Machine 10: job_15_task_0  job_15_task_4  job_13_task_2  job_15_task_8  job_15_task_9  job_10_task_7  job_16_task_8  job_5_task_10  job_17_task_7  job_4_task_6   job_7_task_10  job_3_task_7   job_17_task_14 job_4_task_11  job_6_task_12  job_17_task_15 job_15_task_15 job_10_task_15 job_1_task_15  
           [0,6]          [25,29]        [30,31]        [42,43]        [43,51]        [51,53]        [53,61]        [61,64]        [67,69]        [78,82]        [84,93]        [93,97]        [111,121]      [121,124]      [127,128]      [130,131]      [131,135]      [135,145]      [145,146]      
Machine 11: job_17_task_0  job_15_task_2  job_5_task_5   job_17_task_4  job_16_task_10 job_18_task_6  job_13_task_10 job_10_task_12 job_18_task_9  job_1_task_10  job_3_task_10  job_9_task_13  job_2_task_12  job_8_task_15  job_5_task_17  
           [0,9]          [11,19]        [29,31]        [31,39]        [65,73]        [73,80]        [80,89]        [89,92]        [92,102]       [102,109]      [109,119]      [134,136]      [136,146]      [151,153]      [160,169]      
Machine 12: job_10_task_0  job_13_task_0  job_5_task_1   job_10_task_5  job_12_task_5  job_14_task_7  job_14_task_9  job_6_task_6   job_9_task_4   job_10_task_11 job_11_task_9  job_4_task_14  job_7_task_14  job_12_task_14 job_9_task_15  job_14_task_17 
           [0,1]          [1,8]          [8,11]         [36,43]        [46,52]        [62,64]        [68,70]        [71,78]        [78,80]        [80,89]        [89,96]        [130,139]      [141,143]      [150,151]      [152,156]      [159,161]      
Machine 13: job_3_task_0   job_5_task_2   job_5_task_4   job_10_task_4  job_11_task_2  job_11_task_3  job_13_task_7  job_11_task_4  job_15_task_10 job_5_task_11  job_15_task_11 job_17_task_9  job_11_task_8  job_8_task_9   job_11_task_10 job_11_task_11 job_4_task_9   job_4_task_10  job_0_task_12  job_4_task_13  job_13_task_14 job_2_task_14  job_2_task_17  
           [0,10]         [11,15]        [19,29]        [30,36]        [36,45]        [47,55]        [55,60]        [60,62]        [63,64]        [64,72]        [72,80]        [80,81]        [82,86]        [86,96]        [96,102]       [102,111]      [111,113]      [113,118]      [123,125]      [127,130]      [140,149]      [149,159]      [162,167]      
Machine 14: job_18_task_0  job_12_task_0  job_6_task_1   job_16_task_5  job_0_task_4   job_14_task_8  job_2_task_5   job_11_task_7  job_5_task_13  job_17_task_12 job_4_task_8   job_13_task_11 job_13_task_12 job_15_task_13 job_0_task_11  job_3_task_13  job_6_task_13  job_6_task_14  job_11_task_16 job_18_task_15 job_18_task_16 job_11_task_17 job_14_task_16 job_13_task_17 
           [0,1]          [1,8]          [18,24]        [34,41]        [51,57]        [66,68]        [68,71]        [76,81]        [82,91]        [92,102]       [102,111]      [111,114]      [114,117]      [117,121]      [122,123]      [125,128]      [128,134]      [134,140]      [140,143]      [143,144]      [144,150]      [150,155]      [155,159]      [159,169]      
Machine 15: job_7_task_1   job_10_task_3  job_7_task_2   job_18_task_2  job_13_task_3  job_13_task_4  job_17_task_5  job_13_task_8  job_2_task_7   job_9_task_6   job_9_task_7   job_3_task_9   job_2_task_10  job_18_task_12 job_1_task_13  job_3_task_14  job_12_task_11 job_12_task_16 
           [4,11]         [11,19]        [19,25]        [25,31]        [31,40]        [40,45]        [45,51]        [60,67]        [75,76]        [92,96]        [96,98]        [98,105]       [105,114]      [114,123]      [123,128]      [128,136]      [138,145]      [160,167]      
Optimal Schedule Length: 169.0
Total (Unoptimized Schedule Length): 1847
Statistics
  - conflicts: 0
  - branches : 45
  - wall time: 21.992328165s