
Problem
         task_0   task_1   task_2   task_3   task_4   task_5   task_6   task_7   task_8  task_9  task_10  task_11  task_12  task_13
job_0    (2, 6)  (0, 10)   (0, 9)   (1, 5)   (0, 5)   (0, 4)   (2, 3)  (0, 10)   (2, 2)  (0, 6)   (2, 4)   (1, 5)   (2, 7)   (2, 2)
job_1    (0, 9)   (2, 5)   (1, 9)  (1, 10)   (2, 6)   (0, 3)   (1, 9)   (1, 2)   (2, 9)  (1, 6)   (2, 1)   (1, 7)   (0, 1)   (0, 1)
job_2    (0, 1)   (1, 4)   (2, 6)   (2, 6)   (2, 7)   (0, 7)  (1, 10)   (0, 5)   (1, 8)  (0, 9)   (0, 8)   (0, 1)   (1, 2)   (1, 9)
job_3   (2, 10)   (0, 6)   (2, 6)   (2, 1)   (2, 3)   (1, 9)   (0, 2)   (2, 2)   (1, 1)  (1, 8)   (0, 8)   (0, 3)   (1, 5)   (1, 2)
job_4   (2, 10)   (0, 9)   (2, 4)   (0, 7)   (0, 6)   (0, 6)   (0, 8)   (2, 7)  (1, 10)  (0, 9)   (2, 5)   (1, 2)   (2, 7)   (0, 3)
job_5   (1, 10)   (1, 6)   (0, 4)   (1, 8)   (2, 8)   (2, 7)   (1, 4)   (1, 1)   (0, 7)  (2, 2)   (1, 7)   (0, 6)   (1, 2)   (1, 9)
job_6    (0, 7)   (0, 4)   (2, 9)   (2, 1)   (1, 1)   (1, 7)   (1, 9)   (1, 1)   (0, 6)  (2, 3)   (2, 7)   (2, 2)   (2, 9)  (0, 10)
job_7    (1, 8)   (1, 9)   (2, 3)   (2, 1)   (1, 7)   (1, 7)   (2, 9)   (0, 3)   (0, 3)  (2, 8)   (0, 1)   (0, 6)  (0, 10)   (0, 6)
job_8    (1, 5)   (2, 4)  (1, 10)  (1, 10)   (0, 2)   (0, 9)   (2, 2)   (2, 1)   (0, 8)  (0, 9)   (2, 1)   (0, 8)   (2, 3)   (2, 4)
job_9    (0, 5)   (2, 4)   (1, 4)   (2, 8)   (2, 3)  (2, 10)   (0, 8)   (0, 7)   (2, 6)  (2, 8)  (0, 10)   (2, 7)   (2, 7)   (2, 8)
job_10   (1, 8)   (0, 8)   (0, 5)   (2, 5)  (1, 10)   (2, 9)   (2, 4)   (0, 1)   (1, 3)  (2, 6)   (2, 4)   (2, 3)   (1, 3)   (0, 2)
job_11   (2, 4)   (1, 7)   (1, 2)   (1, 5)   (1, 5)   (1, 8)   (2, 5)   (1, 7)  (1, 10)  (1, 4)   (1, 2)  (1, 10)   (2, 6)   (2, 1)
job_12   (2, 4)   (0, 6)   (2, 7)   (0, 6)   (1, 9)   (0, 2)   (0, 9)   (0, 7)   (2, 4)  (0, 2)   (1, 8)   (0, 8)   (2, 3)   (1, 9)
job_13   (1, 3)   (2, 7)   (0, 6)   (2, 4)   (2, 3)   (0, 2)   (2, 5)  (2, 10)  (1, 10)  (2, 8)   (0, 7)   (0, 8)   (0, 2)  (2, 10)
job_14   (1, 5)   (0, 2)   (0, 1)   (0, 4)   (2, 5)   (1, 7)   (0, 6)   (0, 8)   (1, 6)  (2, 9)   (1, 7)   (1, 8)   (2, 2)   (0, 5)
job_15   (2, 5)   (1, 8)   (1, 7)   (0, 7)   (2, 1)  (2, 10)   (2, 6)   (0, 9)   (0, 7)  (0, 6)   (0, 4)   (0, 8)   (1, 9)   (1, 9)
job_16   (0, 8)   (0, 9)   (1, 5)   (1, 5)  (2, 10)  (2, 10)  (0, 10)   (0, 3)   (1, 4)  (2, 8)   (1, 7)  (2, 10)   (1, 2)   (2, 1)


Solution:
Machine 0: job_9_task_0   job_16_task_0  job_16_task_1  job_2_task_0   job_4_task_1   job_12_task_1  job_1_task_0   job_15_task_3  job_6_task_0   job_13_task_2  job_0_task_1   job_14_task_1  job_4_task_3   job_6_task_1   job_14_task_2  job_14_task_3  job_12_task_3  job_5_task_2   job_4_task_4   job_10_task_1  job_0_task_2   job_13_task_5  job_9_task_6   job_2_task_5   job_4_task_5   job_3_task_1   job_10_task_2  job_9_task_7   job_12_task_5  job_15_task_7  job_14_task_6  job_4_task_6   job_12_task_6  job_0_task_4   job_8_task_4   job_14_task_7  job_8_task_5   job_16_task_6  job_0_task_5   job_15_task_8  job_2_task_7   job_12_task_7  job_1_task_5   job_7_task_7   job_6_task_8   job_15_task_9  job_0_task_7   job_16_task_7  job_7_task_8   job_8_task_8   job_5_task_8   job_9_task_10  job_3_task_6   job_12_task_9  job_15_task_10 job_2_task_9   job_13_task_10 job_15_task_11 job_4_task_9   job_8_task_9   job_0_task_9   job_7_task_10  job_10_task_7  job_7_task_11  job_13_task_11 job_2_task_10  job_12_task_11 job_3_task_10  job_5_task_11  job_7_task_12  job_8_task_11  job_2_task_11  job_13_task_12 job_3_task_11  job_6_task_13  job_7_task_13  job_14_task_13 job_4_task_13  job_1_task_12  job_10_task_13 job_1_task_13  
           [0,5]          [5,13]         [13,22]        [22,23]        [23,32]        [32,38]        [38,47]        [47,54]        [54,61]        [61,67]        [67,77]        [77,79]        [79,86]        [86,90]        [90,91]        [91,95]        [95,101]       [101,105]      [105,111]      [111,119]      [119,128]      [128,130]      [130,138]      [138,145]      [145,151]      [151,157]      [157,162]      [162,169]      [169,171]      [171,180]      [180,186]      [186,194]      [194,203]      [203,208]      [208,210]      [210,218]      [218,227]      [227,237]      [237,241]      [241,248]      [248,253]      [253,260]      [260,263]      [263,266]      [266,272]      [272,278]      [278,288]      [288,291]      [291,294]      [294,302]      [302,309]      [309,319]      [319,321]      [321,323]      [323,327]      [327,336]      [336,343]      [343,351]      [351,360]      [360,369]      [369,375]      [375,376]      [376,377]      [377,383]      [383,391]      [391,399]      [399,407]      [407,415]      [415,421]      [421,431]      [431,439]      [439,440]      [440,442]      [442,445]      [445,455]      [455,461]      [461,466]      [466,469]      [469,470]      [470,472]      [472,473]      
Machine 1: job_13_task_0  job_7_task_0   job_15_task_1  job_9_task_2   job_15_task_2  job_2_task_1   job_5_task_0   job_8_task_0   job_16_task_2  job_14_task_0  job_7_task_1   job_11_task_1  job_5_task_1   job_10_task_0  job_16_task_3  job_8_task_2   job_11_task_2  job_1_task_2   job_11_task_3  job_5_task_3   job_12_task_4  job_11_task_4  job_8_task_3   job_1_task_3   job_7_task_4   job_14_task_5  job_6_task_4   job_6_task_5   job_0_task_3   job_7_task_5   job_11_task_5  job_2_task_6   job_6_task_6   job_13_task_8  job_10_task_4  job_11_task_7  job_3_task_5   job_6_task_7   job_5_task_6   job_14_task_8  job_2_task_8   job_1_task_6   job_4_task_8   job_5_task_7   job_11_task_8  job_16_task_8  job_1_task_7   job_11_task_9  job_14_task_10 job_12_task_10 job_3_task_8   job_3_task_9   job_5_task_10  job_16_task_10 job_11_task_10 job_15_task_12 job_11_task_11 job_10_task_8  job_1_task_9   job_14_task_11 job_0_task_11  job_4_task_11  job_1_task_11  job_15_task_13 job_12_task_13 job_5_task_12  job_5_task_13  job_10_task_12 job_2_task_12  job_2_task_13  job_3_task_12  job_16_task_12 job_3_task_13  
           [0,3]          [3,11]         [11,19]        [19,23]        [23,30]        [30,34]        [34,44]        [44,49]        [49,54]        [54,59]        [59,68]        [68,75]        [75,81]        [81,89]        [89,94]        [94,104]       [104,106]      [106,115]      [115,120]      [120,128]      [128,137]      [137,142]      [142,152]      [152,162]      [162,169]      [169,176]      [176,177]      [177,184]      [184,189]      [189,196]      [196,204]      [204,214]      [214,223]      [223,233]      [233,243]      [243,250]      [250,259]      [259,260]      [260,264]      [264,270]      [270,278]      [278,287]      [287,297]      [297,298]      [298,308]      [308,312]      [312,314]      [314,318]      [318,325]      [325,333]      [333,334]      [334,342]      [342,349]      [349,356]      [356,358]      [358,367]      [367,377]      [377,380]      [380,386]      [386,394]      [394,399]      [399,401]      [401,408]      [408,417]      [417,426]      [426,428]      [428,437]      [437,440]      [440,442]      [442,451]      [451,456]      [456,458]      [458,460]      
Machine 2: job_15_task_0  job_4_task_0   job_9_task_1   job_12_task_0  job_13_task_1  job_9_task_3   job_0_task_0   job_2_task_2   job_11_task_0  job_9_task_4   job_4_task_2   job_12_task_2  job_2_task_3   job_8_task_1   job_9_task_5   job_15_task_4  job_13_task_3  job_1_task_1   job_15_task_5  job_2_task_4   job_3_task_0   job_13_task_4  job_6_task_2   job_16_task_4  job_7_task_2   job_14_task_4  job_7_task_3   job_13_task_6  job_15_task_6  job_6_task_3   job_13_task_7  job_16_task_5  job_5_task_4   job_10_task_3  job_3_task_2   job_9_task_8   job_7_task_6   job_11_task_6  job_1_task_4   job_5_task_5   job_3_task_3   job_3_task_4   job_4_task_7   job_9_task_9   job_0_task_6   job_8_task_6   job_13_task_9  job_10_task_5  job_8_task_7   job_12_task_8  job_6_task_9   job_14_task_9  job_7_task_9   job_6_task_10  job_16_task_9  job_3_task_7   job_0_task_8   job_5_task_9   job_10_task_6  job_1_task_8   job_9_task_11  job_6_task_11  job_6_task_12  job_9_task_12  job_4_task_10  job_8_task_10  job_16_task_11 job_0_task_10  job_10_task_9  job_10_task_10 job_1_task_10  job_10_task_11 job_0_task_12  job_4_task_12  job_12_task_12 job_9_task_13  job_14_task_12 job_11_task_12 job_0_task_13  job_11_task_13 job_8_task_12  job_13_task_13 job_8_task_13  job_16_task_13 
           [0,5]          [5,15]         [15,19]        [19,23]        [23,30]        [30,38]        [38,44]        [44,50]        [50,54]        [54,57]        [57,61]        [61,68]        [68,74]        [74,78]        [78,88]        [88,89]        [89,93]        [93,98]        [98,108]       [108,115]      [115,125]      [125,128]      [128,137]      [137,147]      [147,150]      [150,155]      [155,156]      [156,161]      [161,167]      [167,168]      [168,178]      [178,188]      [188,196]      [196,201]      [201,207]      [207,213]      [213,222]      [222,227]      [227,233]      [233,240]      [240,241]      [241,244]      [244,251]      [251,259]      [259,262]      [262,264]      [264,272]      [272,281]      [281,282]      [282,286]      [286,289]      [289,298]      [298,306]      [306,313]      [313,321]      [321,323]      [323,325]      [325,327]      [327,331]      [331,340]      [340,347]      [347,349]      [349,358]      [358,365]      [365,370]      [370,371]      [371,381]      [381,385]      [385,391]      [391,395]      [395,396]      [396,399]      [399,406]      [406,413]      [413,416]      [416,424]      [424,426]      [426,432]      [432,434]      [434,435]      [439,442]      [442,452]      [452,456]      [458,459]      
Optimal Schedule Length: 473.0
Total (Unoptimized Schedule Length): 1386
Statistics
  - conflicts: 1
  - branches : 239
  - wall time: 0.08435479400000001s