
Problem
         task_0   task_1   task_2   task_3   task_4   task_5   task_6  task_7   task_8   task_9  task_10  task_11  task_12  task_13  task_14 task_15
job_0   (2, 10)   (0, 3)   (2, 9)   (0, 1)   (0, 1)   (0, 3)   (1, 4)  (2, 4)   (1, 9)  (0, 10)   (0, 4)   (1, 6)   (2, 8)   (1, 7)   (1, 9)  (0, 4)
job_1    (2, 5)   (1, 8)   (2, 4)   (2, 3)  (2, 10)   (2, 2)   (0, 4)  (2, 2)   (1, 8)  (0, 10)   (1, 6)   (2, 6)   (1, 8)   (2, 6)   (2, 1)  (1, 7)
job_2    (1, 7)  (1, 10)   (2, 5)   (2, 9)  (2, 10)  (2, 10)   (2, 2)  (2, 7)   (0, 8)  (1, 10)   (2, 5)   (2, 5)   (0, 7)  (1, 10)   (1, 1)  (1, 4)
job_3    (1, 5)   (2, 5)   (0, 7)   (1, 2)   (2, 9)   (0, 7)   (1, 2)  (1, 1)   (0, 5)  (2, 10)  (0, 10)   (0, 8)  (2, 10)   (2, 7)  (2, 10)  (1, 9)
job_4   (0, 10)   (1, 9)   (0, 7)   (1, 1)  (2, 10)   (2, 3)   (2, 5)  (2, 3)   (2, 1)   (0, 7)   (2, 5)   (1, 1)   (0, 6)   (2, 9)   (0, 6)  (1, 4)
job_5   (1, 10)  (0, 10)   (1, 6)   (2, 9)   (2, 7)   (0, 8)  (1, 10)  (1, 1)   (2, 2)   (2, 6)   (1, 7)   (1, 6)   (1, 6)   (1, 6)  (2, 10)  (2, 5)
job_6    (2, 6)   (0, 6)   (0, 5)   (2, 8)   (2, 9)   (0, 4)   (2, 6)  (1, 9)   (0, 9)  (0, 10)   (1, 2)   (1, 9)   (2, 9)   (2, 7)   (1, 6)  (1, 6)
job_7    (0, 1)   (0, 7)   (1, 1)   (0, 1)   (1, 7)   (1, 9)  (0, 10)  (1, 2)   (0, 3)   (0, 3)   (0, 7)  (1, 10)   (2, 3)   (0, 4)   (0, 1)  (2, 1)
job_8   (2, 10)   (2, 7)   (2, 9)  (0, 10)   (2, 8)   (0, 4)   (2, 9)  (1, 7)   (2, 3)   (2, 7)   (0, 2)   (0, 3)   (2, 2)   (0, 3)   (2, 5)  (1, 5)
job_9    (2, 3)   (0, 1)   (1, 7)   (2, 4)   (2, 4)   (0, 4)   (2, 2)  (0, 3)   (1, 4)   (2, 1)   (1, 6)   (1, 2)   (1, 2)  (0, 10)   (0, 2)  (2, 1)
job_10   (2, 3)   (0, 5)  (0, 10)   (2, 2)   (0, 1)   (0, 9)   (2, 1)  (2, 3)   (2, 9)  (0, 10)   (1, 2)   (2, 5)   (2, 2)   (2, 2)  (0, 10)  (1, 2)
job_11   (0, 5)   (2, 7)   (1, 3)  (1, 10)   (0, 6)   (2, 6)   (1, 6)  (2, 3)  (0, 10)   (1, 6)   (2, 8)   (0, 5)  (0, 10)   (2, 7)   (0, 8)  (0, 9)


Solution:
Machine 0: job_11_task_0  job_4_task_0   job_6_task_1   job_6_task_2   job_5_task_1   job_3_task_2   job_7_task_0   job_7_task_1   job_11_task_4  job_0_task_1   job_4_task_2   job_7_task_3   job_3_task_5   job_6_task_5   job_7_task_6   job_3_task_8   job_7_task_8   job_7_task_9   job_0_task_3   job_0_task_4   job_0_task_5   job_7_task_10  job_8_task_3   job_10_task_1  job_10_task_2  job_5_task_5   job_6_task_8   job_11_task_8  job_3_task_10  job_1_task_6   job_6_task_9   job_10_task_4  job_10_task_5  job_8_task_5   job_9_task_1   job_2_task_8   job_0_task_9   job_3_task_11  job_1_task_9   job_11_task_11 job_0_task_10  job_11_task_12 job_10_task_9  job_4_task_9   job_9_task_5   job_4_task_12  job_9_task_7   job_2_task_12  job_8_task_10  job_8_task_11  job_0_task_15  job_11_task_14 job_9_task_13  job_11_task_15 job_4_task_14  job_9_task_14  job_8_task_13  job_10_task_14 job_7_task_13  job_7_task_14  
           [0,5]          [5,15]         [15,21]        [21,26]        [26,36]        [36,43]        [43,44]        [44,51]        [51,57]        [57,60]        [62,69]        [71,72]        [74,81]        [83,87]        [88,98]        [98,103]       [103,106]      [106,109]      [109,110]      [110,111]      [111,114]      [114,121]      [137,147]      [147,152]      [152,162]      [162,170]      [170,179]      [179,189]      [189,199]      [199,203]      [203,213]      [213,214]      [214,223]      [223,227]      [227,228]      [228,236]      [236,246]      [246,254]      [254,264]      [264,269]      [269,273]      [273,283]      [283,293]      [293,300]      [300,304]      [308,314]      [314,317]      [340,347]      [347,349]      [349,352]      [352,356]      [362,370]      [370,380]      [380,389]      [389,395]      [395,397]      [397,400]      [409,419]      [424,428]      [428,429]      
Machine 1: job_2_task_0   job_5_task_0   job_3_task_0   job_2_task_1   job_11_task_2  job_11_task_3  job_3_task_3   job_5_task_2   job_4_task_1   job_1_task_1   job_7_task_2   job_4_task_3   job_7_task_4   job_7_task_5   job_3_task_6   job_3_task_7   job_7_task_7   job_0_task_6   job_7_task_11  job_11_task_6  job_6_task_7   job_5_task_6   job_5_task_7   job_11_task_9  job_0_task_8   job_6_task_10  job_6_task_11  job_9_task_2   job_1_task_8   job_2_task_9   job_5_task_10  job_5_task_11  job_8_task_7   job_1_task_10  job_0_task_11  job_5_task_12  job_5_task_13  job_10_task_10 job_4_task_11  job_9_task_8   job_1_task_12  job_0_task_13  job_0_task_14  job_2_task_13  job_9_task_10  job_9_task_11  job_9_task_12  job_2_task_14  job_2_task_15  job_6_task_14  job_6_task_15  job_3_task_15  job_4_task_15  job_1_task_15  job_8_task_15  job_10_task_15 
           [0,7]          [7,17]         [17,22]        [22,32]        [32,35]        [35,45]        [45,47]        [47,53]        [53,62]        [62,70]        [70,71]        [71,72]        [72,79]        [79,88]        [88,90]        [90,91]        [98,100]       [114,118]      [121,131]      [131,137]      [156,165]      [170,180]      [180,181]      [189,195]      [195,204]      [213,215]      [215,224]      [228,235]      [235,243]      [243,253]      [254,261]      [261,267]      [267,274]      [274,280]      [280,286]      [286,292]      [292,298]      [298,300]      [307,308]      [317,321]      [321,329]      [329,336]      [336,345]      [347,357]      [357,363]      [363,365]      [365,367]      [367,368]      [368,372]      [374,380]      [380,386]      [393,402]      [402,406]      [416,423]      [423,428]      [428,430]      
Machine 2: job_6_task_0   job_11_task_1  job_8_task_0   job_3_task_1   job_6_task_3   job_2_task_2   job_0_task_0   job_1_task_0   job_2_task_3   job_3_task_4   job_6_task_4   job_8_task_1   job_5_task_3   job_0_task_2   job_2_task_4   job_11_task_5  job_1_task_2   job_8_task_2   job_10_task_0  job_5_task_4   job_1_task_3   job_6_task_6   job_1_task_4   job_2_task_5   job_11_task_7  job_3_task_9   job_0_task_7   job_1_task_5   job_4_task_4   job_2_task_6   job_10_task_3  job_8_task_4   job_2_task_7   job_9_task_0   job_1_task_7   job_4_task_5   job_5_task_8   job_4_task_6   job_11_task_10 job_10_task_6  job_5_task_9   job_8_task_6   job_10_task_7  job_9_task_3   job_4_task_7   job_10_task_8  job_9_task_4   job_4_task_8   job_3_task_12  job_2_task_10  job_4_task_10  job_9_task_6   job_8_task_8   job_1_task_11  job_0_task_12  job_6_task_12  job_2_task_11  job_8_task_9   job_3_task_13  job_9_task_9   job_11_task_13 job_10_task_11 job_6_task_13  job_4_task_13  job_3_task_14  job_10_task_12 job_8_task_12  job_5_task_14  job_10_task_13 job_1_task_13  job_1_task_14  job_8_task_14  job_7_task_12  job_5_task_15  job_9_task_15  job_7_task_15  
           [0,6]          [6,13]         [13,23]        [23,28]        [28,36]        [36,41]        [41,51]        [51,56]        [56,65]        [65,74]        [74,83]        [83,90]        [90,99]        [99,108]       [108,118]      [118,124]      [124,128]      [128,137]      [137,140]      [140,147]      [147,150]      [150,156]      [156,166]      [166,176]      [176,179]      [179,189]      [189,193]      [193,195]      [195,205]      [205,207]      [207,209]      [209,217]      [217,224]      [224,227]      [227,229]      [229,232]      [232,234]      [234,239]      [239,247]      [247,248]      [248,254]      [254,263]      [263,266]      [266,270]      [270,273]      [273,282]      [282,286]      [286,287]      [287,297]      [297,302]      [302,307]      [307,309]      [309,312]      [312,318]      [318,326]      [326,335]      [335,340]      [340,347]      [347,354]      [354,355]      [355,362]      [362,367]      [367,374]      [374,383]      [383,393]      [393,395]      [395,397]      [397,407]      [407,409]      [409,415]      [415,416]      [416,421]      [421,424]      [424,429]      [429,430]      [430,431]      
Optimal Schedule Length: 431.0
Total (Unoptimized Schedule Length): 1111
Statistics
  - conflicts: 0
  - branches : 183
  - wall time: 0.213172928s