
Problem
         task_0   task_1   task_2  task_3   task_4   task_5   task_6   task_7   task_8   task_9  task_10 task_11 task_12 task_13  task_14
job_0    (0, 6)   (1, 8)   (3, 2)  (2, 7)   (2, 1)  (1, 10)   (2, 8)   (1, 8)   (1, 6)   (2, 2)   (2, 5)  (2, 8)  (0, 3)  (0, 9)   (1, 4)
job_1    (1, 9)   (2, 3)   (0, 5)  (3, 8)   (1, 8)   (0, 2)   (2, 5)   (2, 5)   (3, 8)   (3, 9)   (0, 8)  (0, 7)  (3, 2)  (0, 4)   (2, 9)
job_2    (0, 1)   (1, 5)   (0, 6)  (0, 3)   (2, 1)   (1, 1)   (0, 2)  (2, 10)   (1, 5)   (0, 2)  (1, 10)  (1, 9)  (3, 9)  (0, 2)   (2, 1)
job_3    (2, 8)   (0, 4)   (0, 7)  (0, 8)   (1, 3)   (1, 9)   (2, 3)   (2, 2)   (0, 7)  (0, 10)   (3, 9)  (0, 1)  (1, 5)  (2, 1)   (3, 6)
job_4   (0, 10)  (0, 10)   (3, 6)  (0, 7)   (3, 1)   (0, 9)   (0, 4)   (2, 3)   (3, 2)   (3, 2)   (3, 7)  (2, 1)  (2, 3)  (2, 2)   (0, 5)
job_5    (2, 2)   (3, 3)  (0, 10)  (1, 9)   (1, 2)   (3, 8)   (2, 8)  (1, 10)   (1, 8)   (2, 5)   (3, 2)  (0, 2)  (1, 7)  (2, 3)   (2, 2)
job_6    (0, 8)   (0, 9)   (2, 1)  (0, 7)   (3, 1)   (0, 3)   (2, 6)   (2, 2)   (0, 7)   (2, 7)   (3, 8)  (2, 1)  (1, 2)  (2, 3)   (0, 4)
job_7    (0, 8)   (2, 8)   (2, 5)  (0, 5)  (1, 10)   (3, 8)   (0, 5)   (0, 9)   (1, 6)   (2, 3)   (0, 5)  (2, 1)  (3, 5)  (1, 7)   (2, 5)
job_8    (2, 5)   (0, 6)   (0, 1)  (1, 7)   (2, 4)   (2, 7)  (1, 10)   (0, 7)   (3, 3)   (0, 7)   (1, 1)  (1, 8)  (0, 2)  (3, 1)   (1, 6)
job_9   (2, 10)   (0, 3)  (2, 10)  (3, 2)   (2, 4)   (0, 3)   (2, 5)   (0, 5)   (0, 4)   (1, 2)   (3, 7)  (1, 3)  (3, 6)  (0, 8)   (3, 6)
job_10   (1, 1)   (1, 7)  (0, 10)  (0, 1)   (1, 8)   (3, 8)   (3, 8)   (2, 8)   (3, 6)   (3, 3)  (2, 10)  (1, 9)  (2, 3)  (2, 9)   (2, 5)
job_11   (1, 7)   (3, 8)   (1, 3)  (0, 3)   (0, 8)   (0, 3)   (1, 3)   (3, 9)   (2, 5)   (2, 8)   (2, 8)  (2, 8)  (3, 5)  (0, 8)   (1, 2)
job_12   (3, 1)   (1, 2)   (3, 2)  (2, 9)   (3, 5)   (3, 4)   (1, 1)   (3, 7)  (3, 10)   (3, 2)   (2, 2)  (0, 9)  (1, 7)  (1, 3)  (2, 10)
job_13   (1, 4)   (0, 5)   (2, 1)  (1, 8)   (1, 6)   (0, 8)   (2, 2)  (3, 10)   (1, 8)   (2, 3)   (3, 2)  (3, 8)  (3, 6)  (2, 6)   (2, 1)
job_14   (2, 9)   (3, 3)   (1, 6)  (1, 7)   (2, 1)   (0, 6)   (0, 4)   (3, 6)   (1, 5)   (1, 7)   (1, 1)  (0, 7)  (3, 6)  (0, 9)   (3, 6)
job_15   (2, 8)   (2, 7)  (2, 10)  (0, 3)   (0, 7)  (3, 10)   (0, 4)   (3, 9)   (0, 6)   (2, 5)   (2, 2)  (3, 5)  (1, 9)  (3, 7)   (2, 4)


Solution:
Machine 0: job_7_task_0   job_10_task_2  job_0_task_0   job_10_task_3  job_3_task_1   job_1_task_2   job_4_task_0   job_13_task_1  job_5_task_2   job_15_task_3  job_3_task_2   job_11_task_3  job_8_task_1   job_7_task_3   job_6_task_0   job_9_task_1   job_15_task_4  job_2_task_0   job_11_task_4  job_8_task_2   job_3_task_3   job_4_task_1   job_2_task_2   job_6_task_1   job_1_task_5   job_11_task_5  job_14_task_5  job_2_task_3   job_13_task_5  job_14_task_6  job_15_task_6  job_6_task_3   job_2_task_6   job_9_task_5   job_7_task_6   job_4_task_3   job_6_task_5   job_9_task_7   job_7_task_7   job_3_task_8   job_15_task_8  job_4_task_5   job_9_task_8   job_8_task_7   job_2_task_9   job_6_task_8   job_3_task_9   job_1_task_10  job_4_task_6   job_12_task_11 job_14_task_11 job_8_task_9   job_7_task_10  job_1_task_11  job_0_task_12  job_14_task_13 job_5_task_11  job_9_task_13  job_3_task_11  job_1_task_13  job_0_task_13  job_11_task_13 job_8_task_12  job_6_task_14  job_2_task_13  job_4_task_14  
           [0,8]          [8,18]         [18,24]        [24,25]        [25,29]        [29,34]        [34,44]        [44,49]        [49,59]        [59,62]        [62,69]        [69,72]        [72,78]        [78,83]        [83,91]        [91,94]        [94,101]       [101,102]      [102,110]      [110,111]      [111,119]      [119,129]      [129,135]      [135,144]      [144,146]      [146,149]      [149,155]      [155,158]      [158,166]      [166,170]      [170,174]      [174,181]      [181,183]      [183,186]      [186,191]      [191,198]      [198,201]      [201,206]      [206,215]      [215,222]      [222,228]      [228,237]      [237,241]      [241,248]      [248,250]      [250,257]      [257,267]      [267,275]      [275,279]      [279,288]      [288,295]      [295,302]      [302,307]      [307,314]      [314,317]      [317,326]      [326,328]      [328,336]      [336,337]      [337,341]      [341,350]      [350,358]      [358,360]      [360,364]      [364,366]      [366,371]      
Machine 1: job_10_task_0  job_10_task_1  job_1_task_0   job_11_task_0  job_0_task_1   job_13_task_0  job_10_task_4  job_12_task_1  job_11_task_2  job_14_task_2  job_1_task_4   job_5_task_3   job_14_task_3  job_5_task_4   job_13_task_3  job_7_task_4   job_0_task_5   job_2_task_1   job_8_task_3   job_13_task_4  job_3_task_4   job_3_task_5   job_12_task_6  job_0_task_7   job_11_task_6  job_8_task_6   job_2_task_5   job_5_task_7   job_0_task_8   job_5_task_8   job_14_task_8  job_14_task_9  job_2_task_8   job_13_task_8  job_14_task_10 job_10_task_11 job_7_task_8   job_9_task_9   job_15_task_12 job_2_task_10  job_9_task_11  job_2_task_11  job_12_task_12 job_12_task_13 job_6_task_12  job_8_task_10  job_8_task_11  job_7_task_13  job_5_task_12  job_3_task_12  job_0_task_14  job_11_task_14 job_8_task_14  
           [0,1]          [1,8]          [8,17]         [17,24]        [24,32]        [32,36]        [36,44]        [44,46]        [46,49]        [49,55]        [55,63]        [63,72]        [72,79]        [79,81]        [83,91]        [91,101]       [101,111]      [111,116]      [116,123]      [123,129]      [129,132]      [132,141]      [141,142]      [142,150]      [150,153]      [153,163]      [163,164]      [164,174]      [174,180]      [180,188]      [188,193]      [193,200]      [200,205]      [205,213]      [213,214]      [214,223]      [223,229]      [241,243]      [243,252]      [252,262]      [262,265]      [265,274]      [288,295]      [295,298]      [298,300]      [302,303]      [303,311]      [320,327]      [328,335]      [337,342]      [350,354]      [358,360]      [361,367]      
Machine 2: job_15_task_0  job_15_task_1  job_3_task_0   job_1_task_1   job_14_task_0  job_7_task_1   job_5_task_0   job_15_task_2  job_9_task_0   job_8_task_0   job_7_task_2   job_0_task_3   job_13_task_2  job_12_task_3  job_0_task_4   job_14_task_4  job_9_task_2   job_10_task_7  job_0_task_6   job_9_task_4   job_8_task_4   job_8_task_5   job_5_task_6   job_3_task_6   job_1_task_6   job_6_task_2   job_1_task_7   job_3_task_7   job_2_task_4   job_10_task_10 job_13_task_6  job_11_task_8  job_11_task_9  job_2_task_7   job_9_task_6   job_0_task_9   job_6_task_6   job_6_task_7   job_11_task_10 job_12_task_10 job_0_task_10  job_13_task_9  job_15_task_9  job_15_task_10 job_7_task_9   job_0_task_11  job_11_task_11 job_5_task_9   job_6_task_9   job_10_task_12 job_10_task_13 job_13_task_13 job_4_task_7   job_10_task_14 job_6_task_11  job_13_task_14 job_12_task_14 job_7_task_11  job_4_task_11  job_4_task_12  job_4_task_13  job_6_task_13  job_7_task_14  job_15_task_14 job_5_task_13  job_5_task_14  job_1_task_14  job_3_task_13  job_2_task_14  
           [0,8]          [8,15]         [15,23]        [23,26]        [26,35]        [35,43]        [43,45]        [45,55]        [55,65]        [65,70]        [70,75]        [75,82]        [82,83]        [83,92]        [92,93]        [93,94]        [94,104]       [104,112]      [112,120]      [120,124]      [124,128]      [128,135]      [135,143]      [143,146]      [146,151]      [151,152]      [152,157]      [157,159]      [159,160]      [160,170]      [170,172]      [172,177]      [177,185]      [185,195]      [195,200]      [200,202]      [202,208]      [208,210]      [210,218]      [218,220]      [220,225]      [225,228]      [228,233]      [233,235]      [235,238]      [238,246]      [246,254]      [254,259]      [259,266]      [266,269]      [269,278]      [278,284]      [284,287]      [287,292]      [292,293]      [293,294]      [298,308]      [308,309]      [309,310]      [310,313]      [313,315]      [315,318]      [327,332]      [332,336]      [336,339]      [339,341]      [341,350]      [350,351]      [366,367]      
Machine 3: job_12_task_0  job_11_task_1  job_0_task_2   job_1_task_3   job_14_task_1  job_5_task_1   job_12_task_2  job_10_task_5  job_10_task_6  job_5_task_5   job_12_task_4  job_12_task_5  job_15_task_5  job_9_task_3   job_7_task_5   job_10_task_8  job_10_task_9  job_4_task_2   job_12_task_7  job_12_task_8  job_11_task_7  job_1_task_8   job_14_task_7  job_15_task_7  job_6_task_4   job_13_task_7  job_4_task_4   job_1_task_9   job_12_task_9  job_13_task_10 job_13_task_11 job_15_task_11 job_9_task_10  job_8_task_8   job_13_task_12 job_5_task_10  job_11_task_12 job_9_task_12  job_3_task_10  job_6_task_10  job_4_task_8   job_4_task_9   job_4_task_10  job_14_task_12 job_2_task_12  job_7_task_12  job_1_task_12  job_15_task_13 job_14_task_14 job_9_task_14  job_3_task_14  job_8_task_13  
           [0,1]          [24,32]        [32,34]        [34,42]        [42,45]        [45,48]        [48,50]        [50,58]        [58,66]        [81,89]        [92,97]        [97,101]       [101,111]      [111,113]      [113,121]      [121,127]      [127,130]      [130,136]      [142,149]      [149,159]      [159,168]      [168,176]      [176,182]      [182,191]      [191,192]      [192,202]      [202,203]      [203,212]      [212,214]      [228,230]      [230,238]      [238,243]      [243,250]      [250,253]      [253,259]      [259,261]      [261,266]      [266,272]      [272,281]      [281,289]      [289,291]      [291,293]      [293,300]      [300,306]      [306,315]      [315,320]      [320,322]      [322,329]      [329,335]      [336,342]      [351,357]      [360,361]      
Optimal Schedule Length: 371.0
Total (Unoptimized Schedule Length): 1309
Statistics
  - conflicts: 0
  - branches : 72
  - wall time: 0.18033891200000002s