
Problem
          task_0   task_1    task_2    task_3   task_4    task_5   task_6   task_7   task_8   task_9   task_10   task_11  task_12  task_13   task_14   task_15  task_16  task_17  task_18  task_19
job_0    (11, 7)   (0, 1)   (14, 5)    (8, 9)   (9, 2)   (14, 9)   (4, 2)   (2, 7)  (13, 6)   (0, 1)   (14, 2)    (7, 8)   (4, 4)  (13, 4)   (15, 2)   (14, 5)   (3, 2)  (2, 10)   (8, 6)   (3, 1)
job_1   (12, 10)   (9, 9)   (12, 2)   (11, 8)   (2, 9)    (1, 8)   (6, 5)   (3, 2)  (13, 6)   (0, 8)  (11, 10)   (15, 2)   (3, 5)  (14, 6)  (13, 10)   (10, 3)   (2, 6)   (9, 2)   (9, 3)   (9, 9)
job_2     (7, 7)  (12, 4)   (11, 6)   (11, 7)  (15, 9)    (3, 1)   (4, 6)  (15, 2)  (12, 3)   (7, 1)    (5, 7)    (3, 6)   (9, 4)  (9, 10)    (2, 1)    (8, 1)  (12, 1)  (12, 7)   (7, 2)  (13, 5)
job_3     (0, 2)  (14, 7)    (4, 7)    (9, 4)  (13, 7)    (4, 7)  (8, 10)  (15, 8)   (9, 5)   (3, 4)    (6, 3)    (4, 8)  (11, 6)  (15, 5)   (12, 6)    (1, 6)   (4, 5)   (1, 6)   (7, 3)   (8, 7)
job_4    (1, 10)   (0, 2)  (14, 10)   (15, 6)  (14, 4)    (5, 4)   (6, 4)   (5, 8)   (3, 9)  (12, 5)    (0, 8)   (2, 10)   (1, 2)   (2, 8)    (0, 9)    (4, 5)   (5, 9)   (8, 2)  (12, 2)   (1, 5)
job_5     (2, 9)   (1, 7)    (8, 6)   (13, 3)   (1, 3)    (7, 4)   (9, 8)   (0, 8)   (8, 2)   (1, 9)    (1, 1)  (11, 10)  (10, 9)   (7, 3)    (3, 2)   (14, 6)   (4, 8)   (0, 1)  (10, 6)   (8, 1)
job_6    (0, 10)   (1, 5)   (15, 2)    (7, 8)   (5, 5)    (2, 4)  (15, 6)   (6, 1)   (5, 6)   (4, 6)   (10, 8)    (2, 1)   (7, 1)   (2, 1)   (15, 3)    (0, 2)   (8, 3)   (0, 1)  (12, 2)   (5, 5)
job_7    (14, 6)  (15, 2)   (13, 6)  (13, 10)   (3, 6)    (7, 7)  (8, 10)   (2, 7)  (11, 5)   (6, 4)   (2, 10)   (12, 4)  (11, 6)   (7, 8)   (10, 4)    (8, 1)  (15, 2)  (11, 3)   (7, 8)   (1, 8)
job_8     (8, 4)   (4, 5)   (14, 1)  (10, 10)  (13, 6)    (3, 9)  (11, 7)   (8, 9)  (15, 4)   (9, 9)    (1, 4)   (10, 5)  (13, 2)   (1, 4)   (12, 5)    (6, 8)   (1, 8)   (7, 3)   (6, 3)   (1, 1)
job_9    (12, 6)  (12, 6)    (7, 2)    (9, 4)   (5, 4)    (6, 2)  (4, 10)  (13, 7)   (7, 9)   (3, 1)    (5, 8)    (8, 9)  (13, 4)  (10, 5)    (7, 9)    (8, 5)  (12, 8)   (1, 2)  (10, 6)   (7, 7)
job_10    (9, 7)  (4, 10)   (11, 8)    (2, 5)   (0, 5)   (15, 9)   (9, 5)  (15, 4)   (3, 2)   (7, 7)   (12, 3)    (5, 2)  (10, 4)   (9, 6)    (6, 7)    (8, 6)   (0, 8)   (4, 9)   (8, 3)   (8, 4)
job_11    (6, 1)   (3, 8)    (9, 1)    (4, 9)   (5, 4)  (12, 10)  (12, 4)  (15, 6)   (3, 7)   (5, 4)    (1, 7)    (2, 2)  (13, 3)   (2, 8)    (7, 1)  (11, 10)   (6, 1)   (2, 9)   (3, 7)  (12, 3)
job_12   (5, 10)   (0, 5)    (7, 9)    (1, 7)   (1, 5)   (11, 2)   (9, 9)  (11, 9)   (7, 3)   (6, 9)   (11, 8)    (9, 9)   (6, 7)  (11, 2)   (0, 10)   (14, 2)  (9, 10)  (12, 9)   (3, 6)  (14, 7)
job_13   (8, 10)   (1, 1)    (0, 5)   (10, 2)  (10, 9)   (13, 1)  (11, 7)   (2, 6)  (8, 10)  (12, 8)    (6, 5)  (11, 10)   (7, 9)   (1, 4)    (2, 4)   (13, 6)   (1, 4)   (5, 7)   (4, 4)   (0, 3)
job_14   (10, 1)  (11, 2)    (5, 8)   (14, 7)   (6, 6)    (3, 7)   (3, 8)   (9, 4)   (9, 1)   (9, 1)    (2, 5)   (11, 9)   (3, 9)   (1, 4)    (5, 6)   (15, 4)   (6, 9)   (9, 4)   (3, 8)  (12, 5)
job_15   (11, 1)   (4, 2)   (12, 1)   (2, 10)   (9, 6)    (3, 2)   (0, 7)  (1, 10)   (4, 6)   (0, 7)    (2, 5)   (15, 4)   (2, 9)   (9, 7)   (10, 7)  (14, 10)   (4, 4)   (4, 4)  (15, 8)   (5, 4)


Solution:
Machine 0: job_3_task_0   job_0_task_1   job_12_task_1  job_4_task_1   job_13_task_2  job_6_task_0   job_10_task_4  job_15_task_6  job_15_task_9  job_1_task_9   job_4_task_10  job_0_task_9   job_5_task_7   job_12_task_14 job_4_task_14  job_10_task_16 job_6_task_15  job_6_task_17  job_5_task_17  job_13_task_19 
           [1,3]          [8,9]          [10,15]        [15,17]        [17,22]        [22,32]        [33,38]        [38,45]        [66,73]        [76,84]        [84,92]        [92,93]        [93,101]       [108,118]      [119,128]      [128,136]      [136,138]      [141,142]      [161,162]      [165,168]      
Machine 1: job_4_task_0   job_13_task_1  job_5_task_1   job_12_task_3  job_12_task_4  job_5_task_4   job_6_task_1   job_15_task_7  job_1_task_5   job_11_task_10 job_14_task_13 job_4_task_12  job_5_task_9   job_8_task_10  job_5_task_10  job_3_task_15  job_8_task_13  job_3_task_17  job_13_task_13 job_9_task_17  job_8_task_16  job_13_task_16 job_4_task_19  job_7_task_19  job_8_task_19  
           [0,10]         [14,15]        [15,22]        [24,31]        [31,36]        [36,39]        [39,44]        [45,55]        [55,63]        [72,79]        [98,102]       [102,104]      [104,113]      [113,117]      [117,118]      [118,124]      [124,128]      [129,135]      [135,139]      [139,141]      [141,149]      [149,153]      [153,158]      [160,168]      [168,169]      
Machine 2: job_5_task_0   job_15_task_3  job_10_task_3  job_1_task_4   job_13_task_7  job_7_task_7   job_14_task_10 job_0_task_7   job_6_task_5   job_15_task_10 job_11_task_11 job_7_task_10  job_4_task_11  job_15_task_12 job_4_task_13  job_6_task_11  job_11_task_13 job_6_task_13  job_0_task_17  job_13_task_14 job_1_task_16  job_2_task_14  job_11_task_17 
           [0,9]          [15,25]        [28,33]        [36,45]        [45,51]        [51,58]        [58,63]        [63,70]        [70,74]        [74,79]        [79,81]        [81,91]        [92,102]       [102,111]      [111,119]      [119,120]      [120,128]      [128,129]      [129,139]      [139,143]      [143,149]      [149,150]      [150,159]      
Machine 3: job_11_task_1  job_7_task_4   job_15_task_5  job_14_task_5  job_14_task_6  job_8_task_5   job_11_task_8  job_1_task_7   job_4_task_8   job_9_task_9   job_2_task_5   job_10_task_8  job_3_task_9   job_14_task_12 job_1_task_12  job_2_task_11  job_0_task_16  job_14_task_18 job_5_task_14  job_12_task_18 job_0_task_19  job_11_task_18 
           [1,9]          [25,31]        [31,33]        [33,40]        [41,49]        [52,61]        [61,68]        [68,70]        [70,79]        [79,80]        [80,81]        [81,83]        [85,89]        [89,98]        [105,110]      [111,117]      [125,127]      [135,143]      [145,147]      [147,153]      [157,158]      [159,166]      
Machine 4: job_15_task_1  job_8_task_1   job_10_task_1  job_11_task_3  job_3_task_2   job_9_task_6   job_3_task_5   job_0_task_6   job_15_task_8  job_2_task_6   job_3_task_11  job_6_task_9   job_0_task_12  job_3_task_16  job_4_task_15  job_10_task_17 job_15_task_16 job_15_task_17 job_5_task_16  job_13_task_18 
           [1,3]          [4,9]          [9,19]         [19,28]        [28,35]        [41,51]        [51,58]        [58,60]        [60,66]        [81,87]        [92,100]       [100,106]      [106,110]      [124,129]      [129,134]      [136,145]      [145,149]      [149,153]      [153,161]      [161,165]      
Machine 5: job_12_task_0  job_14_task_2  job_11_task_4  job_9_task_4   job_4_task_5   job_4_task_7   job_6_task_4   job_11_task_9  job_9_task_10  job_6_task_8   job_10_task_11 job_2_task_10  job_14_task_14 job_4_task_16  job_6_task_19  job_13_task_17 job_15_task_19 
           [0,10]         [10,18]        [28,32]        [35,39]        [45,49]        [53,61]        [61,66]        [68,72]        [80,88]        [88,94]        [95,97]        [104,111]      [111,117]      [134,143]      [144,149]      [153,160]      [162,166]      
Machine 6: job_11_task_0  job_14_task_4  job_9_task_5   job_4_task_6   job_1_task_6   job_12_task_9  job_7_task_9   job_6_task_7   job_3_task_10  job_13_task_10 job_12_task_12 job_10_task_14 job_14_task_16 job_8_task_15  job_11_task_16 job_8_task_18  
           [0,1]          [26,32]        [39,41]        [49,53]        [63,68]        [68,77]        [77,81]        [86,87]        [89,92]        [92,97]        [99,106]       [114,121]      [121,130]      [133,141]      [147,148]      [165,168]      
Machine 7: job_2_task_0   job_12_task_2  job_9_task_2   job_7_task_5   job_5_task_5   job_6_task_3   job_12_task_8  job_9_task_8   job_10_task_9  job_0_task_11  job_2_task_9   job_9_task_14  job_6_task_12  job_13_task_12 job_11_task_14 job_7_task_13  job_5_task_13  job_3_task_18  job_8_task_17  job_7_task_18  job_2_task_18  job_9_task_19  
           [0,7]          [15,24]        [29,31]        [31,38]        [44,48]        [52,60]        [61,64]        [64,73]        [83,90]        [95,103]       [103,104]      [106,115]      [120,121]      [121,130]      [130,131]      [134,142]      [142,145]      [145,148]      [149,152]      [152,160]      [160,162]      [162,169]      
Machine 8: job_8_task_0   job_13_task_0  job_5_task_2   job_0_task_3   job_7_task_6   job_13_task_8  job_3_task_6   job_8_task_7   job_9_task_11  job_5_task_8   job_9_task_15  job_10_task_15 job_6_task_16  job_4_task_17  job_7_task_15  job_10_task_18 job_2_task_15  job_0_task_18  job_10_task_19 job_3_task_19  job_5_task_19  
           [0,4]          [4,14]         [22,28]        [28,37]        [38,48]        [51,61]        [61,71]        [77,86]        [88,97]        [101,103]      [115,120]      [121,127]      [138,141]      [143,145]      [146,147]      [147,150]      [150,151]      [151,157]      [157,161]      [161,168]      [168,169]      
Machine 9: job_10_task_0  job_11_task_2  job_1_task_1   job_15_task_4  job_9_task_3   job_3_task_3   job_0_task_4   job_12_task_6  job_14_task_7  job_14_task_8  job_14_task_9  job_10_task_6  job_5_task_6   job_3_task_8   job_12_task_11 job_8_task_9   job_10_task_13 job_15_task_13 job_12_task_16 job_14_task_17 job_2_task_12  job_2_task_13  job_1_task_17  job_1_task_18  job_1_task_19  
           [0,7]          [9,10]         [10,19]        [25,31]        [31,35]        [35,39]        [39,41]        [41,50]        [50,54]        [54,55]        [55,56]        [56,61]        [61,69]        [80,85]        [90,99]        [99,108]       [108,114]      [114,121]      [121,131]      [131,135]      [135,139]      [139,149]      [153,155]      [155,158]      [158,167]      
Machine 10: job_14_task_0  job_13_task_3  job_13_task_4  job_8_task_3   job_10_task_12 job_9_task_13  job_6_task_10  job_8_task_11  job_15_task_14 job_5_task_12  job_1_task_15  job_7_task_14  job_9_task_18  job_5_task_18  
           [0,1]          [25,27]        [27,36]        [36,46]        [97,101]       [101,106]      [106,114]      [117,122]      [122,129]      [129,138]      [138,141]      [142,146]      [146,152]      [162,168]      
Machine 11: job_15_task_0  job_0_task_0   job_14_task_1  job_2_task_2   job_10_task_2  job_1_task_3   job_12_task_5  job_13_task_6  job_2_task_3   job_12_task_7  job_8_task_6   job_7_task_8   job_14_task_11 job_12_task_10 job_1_task_10  job_3_task_12  job_12_task_13 job_13_task_11 job_5_task_11  job_7_task_12  job_11_task_15 job_7_task_17  
           [0,1]          [1,8]          [8,10]         [14,20]        [20,28]        [28,36]        [36,38]        [38,45]        [45,52]        [52,61]        [61,68]        [68,73]        [73,82]        [82,90]        [90,100]       [100,106]      [106,108]      [108,118]      [118,128]      [128,134]      [137,147]      [149,152]      
Machine 12: job_1_task_0   job_2_task_1   job_15_task_2  job_9_task_0   job_1_task_2   job_9_task_1   job_11_task_5  job_11_task_6  job_4_task_9   job_13_task_9  job_10_task_10 job_2_task_8   job_7_task_11  job_3_task_14  job_9_task_16  job_8_task_14  job_12_task_17 job_6_task_18  job_14_task_19 job_4_task_18  job_2_task_16  job_2_task_17  job_11_task_19 
           [0,10]         [10,14]        [14,15]        [15,21]        [21,23]        [23,29]        [32,42]        [42,46]        [79,84]        [84,92]        [92,95]        [95,98]        [100,104]      [111,117]      [120,128]      [128,133]      [133,142]      [142,144]      [144,149]      [149,151]      [151,152]      [152,159]      [166,169]      
Machine 13: job_7_task_2   job_7_task_3   job_5_task_3   job_13_task_5  job_3_task_4   job_8_task_4   job_9_task_7   job_1_task_8   job_0_task_8   job_9_task_12  job_0_task_13  job_11_task_12 job_8_task_12  job_1_task_14  job_13_task_15 job_2_task_19  
           [8,14]         [14,24]        [28,31]        [36,37]        [39,46]        [46,52]        [52,59]        [70,76]        [79,85]        [97,101]       [110,114]      [114,117]      [122,124]      [124,134]      [143,149]      [162,167]      
Machine 14: job_7_task_0   job_3_task_1   job_0_task_2   job_14_task_3  job_4_task_2   job_8_task_2   job_4_task_4   job_0_task_5   job_0_task_10  job_1_task_13  job_12_task_15 job_0_task_15  job_15_task_15 job_5_task_15  job_12_task_19 
           [0,6]          [6,13]         [13,18]        [18,25]        [25,35]        [35,36]        [41,45]        [45,54]        [93,95]        [110,116]      [118,120]      [120,125]      [129,139]      [147,153]      [153,160]      
Machine 15: job_7_task_1   job_4_task_3   job_10_task_5  job_6_task_2   job_11_task_7  job_2_task_4   job_10_task_7  job_3_task_7   job_6_task_6   job_2_task_7   job_15_task_11 job_8_task_8   job_1_task_11  job_3_task_13  job_0_task_14  job_14_task_15 job_6_task_14  job_7_task_16  job_15_task_18 
           [6,8]          [35,41]        [41,50]        [50,52]        [52,58]        [58,67]        [67,71]        [72,80]        [80,86]        [87,89]        [89,93]        [93,97]        [100,102]      [106,111]      [114,116]      [117,121]      [129,132]      [147,149]      [154,162]      
Optimal Schedule Length: 169.0
Total (Unoptimized Schedule Length): 1762
Statistics
  - conflicts: 0
  - branches : 0
  - wall time: 6.146466672000001s