
Problem
        task_0   task_1   task_2   task_3   task_4   task_5   task_6   task_7   task_8  task_9  task_10  task_11  task_12  task_13  task_14  task_15 task_16  task_17 task_18
job_0   (2, 3)   (0, 1)   (1, 3)  (1, 10)   (1, 8)   (0, 2)   (3, 8)   (3, 5)   (1, 2)  (3, 8)   (0, 8)   (2, 2)   (1, 7)   (2, 3)  (1, 10)   (0, 5)  (3, 3)   (2, 6)  (0, 4)
job_1   (1, 7)   (2, 7)   (1, 5)   (2, 2)   (0, 7)   (1, 6)   (3, 3)   (1, 2)   (0, 9)  (0, 9)   (1, 9)   (2, 3)   (2, 5)   (3, 9)   (3, 6)   (1, 9)  (0, 2)   (0, 2)  (3, 6)
job_2   (0, 7)   (2, 7)   (0, 1)   (0, 2)   (0, 1)   (3, 8)   (2, 9)  (1, 10)   (2, 5)  (2, 6)   (2, 9)   (2, 5)  (2, 10)   (2, 4)   (0, 7)   (3, 9)  (2, 1)   (1, 8)  (0, 5)
job_3   (3, 2)   (0, 9)   (0, 1)   (3, 1)  (0, 10)   (0, 7)   (2, 7)   (1, 6)  (2, 10)  (3, 5)  (1, 10)   (2, 5)   (0, 4)  (0, 10)   (0, 8)  (2, 10)  (0, 2)   (3, 1)  (0, 6)
job_4   (0, 5)   (3, 8)  (1, 10)   (0, 2)   (0, 6)   (3, 9)   (1, 1)   (1, 8)   (0, 9)  (3, 2)   (1, 7)   (0, 2)  (1, 10)   (3, 4)   (1, 3)   (0, 9)  (2, 7)   (3, 3)  (3, 5)
job_5   (2, 4)  (3, 10)   (1, 3)  (0, 10)   (0, 1)   (3, 9)  (3, 10)   (3, 5)   (0, 6)  (0, 1)   (3, 4)   (3, 9)   (0, 4)   (3, 6)   (2, 9)   (3, 2)  (0, 4)   (3, 7)  (2, 4)
job_6   (1, 5)   (3, 6)   (3, 3)   (0, 6)   (2, 9)   (0, 1)   (2, 3)   (0, 4)   (2, 9)  (0, 6)   (1, 5)   (2, 5)   (3, 8)   (0, 2)  (1, 10)   (2, 1)  (0, 2)   (3, 7)  (0, 2)
job_7   (3, 5)   (3, 4)   (3, 4)   (3, 4)   (0, 3)   (1, 9)   (0, 5)   (0, 3)   (3, 7)  (1, 4)   (1, 5)   (0, 6)   (0, 6)   (2, 6)  (1, 10)   (2, 8)  (0, 1)   (2, 3)  (1, 6)
job_8   (0, 1)   (2, 1)   (3, 6)   (2, 6)   (1, 1)   (0, 3)   (2, 7)  (0, 10)   (0, 4)  (2, 3)   (2, 7)   (3, 8)   (1, 7)   (0, 8)   (2, 5)   (2, 7)  (0, 1)   (2, 3)  (3, 8)
job_9   (3, 8)   (0, 6)   (2, 5)  (0, 10)   (1, 6)   (2, 1)   (3, 1)   (2, 3)   (3, 3)  (2, 6)   (2, 4)  (3, 10)   (0, 5)   (2, 9)  (1, 10)   (0, 3)  (2, 8)   (0, 6)  (3, 4)
job_10  (0, 9)   (2, 8)   (0, 7)   (0, 8)   (2, 5)   (3, 4)   (1, 5)  (3, 10)   (0, 4)  (3, 7)   (1, 9)   (0, 5)   (0, 7)   (1, 1)   (0, 7)   (2, 9)  (1, 4)  (0, 10)  (3, 5)
job_11  (1, 7)   (0, 4)   (0, 5)   (1, 4)   (0, 2)   (0, 9)   (2, 3)   (3, 4)   (1, 7)  (1, 6)   (1, 2)   (3, 2)  (3, 10)   (1, 5)   (2, 8)   (1, 7)  (1, 9)   (0, 6)  (2, 1)
job_12  (0, 3)   (3, 8)  (1, 10)   (0, 6)   (2, 4)  (2, 10)   (2, 1)  (1, 10)   (3, 5)  (2, 3)   (0, 2)   (2, 9)  (3, 10)   (0, 9)   (3, 7)   (0, 5)  (2, 4)   (0, 6)  (1, 2)


Solution:
Machine 0: job_10_task_0  job_12_task_0  job_2_task_0   job_3_task_1   job_4_task_0   job_10_task_2  job_3_task_2   job_2_task_2   job_3_task_4   job_9_task_1   job_10_task_3  job_2_task_3   job_2_task_4   job_8_task_0   job_0_task_1   job_11_task_1  job_12_task_3  job_3_task_5   job_5_task_3   job_11_task_2  job_9_task_3   job_4_task_3   job_1_task_4   job_4_task_4   job_7_task_4   job_5_task_4   job_11_task_4  job_8_task_5   job_6_task_3   job_11_task_5  job_0_task_5   job_8_task_7   job_7_task_6   job_1_task_8   job_10_task_8  job_6_task_5   job_7_task_7   job_8_task_8   job_4_task_8   job_6_task_7   job_1_task_9   job_5_task_8   job_12_task_10 job_5_task_9   job_10_task_11 job_6_task_9   job_0_task_10  job_7_task_11  job_9_task_12  job_4_task_11  job_10_task_12 job_3_task_12  job_7_task_12  job_3_task_13  job_5_task_12  job_10_task_14 job_12_task_13 job_8_task_13  job_2_task_14  job_3_task_14  job_6_task_13  job_4_task_15  job_9_task_15  job_0_task_15  job_12_task_15 job_5_task_16  job_10_task_17 job_8_task_16  job_6_task_16  job_7_task_16  job_1_task_16  job_9_task_17  job_3_task_16  job_1_task_17  job_12_task_17 job_11_task_17 job_3_task_18  job_2_task_18  job_0_task_18  job_6_task_18  
           [0,9]          [9,12]         [12,19]        [19,28]        [28,33]        [33,40]        [40,41]        [41,42]        [42,52]        [52,58]        [58,66]        [66,68]        [68,69]        [69,70]        [70,71]        [71,75]        [75,81]        [81,88]        [88,98]        [98,103]       [103,113]      [113,115]      [115,122]      [122,128]      [128,131]      [131,132]      [132,134]      [134,137]      [137,143]      [143,152]      [152,154]      [154,164]      [164,169]      [169,178]      [178,182]      [182,183]      [183,186]      [186,190]      [190,199]      [199,203]      [203,212]      [212,218]      [218,220]      [220,221]      [221,226]      [226,232]      [232,240]      [240,246]      [246,251]      [251,253]      [253,260]      [260,264]      [264,270]      [270,280]      [280,284]      [284,291]      [291,300]      [300,308]      [308,315]      [315,323]      [323,325]      [325,334]      [334,337]      [337,342]      [342,347]      [347,351]      [351,361]      [361,362]      [362,364]      [364,365]      [365,367]      [367,373]      [373,375]      [375,377]      [377,383]      [383,389]      [389,395]      [395,400]      [400,404]      [404,406]      
Machine 1: job_1_task_0   job_11_task_0  job_6_task_0   job_1_task_2   job_5_task_2   job_12_task_2  job_4_task_2   job_0_task_2   job_0_task_3   job_0_task_4   job_10_task_6  job_8_task_4   job_2_task_7   job_11_task_3  job_3_task_7   job_9_task_4   job_1_task_5   job_12_task_7  job_7_task_5   job_1_task_7   job_4_task_6   job_4_task_7   job_11_task_8  job_0_task_8   job_11_task_9  job_11_task_10 job_10_task_10 job_7_task_9   job_3_task_10  job_7_task_10  job_1_task_10  job_4_task_10  job_6_task_10  job_8_task_12  job_0_task_12  job_4_task_12  job_10_task_13 job_11_task_13 job_9_task_14  job_7_task_14  job_0_task_14  job_4_task_14  job_11_task_15 job_10_task_16 job_1_task_15  job_6_task_14  job_11_task_16 job_2_task_17  job_7_task_18  job_12_task_18 
           [0,7]          [7,14]         [14,19]        [19,24]        [24,27]        [28,38]        [41,51]        [71,74]        [74,84]        [84,92]        [92,97]        [97,98]        [98,108]       [108,112]      [112,118]      [118,124]      [124,130]      [130,140]      [140,149]      [149,151]      [151,152]      [152,160]      [175,182]      [182,184]      [184,190]      [190,192]      [192,201]      [201,205]      [205,215]      [215,220]      [220,229]      [229,236]      [236,241]      [243,250]      [250,257]      [257,267]      [267,268]      [268,273]      [273,283]      [283,293]      [293,303]      [303,306]      [306,313]      [313,317]      [317,326]      [326,336]      [336,345]      [355,363]      [372,378]      [383,385]      
Machine 2: job_5_task_0   job_0_task_0   job_1_task_1   job_10_task_1  job_2_task_1   job_1_task_3   job_9_task_2   job_10_task_4  job_8_task_1   job_2_task_6   job_8_task_3   job_12_task_4  job_3_task_6   job_12_task_5  job_12_task_6  job_2_task_8   job_3_task_8   job_9_task_5   job_2_task_9   job_2_task_10  job_8_task_6   job_6_task_4   job_9_task_7   job_11_task_6  job_2_task_11  job_9_task_9   job_9_task_10  job_2_task_12  job_6_task_6   job_12_task_9  job_8_task_9   job_8_task_10  job_6_task_8   job_3_task_11  job_12_task_11 job_1_task_11  job_1_task_12  job_2_task_13  job_0_task_11  job_6_task_11  job_9_task_13  job_0_task_13  job_7_task_13  job_11_task_14 job_10_task_15 job_5_task_14  job_8_task_14  job_8_task_15  job_7_task_15  job_3_task_15  job_9_task_16  job_4_task_16  job_2_task_16  job_6_task_15  job_12_task_16 job_0_task_17  job_8_task_17  job_7_task_17  job_5_task_18  job_11_task_18 
           [0,4]          [4,7]          [7,14]         [14,22]        [22,29]        [29,31]        [58,63]        [66,71]        [71,72]        [77,86]        [86,92]        [92,96]        [96,103]       [103,113]      [113,114]      [114,119]      [119,129]      [129,130]      [130,136]      [136,145]      [145,152]      [152,161]      [161,164]      [164,167]      [167,172]      [172,178]      [178,182]      [182,192]      [192,195]      [195,198]      [198,201]      [201,208]      [208,217]      [217,222]      [222,231]      [231,234]      [234,239]      [239,243]      [243,245]      [245,250]      [251,260]      [260,263]      [270,276]      [276,284]      [291,300]      [300,309]      [309,314]      [314,321]      [321,329]      [329,339]      [339,347]      [347,354]      [354,355]      [355,356]      [356,360]      [360,366]      [366,369]      [369,372]      [372,376]      [389,390]      
Machine 3: job_3_task_0   job_9_task_0   job_5_task_1   job_12_task_1  job_7_task_0   job_4_task_1   job_3_task_3   job_7_task_1   job_7_task_2   job_6_task_1   job_7_task_3   job_6_task_2   job_2_task_5   job_8_task_2   job_10_task_5  job_10_task_7  job_4_task_5   job_5_task_5   job_1_task_6   job_9_task_6   job_5_task_6   job_0_task_6   job_9_task_8   job_11_task_7  job_0_task_7   job_12_task_8  job_10_task_9  job_7_task_8   job_3_task_9   job_5_task_7   job_0_task_9   job_9_task_11  job_4_task_9   job_5_task_10  job_11_task_11 job_8_task_11  job_11_task_12 job_5_task_11  job_12_task_12 job_1_task_13  job_6_task_12  job_5_task_13  job_4_task_13  job_1_task_14  job_12_task_14 job_5_task_15  job_2_task_15  job_0_task_16  job_5_task_17  job_4_task_17  job_10_task_18 job_6_task_17  job_8_task_18  job_3_task_17  job_1_task_18  job_4_task_18  job_9_task_18  
           [0,2]          [2,10]         [10,20]        [20,28]        [28,33]        [33,41]        [41,42]        [42,46]        [46,50]        [50,56]        [56,60]        [60,63]        [69,77]        [77,83]        [83,87]        [97,107]       [128,137]      [137,146]      [146,149]      [149,150]      [150,160]      [160,168]      [168,171]      [171,175]      [175,180]      [180,185]      [185,192]      [192,199]      [199,204]      [204,209]      [209,217]      [217,227]      [227,229]      [229,233]      [233,235]      [235,243]      [243,253]      [253,262]      [262,272]      [272,281]      [281,289]      [289,295]      [295,299]      [299,305]      [305,312]      [312,314]      [315,324]      [342,345]      [351,358]      [358,361]      [361,366]      [366,373]      [373,381]      [381,382]      [382,388]      [388,393]      [393,397]      
Optimal Schedule Length: 406.0
Total (Unoptimized Schedule Length): 1388
Statistics
  - conflicts: 2
  - branches : 250
  - wall time: 0.190963519s