
Problem
         task_0  task_1   task_2  task_3   task_4   task_5  task_6   task_7   task_8  task_9 task_10  task_11  task_12 task_13  task_14  task_15  task_16
job_0    (2, 8)  (1, 8)   (0, 6)  (0, 2)   (2, 6)   (2, 7)  (2, 3)   (2, 7)   (0, 6)  (0, 5)  (2, 5)   (0, 5)   (2, 7)  (1, 1)   (0, 6)   (0, 8)   (1, 1)
job_1    (2, 2)  (1, 1)   (2, 7)  (2, 6)   (0, 2)   (1, 9)  (0, 4)   (2, 1)   (0, 2)  (1, 3)  (2, 1)  (0, 10)   (0, 8)  (2, 3)   (1, 8)   (2, 8)   (0, 3)
job_2    (0, 6)  (1, 1)   (1, 9)  (2, 6)   (2, 8)   (0, 7)  (1, 3)  (2, 10)  (2, 10)  (1, 4)  (1, 7)   (1, 8)  (0, 10)  (0, 5)   (2, 3)   (0, 3)   (1, 5)
job_3    (2, 4)  (1, 8)   (2, 3)  (0, 7)   (2, 1)  (1, 10)  (0, 4)   (0, 8)   (0, 7)  (2, 6)  (2, 3)   (0, 2)   (1, 1)  (2, 6)   (2, 7)   (2, 6)   (2, 8)
job_4    (1, 4)  (1, 2)   (0, 5)  (2, 1)   (1, 8)   (0, 5)  (0, 2)   (2, 2)   (2, 4)  (0, 9)  (1, 6)   (0, 7)   (0, 1)  (1, 3)   (1, 9)   (1, 6)  (0, 10)
job_5   (2, 10)  (1, 9)   (2, 8)  (0, 9)   (2, 3)   (2, 4)  (2, 7)   (1, 4)   (1, 6)  (2, 6)  (1, 3)  (0, 10)   (1, 9)  (0, 8)   (1, 8)  (1, 10)   (1, 6)
job_6   (2, 10)  (0, 1)   (1, 4)  (2, 4)   (0, 5)   (0, 7)  (2, 1)   (2, 9)   (1, 6)  (1, 6)  (2, 4)   (2, 7)   (0, 8)  (1, 7)  (1, 10)   (2, 6)   (2, 8)
job_7    (0, 8)  (2, 1)   (1, 6)  (1, 2)   (2, 5)   (0, 4)  (2, 8)   (0, 3)   (1, 2)  (1, 2)  (2, 4)   (0, 8)   (2, 5)  (0, 2)   (0, 1)   (0, 7)   (0, 9)
job_8    (2, 8)  (2, 2)  (1, 10)  (1, 1)   (1, 2)  (2, 10)  (1, 9)   (2, 7)   (2, 8)  (1, 5)  (2, 6)   (1, 4)   (1, 6)  (0, 1)   (0, 7)   (2, 9)  (1, 10)
job_9    (1, 6)  (0, 8)   (1, 6)  (1, 7)   (0, 6)   (2, 1)  (1, 4)   (1, 3)   (2, 5)  (2, 2)  (1, 6)   (1, 6)   (2, 3)  (2, 6)   (2, 7)  (0, 10)   (1, 4)
job_10   (0, 8)  (0, 1)   (2, 6)  (0, 4)   (1, 7)   (0, 8)  (2, 7)   (2, 8)   (0, 2)  (0, 2)  (2, 1)   (1, 5)   (0, 7)  (0, 4)   (0, 5)   (2, 3)   (1, 2)
job_11   (2, 6)  (0, 2)   (2, 3)  (2, 5)  (1, 10)   (1, 6)  (2, 8)   (0, 5)   (1, 7)  (1, 1)  (0, 2)   (0, 4)   (0, 2)  (1, 5)   (1, 8)   (0, 3)   (0, 2)


Solution:
Machine 0: job_10_task_0  job_7_task_0   job_10_task_1  job_9_task_1   job_2_task_0   job_4_task_2   job_10_task_3  job_0_task_2   job_0_task_3   job_2_task_5   job_4_task_5   job_11_task_1  job_3_task_3   job_4_task_6   job_10_task_5  job_4_task_9   job_9_task_4   job_1_task_4   job_4_task_11  job_4_task_12  job_5_task_3   job_3_task_6   job_3_task_7   job_3_task_8   job_6_task_1   job_1_task_6   job_4_task_16  job_7_task_5   job_6_task_4   job_6_task_5   job_5_task_11  job_5_task_13  job_0_task_8   job_7_task_7   job_0_task_9   job_1_task_8   job_6_task_12  job_0_task_11  job_11_task_7  job_1_task_11  job_1_task_12  job_2_task_12  job_11_task_10 job_10_task_8  job_10_task_9  job_3_task_11  job_8_task_13  job_7_task_11  job_8_task_14  job_11_task_11 job_10_task_12 job_7_task_13  job_11_task_12 job_7_task_14  job_2_task_13  job_0_task_14  job_7_task_15  job_10_task_13 job_9_task_15  job_10_task_14 job_0_task_15  job_7_task_16  job_2_task_15  job_11_task_15 job_1_task_16  job_11_task_16 
           [0,8]          [8,16]         [16,17]        [17,25]        [25,31]        [31,36]        [36,40]        [67,73]        [73,75]        [75,82]        [82,87]        [87,89]        [90,97]        [97,99]        [99,107]       [107,116]      [116,122]      [122,124]      [124,131]      [131,132]      [132,141]      [141,145]      [145,153]      [153,160]      [160,161]      [163,167]      [167,177]      [178,182]      [182,187]      [187,194]      [194,204]      [213,221]      [221,227]      [227,230]      [230,235]      [235,237]      [239,247]      [247,252]      [252,257]      [257,267]      [267,275]      [275,285]      [285,287]      [287,289]      [289,291]      [291,293]      [293,294]      [294,302]      [302,309]      [309,313]      [313,320]      [320,322]      [322,324]      [324,325]      [325,330]      [330,336]      [336,343]      [343,347]      [347,357]      [357,362]      [362,370]      [370,379]      [379,382]      [382,385]      [385,388]      [388,390]      
Machine 1: job_9_task_0   job_4_task_0   job_8_task_2   job_8_task_3   job_8_task_4   job_4_task_1   job_9_task_2   job_2_task_1   job_1_task_1   job_8_task_6   job_2_task_2   job_3_task_1   job_0_task_1   job_9_task_3   job_4_task_4   job_7_task_2   job_2_task_6   job_10_task_4  job_5_task_1   job_3_task_5   job_4_task_10  job_11_task_4  job_7_task_3   job_4_task_13  job_4_task_14  job_4_task_15  job_1_task_5   job_6_task_2   job_5_task_7   job_5_task_8   job_11_task_5  job_8_task_9   job_9_task_6   job_5_task_10  job_9_task_7   job_2_task_9   job_5_task_12  job_6_task_8   job_6_task_9   job_2_task_10  job_2_task_11  job_5_task_14  job_1_task_9   job_7_task_8   job_7_task_9   job_11_task_8  job_9_task_10  job_8_task_11  job_9_task_11  job_11_task_9  job_8_task_12  job_6_task_13  job_3_task_12  job_6_task_14  job_10_task_11 job_5_task_15  job_0_task_13  job_5_task_16  job_1_task_14  job_11_task_13 job_11_task_14 job_8_task_16  job_9_task_16  job_0_task_16  job_10_task_16 job_2_task_16  
           [0,6]          [6,10]         [10,20]        [20,21]        [21,23]        [23,25]        [25,31]        [31,32]        [32,33]        [33,42]        [42,51]        [51,59]        [59,67]        [67,74]        [74,82]        [82,88]        [88,91]        [91,98]        [98,107]       [107,117]      [117,123]      [123,133]      [133,135]      [135,138]      [138,147]      [147,153]      [153,162]      [162,166]      [166,170]      [170,176]      [176,182]      [182,187]      [187,191]      [191,194]      [194,197]      [199,203]      [204,213]      [213,219]      [219,225]      [225,232]      [232,240]      [240,248]      [248,251]      [251,253]      [253,255]      [257,264]      [264,270]      [270,274]      [274,280]      [280,281]      [281,287]      [287,294]      [294,295]      [295,305]      [305,310]      [310,320]      [322,323]      [323,329]      [329,337]      [337,342]      [342,350]      [350,360]      [360,364]      [370,371]      [382,384]      [384,389]      
Machine 2: job_8_task_0   job_8_task_1   job_1_task_0   job_3_task_0   job_7_task_1   job_10_task_2  job_8_task_5   job_0_task_0   job_4_task_3   job_8_task_7   job_8_task_8   job_2_task_3   job_2_task_4   job_3_task_2   job_11_task_0  job_5_task_0   job_1_task_2   job_11_task_2  job_3_task_4   job_4_task_7   job_4_task_8   job_11_task_3  job_1_task_3   job_5_task_2   job_6_task_0   job_0_task_4   job_5_task_4   job_2_task_7   job_5_task_5   job_5_task_6   job_0_task_5   job_7_task_4   job_6_task_3   job_9_task_5   job_5_task_9   job_2_task_8   job_6_task_6   job_6_task_7   job_0_task_6   job_0_task_7   job_7_task_6   job_6_task_10  job_1_task_7   job_6_task_11  job_0_task_10  job_11_task_6  job_1_task_10  job_9_task_8   job_9_task_9   job_8_task_10  job_3_task_9   job_10_task_6  job_10_task_7  job_3_task_10  job_7_task_10  job_9_task_12  job_9_task_13  job_10_task_10 job_7_task_12  job_3_task_13  job_0_task_12  job_1_task_13  job_9_task_14  job_3_task_14  job_8_task_15  job_3_task_15  job_6_task_15  job_2_task_14  job_1_task_15  job_3_task_16  job_10_task_15 job_6_task_16  
           [0,8]          [8,10]         [10,12]        [12,16]        [16,17]        [17,23]        [23,33]        [33,41]        [41,42]        [42,49]        [49,57]        [57,63]        [63,71]        [71,74]        [74,80]        [80,90]        [90,97]        [97,100]       [100,101]      [101,103]      [103,107]      [107,112]      [112,118]      [118,126]      [126,136]      [136,142]      [142,145]      [145,155]      [155,159]      [159,166]      [166,173]      [173,178]      [178,182]      [182,183]      [183,189]      [189,199]      [199,200]      [200,209]      [209,212]      [212,219]      [219,227]      [227,231]      [231,232]      [232,239]      [239,244]      [244,252]      [252,253]      [253,258]      [258,260]      [260,266]      [266,272]      [272,279]      [279,287]      [287,290]      [290,294]      [294,297]      [297,303]      [303,304]      [304,309]      [309,315]      [315,322]      [322,325]      [325,332]      [332,339]      [339,348]      [348,354]      [354,360]      [360,363]      [363,371]      [371,379]      [379,382]      [382,390]      
Optimal Schedule Length: 390.0
Total (Unoptimized Schedule Length): 1103
Statistics
  - conflicts: 0
  - branches : 10
  - wall time: 0.557151252s