
Problem
         task_0   task_1    task_2   task_3   task_4    task_5    task_6   task_7    task_8   task_9  task_10  task_11   task_12   task_13   task_14  task_15  task_16  task_17   task_18  task_19
job_0    (0, 7)   (6, 3)    (4, 9)   (9, 1)  (12, 2)    (0, 2)   (11, 9)  (6, 10)   (10, 1)  (13, 5)   (1, 6)   (2, 5)    (2, 5)   (8, 10)    (8, 8)  (10, 8)  (4, 10)   (0, 1)   (7, 10)  (13, 8)
job_1    (4, 2)   (1, 9)    (4, 2)   (8, 7)  (10, 8)    (2, 8)   (13, 2)   (0, 1)    (2, 5)   (4, 1)   (1, 4)  (11, 6)    (4, 6)    (2, 7)    (7, 9)   (2, 4)   (5, 8)   (7, 4)   (10, 9)   (7, 7)
job_2   (13, 2)  (12, 5)   (11, 7)  (11, 1)  (10, 2)    (5, 3)    (4, 4)   (4, 9)    (8, 8)   (2, 5)   (6, 5)   (0, 9)  (12, 10)   (11, 8)    (3, 8)   (2, 7)   (8, 1)   (2, 2)    (8, 8)   (2, 4)
job_3    (3, 4)   (9, 8)    (5, 9)   (7, 2)   (0, 4)    (5, 3)   (12, 5)   (6, 2)    (3, 3)  (6, 10)  (11, 3)   (5, 4)    (2, 6)    (5, 4)    (1, 3)   (0, 8)   (5, 3)   (3, 7)    (3, 1)   (6, 6)
job_4    (2, 1)   (5, 4)    (7, 9)  (12, 4)  (13, 7)   (11, 2)   (12, 2)  (13, 7)   (13, 1)   (4, 7)   (7, 8)   (8, 9)    (0, 8)    (6, 1)   (13, 7)   (1, 6)   (5, 4)  (11, 6)   (2, 10)  (11, 5)
job_5    (6, 1)  (2, 10)    (1, 8)   (1, 4)   (9, 4)    (0, 5)    (7, 8)  (12, 2)    (5, 3)   (6, 1)   (9, 6)   (7, 2)   (5, 10)   (10, 8)   (10, 5)   (2, 9)  (11, 8)   (1, 3)    (9, 4)  (12, 3)
job_6    (4, 2)   (4, 3)    (5, 9)   (2, 9)   (0, 7)    (2, 4)   (11, 6)   (8, 3)    (0, 4)  (11, 3)   (4, 3)  (10, 8)    (4, 9)    (8, 4)    (1, 2)   (3, 4)   (4, 4)   (0, 7)   (10, 5)  (13, 2)
job_7   (10, 2)   (5, 3)    (3, 8)  (11, 9)  (3, 10)    (4, 8)    (3, 2)   (5, 9)    (0, 1)  (10, 1)  (13, 1)   (3, 7)    (7, 6)    (3, 3)    (4, 6)   (9, 7)   (8, 3)   (8, 7)    (9, 7)  (12, 3)
job_8    (4, 6)  (13, 9)    (5, 8)  (10, 2)   (7, 2)    (7, 6)    (5, 5)  (12, 8)    (0, 8)  (8, 10)   (6, 3)  (12, 1)  (11, 10)    (5, 2)    (5, 4)   (3, 1)   (6, 4)  (11, 4)   (12, 7)  (12, 4)
job_9   (10, 3)   (7, 9)  (10, 10)   (2, 3)   (8, 9)   (13, 4)   (10, 8)   (6, 9)    (9, 8)  (10, 2)  (12, 5)   (5, 5)    (8, 8)  (12, 10)    (7, 6)   (5, 3)   (5, 4)   (9, 7)    (6, 5)   (1, 5)
job_10  (11, 1)   (9, 8)   (11, 2)   (9, 7)   (4, 9)  (11, 10)    (9, 9)   (2, 2)    (2, 1)   (8, 7)   (4, 5)   (2, 1)   (10, 9)    (8, 4)    (8, 3)  (13, 7)  (13, 1)   (4, 5)    (1, 2)   (2, 5)
job_11   (1, 5)   (1, 3)    (9, 1)  (10, 7)   (4, 6)    (7, 1)   (12, 6)   (5, 7)    (8, 8)  (13, 7)  (13, 6)  (13, 1)    (3, 4)    (6, 7)   (12, 5)   (2, 4)  (12, 7)   (3, 7)    (0, 6)  (12, 5)
job_12  (12, 2)   (2, 8)   (11, 6)   (2, 4)   (2, 8)    (4, 7)    (7, 8)   (8, 8)  (13, 10)   (2, 1)   (3, 4)   (9, 4)    (7, 9)   (7, 10)    (2, 8)  (1, 10)   (1, 4)   (5, 4)    (4, 6)   (0, 8)
job_13   (1, 7)   (8, 7)    (1, 7)   (8, 1)   (6, 2)   (10, 2)    (4, 6)  (11, 2)    (6, 2)  (10, 7)  (11, 5)   (5, 5)   (13, 4)   (10, 9)    (3, 5)   (0, 3)   (5, 8)   (9, 6)    (2, 5)  (12, 3)
job_14  (4, 10)   (8, 5)    (0, 2)   (8, 5)   (3, 7)    (5, 9)  (10, 10)   (8, 5)    (5, 5)   (1, 5)  (12, 8)   (6, 7)   (12, 7)    (8, 4)   (13, 8)   (6, 3)   (9, 1)   (9, 5)  (12, 10)  (13, 7)
job_15   (8, 7)   (4, 6)    (8, 5)  (11, 7)  (10, 3)  (13, 10)    (1, 5)   (1, 4)    (7, 1)  (11, 1)   (5, 6)   (1, 4)  (10, 10)   (10, 6)   (11, 8)   (0, 8)   (5, 3)   (6, 6)    (3, 4)  (0, 10)
job_16   (6, 8)  (3, 10)    (9, 4)  (12, 5)  (10, 7)    (9, 8)   (10, 6)  (11, 5)   (0, 10)  (13, 7)   (4, 9)   (1, 2)    (2, 2)   (10, 6)    (7, 5)   (6, 1)  (12, 6)   (3, 1)    (7, 8)   (3, 6)
job_17  (11, 9)   (5, 2)   (10, 3)   (7, 1)   (5, 1)   (10, 5)    (7, 8)   (3, 7)    (1, 8)   (3, 1)  (12, 7)   (5, 7)    (4, 5)    (2, 2)  (10, 10)  (10, 1)   (4, 4)   (1, 7)   (12, 8)   (4, 6)


Solution:
Machine 0: job_0_task_0   job_0_task_5   job_6_task_4   job_14_task_2  job_5_task_5   job_3_task_4   job_8_task_8   job_16_task_8  job_7_task_8   job_2_task_11  job_6_task_8   job_1_task_7   job_4_task_12  job_15_task_15 job_13_task_15 job_11_task_18 job_0_task_17  job_3_task_15  job_6_task_17  job_15_task_19 job_12_task_19 
           [0,7]          [39,41]        [44,51]        [51,53]        [53,58]        [58,62]        [65,73]        [75,85]        [85,86]        [86,95]        [95,99]        [99,100]       [126,134]      [146,154]      [154,157]      [157,163]      [164,165]      [165,173]      [173,180]      [180,190]      [190,198]      
Machine 1: job_11_task_0  job_11_task_1  job_13_task_0  job_1_task_1   job_13_task_2  job_5_task_2   job_5_task_3   job_15_task_6  job_15_task_7  job_17_task_8  job_15_task_11 job_0_task_10  job_16_task_11 job_1_task_10  job_14_task_9  job_4_task_15  job_3_task_14  job_6_task_14  job_12_task_15 job_12_task_16 job_17_task_17 job_5_task_17  job_10_task_18 job_9_task_19  
           [0,5]          [5,8]          [8,15]         [15,24]        [24,31]        [31,39]        [39,43]        [49,54]        [54,58]        [58,66]        [66,70]        [86,92]        [102,104]      [110,114]      [124,129]      [142,148]      [157,160]      [160,162]      [162,172]      [172,176]      [177,184]      [184,187]      [187,189]      [189,194]      
Machine 2: job_4_task_0   job_5_task_1   job_12_task_1  job_9_task_3   job_6_task_3   job_6_task_5   job_12_task_3  job_12_task_4  job_1_task_5   job_2_task_9   job_0_task_11  job_0_task_12  job_1_task_8   job_16_task_12 job_12_task_9  job_11_task_15 job_10_task_7  job_10_task_8  job_2_task_15  job_1_task_13  job_5_task_15  job_3_task_12  job_10_task_11 job_12_task_14 job_17_task_13 job_1_task_15  job_4_task_18  job_2_task_17  job_13_task_18 job_2_task_19  job_10_task_19 
           [0,1]          [1,11]         [11,19]        [31,34]        [35,44]        [51,55]        [56,60]        [60,68]        [68,76]        [76,81]        [92,97]        [97,102]       [102,107]      [107,109]      [109,110]      [110,114]      [114,116]      [116,117]      [122,129]      [129,136]      [136,145]      [145,151]      [151,152]      [152,160]      [160,162]      [163,167]      [167,177]      [177,179]      [179,184]      [187,191]      [191,196]      
Machine 3: job_3_task_0   job_7_task_2   job_16_task_1  job_7_task_4   job_17_task_7  job_17_task_9  job_7_task_6   job_14_task_4  job_11_task_12 job_7_task_11  job_3_task_8   job_7_task_13  job_12_task_10 job_2_task_14  job_16_task_17 job_8_task_15  job_13_task_14 job_11_task_17 job_6_task_15  job_15_task_18 job_3_task_17  job_3_task_18  job_16_task_19 
           [0,4]          [8,16]         [18,28]        [28,38]        [44,51]        [66,67]        [67,69]        [73,80]        [80,84]        [94,101]       [101,104]      [107,110]      [110,114]      [114,122]      [129,130]      [141,142]      [145,150]      [150,157]      [162,166]      [174,178]      [184,191]      [191,192]      [192,198]      
Machine 4: job_8_task_0   job_6_task_0   job_6_task_1   job_1_task_0   job_15_task_1  job_11_task_4  job_1_task_2   job_0_task_2   job_14_task_0  job_2_task_6   job_2_task_7   job_7_task_5   job_12_task_5  job_10_task_4  job_13_task_6  job_16_task_10 job_4_task_9   job_1_task_9   job_6_task_10  job_7_task_14  job_1_task_12  job_6_task_12  job_17_task_12 job_10_task_10 job_0_task_16  job_6_task_16  job_17_task_16 job_10_task_17 job_12_task_18 job_17_task_19 
           [0,6]          [6,8]          [8,11]         [11,13]        [13,19]        [19,25]        [25,27]        [27,36]        [36,46]        [46,50]        [50,59]        [59,67]        [68,75]        [75,84]        [85,91]        [93,102]       [102,109]      [109,110]      [110,113]      [113,119]      [120,126]      [126,135]      [135,140]      [144,149]      [154,164]      [166,170]      [173,177]      [177,182]      [182,188]      [192,198]      
Machine 5: job_4_task_1   job_7_task_1   job_17_task_1  job_8_task_2   job_17_task_4  job_6_task_2   job_3_task_2   job_2_task_5   job_11_task_7  job_8_task_6   job_15_task_10 job_3_task_5   job_7_task_7   job_14_task_5  job_9_task_11  job_5_task_8   job_17_task_11 job_5_task_12  job_14_task_8  job_13_task_11 job_9_task_15  job_8_task_13  job_8_task_14  job_3_task_11  job_9_task_16  job_4_task_16  job_3_task_13  job_13_task_16 job_15_task_16 job_1_task_16  job_12_task_17 job_3_task_16  
           [1,5]          [5,8]          [9,11]         [15,23]        [23,24]        [24,33]        [33,42]        [42,45]        [45,52]        [52,57]        [60,66]        [66,69]        [69,78]        [80,89]        [89,94]        [94,97]        [97,104]       [109,119]      [119,124]      [125,130]      [130,133]      [135,137]      [137,141]      [141,145]      [145,149]      [149,153]      [153,157]      [157,165]      [165,168]      [169,177]      [177,181]      [181,184]      
Machine 6: job_5_task_0   job_0_task_1   job_16_task_0  job_13_task_4  job_0_task_7   job_9_task_7   job_2_task_10  job_11_task_13 job_3_task_7   job_8_task_10  job_5_task_9   job_13_task_8  job_3_task_9   job_16_task_15 job_4_task_13  job_14_task_11 job_8_task_16  job_9_task_18  job_14_task_15 job_15_task_17 job_3_task_19  
           [0,1]          [7,10]         [10,18]        [35,37]        [50,60]        [64,73]        [81,86]        [86,93]        [93,95]        [95,98]        [98,99]        [99,101]       [104,114]      [122,123]      [134,135]      [137,144]      [144,148]      [156,161]      [163,166]      [168,174]      [192,198]      
Machine 7: job_9_task_1   job_4_task_2   job_17_task_3  job_11_task_5  job_17_task_6  job_8_task_4   job_8_task_5   job_3_task_3   job_15_task_8  job_5_task_6   job_12_task_6  job_7_task_12  job_5_task_11  job_4_task_10  job_16_task_14 job_9_task_14  job_12_task_12 job_12_task_13 job_1_task_14  job_0_task_18  job_1_task_17  job_16_task_18 job_1_task_19  
           [3,12]         [12,21]        [21,22]        [25,26]        [36,44]        [44,46]        [46,52]        [52,54]        [58,59]        [59,67]        [75,83]        [101,107]      [107,109]      [109,117]      [117,122]      [122,128]      [128,137]      [137,147]      [153,162]      [165,175]      [178,182]      [182,190]      [191,198]      
Machine 8: job_15_task_0  job_13_task_1  job_15_task_2  job_1_task_3   job_13_task_3  job_9_task_4   job_14_task_1  job_11_task_8  job_2_task_8   job_14_task_3  job_8_task_9   job_12_task_7  job_6_task_7   job_9_task_12  job_0_task_13  job_14_task_7  job_4_task_11  job_7_task_16  job_0_task_14  job_10_task_9  job_7_task_17  job_14_task_13 job_6_task_13  job_2_task_16  job_10_task_13 job_10_task_14 job_2_task_18  
           [0,7]          [15,22]        [22,27]        [27,34]        [34,35]        [35,44]        [46,51]        [52,60]        [60,68]        [68,73]        [73,83]        [83,91]        [91,94]        [94,102]       [102,112]      [112,117]      [117,126]      [126,129]      [129,137]      [137,144]      [144,151]      [151,155]      [155,159]      [159,160]      [162,166]      [166,169]      [179,187]      
Machine 9: job_11_task_2  job_10_task_1  job_3_task_1   job_10_task_3  job_0_task_3   job_16_task_2  job_5_task_4   job_16_task_5  job_9_task_8   job_5_task_10  job_10_task_6  job_12_task_11 job_7_task_15  job_9_task_17  job_7_task_18  job_14_task_16 job_14_task_17 job_13_task_17 job_5_task_18  
           [8,9]          [10,18]        [18,26]        [29,36]        [36,37]        [37,41]        [43,47]        [56,64]        [73,81]        [99,105]       [105,114]      [114,118]      [119,126]      [149,156]      [156,163]      [166,167]      [167,172]      [172,178]      [187,191]      
Machine 10: job_9_task_0   job_7_task_0   job_11_task_3  job_17_task_2  job_2_task_4   job_9_task_2   job_17_task_5  job_15_task_4  job_8_task_3   job_1_task_4   job_16_task_4  job_9_task_6   job_16_task_6  job_15_task_12 job_0_task_8   job_9_task_9   job_13_task_5  job_15_task_13 job_7_task_9   job_14_task_6  job_13_task_9  job_16_task_13 job_6_task_11  job_5_task_13  job_5_task_14  job_13_task_13 job_0_task_15  job_10_task_12 job_17_task_14 job_17_task_15 job_1_task_18  job_6_task_18  
           [0,3]          [3,5]          [9,16]         [16,19]        [19,21]        [21,31]        [31,36]        [36,39]        [39,41]        [41,49]        [49,56]        [56,64]        [64,70]        [70,80]        [80,81]        [81,83]        [83,85]        [85,91]        [91,92]        [92,102]       [102,109]      [109,115]      [115,123]      [123,131]      [131,136]      [136,145]      [145,153]      [153,162]      [162,172]      [172,173]      [182,191]      [191,196]      
Machine 11: job_17_task_0  job_10_task_0  job_2_task_2   job_2_task_3   job_7_task_3   job_10_task_2  job_15_task_3  job_4_task_5   job_0_task_6   job_12_task_2  job_15_task_9  job_6_task_6   job_16_task_7  job_10_task_5  job_13_task_7  job_6_task_9   job_2_task_13  job_1_task_11  job_13_task_10 job_8_task_12  job_3_task_10  job_15_task_14 job_8_task_17  job_4_task_17  job_5_task_16  job_4_task_19  
           [0,9]          [9,10]         [10,17]        [17,18]        [18,27]        [27,29]        [29,36]        [36,38]        [41,50]        [50,56]        [59,60]        [60,66]        [70,75]        [84,94]        [94,96]        [99,102]       [105,113]      [114,120]      [120,125]      [125,135]      [135,138]      [138,146]      [148,152]      [153,159]      [159,167]      [177,182]      
Machine 12: job_12_task_0  job_2_task_1   job_4_task_3   job_11_task_6  job_0_task_4   job_4_task_6   job_16_task_3  job_8_task_7   job_17_task_10 job_5_task_7   job_3_task_6   job_9_task_10  job_2_task_12  job_11_task_14 job_9_task_13  job_8_task_11  job_16_task_16 job_14_task_10 job_11_task_16 job_14_task_12 job_8_task_18  job_8_task_19  job_11_task_19 job_7_task_19  job_14_task_18 job_17_task_18 job_5_task_19  job_13_task_19 
           [0,2]          [2,7]          [21,25]        [26,32]        [37,39]        [39,41]        [41,46]        [57,65]        [67,74]        [74,76]        [76,81]        [83,88]        [95,105]       [105,110]      [110,120]      [120,121]      [123,129]      [129,137]      [137,144]      [144,151]      [152,159]      [159,163]      [163,168]      [168,171]      [172,182]      [184,192]      [192,195]      [195,198]      
Machine 13: job_2_task_0   job_8_task_1   job_4_task_4   job_15_task_5  job_9_task_5   job_4_task_7   job_11_task_9  job_4_task_8   job_11_task_10 job_11_task_11 job_1_task_6   job_0_task_9   job_16_task_9  job_7_task_10  job_12_task_8  job_13_task_12 job_4_task_14  job_14_task_14 job_10_task_15 job_10_task_16 job_0_task_19  job_14_task_19 job_6_task_19  
           [0,2]          [6,15]         [25,32]        [39,49]        [49,53]        [53,60]        [60,67]        [67,68]        [68,74]        [74,75]        [76,78]        [81,86]        [86,93]        [93,94]        [94,104]       [130,134]      [135,142]      [155,163]      [169,176]      [176,177]      [180,188]      [188,195]      [196,198]      
Optimal Schedule Length: 198.0
Total (Unoptimized Schedule Length): 1953
Statistics
  - conflicts: 0
  - branches : 8
  - wall time: 1.289542017s