
Problem
         task_0   task_1   task_2   task_3   task_4   task_5   task_6   task_7   task_8   task_9  task_10  task_11  task_12  task_13
job_0    (5, 2)   (6, 9)   (4, 5)   (2, 6)   (4, 3)   (5, 9)   (4, 3)   (4, 5)   (4, 8)   (5, 1)   (1, 4)   (6, 2)   (2, 8)   (1, 5)
job_1    (2, 3)   (4, 6)   (3, 8)   (4, 5)   (6, 6)   (5, 7)   (4, 5)   (5, 4)   (5, 6)  (5, 10)   (0, 4)   (0, 9)   (6, 3)   (0, 6)
job_2    (3, 8)   (0, 3)   (2, 6)   (0, 4)   (5, 5)   (1, 3)   (3, 7)   (2, 4)   (2, 8)   (3, 9)   (6, 9)   (2, 6)   (6, 2)   (1, 5)
job_3    (4, 2)   (1, 4)   (2, 8)  (0, 10)   (3, 8)   (6, 8)   (5, 4)   (4, 1)   (6, 6)   (1, 5)   (1, 9)   (3, 9)   (4, 3)   (5, 1)
job_4   (5, 10)   (3, 2)  (4, 10)   (6, 8)   (3, 4)   (1, 9)   (3, 1)  (5, 10)   (1, 9)   (3, 7)   (0, 8)   (0, 7)   (4, 9)   (4, 5)
job_5    (2, 9)  (3, 10)   (3, 4)   (0, 3)  (5, 10)   (3, 6)  (6, 10)   (1, 3)   (6, 1)   (4, 1)   (1, 7)  (0, 10)   (0, 4)   (6, 8)
job_6   (2, 10)   (0, 5)   (3, 3)   (0, 4)   (4, 7)   (5, 3)  (5, 10)   (1, 9)   (3, 6)  (6, 10)   (4, 1)   (4, 6)  (4, 10)   (0, 9)
job_7    (0, 5)   (4, 4)   (5, 7)   (1, 5)  (0, 10)   (3, 1)   (6, 6)   (6, 9)   (5, 8)   (4, 1)   (1, 6)   (4, 8)   (5, 4)   (3, 2)
job_8   (5, 10)   (4, 3)   (5, 1)   (3, 9)   (1, 8)  (5, 10)  (4, 10)   (0, 9)   (4, 2)   (2, 2)   (5, 8)   (3, 9)   (3, 7)  (0, 10)
job_9    (1, 8)   (2, 5)   (3, 6)   (2, 1)   (6, 5)   (0, 5)   (3, 9)   (4, 1)   (6, 5)   (5, 7)  (6, 10)   (3, 2)   (2, 2)   (3, 4)
job_10   (1, 5)   (2, 8)   (3, 2)   (2, 6)   (0, 4)   (4, 5)   (3, 5)   (0, 7)  (1, 10)   (6, 1)   (1, 9)   (2, 1)   (0, 3)   (5, 4)
job_11   (6, 7)  (6, 10)   (2, 9)  (5, 10)   (5, 7)   (0, 3)  (2, 10)  (4, 10)  (4, 10)   (2, 5)   (5, 2)  (5, 10)   (5, 2)   (6, 8)
job_12   (2, 5)   (1, 5)   (0, 3)   (1, 7)   (0, 8)   (6, 9)   (5, 1)   (4, 4)   (1, 2)  (3, 10)   (0, 8)   (3, 4)   (2, 7)   (3, 1)
job_13   (1, 5)   (2, 1)   (4, 2)   (4, 1)   (3, 3)   (6, 1)   (3, 3)   (3, 7)   (2, 3)   (0, 6)   (4, 8)   (3, 2)   (5, 8)   (1, 6)
job_14  (1, 10)   (6, 1)   (2, 6)   (1, 5)   (4, 9)   (6, 3)   (0, 1)  (5, 10)   (4, 2)  (4, 10)   (0, 4)   (4, 3)   (4, 2)   (1, 4)
job_15   (5, 1)   (0, 4)   (0, 5)   (1, 6)   (6, 7)   (5, 1)   (5, 8)   (3, 2)   (0, 7)   (3, 5)   (0, 4)   (4, 8)   (6, 6)   (4, 2)


Solution:
Machine 0: job_7_task_0   job_2_task_1   job_6_task_1   job_6_task_3   job_7_task_4   job_12_task_2  job_2_task_3   job_11_task_5  job_5_task_3   job_3_task_3   job_15_task_1  job_15_task_2  job_12_task_4  job_8_task_7   job_13_task_9  job_10_task_4  job_9_task_5   job_14_task_6  job_15_task_8  job_4_task_10  job_10_task_7  job_4_task_11  job_15_task_10 job_6_task_13  job_5_task_11  job_12_task_10 job_5_task_12  job_1_task_10  job_14_task_10 job_1_task_11  job_8_task_13  job_10_task_12 job_1_task_13  
           [0,5]          [8,11]         [11,16]        [19,23]        [32,42]        [42,45]        [45,49]        [49,52]        [54,57]        [57,67]        [67,71]        [71,76]        [76,84]        [84,93]        [93,99]        [99,103]       [103,108]      [108,109]      [111,118]      [118,126]      [126,133]      [133,140]      [140,144]      [144,153]      [153,163]      [163,171]      [171,175]      [175,179]      [179,183]      [183,192]      [192,202]      [202,205]      [205,211]      
Machine 1: job_9_task_0   job_3_task_1   job_10_task_0  job_14_task_0  job_7_task_3   job_13_task_0  job_12_task_1  job_8_task_4   job_14_task_3  job_4_task_5   job_12_task_3  job_6_task_7   job_15_task_3  job_2_task_5   job_4_task_8   job_12_task_8  job_5_task_7   job_10_task_8  job_5_task_10  job_3_task_9   job_3_task_10  job_0_task_10  job_10_task_10 job_2_task_13  job_7_task_10  job_0_task_13  job_13_task_13 job_14_task_13 
           [0,8]          [8,12]         [12,17]        [17,27]        [27,32]        [32,37]        [37,42]        [42,50]        [50,55]        [55,64]        [64,71]        [71,80]        [80,86]        [86,89]        [96,105]       [117,119]      [128,131]      [133,143]      [145,152]      [152,157]      [157,166]      [166,170]      [170,179]      [179,184]      [188,194]      [194,199]      [200,206]      [206,210]      
Machine 2: job_6_task_0   job_5_task_0   job_11_task_2  job_1_task_0   job_12_task_0  job_2_task_2   job_13_task_1  job_14_task_2  job_3_task_2   job_10_task_1  job_11_task_6  job_9_task_1   job_10_task_3  job_9_task_3   job_13_task_8  job_0_task_3   job_11_task_9  job_2_task_7   job_2_task_8   job_8_task_9   job_2_task_11  job_0_task_12  job_10_task_11 job_12_task_12 job_9_task_12  
           [0,10]         [10,19]        [19,28]        [28,31]        [31,36]        [36,42]        [42,43]        [43,49]        [49,57]        [57,65]        [65,75]        [75,80]        [80,86]        [86,87]        [87,90]        [90,96]        [96,101]       [101,105]      [105,113]      [113,115]      [155,161]      [172,180]      [180,181]      [187,194]      [195,197]      
Machine 3: job_2_task_0   job_4_task_1   job_6_task_2   job_5_task_1   job_8_task_3   job_1_task_2   job_4_task_4   job_5_task_2   job_13_task_4  job_7_task_5   job_13_task_6  job_13_task_7  job_10_task_2  job_4_task_6   job_3_task_4   job_9_task_2   job_5_task_5   job_2_task_6   job_6_task_8   job_15_task_7  job_4_task_9   job_10_task_6  job_9_task_6   job_15_task_9  job_2_task_9   job_12_task_9  job_8_task_11  job_8_task_12  job_13_task_11 job_3_task_11  job_12_task_11 job_9_task_11  job_12_task_13 job_9_task_13  job_7_task_13  
           [0,8]          [10,12]        [16,19]        [19,29]        [29,38]        [38,46]        [46,50]        [50,54]        [54,57]        [57,58]        [58,61]        [61,68]        [68,70]        [70,71]        [71,79]        [80,86]        [86,92]        [92,99]        [99,105]       [109,111]      [111,118]      [118,123]      [123,132]      [132,137]      [137,146]      [146,156]      [156,165]      [165,172]      [172,174]      [174,183]      [183,187]      [193,195]      [195,196]      [197,201]      [206,208]      
Machine 4: job_3_task_0   job_7_task_1   job_4_task_2   job_8_task_1   job_6_task_4   job_1_task_1   job_13_task_2  job_13_task_3  job_1_task_3   job_0_task_2   job_14_task_4  job_8_task_6   job_11_task_7  job_11_task_8  job_8_task_8   job_0_task_4   job_13_task_10 job_10_task_5  job_12_task_7  job_1_task_6   job_6_task_10  job_6_task_11  job_0_task_6   job_3_task_7   job_9_task_7   job_6_task_12  job_5_task_9   job_0_task_7   job_0_task_8   job_14_task_8  job_14_task_9  job_15_task_11 job_4_task_12  job_7_task_9   job_14_task_11 job_3_task_12  job_7_task_11  job_14_task_12 job_4_task_13  job_15_task_13 
           [0,2]          [5,9]          [12,22]        [22,25]        [25,32]        [32,38]        [43,45]        [45,46]        [46,51]        [51,56]        [56,65]        [65,75]        [75,85]        [85,95]        [95,97]        [97,100]       [100,108]      [108,113]      [113,117]      [117,122]      [122,123]      [123,129]      [129,132]      [132,133]      [133,134]      [134,144]      [144,145]      [145,150]      [150,158]      [158,160]      [160,170]      [170,178]      [178,187]      [187,188]      [188,191]      [191,194]      [194,202]      [202,204]      [204,209]      [209,211]      
Machine 5: job_4_task_0   job_8_task_0   job_7_task_2   job_8_task_2   job_11_task_3  job_0_task_0   job_11_task_4  job_6_task_5   job_8_task_5   job_15_task_0  job_6_task_6   job_5_task_4   job_2_task_4   job_4_task_7   job_3_task_6   job_15_task_5  job_15_task_6  job_12_task_6  job_1_task_5   job_0_task_5   job_1_task_7   job_1_task_8   job_14_task_7  job_8_task_10  job_1_task_9   job_0_task_9   job_7_task_8   job_9_task_9   job_11_task_10 job_11_task_11 job_13_task_12 job_11_task_12 job_7_task_12  job_10_task_13 job_3_task_13  
           [0,10]         [10,20]        [20,27]        [27,28]        [28,38]        [38,40]        [40,47]        [47,50]        [50,60]        [60,61]        [61,71]        [71,81]        [81,86]        [86,96]        [96,100]       [100,101]      [101,109]      [109,110]      [110,117]      [117,126]      [126,130]      [130,136]      [136,146]      [146,154]      [154,164]      [164,165]      [165,173]      [173,180]      [180,182]      [182,192]      [192,200]      [200,202]      [202,206]      [206,210]      [210,211]      
Machine 6: job_11_task_0  job_11_task_1  job_4_task_3   job_14_task_1  job_0_task_1   job_1_task_4   job_13_task_5  job_7_task_6   job_7_task_7   job_14_task_5  job_3_task_5   job_9_task_4   job_15_task_4  job_12_task_5  job_6_task_9   job_5_task_6   job_5_task_8   job_3_task_8   job_9_task_8   job_10_task_9  job_2_task_10  job_2_task_12  job_0_task_11  job_5_task_13  job_9_task_10  job_15_task_12 job_1_task_12  job_11_task_13 
           [0,7]          [7,17]         [22,30]        [30,31]        [40,49]        [51,57]        [57,58]        [58,64]        [64,73]        [73,76]        [79,87]        [87,92]        [92,99]        [99,108]       [108,118]      [118,128]      [131,132]      [133,139]      [139,144]      [144,145]      [146,155]      [161,163]      [170,172]      [175,183]      [183,193]      [193,199]      [199,202]      [202,210]      
Optimal Schedule Length: 211.0
Total (Unoptimized Schedule Length): 1270
Statistics
  - conflicts: 0
  - branches : 0
  - wall time: 0.441960917s