
Problem
        task_0   task_1   task_2  task_3   task_4  task_5  task_6   task_7   task_8   task_9  task_10 task_11  task_12  task_13  task_14 task_15  task_16
job_0   (0, 6)   (3, 1)   (4, 9)  (2, 3)   (3, 7)  (3, 3)  (3, 9)   (0, 8)   (3, 9)   (2, 8)  (3, 10)  (2, 7)   (4, 5)   (2, 8)   (2, 6)  (3, 7)   (1, 5)
job_1   (1, 6)   (0, 7)   (1, 2)  (2, 3)   (4, 9)  (3, 2)  (4, 7)   (0, 3)   (4, 5)   (2, 1)   (4, 3)  (2, 1)  (0, 10)   (1, 2)   (4, 6)  (2, 2)   (3, 3)
job_2   (1, 7)   (0, 9)  (4, 10)  (1, 8)   (0, 2)  (4, 8)  (3, 2)   (4, 9)   (0, 5)   (4, 2)   (3, 5)  (2, 4)   (2, 3)   (4, 6)   (2, 7)  (1, 7)   (2, 2)
job_3   (3, 4)   (1, 7)   (1, 1)  (1, 7)   (0, 8)  (4, 3)  (1, 6)   (4, 2)   (0, 9)   (0, 8)   (0, 8)  (1, 7)   (0, 3)   (2, 1)   (3, 6)  (0, 6)   (2, 1)
job_4   (3, 3)   (2, 2)   (4, 6)  (2, 1)   (2, 7)  (1, 2)  (3, 8)   (3, 8)   (3, 2)   (1, 1)   (2, 7)  (1, 2)   (2, 3)  (4, 10)   (2, 7)  (3, 4)   (2, 1)
job_5   (3, 4)   (4, 8)   (2, 5)  (2, 1)   (0, 8)  (1, 1)  (4, 2)   (3, 1)  (2, 10)   (1, 3)   (2, 3)  (1, 1)   (4, 8)   (2, 9)   (4, 6)  (3, 3)  (0, 10)
job_6   (2, 7)   (3, 9)   (2, 2)  (1, 9)   (1, 3)  (4, 1)  (1, 1)   (1, 7)   (3, 4)   (0, 6)   (3, 1)  (2, 9)   (4, 8)  (0, 10)   (4, 3)  (2, 3)   (0, 6)
job_7   (2, 6)  (3, 10)   (2, 3)  (2, 5)   (4, 1)  (4, 5)  (1, 7)   (3, 6)   (4, 4)   (2, 6)   (1, 6)  (3, 2)   (2, 2)   (2, 8)  (0, 10)  (1, 9)   (4, 9)
job_8   (3, 5)   (0, 4)   (0, 9)  (3, 3)   (0, 7)  (2, 1)  (2, 4)   (2, 2)   (0, 3)   (4, 8)   (3, 2)  (4, 7)   (0, 9)   (3, 2)   (0, 3)  (2, 3)   (1, 8)
job_9   (2, 4)   (0, 4)   (2, 2)  (1, 9)   (2, 9)  (1, 6)  (4, 7)   (2, 8)   (3, 3)  (0, 10)   (1, 6)  (3, 2)   (4, 3)  (2, 10)   (1, 7)  (4, 1)   (1, 9)
job_10  (0, 6)   (0, 1)   (3, 2)  (1, 1)   (2, 4)  (1, 4)  (1, 2)   (3, 5)   (3, 7)   (2, 9)   (2, 5)  (1, 2)   (0, 5)   (1, 5)  (1, 10)  (2, 1)   (2, 5)
job_11  (4, 4)  (3, 10)   (1, 6)  (0, 5)   (3, 8)  (4, 3)  (0, 5)   (2, 8)   (0, 7)   (4, 6)   (3, 3)  (1, 2)   (3, 4)   (4, 6)   (0, 9)  (1, 1)   (4, 6)
job_12  (3, 1)   (3, 9)   (2, 5)  (1, 7)   (1, 8)  (0, 7)  (0, 4)   (0, 8)   (4, 7)  (2, 10)   (3, 3)  (4, 5)  (4, 10)   (4, 6)   (3, 6)  (0, 3)   (3, 7)
job_13  (0, 8)   (4, 5)   (2, 6)  (0, 4)   (4, 2)  (0, 8)  (3, 3)   (0, 3)   (2, 4)   (1, 3)   (0, 6)  (4, 5)   (4, 1)   (1, 7)   (2, 4)  (0, 3)   (4, 7)
job_14  (3, 1)   (2, 1)   (1, 3)  (0, 7)   (4, 8)  (4, 6)  (0, 4)   (3, 2)   (3, 8)   (0, 9)   (1, 5)  (1, 2)   (4, 4)   (3, 2)   (0, 1)  (3, 4)   (4, 8)
job_15  (3, 1)  (0, 10)   (2, 3)  (0, 2)   (0, 9)  (0, 2)  (4, 5)   (4, 3)   (4, 4)   (0, 6)   (1, 7)  (4, 4)   (4, 8)   (4, 4)  (3, 10)  (0, 2)   (1, 6)
job_16  (2, 1)   (2, 8)   (4, 2)  (4, 8)  (0, 10)  (4, 9)  (2, 7)  (3, 10)   (0, 5)   (0, 8)   (2, 9)  (3, 1)   (3, 8)   (0, 2)  (4, 10)  (4, 7)   (2, 2)


Solution:
Machine 0: job_0_task_0   job_13_task_0  job_9_task_1   job_2_task_1   job_10_task_0  job_16_task_4  job_15_task_1  job_12_task_5  job_11_task_3  job_0_task_7   job_8_task_1   job_15_task_3  job_12_task_6  job_10_task_1  job_14_task_3  job_15_task_4  job_2_task_4   job_8_task_2   job_3_task_4   job_1_task_1   job_5_task_4   job_12_task_7  job_15_task_5  job_13_task_3  job_8_task_4   job_11_task_6  job_16_task_8  job_2_task_8   job_1_task_7   job_11_task_8  job_8_task_8   job_14_task_6  job_16_task_9  job_9_task_9   job_13_task_5  job_15_task_9  job_6_task_9   job_13_task_7  job_3_task_8   job_3_task_9   job_14_task_9  job_13_task_10 job_3_task_10  job_7_task_14  job_10_task_12 job_16_task_13 job_8_task_12  job_1_task_12  job_6_task_13  job_3_task_12  job_11_task_14 job_8_task_14  job_14_task_14 job_12_task_15 job_13_task_15 job_5_task_16  job_15_task_15 job_3_task_15  job_6_task_16  
           [0,6]          [6,14]         [14,18]        [18,27]        [27,33]        [33,43]        [43,53]        [53,60]        [60,65]        [65,73]        [73,77]        [77,79]        [79,83]        [83,84]        [84,91]        [91,100]       [100,102]      [102,111]      [111,119]      [119,126]      [126,134]      [134,142]      [142,144]      [144,148]      [148,155]      [155,160]      [160,165]      [165,170]      [170,173]      [173,180]      [180,183]      [183,187]      [187,195]      [195,205]      [205,213]      [213,219]      [219,225]      [225,228]      [228,237]      [237,245]      [245,254]      [254,260]      [260,268]      [268,278]      [278,283]      [283,285]      [285,294]      [294,304]      [304,314]      [314,317]      [317,326]      [326,329]      [329,330]      [330,333]      [333,336]      [336,346]      [346,348]      [348,354]      [354,360]      
Machine 1: job_2_task_0   job_1_task_0   job_11_task_2  job_12_task_3  job_9_task_3   job_12_task_4  job_3_task_1   job_3_task_2   job_3_task_3   job_9_task_5   job_6_task_3   job_14_task_2  job_2_task_3   job_7_task_6   job_6_task_4   job_4_task_5   job_6_task_6   job_6_task_7   job_10_task_3  job_10_task_5  job_10_task_6  job_1_task_2   job_3_task_6   job_5_task_5   job_7_task_10  job_10_task_11 job_4_task_9   job_5_task_9   job_5_task_11  job_11_task_11 job_9_task_10  job_15_task_10 job_4_task_11  job_13_task_9  job_14_task_10 job_14_task_11 job_9_task_14  job_3_task_11  job_13_task_13 job_10_task_13 job_7_task_15  job_10_task_14 job_1_task_13  job_2_task_15  job_0_task_16  job_11_task_15 job_8_task_16  job_9_task_16  job_15_task_16 
           [0,7]          [7,13]         [21,27]        [27,34]        [34,43]        [43,51]        [51,58]        [58,59]        [59,66]        [66,72]        [72,81]        [81,84]        [84,92]        [92,99]        [99,102]       [102,104]      [106,107]      [107,114]      [114,115]      [119,123]      [123,125]      [126,128]      [128,134]      [134,135]      [135,141]      [155,157]      [169,170]      [178,181]      [184,185]      [205,207]      [207,213]      [219,226]      [227,229]      [240,243]      [254,259]      [259,261]      [263,270]      [270,277]      [277,284]      [284,289]      [289,298]      [298,308]      [308,310]      [310,317]      [317,322]      [326,327]      [332,340]      [340,349]      [349,355]      
Machine 2: job_16_task_0  job_16_task_1  job_9_task_0   job_7_task_0   job_12_task_2  job_0_task_3   job_9_task_2   job_6_task_0   job_7_task_2   job_7_task_3   job_9_task_4   job_15_task_2  job_16_task_6  job_5_task_2   job_6_task_2   job_5_task_3   job_13_task_2  job_14_task_1  job_4_task_1   job_9_task_7   job_4_task_3   job_4_task_4   job_0_task_9   job_10_task_4  job_7_task_9   job_1_task_3   job_10_task_9  job_10_task_10 job_8_task_5   job_8_task_6   job_11_task_7  job_5_task_8   job_8_task_7   job_1_task_9   job_5_task_10  job_12_task_9  job_7_task_12  job_16_task_10 job_0_task_11  job_7_task_13  job_4_task_10  job_6_task_11  job_13_task_8  job_5_task_13  job_2_task_11  job_9_task_13  job_0_task_13  job_1_task_11  job_2_task_12  job_4_task_12  job_0_task_14  job_2_task_14  job_13_task_14 job_4_task_14  job_10_task_15 job_10_task_16 job_3_task_13  job_2_task_16  job_4_task_16  job_16_task_16 job_6_task_15  job_8_task_15  job_1_task_15  job_3_task_16  
           [0,1]          [1,9]          [9,13]         [13,19]        [19,24]        [24,27]        [27,29]        [29,36]        [36,39]        [39,44]        [44,53]        [53,56]        [56,63]        [63,68]        [68,70]        [70,71]        [71,77]        [77,78]        [78,80]        [80,88]        [88,89]        [89,96]        [96,104]       [115,119]      [119,125]      [128,131]      [141,150]      [150,155]      [155,156]      [156,160]      [160,168]      [168,178]      [178,180]      [180,181]      [181,184]      [184,194]      [194,196]      [196,205]      [205,212]      [212,220]      [220,227]      [227,236]      [236,240]      [240,249]      [249,253]      [253,263]      [263,271]      [271,272]      [272,275]      [275,278]      [278,284]      [284,291]      [291,295]      [307,314]      [314,315]      [315,320]      [320,321]      [321,323]      [323,324]      [324,326]      [326,329]      [329,332]      [332,334]      [354,355]      
Machine 3: job_12_task_0  job_12_task_1  job_0_task_1   job_11_task_1  job_7_task_1   job_0_task_4   job_3_task_0   job_15_task_0  job_0_task_5   job_5_task_0   job_0_task_6   job_6_task_1   job_8_task_0   job_14_task_0  job_4_task_0   job_11_task_4  job_0_task_8   job_16_task_7  job_7_task_7   job_10_task_2  job_4_task_6   job_2_task_6   job_9_task_8   job_10_task_7  job_6_task_8   job_10_task_8  job_8_task_3   job_0_task_10  job_1_task_5   job_4_task_7   job_5_task_7   job_7_task_11  job_4_task_8   job_2_task_10  job_14_task_7  job_14_task_8  job_12_task_10 job_8_task_10  job_11_task_10 job_16_task_11 job_11_task_12 job_16_task_12 job_13_task_6  job_9_task_11  job_6_task_10  job_15_task_14 job_12_task_14 job_0_task_15  job_14_task_13 job_8_task_13  job_4_task_15  job_5_task_15  job_3_task_14  job_14_task_15 job_12_task_16 job_1_task_16  
           [0,1]          [1,10]         [10,11]        [11,21]        [21,31]        [31,38]        [38,42]        [42,43]        [43,46]        [46,50]        [50,59]        [59,68]        [68,73]        [73,74]        [74,77]        [77,85]        [85,94]        [94,104]       [104,110]      [110,112]      [112,120]      [120,122]      [122,125]      [125,130]      [130,134]      [134,141]      [141,144]      [144,154]      [154,156]      [156,164]      [164,165]      [165,167]      [167,169]      [174,179]      [187,189]      [189,197]      [197,200]      [200,202]      [202,205]      [205,206]      [207,211]      [211,219]      [219,222]      [222,224]      [225,226]      [262,272]      [272,278]      [284,291]      [291,293]      [294,296]      [314,318]      [318,321]      [321,327]      [330,334]      [334,341]      [341,344]      
Machine 4: job_11_task_0  job_16_task_2  job_0_task_2   job_16_task_3  job_2_task_2   job_13_task_1  job_16_task_5  job_5_task_1   job_7_task_4   job_7_task_5   job_9_task_6   job_4_task_2   job_11_task_5  job_14_task_4  job_14_task_5  job_6_task_5   job_2_task_5   job_7_task_8   job_3_task_5   job_2_task_7   job_1_task_4   job_5_task_6   job_3_task_7   job_15_task_6  job_12_task_8  job_13_task_4  job_15_task_7  job_1_task_6   job_15_task_8  job_2_task_9   job_1_task_8   job_11_task_9  job_8_task_9   job_5_task_12  job_12_task_11 job_8_task_11  job_12_task_12 job_0_task_12  job_15_task_11 job_9_task_12  job_6_task_12  job_15_task_12 job_12_task_13 job_15_task_13 job_13_task_11 job_13_task_12 job_1_task_10  job_11_task_13 job_2_task_13  job_14_task_12 job_16_task_14 job_4_task_13  job_5_task_14  job_16_task_15 job_6_task_14  job_1_task_14  job_9_task_15  job_7_task_16  job_14_task_16 job_13_task_16 job_11_task_16 
           [0,4]          [9,11]         [11,20]        [20,28]        [28,38]        [38,43]        [43,52]        [52,60]        [60,61]        [61,66]        [72,79]        [80,86]        [86,89]        [91,99]        [99,105]       [105,106]      [106,114]      [114,118]      [119,122]      [122,131]      [131,140]      [140,142]      [142,144]      [144,149]      [149,156]      [156,158]      [158,161]      [161,168]      [168,172]      [172,174]      [174,179]      [180,186]      [186,194]      [194,202]      [202,207]      [207,214]      [214,224]      [224,229]      [229,233]      [233,236]      [236,244]      [244,252]      [252,258]      [258,262]      [262,267]      [267,268]      [268,271]      [271,277]      [277,283]      [283,287]      [287,297]      [297,307]      [307,313]      [313,320]      [320,323]      [323,329]      [329,330]      [330,339]      [339,347]      [347,354]      [354,360]      
Optimal Schedule Length: 360.0
Total (Unoptimized Schedule Length): 1511
Statistics
  - conflicts: 0
  - branches : 87
  - wall time: 1.097529006s