
Problem
         task_0    task_1    task_2    task_3   task_4   task_5   task_6    task_7    task_8   task_9  task_10  task_11   task_12  task_13   task_14  task_15   task_16   task_17  task_18
job_0    (5, 4)   (17, 7)    (4, 9)   (14, 8)   (6, 1)  (10, 4)   (2, 9)    (6, 1)  (13, 10)  (11, 4)  (18, 8)  (18, 7)   (6, 10)   (2, 3)    (0, 1)  (2, 10)   (12, 6)   (13, 6)  (17, 6)
job_1   (17, 8)   (14, 7)    (4, 5)    (3, 6)  (10, 1)   (8, 5)   (8, 3)    (9, 7)    (9, 5)  (12, 9)  (15, 4)   (2, 7)    (0, 1)   (9, 3)   (13, 9)  (11, 8)    (7, 9)    (3, 5)  (17, 2)
job_2    (9, 4)    (1, 9)    (5, 8)    (3, 3)  (11, 5)   (4, 5)   (6, 2)    (0, 3)   (10, 6)  (14, 4)  (5, 10)  (11, 5)    (2, 1)  (15, 9)    (4, 6)   (1, 4)    (8, 4)    (3, 5)   (1, 6)
job_3   (15, 6)    (5, 4)    (7, 6)   (1, 10)  (15, 9)   (2, 5)   (6, 5)  (11, 10)   (15, 7)   (4, 1)  (14, 9)   (1, 9)    (7, 4)   (5, 2)   (7, 10)  (19, 6)    (7, 6)  (10, 10)   (7, 3)
job_4   (16, 3)   (16, 5)    (4, 5)    (7, 3)  (11, 5)  (11, 9)  (11, 1)    (4, 2)    (1, 8)   (4, 7)  (3, 10)   (6, 3)  (19, 10)   (3, 8)  (14, 10)   (3, 7)    (9, 7)    (1, 5)   (2, 3)
job_5   (16, 3)    (9, 7)   (15, 4)  (11, 10)   (0, 9)  (17, 4)   (7, 3)    (7, 1)    (2, 7)  (14, 1)   (0, 6)  (0, 10)    (7, 4)   (6, 5)    (0, 4)  (15, 3)   (15, 9)    (4, 4)  (13, 6)
job_6    (7, 1)   (11, 3)   (16, 5)    (9, 5)   (2, 2)   (5, 8)   (3, 6)    (6, 7)   (19, 6)  (19, 6)  (13, 9)   (5, 5)   (18, 4)  (5, 10)    (1, 6)  (14, 7)  (13, 10)    (5, 3)   (2, 7)
job_7   (16, 2)    (4, 6)   (16, 3)   (17, 3)  (16, 7)  (11, 7)  (5, 10)   (12, 6)   (1, 10)  (7, 10)  (10, 7)  (16, 4)   (17, 3)  (11, 2)    (5, 1)   (5, 9)   (10, 8)   (17, 3)  (16, 1)
job_8   (11, 8)   (10, 7)    (1, 2)   (10, 1)  (10, 1)  (17, 5)   (9, 2)   (19, 8)    (3, 4)  (10, 4)  (10, 7)   (4, 3)    (8, 6)  (10, 7)    (2, 6)  (15, 1)   (12, 6)   (13, 9)  (16, 6)
job_9    (1, 1)    (9, 3)    (1, 7)   (6, 10)   (4, 3)   (1, 3)   (1, 5)   (15, 7)   (12, 8)  (12, 8)   (8, 7)   (1, 5)   (10, 1)   (6, 6)    (4, 6)  (7, 10)    (0, 2)   (15, 9)  (11, 8)
job_10   (2, 7)   (19, 5)   (19, 5)    (0, 3)  (1, 10)   (7, 2)  (9, 10)   (19, 2)  (19, 10)  (15, 3)  (10, 4)  (10, 8)   (0, 10)   (8, 9)    (2, 4)   (9, 8)   (12, 2)    (6, 4)   (5, 6)
job_11  (16, 7)    (0, 3)  (15, 10)    (8, 6)   (0, 1)  (2, 10)  (18, 8)    (2, 7)   (11, 2)  (14, 2)  (10, 9)  (19, 1)    (2, 8)  (13, 7)    (8, 8)  (16, 7)    (7, 8)   (18, 1)   (6, 4)
job_12   (7, 6)   (11, 7)    (3, 5)    (8, 6)  (10, 3)   (4, 2)  (15, 1)    (3, 6)    (5, 9)  (17, 1)   (6, 7)  (2, 10)   (19, 4)  (14, 9)   (19, 9)  (17, 6)   (10, 3)   (14, 9)   (5, 1)
job_13   (1, 5)    (1, 5)   (18, 6)    (2, 7)   (0, 4)   (2, 2)   (2, 9)   (5, 10)   (12, 5)   (2, 4)  (15, 6)   (3, 4)   (16, 1)   (0, 9)   (18, 2)  (15, 9)    (3, 2)    (8, 9)  (19, 6)
job_14  (11, 2)    (6, 3)   (10, 4)   (14, 1)  (12, 1)   (8, 9)  (18, 5)   (14, 7)    (7, 6)  (1, 10)   (8, 6)   (8, 9)   (14, 8)   (7, 9)   (16, 9)   (1, 3)    (6, 1)   (17, 5)  (14, 5)
job_15   (2, 2)  (19, 10)  (14, 10)   (12, 3)   (2, 9)  (17, 9)   (5, 8)    (3, 8)    (9, 2)   (9, 6)  (16, 3)  (10, 1)    (7, 1)  (17, 4)   (18, 2)  (11, 5)    (1, 1)   (17, 7)   (5, 3)
job_16   (6, 9)    (8, 9)   (11, 8)   (15, 9)   (7, 6)  (14, 8)  (10, 1)    (2, 2)   (15, 5)  (18, 5)  (15, 8)   (6, 4)  (11, 10)   (8, 3)    (8, 7)   (1, 1)   (15, 4)   (19, 3)   (5, 8)


Solution:
Machine 0: job_11_task_1  job_13_task_4  job_10_task_3  job_11_task_4  job_5_task_4   job_2_task_7   job_5_task_10  job_5_task_11  job_10_task_12 job_1_task_12  job_5_task_14  job_13_task_13 job_0_task_14  job_9_task_16  
           [17,20]        [25,29]        [29,32]        [36,37]        [39,48]        [63,66]        [71,77]        [77,87]        [93,103]       [107,108]      [111,115]      [120,129]      [129,130]      [130,132]      
Machine 1: job_9_task_0   job_13_task_0  job_13_task_1  job_9_task_2   job_3_task_3   job_2_task_1   job_8_task_2   job_9_task_5   job_10_task_4  job_9_task_6   job_14_task_9  job_7_task_8   job_4_task_8   job_9_task_11  job_3_task_11  job_6_task_14  job_2_task_15  job_16_task_15 job_14_task_15 job_2_task_18  job_15_task_16 job_4_task_17  
           [0,1]          [1,6]          [6,11]         [11,18]        [18,28]        [28,37]        [37,39]        [39,42]        [42,52]        [52,57]        [57,67]        [67,77]        [78,86]        [89,94]        [95,104]       [111,117]      [120,124]      [124,125]      [127,130]      [133,139]      [142,143]      [148,153]      
Machine 2: job_15_task_0  job_10_task_0  job_6_task_4   job_13_task_3  job_15_task_4  job_13_task_5  job_13_task_6  job_3_task_5   job_11_task_5  job_5_task_8   job_16_task_7  job_11_task_7  job_0_task_6   job_13_task_9  job_12_task_11 job_2_task_12  job_1_task_11  job_11_task_12 job_10_task_14 job_8_task_14  job_0_task_13  job_0_task_15  job_6_task_18  job_4_task_18  
           [0,2]          [2,9]          [16,18]        [18,25]        [25,34]        [34,36]        [36,45]        [45,50]        [50,60]        [60,67]        [67,69]        [69,76]        [76,85]        [85,89]        [89,99]        [99,100]       [100,107]      [107,115]      [115,119]      [119,125]      [126,129]      [130,140]      [146,153]      [153,156]      
Machine 3: job_12_task_2  job_6_task_6   job_1_task_3   job_2_task_3   job_12_task_7  job_8_task_8   job_15_task_7  job_4_task_10  job_13_task_11 job_4_task_13  job_2_task_17  job_4_task_15  job_13_task_16 job_1_task_17  
           [20,25]        [27,33]        [36,42]        [48,51]        [52,58]        [58,62]        [82,90]        [93,103]       [107,111]      [116,124]      [128,133]      [134,141]      [141,143]      [143,148]      
Machine 4: job_7_task_1   job_0_task_2   job_4_task_2   job_1_task_2   job_9_task_4   job_12_task_5  job_2_task_5   job_3_task_9   job_4_task_7   job_8_task_11  job_4_task_9   job_9_task_14  job_2_task_14  job_5_task_17  
           [5,11]         [15,24]        [26,31]        [31,36]        [36,39]        [45,47]        [56,61]        [73,74]        [76,78]        [80,83]        [86,93]        [101,107]      [114,120]      [148,152]      
Machine 5: job_0_task_0   job_3_task_1   job_6_task_5   job_2_task_2   job_7_task_6   job_13_task_7  job_12_task_8  job_15_task_6  job_2_task_10  job_6_task_11  job_6_task_13  job_3_task_13  job_7_task_14  job_7_task_15  job_6_task_17  job_16_task_18 job_10_task_18 job_15_task_18 job_12_task_18 
           [0,4]          [6,10]         [19,27]        [37,45]        [45,55]        [55,65]        [65,74]        [74,82]        [82,92]        [92,97]        [101,111]      [113,115]      [121,122]      [122,131]      [137,140]      [140,148]      [148,154]      [154,157]      [157,158]      
Machine 6: job_14_task_1  job_16_task_0  job_9_task_3   job_6_task_7   job_0_task_4   job_3_task_6   job_2_task_6   job_12_task_10 job_0_task_7   job_16_task_11 job_9_task_13  job_4_task_11  job_5_task_13  job_0_task_12  job_14_task_16 job_10_task_17 job_11_task_18 
           [2,5]          [5,14]         [19,29]        [35,42]        [44,45]        [50,55]        [61,63]        [75,82]        [85,86]        [91,95]        [95,101]       [103,106]      [106,111]      [116,126]      [132,133]      [141,145]      [154,158]      
Machine 7: job_6_task_0   job_12_task_0  job_3_task_2   job_4_task_3   job_14_task_8  job_16_task_4  job_10_task_5  job_5_task_6   job_5_task_7   job_7_task_9   job_5_task_12  job_14_task_13 job_15_task_12 job_3_task_12  job_9_task_15  job_3_task_14  job_1_task_16  job_3_task_16  job_11_task_16 job_3_task_18  
           [0,1]          [1,7]          [10,16]        [32,35]        [36,42]        [48,54]        [54,56]        [56,59]        [59,60]        [80,90]        [92,96]        [96,105]       [105,106]      [106,110]      [110,120]      [120,130]      [130,139]      [139,145]      [145,153]      [155,158]      
Machine 8: job_14_task_5  job_16_task_1  job_11_task_3  job_12_task_3  job_1_task_5   job_1_task_6   job_14_task_10 job_14_task_11 job_9_task_10  job_8_task_12  job_10_task_13 job_16_task_13 job_16_task_14 job_2_task_16  job_11_task_14 job_13_task_17 
           [11,20]        [20,29]        [30,36]        [36,42]        [46,51]        [51,54]        [67,73]        [73,82]        [82,89]        [89,95]        [103,112]      [112,115]      [115,122]      [124,128]      [130,138]      [143,152]      
Machine 9: job_9_task_1   job_5_task_1   job_6_task_3   job_2_task_0   job_8_task_6   job_10_task_6  job_1_task_7   job_1_task_8   job_15_task_8  job_15_task_9  job_1_task_13  job_10_task_15 job_4_task_16  
           [1,4]          [4,11]         [11,16]        [16,20]        [46,48]        [56,66]        [66,73]        [76,81]        [90,92]        [92,98]        [108,111]      [124,132]      [141,148]      
Machine 10: job_14_task_2  job_8_task_1   job_8_task_3   job_8_task_4   job_12_task_4  job_1_task_4   job_0_task_5   job_8_task_9   job_16_task_6  job_2_task_8   job_8_task_10  job_10_task_10 job_10_task_11 job_9_task_12  job_11_task_10 job_15_task_11 job_7_task_10  job_8_task_13  job_7_task_16  job_12_task_16 job_3_task_17  
           [5,9]          [13,20]        [39,40]        [40,41]        [42,45]        [45,46]        [46,50]        [62,66]        [66,67]        [67,73]        [73,80]        [81,85]        [85,93]        [94,95]        [95,104]       [104,105]      [105,112]      [112,119]      [131,139]      [139,142]      [145,155]      
Machine 11: job_14_task_0  job_6_task_1   job_8_task_0   job_12_task_1  job_5_task_3   job_16_task_2  job_7_task_5   job_4_task_4   job_2_task_4   job_3_task_7   job_4_task_5   job_4_task_6   job_11_task_8  job_2_task_11  job_0_task_9   job_16_task_12 job_7_task_13  job_1_task_15  job_15_task_15 job_9_task_18  
           [0,2]          [2,5]          [5,13]         [13,20]        [20,30]        [30,38]        [38,45]        [45,50]        [51,56]        [56,66]        [66,75]        [75,76]        [77,79]        [92,97]        [97,101]       [101,111]      [119,121]      [121,129]      [137,142]      [150,158]      
Machine 12: job_14_task_4  job_15_task_3  job_7_task_7   job_9_task_8   job_9_task_9   job_13_task_8  job_1_task_9   job_8_task_16  job_10_task_16 job_0_task_16  
           [10,11]        [22,25]        [56,62]        [64,72]        [72,80]        [80,85]        [86,95]        [128,134]      [134,136]      [140,146]      
Machine 13: job_6_task_10  job_0_task_8   job_1_task_14  job_11_task_13 job_6_task_16  job_8_task_17  job_0_task_17  job_5_task_18  
           [62,71]        [86,96]        [111,120]      [120,127]      [127,137]      [137,146]      [146,152]      [152,158]      
Machine 14: job_14_task_3  job_15_task_2  job_1_task_1   job_14_task_7  job_0_task_3   job_16_task_5  job_5_task_9   job_2_task_9   job_3_task_10  job_11_task_9  job_14_task_12 job_12_task_13 job_6_task_15  job_4_task_14  job_14_task_18 job_12_task_17 
           [9,10]         [12,22]        [22,29]        [29,36]        [36,44]        [54,62]        [70,71]        [73,77]        [77,86]        [86,88]        [88,96]        [106,115]      [117,124]      [124,134]      [143,148]      [148,157]      
Machine 15: job_3_task_0   job_5_task_2   job_11_task_2  job_3_task_4   job_16_task_3  job_12_task_6  job_9_task_7   job_3_task_8   job_16_task_8  job_10_task_9  job_16_task_10 job_1_task_10  job_13_task_10 job_2_task_13  job_5_task_15  job_5_task_16  job_8_task_15  job_16_task_16 job_13_task_15 job_9_task_17  
           [0,6]          [12,16]        [20,30]        [30,39]        [39,48]        [51,52]        [57,64]        [66,73]        [73,78]        [78,81]        [83,91]        [95,99]        [99,105]       [105,114]      [115,118]      [118,127]      [127,128]      [128,132]      [132,141]      [141,150]      
Machine 16: job_5_task_0   job_7_task_0   job_6_task_2   job_11_task_0  job_4_task_0   job_4_task_1   job_7_task_2   job_7_task_4   job_15_task_10 job_13_task_12 job_7_task_11  job_14_task_14 job_11_task_15 job_7_task_18  job_8_task_18  
           [0,3]          [3,5]          [5,10]         [10,17]        [17,20]        [20,25]        [25,28]        [31,38]        [98,101]       [111,112]      [112,116]      [116,125]      [138,145]      [145,146]      [148,154]      
Machine 17: job_1_task_0   job_0_task_1   job_7_task_3   job_8_task_5   job_5_task_5   job_15_task_5  job_12_task_9  job_7_task_12  job_12_task_15 job_15_task_13 job_14_task_17 job_7_task_17  job_15_task_17 job_1_task_18  job_0_task_18  
           [0,8]          [8,15]         [28,31]        [41,46]        [48,52]        [52,61]        [74,75]        [116,119]      [125,131]      [131,135]      [135,140]      [140,143]      [143,150]      [150,152]      [152,158]      
Machine 18: job_13_task_2  job_14_task_6  job_11_task_6  job_16_task_9  job_6_task_12  job_0_task_10  job_0_task_11  job_13_task_14 job_15_task_14 job_11_task_17 
           [11,17]        [20,25]        [60,68]        [78,83]        [97,101]       [101,109]      [109,116]      [130,132]      [135,137]      [153,154]      
Machine 19: job_15_task_1  job_10_task_1  job_10_task_2  job_6_task_8   job_8_task_7   job_6_task_9   job_10_task_7  job_10_task_8  job_12_task_12 job_11_task_11 job_4_task_12  job_12_task_14 job_3_task_15  job_16_task_17 job_13_task_18 
           [2,12]         [12,17]        [17,22]        [42,48]        [48,56]        [56,62]        [66,68]        [68,78]        [100,104]      [104,105]      [106,116]      [116,125]      [130,136]      [137,140]      [152,158]      
Optimal Schedule Length: 158.0
Total (Unoptimized Schedule Length): 1801
Statistics
  - conflicts: 0
  - branches : 154
  - wall time: 14.845725550000001s