
Problem
        task_0   task_1   task_2   task_3   task_4  task_5   task_6  task_7   task_8   task_9  task_10  task_11  task_12  task_13  task_14 task_15 task_16
job_0   (3, 7)  (3, 10)   (4, 4)   (2, 1)   (2, 7)  (2, 5)   (1, 3)  (1, 1)   (4, 1)   (0, 5)   (0, 1)   (2, 5)   (1, 8)   (3, 5)   (3, 3)  (5, 5)  (2, 6)
job_1   (5, 1)   (2, 7)   (0, 1)   (2, 7)  (1, 10)  (2, 8)   (4, 1)  (0, 5)  (5, 10)   (5, 8)   (4, 5)   (2, 8)   (4, 6)   (1, 9)   (2, 6)  (4, 4)  (4, 5)
job_2   (1, 8)   (1, 5)  (4, 10)   (0, 8)   (3, 1)  (1, 8)  (1, 10)  (1, 3)   (4, 8)   (1, 1)   (1, 5)  (5, 10)   (3, 7)   (5, 1)   (0, 6)  (2, 3)  (3, 3)
job_3   (1, 2)   (4, 6)   (5, 8)  (3, 10)   (1, 6)  (1, 3)   (2, 9)  (3, 4)   (5, 3)   (5, 4)   (3, 7)   (0, 9)  (4, 10)   (1, 3)   (4, 1)  (1, 2)  (1, 4)
job_4   (4, 9)   (3, 3)   (2, 5)   (3, 6)   (4, 7)  (0, 3)   (0, 2)  (4, 7)   (5, 4)   (3, 2)   (2, 6)   (4, 8)  (5, 10)   (3, 7)   (5, 6)  (1, 8)  (0, 7)
job_5   (0, 3)   (5, 6)   (1, 5)   (3, 4)   (1, 9)  (5, 3)   (2, 2)  (0, 4)  (1, 10)   (1, 5)   (1, 4)   (0, 1)   (0, 9)   (0, 1)   (2, 8)  (3, 6)  (4, 8)
job_6   (4, 9)   (5, 8)   (0, 5)   (2, 8)   (4, 8)  (2, 8)   (5, 6)  (0, 3)   (4, 4)   (3, 1)  (3, 10)   (0, 5)   (4, 8)   (0, 7)   (0, 4)  (5, 2)  (3, 4)
job_7   (0, 6)   (4, 3)   (1, 8)   (3, 1)   (4, 8)  (1, 1)   (0, 2)  (3, 1)   (3, 1)   (4, 2)   (4, 1)   (1, 9)   (2, 4)   (4, 3)   (1, 3)  (2, 6)  (0, 3)
job_8   (3, 9)   (5, 3)   (2, 5)   (3, 9)   (0, 8)  (0, 1)   (1, 6)  (0, 6)  (0, 10)  (5, 10)   (4, 1)   (2, 4)  (5, 10)   (1, 2)   (4, 8)  (0, 2)  (4, 1)
job_9   (1, 6)   (4, 2)   (1, 7)   (5, 2)   (3, 7)  (1, 5)   (5, 6)  (4, 9)   (4, 7)   (2, 3)   (2, 4)   (1, 4)   (5, 3)   (3, 2)   (1, 2)  (3, 5)  (4, 3)
job_10  (4, 7)   (3, 3)   (2, 7)   (2, 8)   (2, 8)  (4, 2)   (1, 5)  (2, 6)   (4, 9)   (5, 1)   (3, 4)   (3, 6)   (3, 9)  (1, 10)   (5, 5)  (4, 3)  (0, 9)
job_11  (4, 2)   (0, 9)   (5, 9)   (0, 9)   (4, 3)  (4, 6)   (4, 5)  (3, 6)   (1, 5)   (3, 1)   (4, 2)   (5, 9)   (1, 6)  (5, 10)  (5, 10)  (4, 4)  (4, 1)


Solution:
Machine 0: job_5_task_0   job_7_task_0   job_1_task_2   job_6_task_2   job_11_task_1  job_2_task_3   job_11_task_3  job_4_task_5   job_8_task_4   job_4_task_6   job_1_task_7   job_8_task_5   job_6_task_7   job_5_task_7   job_8_task_7   job_8_task_8   job_6_task_11  job_3_task_11  job_5_task_11  job_5_task_12  job_0_task_9   job_7_task_6   job_0_task_10  job_5_task_13  job_6_task_13  job_10_task_16 job_6_task_14  job_2_task_14  job_4_task_16  job_8_task_15  job_7_task_16  
           [0,3]          [3,9]          [9,10]         [24,29]        [29,38]        [43,51]        [51,60]        [60,63]        [63,71]        [71,73]        [73,78]        [78,79]        [80,83]        [83,87]        [87,93]        [93,103]       [125,130]      [132,141]      [141,142]      [142,151]      [151,156]      [156,158]      [158,159]      [159,160]      [177,184]      [184,193]      [193,197]      [203,209]      [209,216]      [216,218]      [218,221]      
Machine 1: job_2_task_0   job_3_task_0   job_2_task_1   job_5_task_2   job_1_task_4   job_9_task_0   job_5_task_4   job_9_task_2   job_3_task_4   job_3_task_5   job_10_task_6  job_2_task_5   job_9_task_5   job_8_task_6   job_2_task_6   job_11_task_8  job_2_task_7   job_7_task_2   job_5_task_8   job_0_task_6   job_5_task_9   job_5_task_10  job_7_task_5   job_0_task_7   job_2_task_9   job_10_task_13 job_2_task_10  job_11_task_12 job_1_task_13  job_0_task_12  job_9_task_11  job_3_task_13  job_7_task_11  job_8_task_13  job_9_task_14  job_4_task_15  job_7_task_14  job_3_task_15  job_3_task_16  
           [0,8]          [8,10]         [10,15]        [15,20]        [20,30]        [30,36]        [36,45]        [45,52]        [53,59]        [59,62]        [62,67]        [67,75]        [75,80]        [80,86]        [86,96]        [96,101]       [101,104]      [104,112]      [112,122]      [122,125]      [125,130]      [130,134]      [134,135]      [135,136]      [142,143]      [143,153]      [153,158]      [158,164]      [164,173]      [173,181]      [181,185]      [185,188]      [188,197]      [197,199]      [199,201]      [201,209]      [209,212]      [212,214]      [214,218]      
Machine 2: job_1_task_1   job_1_task_3   job_10_task_2  job_10_task_3  job_4_task_2   job_8_task_2   job_6_task_3   job_10_task_4  job_1_task_5   job_6_task_5   job_10_task_7  job_5_task_6   job_0_task_3   job_0_task_4   job_3_task_6   job_4_task_10  job_0_task_5   job_1_task_11  job_9_task_9   job_9_task_10  job_8_task_11  job_0_task_11  job_5_task_14  job_1_task_14  job_7_task_12  job_0_task_16  job_2_task_15  job_7_task_15  
           [1,8]          [10,17]        [17,24]        [24,32]        [32,37]        [37,42]        [42,50]        [50,58]        [58,66]        [66,74]        [74,80]        [80,82]        [82,83]        [83,90]        [90,99]        [99,105]       [105,110]      [110,118]      [152,155]      [155,159]      [159,163]      [163,168]      [168,176]      [176,182]      [197,201]      [202,208]      [209,212]      [212,218]      
Machine 3: job_8_task_0   job_10_task_1  job_0_task_0   job_0_task_1   job_4_task_1   job_5_task_3   job_4_task_3   job_3_task_3   job_8_task_3   job_2_task_4   job_9_task_4   job_11_task_7  job_4_task_9   job_3_task_7   job_10_task_10 job_10_task_11 job_7_task_3   job_6_task_9   job_6_task_10  job_3_task_10  job_11_task_9  job_10_task_12 job_4_task_13  job_7_task_7   job_7_task_8   job_2_task_12  job_5_task_15  job_0_task_13  job_0_task_14  job_9_task_13  job_9_task_15  job_2_task_16  job_6_task_16  
           [0,9]          [9,12]         [12,19]        [19,29]        [29,32]        [32,36]        [37,43]        [43,53]        [53,62]        [62,63]        [63,70]        [88,94]        [94,96]        [99,103]       [103,107]      [107,113]      [113,114]      [114,115]      [115,125]      [125,132]      [132,133]      [133,142]      [142,149]      [158,159]      [159,160]      [174,181]      [181,187]      [187,192]      [192,195]      [197,199]      [201,206]      [212,215]      [215,219]      
Machine 4: job_10_task_0  job_6_task_0   job_4_task_0   job_11_task_0  job_3_task_1   job_2_task_2   job_9_task_1   job_4_task_4   job_6_task_4   job_10_task_5  job_11_task_4  job_11_task_5  job_1_task_6   job_0_task_2   job_4_task_7   job_11_task_6  job_10_task_8  job_6_task_8   job_7_task_1   job_1_task_10  job_4_task_11  job_7_task_4   job_9_task_7   job_2_task_8   job_11_task_10 job_0_task_8   job_9_task_8   job_1_task_12  job_8_task_10  job_3_task_12  job_6_task_12  job_10_task_15 job_7_task_9   job_1_task_15  job_7_task_10  job_5_task_16  job_1_task_16  job_3_task_14  job_7_task_13  job_8_task_14  job_9_task_16  job_11_task_15 job_11_task_16 job_8_task_16  
           [0,7]          [7,16]         [16,25]        [25,27]        [27,33]        [33,43]        [43,45]        [45,52]        [52,60]        [60,62]        [62,65]        [65,71]        [71,72]        [72,76]        [76,83]        [83,88]        [88,97]        [97,101]       [101,104]      [104,109]      [109,117]      [117,125]      [125,134]      [134,142]      [142,144]      [144,145]      [145,152]      [152,158]      [158,159]      [159,169]      [169,177]      [177,180]      [180,182]      [182,186]      [186,187]      [187,195]      [195,200]      [200,201]      [201,204]      [204,212]      [212,215]      [215,219]      [219,220]      [220,221]      
Machine 5: job_1_task_0   job_5_task_1   job_8_task_1   job_6_task_1   job_3_task_2   job_11_task_2  job_5_task_5   job_9_task_3   job_6_task_6   job_1_task_8   job_4_task_8   job_1_task_9   job_10_task_9  job_3_task_8   job_9_task_6   job_3_task_9   job_8_task_9   job_4_task_12  job_11_task_11 job_4_task_14  job_10_task_14 job_2_task_11  job_11_task_13 job_8_task_12  job_9_task_12  job_0_task_15  job_2_task_13  job_11_task_14 job_6_task_15  
           [0,1]          [3,9]          [9,12]         [16,24]        [33,41]        [41,50]        [50,53]        [53,55]        [74,80]        [80,90]        [90,94]        [94,102]       [102,103]      [103,106]      [106,112]      [112,116]      [116,126]      [126,136]      [144,153]      [153,159]      [159,164]      [164,174]      [174,184]      [184,194]      [194,197]      [197,202]      [202,203]      [203,213]      [213,215]      
Optimal Schedule Length: 221.0
Total (Unoptimized Schedule Length): 1087
Statistics
  - conflicts: 0
  - branches : 0
  - wall time: 0.27824400800000004s