
Problem
         task_0   task_1    task_2   task_3   task_4   task_5   task_6    task_7   task_8    task_9   task_10  task_11  task_12  task_13  task_14   task_15  task_16   task_17  task_18   task_19
job_0   (11, 7)  (14, 9)    (7, 1)  (12, 3)  (11, 4)   (6, 6)  (12, 8)    (9, 1)   (9, 6)    (9, 2)   (11, 9)   (3, 6)   (2, 1)   (1, 9)  (2, 10)  (13, 10)   (5, 8)   (5, 10)  (12, 7)    (6, 5)
job_1    (2, 7)   (2, 1)   (12, 1)   (3, 3)  (10, 3)  (14, 4)   (6, 1)    (9, 7)   (7, 7)   (11, 8)    (8, 5)   (8, 9)   (4, 9)   (5, 9)  (1, 10)    (4, 8)  (11, 2)    (0, 5)  (13, 9)    (2, 2)
job_2    (1, 4)  (10, 7)  (11, 10)   (1, 3)  (1, 10)   (2, 5)   (1, 5)    (9, 4)  (14, 4)   (14, 4)   (11, 8)  (10, 2)  (2, 10)  (14, 3)   (3, 2)   (14, 5)  (0, 10)    (0, 1)   (0, 6)   (12, 9)
job_3   (13, 5)  (12, 1)   (10, 7)   (8, 1)   (1, 7)  (12, 6)  (10, 4)    (7, 3)   (6, 2)   (0, 10)    (8, 1)  (13, 8)   (8, 2)   (0, 4)  (12, 2)    (3, 1)  (0, 10)   (13, 9)  (10, 5)    (7, 9)
job_4    (1, 5)  (12, 5)    (7, 4)   (5, 3)   (9, 2)   (1, 3)  (12, 7)    (1, 6)   (6, 5)   (10, 9)    (3, 5)  (13, 8)   (3, 4)   (8, 3)   (5, 3)   (12, 4)   (0, 1)   (14, 4)   (7, 3)   (12, 6)
job_5    (1, 8)  (14, 5)    (3, 7)  (7, 10)   (1, 9)   (6, 1)  (11, 9)    (2, 2)  (10, 8)  (11, 10)   (11, 9)   (8, 1)   (3, 6)  (10, 7)   (5, 4)    (3, 6)   (2, 7)  (10, 10)   (4, 3)   (11, 2)
job_6    (2, 4)   (3, 5)    (9, 4)   (3, 6)   (2, 9)   (8, 7)   (7, 2)  (10, 10)   (7, 5)   (2, 10)    (1, 1)  (13, 7)   (3, 5)  (6, 10)  (11, 6)    (1, 5)  (0, 10)    (7, 6)   (9, 1)    (1, 2)
job_7    (9, 7)  (11, 1)   (12, 5)   (9, 3)   (5, 6)  (13, 4)   (5, 8)    (6, 6)   (4, 5)    (2, 3)    (6, 4)   (7, 4)   (3, 7)   (9, 9)  (6, 10)    (2, 3)   (2, 2)   (4, 10)   (8, 9)    (6, 8)
job_8    (6, 5)  (14, 5)   (2, 10)  (14, 5)  (10, 9)  (3, 10)  (13, 7)    (1, 3)  (12, 9)    (8, 7)  (13, 10)   (6, 4)   (9, 5)  (12, 3)   (8, 7)  (13, 10)   (1, 2)   (10, 6)  (10, 7)    (3, 9)
job_9    (9, 1)   (4, 2)    (1, 8)   (6, 6)   (5, 8)   (2, 9)  (2, 10)   (12, 9)  (9, 10)   (11, 5)    (5, 5)  (11, 3)   (3, 6)  (14, 6)   (7, 2)    (4, 6)   (3, 3)    (1, 9)   (8, 6)   (10, 3)
job_10  (13, 5)   (6, 1)   (14, 6)  (10, 8)  (14, 5)  (12, 6)  (13, 7)    (5, 9)   (8, 5)    (6, 3)    (7, 2)   (8, 7)   (5, 9)  (12, 1)   (0, 2)   (11, 2)  (13, 2)    (3, 4)  (11, 1)   (11, 6)
job_11   (9, 8)  (11, 1)    (5, 3)  (3, 10)   (9, 7)   (9, 8)  (13, 3)    (1, 3)   (7, 3)    (1, 7)   (12, 3)   (7, 5)  (0, 10)   (4, 3)  (10, 8)   (2, 10)   (7, 2)   (12, 8)  (5, 10)   (12, 6)
job_12  (13, 8)   (6, 2)   (6, 10)  (12, 2)   (4, 4)   (0, 1)  (11, 3)   (1, 10)   (1, 3)    (8, 2)    (5, 3)  (14, 8)   (5, 7)   (8, 3)   (4, 4)    (4, 6)   (3, 1)    (5, 3)  (10, 6)    (0, 5)
job_13  (12, 2)   (5, 9)    (4, 3)  (7, 10)  (13, 5)  (11, 4)   (7, 6)    (0, 7)   (5, 2)    (0, 6)   (12, 7)  (5, 10)   (5, 2)   (1, 7)   (5, 4)   (13, 3)   (3, 3)   (12, 1)   (6, 9)    (0, 2)
job_14   (4, 2)  (2, 10)    (7, 6)  (14, 8)  (12, 5)   (8, 6)   (4, 5)    (0, 2)  (11, 7)    (1, 2)    (9, 5)   (0, 4)   (8, 5)   (1, 6)  (12, 9)    (7, 5)   (8, 9)    (4, 4)   (1, 9)    (6, 5)
job_15  (14, 1)   (9, 9)    (4, 4)  (11, 3)  (13, 9)  (2, 10)  (1, 10)    (9, 7)  (11, 8)    (5, 2)    (5, 1)   (7, 4)   (7, 2)   (2, 4)   (1, 4)    (1, 7)   (6, 2)    (3, 6)  (10, 4)  (11, 10)


Solution:
Machine 0: job_12_task_5  job_13_task_7  job_13_task_9  job_14_task_7  job_3_task_9   job_14_task_11 job_3_task_13  job_11_task_12 job_3_task_16  job_2_task_16  job_2_task_17  job_2_task_18  job_10_task_14 job_4_task_16  job_6_task_16  job_1_task_17  job_13_task_19 job_12_task_19 
           [46,47]        [51,58]        [60,66]        [70,72]        [73,83]        [88,92]        [98,102]       [102,112]      [112,122]      [122,132]      [132,133]      [133,139]      [139,141]      [152,153]      [153,163]      [163,168]      [170,172]      [175,180]      
Machine 1: job_5_task_0   job_2_task_0   job_9_task_2   job_4_task_0   job_3_task_4   job_2_task_3   job_2_task_4   job_5_task_4   job_11_task_7  job_8_task_7   job_12_task_7  job_2_task_6   job_4_task_5   job_12_task_8  job_14_task_9  job_11_task_9  job_4_task_7   job_6_task_10  job_0_task_13  job_15_task_6  job_13_task_13 job_14_task_13 job_8_task_16  job_1_task_14  job_6_task_15  job_15_task_14 job_15_task_15 job_9_task_17  job_14_task_18 job_6_task_19  
           [0,8]          [8,12]         [12,20]        [20,25]        [25,32]        [32,35]        [35,45]        [45,54]        [54,57]        [57,60]        [60,70]        [70,75]        [75,78]        [78,81]        [81,83]        [83,90]        [90,96]        [96,97]        [97,106]       [106,116]      [116,123]      [123,129]      [129,131]      [131,141]      [141,146]      [146,150]      [150,157]      [157,166]      [166,175]      [178,180]      
Machine 2: job_6_task_0   job_14_task_1  job_8_task_2   job_1_task_0   job_1_task_1   job_9_task_5   job_6_task_4   job_9_task_6   job_2_task_5   job_5_task_7   job_15_task_5  job_7_task_9   job_6_task_9   job_0_task_12  job_2_task_12  job_0_task_14  job_7_task_15  job_7_task_16  job_11_task_15 job_15_task_13 job_5_task_16  job_1_task_19  
           [0,4]          [4,14]         [14,24]        [24,31]        [31,32]        [34,43]        [43,52]        [52,62]        [62,67]        [68,70]        [70,80]        [80,83]        [83,93]        [94,95]        [98,108]       [108,118]      [125,128]      [128,130]      [130,140]      [142,146]      [146,153]      [177,179]      
Machine 3: job_6_task_1   job_11_task_3  job_5_task_2   job_6_task_3   job_1_task_3   job_8_task_5   job_0_task_11  job_7_task_12  job_6_task_12  job_3_task_15  job_4_task_10  job_2_task_14  job_5_task_12  job_4_task_12  job_9_task_12  job_5_task_15  job_12_task_16 job_10_task_17 job_9_task_16  job_13_task_16 job_15_task_17 job_8_task_19  
           [4,9]          [12,22]        [22,29]        [29,35]        [35,38]        [38,48]        [88,94]        [94,101]       [104,109]      [109,110]      [110,115]      [115,117]      [122,128]      [128,132]      [133,139]      [140,146]      [146,147]      [148,152]      [153,156]      [156,159]      [159,165]      [168,177]      
Machine 4: job_14_task_0  job_9_task_1   job_13_task_2  job_15_task_2  job_12_task_4  job_14_task_6  job_7_task_8   job_1_task_12  job_11_task_13 job_12_task_14 job_7_task_17  job_12_task_15 job_9_task_15  job_1_task_15  job_14_task_17 job_5_task_18  
           [0,2]          [9,11]         [21,24]        [29,33]        [42,46]        [65,70]        [70,75]        [94,103]       [112,115]      [125,129]      [130,140]      [140,146]      [147,153]      [153,161]      [161,165]      [165,168]      
Machine 5: job_11_task_2  job_13_task_1  job_9_task_4   job_7_task_4   job_7_task_6   job_4_task_3   job_13_task_8  job_10_task_7  job_12_task_10 job_13_task_11 job_12_task_12 job_1_task_13  job_13_task_12 job_9_task_10  job_10_task_12 job_13_task_14 job_15_task_9  job_15_task_10 job_5_task_14  job_4_task_14  job_0_task_16  job_0_task_17  job_12_task_17 job_11_task_18 
           [9,12]         [12,21]        [26,34]        [34,40]        [44,52]        [55,58]        [58,60]        [73,82]        [84,87]        [87,97]        [97,104]       [104,113]      [113,115]      [115,120]      [120,129]      [129,133]      [133,135]      [135,136]      [136,140]      [140,143]      [143,151]      [151,161]      [161,164]      [164,174]      
Machine 6: job_8_task_0   job_10_task_1  job_12_task_1  job_9_task_3   job_12_task_2  job_0_task_5   job_1_task_6   job_5_task_5   job_7_task_7   job_3_task_8   job_7_task_10  job_8_task_11  job_4_task_8   job_10_task_9  job_7_task_14  job_6_task_13  job_7_task_19  job_15_task_16 job_13_task_18 job_0_task_19  job_14_task_19 
           [0,5]          [10,11]        [18,20]        [20,26]        [26,36]        [36,42]        [47,48]        [54,55]        [55,61]        [71,73]        [83,87]        [87,91]        [96,101]       [102,105]      [115,125]      [125,135]      [149,157]      [157,159]      [161,170]      [170,175]      [175,180]      
Machine 7: job_14_task_2  job_0_task_2   job_13_task_3  job_5_task_3   job_13_task_6  job_4_task_2   job_1_task_8   job_11_task_8  job_6_task_6   job_3_task_7   job_6_task_8   job_7_task_11  job_11_task_11 job_10_task_10 job_15_task_11 job_15_task_12 job_11_task_16 job_9_task_14  job_14_task_15 job_3_task_19  job_4_task_18  job_6_task_17  
           [14,20]        [24,25]        [25,35]        [35,45]        [45,51]        [51,55]        [55,62]        [62,65]        [65,67]        [67,70]        [77,82]        [87,91]        [97,102]       [105,107]      [136,140]      [140,142]      [142,144]      [145,147]      [147,152]      [153,162]      [165,168]      [171,177]      
Machine 8: job_3_task_3   job_6_task_5   job_14_task_5  job_8_task_9   job_1_task_10  job_12_task_9  job_3_task_10  job_1_task_11  job_3_task_12  job_10_task_8  job_8_task_14  job_10_task_11 job_14_task_12 job_5_task_11  job_12_task_13 job_4_task_13  job_7_task_18  job_14_task_16 job_9_task_18  
           [13,14]        [52,59]        [59,65]        [70,77]        [77,82]        [82,84]        [84,85]        [85,94]        [95,97]        [97,102]       [102,109]      [109,116]      [116,121]      [121,122]      [122,125]      [132,135]      [140,149]      [152,161]      [169,175]      
Machine 9: job_11_task_0  job_9_task_0   job_7_task_0   job_6_task_2   job_15_task_1  job_7_task_3   job_11_task_4  job_11_task_5  job_1_task_7   job_0_task_7   job_4_task_4   job_0_task_8   job_0_task_9   job_2_task_7   job_14_task_10 job_8_task_12  job_9_task_8   job_7_task_13  job_15_task_7  job_6_task_18  
           [0,8]          [8,9]          [9,16]         [16,20]        [20,29]        [29,32]        [32,39]        [39,47]        [48,55]        [55,56]        [58,60]        [60,66]        [66,68]        [75,79]        [83,88]        [91,96]        [96,106]       [106,115]      [116,123]      [177,178]      
Machine 10: job_3_task_2   job_2_task_1   job_8_task_4   job_1_task_4   job_10_task_3  job_3_task_6   job_6_task_7   job_5_task_8   job_2_task_11  job_4_task_9   job_11_task_14 job_5_task_13  job_8_task_17  job_8_task_18  job_3_task_18  job_5_task_17  job_15_task_18 job_12_task_18 job_9_task_19  
           [6,13]         [13,20]        [29,38]        [38,41]        [41,49]        [49,53]        [67,77]        [77,85]        [96,98]        [101,110]      [115,123]      [128,135]      [135,141]      [141,148]      [148,153]      [153,163]      [165,169]      [169,175]      [175,178]      
Machine 11: job_0_task_0   job_11_task_1  job_7_task_1   job_2_task_2   job_0_task_4   job_15_task_3  job_13_task_5  job_12_task_6  job_5_task_6   job_1_task_9   job_14_task_8  job_0_task_10  job_2_task_10  job_5_task_9   job_9_task_9   job_5_task_10  job_9_task_11  job_15_task_8  job_6_task_14  job_10_task_15 job_10_task_18 job_10_task_19 job_1_task_16  job_5_task_19  job_15_task_19 
           [0,7]          [8,9]          [16,17]        [20,30]        [30,34]        [34,37]        [40,44]        [47,50]        [55,64]        [64,72]        [72,79]        [79,88]        [88,96]        [96,106]       [106,111]      [111,120]      [120,123]      [123,131]      [135,141]      [141,143]      [152,153]      [153,159]      [161,163]      [168,170]      [170,180]      
Machine 12: job_13_task_0  job_3_task_1   job_7_task_2   job_0_task_3   job_4_task_1   job_1_task_2   job_3_task_5   job_12_task_3  job_0_task_6   job_14_task_4  job_10_task_5  job_8_task_8   job_13_task_10 job_4_task_6   job_9_task_7   job_11_task_10 job_8_task_13  job_3_task_14  job_14_task_14 job_10_task_13 job_2_task_19  job_4_task_15  job_11_task_17 job_13_task_17 job_0_task_18  job_4_task_19  job_11_task_19 
           [0,2]          [5,6]          [17,22]        [25,28]        [28,33]        [33,34]        [34,40]        [40,42]        [42,50]        [50,55]        [55,61]        [61,70]        [70,77]        [78,85]        [85,94]        [94,97]        [98,101]       [102,104]      [129,138]      [138,139]      [139,148]      [148,152]      [152,160]      [160,161]      [161,168]      [168,174]      [174,180]      
Machine 13: job_3_task_0   job_10_task_0  job_12_task_0  job_13_task_4  job_7_task_5   job_11_task_6  job_8_task_6   job_15_task_4  job_10_task_6  job_8_task_10  job_3_task_11  job_6_task_11  job_8_task_15  job_4_task_11  job_0_task_15  job_3_task_17  job_10_task_16 job_13_task_15 job_1_task_18  
           [0,5]          [5,10]         [10,18]        [35,40]        [40,44]        [47,50]        [50,57]        [57,66]        [66,73]        [77,87]        [87,95]        [97,104]       [109,119]      [119,127]      [127,137]      [137,146]      [146,148]      [148,151]      [168,177]      
Machine 14: job_15_task_0  job_8_task_1   job_5_task_1   job_0_task_1   job_8_task_3   job_10_task_2  job_14_task_3  job_1_task_5   job_10_task_4  job_2_task_8   job_2_task_9   job_12_task_11 job_2_task_13  job_2_task_15  job_9_task_13  job_4_task_17  
           [0,1]          [5,10]         [10,15]        [15,24]        [24,29]        [29,35]        [35,43]        [43,47]        [49,54]        [79,83]        [83,87]        [87,95]        [108,111]      [117,122]      [139,145]      [161,165]      
Optimal Schedule Length: 180.0
Total (Unoptimized Schedule Length): 1757
Statistics
  - conflicts: 0
  - branches : 0
  - wall time: 6.156200276000001s