
Problem
         task_0    task_1    task_2    task_3   task_4   task_5    task_6   task_7   task_8   task_9   task_10  task_11  task_12  task_13  task_14
job_0    (3, 5)    (0, 5)   (10, 7)    (6, 2)  (14, 3)   (0, 2)   (10, 5)   (4, 5)  (12, 6)   (0, 2)    (4, 5)   (9, 6)   (1, 9)  (14, 3)   (9, 6)
job_1    (9, 7)    (0, 5)    (7, 5)  (10, 10)   (0, 9)   (2, 9)    (3, 7)   (4, 1)  (12, 4)   (2, 3)    (8, 7)   (0, 7)  (11, 5)   (1, 8)  (10, 1)
job_2   (10, 7)    (8, 3)    (8, 9)    (1, 5)   (0, 4)   (0, 7)    (3, 3)  (10, 1)   (6, 4)   (8, 6)   (14, 9)   (3, 5)  (14, 6)   (8, 2)   (8, 4)
job_3   (12, 9)   (9, 10)   (7, 10)    (4, 6)   (6, 6)  (10, 4)    (2, 5)  (13, 5)   (8, 5)   (9, 9)    (0, 9)   (8, 5)   (2, 8)   (8, 3)   (6, 3)
job_4    (3, 4)   (11, 8)   (13, 3)    (1, 3)  (10, 1)   (1, 2)   (12, 9)  (5, 10)   (2, 2)  (12, 7)   (10, 4)   (3, 9)  (12, 9)  (6, 10)   (8, 3)
job_5    (5, 4)    (8, 3)   (12, 9)   (10, 7)   (4, 4)   (3, 8)  (13, 10)   (4, 5)   (0, 1)   (1, 4)    (6, 5)  (12, 4)  (1, 10)   (6, 9)  (10, 7)
job_6    (0, 1)  (11, 10)  (13, 10)   (14, 3)   (5, 8)   (1, 5)    (3, 2)   (1, 2)   (2, 1)   (5, 6)    (3, 5)  (5, 10)  (3, 10)   (9, 1)   (8, 3)
job_7   (10, 1)    (6, 4)    (2, 2)    (2, 9)   (8, 8)   (1, 5)    (1, 5)   (1, 2)   (3, 5)   (4, 6)   (14, 4)   (7, 8)  (14, 6)  (12, 5)  (11, 2)
job_8   (12, 4)   (12, 3)    (4, 3)    (9, 2)   (0, 9)   (5, 4)    (1, 6)   (0, 3)   (9, 4)   (1, 8)   (11, 9)  (0, 10)  (13, 1)  (13, 8)  (12, 5)
job_9   (11, 5)    (9, 5)    (9, 6)    (6, 9)   (4, 5)   (6, 2)   (11, 3)  (0, 10)  (0, 10)  (4, 10)  (12, 10)  (12, 4)   (7, 8)  (8, 10)  (8, 10)
job_10   (7, 9)    (4, 6)   (13, 2)    (3, 5)  (4, 10)   (3, 9)   (13, 7)   (9, 4)   (9, 4)  (14, 9)    (1, 1)   (4, 1)   (8, 5)  (12, 7)   (9, 4)
job_11   (6, 2)    (2, 9)   (5, 10)    (5, 5)   (4, 3)  (12, 5)   (11, 7)   (5, 9)  (11, 6)  (14, 2)    (6, 6)   (5, 7)   (9, 4)   (3, 7)  (2, 10)
job_12  (14, 2)   (13, 8)    (7, 7)   (11, 2)   (3, 3)   (8, 8)    (6, 1)  (12, 2)  (11, 8)  (11, 4)    (8, 9)  (14, 8)   (7, 2)   (4, 3)   (1, 7)
job_13   (7, 5)    (1, 5)   (13, 9)   (14, 4)   (9, 7)   (5, 6)    (7, 7)   (1, 5)   (7, 9)   (9, 1)   (14, 8)  (13, 1)  (11, 2)   (1, 8)  (11, 5)
job_14   (8, 8)    (0, 4)  (10, 10)    (7, 2)   (0, 9)  (12, 8)  (13, 10)   (7, 9)  (13, 6)   (9, 3)   (4, 10)  (13, 6)   (9, 3)  (14, 7)  (10, 3)
job_15   (2, 8)   (10, 1)    (8, 4)    (1, 7)  (13, 6)   (6, 7)    (6, 6)  (14, 8)   (1, 8)  (14, 3)   (12, 1)  (13, 5)   (4, 8)   (0, 5)   (6, 8)
job_16   (6, 8)    (9, 6)    (4, 7)   (12, 6)   (3, 9)  (12, 8)    (2, 6)   (1, 4)   (5, 6)   (0, 8)    (5, 5)   (7, 2)  (11, 9)  (13, 4)   (2, 3)
job_17  (13, 6)    (9, 3)    (5, 9)   (4, 10)   (4, 7)   (5, 5)    (4, 7)   (4, 7)  (8, 10)  (10, 9)    (6, 5)   (5, 5)   (7, 7)   (8, 7)  (9, 10)


Solution:
Machine 0: job_6_task_0   job_1_task_1   job_14_task_1  job_0_task_1   job_8_task_4   job_2_task_4   job_2_task_5   job_1_task_4   job_14_task_4  job_9_task_7   job_9_task_8   job_8_task_7   job_0_task_5   job_3_task_10  job_5_task_8   job_1_task_11  job_16_task_9  job_0_task_9   job_8_task_11  job_15_task_13 
           [0,1]          [7,12]         [12,16]        [16,21]        [23,32]        [32,36]        [36,43]        [43,52]        [52,61]        [64,74]        [74,84]        [84,87]        [88,90]        [90,99]        [99,100]       [100,107]      [107,115]      [115,117]      [121,131]      [134,139]      
Machine 1: job_13_task_1  job_4_task_3   job_4_task_5   job_2_task_3   job_15_task_3  job_7_task_5   job_6_task_5   job_7_task_6   job_6_task_7   job_10_task_10 job_13_task_7  job_8_task_6   job_16_task_7  job_7_task_7   job_15_task_8  job_8_task_9   job_5_task_9   job_13_task_13 job_1_task_13  job_5_task_12  job_0_task_12  job_12_task_14 
           [14,19]        [21,24]        [25,27]        [27,32]        [32,39]        [47,52]        [54,59]        [59,64]        [64,66]        [66,67]        [67,72]        [72,78]        [78,82]        [82,84]        [85,93]        [93,101]       [101,105]      [105,113]      [113,121]      [121,131]      [131,140]      [140,147]      
Machine 2: job_11_task_1  job_7_task_2   job_15_task_0  job_7_task_3   job_4_task_8   job_1_task_5   job_3_task_6   job_6_task_8   job_16_task_6  job_1_task_9   job_3_task_12  job_11_task_14 job_16_task_14 
           [2,11]         [14,16]        [16,24]        [24,33]        [46,48]        [52,61]        [64,69]        [69,70]        [70,76]        [77,80]        [104,112]      [119,129]      [144,147]      
Machine 3: job_4_task_0   job_0_task_0   job_10_task_3  job_12_task_4  job_10_task_5  job_2_task_6   job_16_task_4  job_6_task_6   job_1_task_6   job_5_task_5   job_4_task_11  job_6_task_10  job_2_task_11  job_7_task_8   job_6_task_12  job_11_task_13 
           [0,4]          [4,9]          [18,23]        [28,31]        [33,42]        [43,46]        [46,55]        [59,61]        [61,68]        [68,76]        [76,85]        [85,90]        [90,95]        [95,100]       [101,111]      [112,119]      
Machine 4: job_8_task_2   job_10_task_1  job_16_task_2  job_10_task_4  job_11_task_4  job_17_task_3  job_3_task_3   job_9_task_4   job_17_task_4  job_5_task_4   job_10_task_11 job_1_task_7   job_17_task_6  job_17_task_7  job_9_task_9   job_5_task_7   job_0_task_7   job_14_task_10 job_7_task_9   job_0_task_10  job_15_task_12 job_12_task_13 
           [7,10]         [10,16]        [16,23]        [23,33]        [33,36]        [36,46]        [46,52]        [52,57]        [57,64]        [64,68]        [68,69]        [69,70]        [70,77]        [77,84]        [84,94]        [94,99]        [99,104]       [104,114]      [114,120]      [120,125]      [126,134]      [135,138]      
Machine 5: job_5_task_0   job_11_task_2  job_11_task_3  job_17_task_2  job_4_task_7   job_6_task_4   job_13_task_5  job_8_task_5   job_17_task_5  job_6_task_9   job_11_task_7  job_16_task_8  job_6_task_11  job_11_task_11 job_17_task_11 job_16_task_10 
           [0,4]          [11,21]        [21,26]        [26,35]        [36,46]        [46,54]        [54,60]        [60,64]        [64,69]        [70,76]        [76,85]        [85,91]        [91,101]       [101,108]      [111,116]      [116,121]      
Machine 6: job_11_task_0  job_16_task_0  job_7_task_1   job_12_task_6  job_9_task_3   job_2_task_8   job_3_task_4   job_9_task_5   job_15_task_5  job_15_task_6  job_0_task_3   job_11_task_10 job_17_task_10 job_5_task_10  job_4_task_13  job_3_task_14  job_5_task_13  job_15_task_14 
           [0,2]          [2,10]         [10,14]        [39,40]        [40,49]        [49,53]        [53,59]        [59,61]        [61,68]        [68,74]        [74,76]        [93,99]        [106,111]      [111,116]      [116,126]      [126,129]      [131,140]      [140,148]      
Machine 7: job_10_task_0  job_13_task_0  job_1_task_2   job_12_task_2  job_3_task_2   job_14_task_3  job_13_task_6  job_13_task_8  job_14_task_7  job_9_task_12  job_17_task_12 job_16_task_11 job_7_task_11  job_12_task_12 
           [0,9]          [9,14]         [14,19]        [19,26]        [28,38]        [46,48]        [60,67]        [72,81]        [84,93]        [108,116]      [116,123]      [123,125]      [125,133]      [133,135]      
Machine 8: job_14_task_0  job_5_task_1   job_2_task_1   job_2_task_2   job_15_task_2  job_12_task_5  job_7_task_4   job_2_task_9   job_12_task_10 job_10_task_12 job_3_task_8   job_1_task_10  job_17_task_8  job_3_task_11  job_2_task_13  job_2_task_14  job_3_task_13  job_9_task_13  job_17_task_13 job_9_task_14  job_4_task_14  job_6_task_14  
           [0,8]          [8,11]         [11,14]        [14,23]        [26,30]        [31,39]        [39,47]        [53,59]        [59,68]        [69,74]        [74,79]        [80,87]        [87,97]        [99,104]       [107,109]      [109,113]      [113,116]      [116,126]      [126,133]      [133,143]      [143,146]      [146,149]      
Machine 9: job_1_task_0   job_17_task_1  job_16_task_1  job_8_task_3   job_3_task_1   job_9_task_1   job_9_task_2   job_13_task_4  job_10_task_7  job_10_task_8  job_3_task_9   job_8_task_8   job_13_task_9  job_10_task_14 job_14_task_9  job_11_task_12 job_6_task_13  job_14_task_12 job_0_task_11  job_17_task_14 job_0_task_14  
           [0,7]          [7,10]         [10,16]        [16,18]        [18,28]        [28,33]        [33,39]        [39,46]        [49,53]        [53,57]        [79,88]        [88,92]        [92,93]        [93,97]        [100,103]      [108,112]      [112,113]      [120,123]      [125,131]      [133,143]      [143,149]      
Machine 10: job_2_task_0   job_7_task_0   job_4_task_4   job_15_task_1  job_1_task_3   job_14_task_2  job_2_task_7   job_5_task_3   job_4_task_10  job_3_task_5   job_0_task_2   job_0_task_6   job_17_task_9  job_1_task_14  job_14_task_14 job_5_task_14  
           [0,7]          [7,8]          [24,25]        [25,26]        [26,36]        [36,46]        [46,47]        [47,54]        [56,60]        [60,64]        [64,71]        [90,95]        [97,106]       [121,122]      [131,134]      [140,147]      
Machine 11: job_9_task_0   job_4_task_1   job_6_task_1   job_12_task_3  job_12_task_8  job_12_task_9  job_9_task_6   job_11_task_6  job_11_task_8  job_13_task_12 job_1_task_12  job_8_task_10  job_13_task_14 job_16_task_12 job_7_task_14  
           [0,5]          [5,13]         [13,23]        [26,28]        [44,52]        [52,56]        [61,64]        [64,71]        [85,91]        [102,104]      [107,112]      [112,121]      [121,126]      [126,135]      [144,146]      
Machine 12: job_8_task_0   job_8_task_1   job_3_task_0   job_5_task_2   job_4_task_6   job_16_task_3  job_12_task_7  job_11_task_5  job_4_task_9   job_16_task_5  job_14_task_5  job_1_task_8   job_10_task_13 job_4_task_12  job_9_task_10  job_9_task_11  job_0_task_8   job_5_task_11  job_15_task_10 job_7_task_13  job_8_task_14  
           [0,4]          [4,7]          [7,16]         [16,25]        [27,36]        [36,42]        [42,44]        [44,49]        [49,56]        [56,64]        [64,72]        [73,77]        [77,84]        [85,94]        [94,104]       [104,108]      [108,114]      [116,120]      [120,121]      [139,144]      [144,149]      
Machine 13: job_17_task_0  job_12_task_1  job_10_task_2  job_4_task_2   job_13_task_2  job_6_task_2   job_10_task_6  job_15_task_4  job_3_task_7   job_14_task_6  job_5_task_6   job_14_task_8  job_13_task_11 job_14_task_11 job_15_task_11 job_8_task_12  job_8_task_13  job_16_task_13 
           [0,6]          [6,14]         [16,18]        [18,21]        [21,30]        [30,40]        [42,49]        [49,55]        [69,74]        [74,84]        [84,94]        [94,100]       [101,102]      [114,120]      [121,126]      [131,132]      [132,140]      [140,144]      
Machine 14: job_12_task_0  job_13_task_3  job_6_task_3   job_10_task_9  job_2_task_10  job_15_task_7  job_0_task_4   job_11_task_9  job_13_task_10 job_2_task_12  job_12_task_11 job_15_task_9  job_7_task_10  job_14_task_13 job_7_task_12  job_0_task_13  
           [0,2]          [30,34]        [40,43]        [57,66]        [68,77]        [77,85]        [85,88]        [91,93]        [93,101]       [101,107]      [107,115]      [115,118]      [120,124]      [124,131]      [133,139]      [140,143]      
Optimal Schedule Length: 149.0
Total (Unoptimized Schedule Length): 1552
Statistics
  - conflicts: 0
  - branches : 0
  - wall time: 2.708928465s