
Problem
         task_0   task_1  task_2   task_3   task_4  task_5   task_6   task_7  task_8   task_9  task_10  task_11  task_12  task_13  task_14 task_15 task_16  task_17  task_18  task_19
job_0    (1, 1)   (1, 2)  (1, 9)   (2, 8)  (0, 10)  (1, 8)   (3, 3)  (3, 10)  (0, 4)   (3, 8)   (0, 2)   (3, 1)  (0, 10)   (1, 5)  (1, 10)  (3, 5)  (2, 1)   (3, 4)   (0, 9)  (1, 10)
job_1   (1, 10)   (3, 7)  (3, 7)   (1, 7)   (0, 2)  (1, 3)   (1, 1)  (3, 10)  (3, 8)   (0, 1)   (3, 8)   (1, 7)   (1, 2)   (2, 6)   (0, 2)  (2, 8)  (0, 7)   (3, 2)   (2, 8)   (2, 1)
job_2    (0, 3)   (3, 4)  (0, 6)   (1, 1)   (1, 1)  (2, 4)   (2, 7)   (3, 5)  (1, 8)   (3, 7)  (2, 10)   (0, 1)   (1, 4)   (3, 2)   (3, 9)  (3, 6)  (3, 9)   (1, 6)   (3, 7)   (1, 1)
job_3    (0, 6)   (2, 2)  (2, 5)  (3, 10)   (0, 1)  (2, 3)   (3, 5)   (3, 3)  (3, 4)   (2, 5)   (2, 1)   (0, 4)   (0, 8)  (0, 10)   (1, 1)  (3, 1)  (2, 1)   (1, 4)   (0, 4)   (0, 9)
job_4    (3, 7)  (3, 10)  (0, 1)   (1, 7)   (1, 5)  (0, 3)   (3, 2)  (1, 10)  (1, 8)   (3, 3)  (0, 10)   (3, 1)   (2, 9)   (1, 6)   (3, 8)  (1, 4)  (0, 2)   (2, 6)   (0, 6)   (0, 2)
job_5    (2, 1)   (2, 9)  (3, 6)   (0, 8)   (3, 5)  (1, 5)   (2, 9)   (0, 8)  (1, 6)   (2, 1)   (1, 2)   (3, 5)   (3, 6)   (3, 5)   (2, 8)  (0, 4)  (2, 9)   (2, 1)   (2, 8)   (3, 2)
job_6    (3, 1)   (1, 5)  (3, 5)   (3, 8)   (3, 7)  (0, 9)   (2, 2)   (0, 4)  (1, 8)   (1, 7)   (3, 3)   (2, 3)   (1, 2)   (1, 2)   (0, 6)  (0, 1)  (0, 6)  (0, 10)   (0, 9)   (2, 7)
job_7    (1, 4)   (1, 8)  (1, 1)   (1, 7)   (0, 3)  (0, 3)   (0, 4)   (0, 6)  (0, 9)   (0, 6)   (0, 2)   (2, 5)   (3, 8)   (1, 9)   (3, 3)  (3, 3)  (2, 3)   (0, 6)   (0, 3)   (2, 8)
job_8    (1, 5)   (1, 8)  (1, 8)   (2, 3)   (0, 3)  (3, 3)   (2, 6)   (2, 2)  (2, 8)  (0, 10)   (2, 1)   (3, 3)   (3, 5)   (3, 8)   (0, 2)  (3, 3)  (0, 5)   (2, 1)   (0, 9)   (2, 8)
job_9    (2, 5)   (1, 3)  (1, 1)   (0, 3)   (0, 5)  (2, 9)   (3, 4)   (1, 6)  (1, 2)   (1, 1)   (3, 3)   (2, 3)   (0, 9)  (0, 10)   (1, 7)  (1, 7)  (0, 9)   (1, 9)   (2, 4)   (2, 2)
job_10   (1, 3)   (2, 4)  (3, 1)   (2, 6)   (1, 4)  (3, 6)   (2, 8)   (2, 6)  (2, 5)   (3, 7)  (3, 10)   (1, 1)   (3, 2)   (0, 3)   (0, 5)  (0, 5)  (0, 3)   (2, 2)  (3, 10)   (0, 5)
job_11  (2, 10)   (1, 1)  (2, 5)   (0, 8)   (0, 3)  (1, 8)  (3, 10)   (3, 2)  (3, 6)   (3, 9)   (3, 5)  (3, 10)   (2, 5)   (2, 4)   (2, 8)  (3, 1)  (3, 9)   (2, 7)   (0, 1)   (0, 4)
job_12   (3, 9)   (3, 1)  (0, 7)  (0, 10)   (1, 5)  (0, 2)   (3, 7)   (3, 2)  (0, 1)   (0, 7)   (2, 9)   (3, 5)   (0, 8)   (1, 5)   (2, 8)  (0, 8)  (0, 8)   (2, 1)   (0, 2)   (1, 3)


Solution:
Machine 0: job_3_task_0   job_2_task_0   job_9_task_3   job_9_task_4   job_2_task_2   job_4_task_2   job_11_task_3  job_11_task_4  job_12_task_2  job_0_task_4   job_12_task_3  job_5_task_3   job_7_task_4   job_6_task_5   job_7_task_5   job_7_task_6   job_7_task_7   job_7_task_8   job_4_task_5   job_3_task_4   job_7_task_9   job_6_task_7   job_8_task_4   job_7_task_10  job_0_task_8   job_12_task_5  job_1_task_4   job_5_task_7   job_12_task_8  job_12_task_9  job_9_task_12  job_9_task_13  job_0_task_10  job_4_task_10  job_0_task_12  job_8_task_9   job_12_task_12 job_9_task_16  job_2_task_11  job_1_task_9   job_6_task_14  job_6_task_15  job_6_task_16  job_3_task_11  job_3_task_12  job_3_task_13  job_6_task_17  job_12_task_15 job_1_task_14  job_6_task_18  job_12_task_16 job_1_task_16  job_12_task_18 job_3_task_18  job_10_task_13 job_10_task_14 job_10_task_15 job_8_task_14  job_10_task_16 job_5_task_15  job_3_task_19  job_4_task_16  job_8_task_16  job_0_task_18  job_4_task_18  job_4_task_19  job_8_task_18  job_7_task_17  job_7_task_18  job_11_task_18 job_10_task_19 job_11_task_19 
           [0,6]          [6,9]          [9,12]         [12,17]        [17,23]        [23,24]        [24,32]        [32,35]        [35,42]        [42,52]        [52,62]        [62,70]        [70,73]        [73,82]        [82,85]        [85,89]        [89,95]        [95,104]       [104,107]      [107,108]      [108,114]      [114,118]      [118,121]      [121,123]      [123,127]      [127,129]      [129,131]      [131,139]      [139,140]      [140,147]      [147,156]      [156,166]      [166,168]      [168,178]      [178,188]      [188,198]      [198,206]      [206,215]      [215,216]      [216,217]      [217,223]      [223,224]      [224,230]      [230,234]      [234,242]      [242,252]      [252,262]      [262,270]      [270,272]      [272,281]      [281,289]      [289,296]      [296,298]      [298,302]      [302,305]      [305,310]      [310,315]      [315,317]      [317,320]      [320,324]      [324,333]      [333,335]      [335,340]      [340,349]      [349,355]      [355,357]      [357,366]      [366,372]      [372,375]      [375,376]      [376,381]      [381,385]      
Machine 1: job_0_task_0   job_0_task_1   job_9_task_1   job_9_task_2   job_6_task_1   job_7_task_0   job_11_task_1  job_0_task_2   job_1_task_0   job_8_task_0   job_10_task_0  job_7_task_1   job_8_task_1   job_7_task_2   job_7_task_3   job_11_task_5  job_4_task_3   job_2_task_3   job_2_task_4   job_0_task_5   job_4_task_4   job_8_task_2   job_10_task_4  job_12_task_4  job_5_task_5   job_1_task_3   job_9_task_7   job_9_task_8   job_9_task_9   job_4_task_7   job_2_task_8   job_4_task_8   job_1_task_5   job_1_task_6   job_6_task_8   job_5_task_8   job_6_task_9   job_9_task_14  job_9_task_15  job_5_task_10  job_0_task_13  job_6_task_12  job_6_task_13  job_2_task_12  job_0_task_14  job_12_task_13 job_9_task_17  job_1_task_11  job_1_task_12  job_3_task_14  job_10_task_11 job_4_task_13  job_7_task_13  job_3_task_17  job_12_task_19 job_4_task_15  job_0_task_19  job_2_task_17  job_2_task_19  
           [0,1]          [1,3]          [5,8]          [8,9]          [9,14]         [14,18]        [18,19]        [19,28]        [28,38]        [38,43]        [43,46]        [46,54]        [54,62]        [62,63]        [63,70]        [70,78]        [78,85]        [85,86]        [86,87]        [87,95]        [95,100]       [100,108]      [108,112]      [112,117]      [117,122]      [122,129]      [129,135]      [135,137]      [137,138]      [138,148]      [148,156]      [156,164]      [164,167]      [167,168]      [168,176]      [176,182]      [182,189]      [189,196]      [196,203]      [203,205]      [205,210]      [213,215]      [215,217]      [217,221]      [221,231]      [231,236]      [236,245]      [248,255]      [255,257]      [257,258]      [258,259]      [276,282]      [283,292]      [294,298]      [298,301]      [327,331]      [349,359]      [366,372]      [383,384]      
Machine 2: job_9_task_0   job_11_task_0  job_3_task_1   job_5_task_0   job_11_task_2  job_3_task_2   job_0_task_3   job_5_task_1   job_10_task_1  job_9_task_5   job_10_task_3  job_6_task_6   job_2_task_5   job_2_task_6   job_8_task_3   job_3_task_5   job_5_task_6   job_10_task_6  job_7_task_11  job_9_task_11  job_10_task_7  job_10_task_8  job_12_task_10 job_8_task_6   job_8_task_7   job_8_task_8   job_5_task_9   job_8_task_10  job_2_task_10  job_6_task_11  job_3_task_9   job_3_task_10  job_12_task_14 job_11_task_12 job_11_task_13 job_11_task_14 job_1_task_13  job_4_task_12  job_1_task_15  job_6_task_19  job_12_task_17 job_3_task_16  job_9_task_18  job_9_task_19  job_5_task_14  job_10_task_17 job_5_task_16  job_0_task_16  job_5_task_17  job_4_task_17  job_5_task_18  job_11_task_17 job_8_task_17  job_7_task_16  job_1_task_18  job_8_task_19  job_7_task_19  job_1_task_19  
           [0,5]          [5,15]         [15,17]        [17,18]        [19,24]        [24,29]        [29,37]        [37,46]        [46,50]        [50,59]        [74,80]        [82,84]        [87,91]        [91,98]        [108,111]      [111,114]      [122,131]      [131,139]      [139,144]      [144,147]      [147,153]      [153,158]      [158,167]      [167,173]      [173,175]      [175,183]      [183,184]      [198,199]      [200,210]      [210,213]      [223,228]      [228,229]      [236,244]      [244,249]      [249,253]      [253,261]      [261,267]      [267,276]      [276,284]      [284,291]      [291,292]      [293,294]      [294,298]      [298,300]      [305,313]      [320,322]      [324,333]      [333,334]      [334,335]      [335,341]      [341,349]      [349,356]      [356,357]      [357,360]      [360,368]      [368,376]      [376,384]      [384,385]      
Machine 3: job_6_task_0   job_4_task_0   job_2_task_1   job_4_task_1   job_12_task_0  job_12_task_1  job_6_task_2   job_6_task_3   job_5_task_2   job_1_task_1   job_1_task_2   job_6_task_4   job_10_task_2  job_9_task_6   job_11_task_6  job_3_task_3   job_5_task_4   job_0_task_6   job_2_task_7   job_4_task_6   job_0_task_7   job_10_task_5  job_12_task_6  job_12_task_7  job_9_task_10  job_11_task_7  job_11_task_8  job_0_task_9   job_8_task_5   job_3_task_6   job_4_task_9   job_11_task_9  job_0_task_11  job_1_task_7   job_12_task_11 job_2_task_9   job_11_task_10 job_6_task_10  job_1_task_8   job_3_task_7   job_3_task_8   job_10_task_9  job_11_task_11 job_1_task_10  job_10_task_10 job_5_task_11  job_4_task_11  job_2_task_13  job_8_task_11  job_5_task_12  job_7_task_12  job_2_task_14  job_3_task_15  job_8_task_12  job_10_task_12 job_5_task_13  job_8_task_13  job_2_task_15  job_4_task_14  job_0_task_15  job_8_task_15  job_0_task_17  job_11_task_15 job_11_task_16 job_7_task_14  job_7_task_15  job_1_task_17  job_2_task_16  job_10_task_18 job_2_task_18  job_5_task_19  
           [0,1]          [1,8]          [9,13]         [13,23]        [23,32]        [32,33]        [33,38]        [38,46]        [46,52]        [52,59]        [59,66]        [66,73]        [73,74]        [74,78]        [78,88]        [88,98]        [98,103]       [103,106]      [106,111]      [111,113]      [113,123]      [123,129]      [129,136]      [136,138]      [138,141]      [141,143]      [143,149]      [149,157]      [157,160]      [160,165]      [165,168]      [168,177]      [177,178]      [178,188]      [188,193]      [193,200]      [200,205]      [205,208]      [208,216]      [216,219]      [219,223]      [223,230]      [230,240]      [240,248]      [248,258]      [258,263]      [263,264]      [264,266]      [266,269]      [269,275]      [275,283]      [283,292]      [292,293]      [293,298]      [298,300]      [300,305]      [305,313]      [313,319]      [319,327]      [327,332]      [332,335]      [335,339]      [339,340]      [340,349]      [349,352]      [352,355]      [355,357]      [357,366]      [366,376]      [376,383]      [383,385]      
Optimal Schedule Length: 385.0
Total (Unoptimized Schedule Length): 1362
Statistics
  - conflicts: 0
  - branches : 0
  - wall time: 2.452988844s