
Problem
         task_0   task_1   task_2   task_3  task_4   task_5   task_6  task_7   task_8   task_9  task_10  task_11  task_12 task_13  task_14  task_15 task_16  task_17
job_0    (2, 5)   (0, 6)   (1, 9)  (2, 10)  (1, 8)   (2, 8)   (0, 1)  (0, 2)   (2, 7)   (2, 6)   (2, 4)   (2, 2)   (0, 1)  (2, 5)   (2, 4)  (1, 10)  (2, 4)   (0, 3)
job_1    (0, 7)   (0, 3)   (0, 8)   (0, 3)  (2, 2)  (2, 10)   (1, 9)  (0, 2)   (0, 2)   (0, 5)   (1, 6)   (2, 5)  (0, 10)  (1, 3)   (2, 1)  (2, 10)  (2, 6)   (1, 6)
job_2    (2, 4)   (2, 6)   (1, 5)   (0, 4)  (2, 6)   (2, 2)   (1, 3)  (1, 5)   (0, 6)   (2, 5)  (2, 10)   (1, 8)  (2, 10)  (2, 3)   (1, 1)   (1, 3)  (1, 4)   (0, 2)
job_3    (1, 8)   (2, 6)   (2, 5)   (2, 4)  (1, 8)   (0, 2)  (0, 10)  (1, 4)   (0, 9)  (0, 10)   (2, 7)   (0, 2)   (1, 3)  (0, 9)   (1, 4)   (0, 9)  (0, 9)   (1, 5)
job_4    (2, 9)   (2, 8)   (1, 4)   (0, 8)  (0, 8)  (2, 10)   (1, 5)  (2, 4)  (1, 10)   (2, 2)   (1, 2)   (2, 3)   (1, 6)  (0, 2)   (2, 5)   (1, 2)  (1, 1)   (2, 2)
job_5    (2, 8)   (2, 4)   (2, 7)   (0, 2)  (1, 1)   (0, 8)  (1, 10)  (1, 9)   (2, 5)   (1, 4)   (2, 5)   (2, 3)   (0, 3)  (2, 6)  (1, 10)   (2, 4)  (2, 8)   (2, 6)
job_6   (0, 10)   (1, 3)  (0, 10)   (1, 6)  (2, 6)   (0, 8)   (2, 1)  (0, 7)   (0, 4)   (0, 6)   (2, 1)  (2, 10)   (0, 3)  (0, 6)  (2, 10)   (2, 2)  (0, 2)   (0, 2)
job_7   (0, 10)   (1, 4)   (1, 1)   (0, 5)  (2, 3)   (0, 7)   (1, 4)  (0, 7)   (0, 7)   (2, 3)   (2, 4)   (2, 8)   (1, 1)  (0, 8)   (2, 8)   (2, 3)  (2, 6)   (2, 2)
job_8    (1, 1)   (0, 4)   (0, 2)   (1, 9)  (2, 9)   (1, 7)   (2, 7)  (1, 5)   (1, 5)   (1, 9)   (0, 1)   (0, 7)   (2, 3)  (0, 8)   (2, 5)   (2, 5)  (0, 6)   (1, 5)
job_9   (2, 10)   (1, 7)   (2, 3)   (2, 3)  (1, 7)   (0, 9)   (0, 5)  (2, 6)   (1, 5)  (0, 10)   (2, 1)   (1, 1)   (2, 4)  (0, 3)   (0, 2)   (1, 1)  (2, 9)   (0, 9)
job_10   (2, 7)   (2, 6)   (0, 2)   (1, 2)  (2, 1)   (1, 4)   (0, 8)  (1, 6)  (2, 10)   (0, 7)   (2, 5)   (2, 3)   (1, 2)  (0, 6)   (2, 9)   (0, 6)  (1, 8)   (1, 2)
job_11   (2, 9)  (0, 10)   (0, 9)   (2, 2)  (2, 1)   (1, 5)   (2, 9)  (0, 3)   (1, 4)   (1, 2)   (2, 8)   (1, 7)   (1, 2)  (0, 7)   (0, 4)   (2, 3)  (2, 5)  (2, 10)
job_12  (2, 10)   (1, 6)   (0, 1)   (0, 8)  (0, 1)   (2, 7)   (1, 2)  (1, 9)   (1, 1)   (1, 5)   (1, 3)   (2, 9)   (1, 3)  (1, 8)   (2, 2)   (2, 4)  (1, 7)  (1, 10)
job_13   (1, 2)   (1, 8)   (0, 4)   (1, 6)  (1, 3)   (2, 9)   (0, 5)  (2, 5)   (1, 3)   (1, 9)   (2, 6)   (1, 6)   (1, 8)  (2, 8)   (2, 1)   (0, 6)  (1, 4)  (0, 10)
job_14   (0, 7)   (2, 7)  (0, 10)   (0, 5)  (0, 3)   (2, 5)   (0, 5)  (1, 1)   (1, 8)  (0, 10)   (0, 5)   (0, 5)   (1, 9)  (0, 5)   (1, 6)   (1, 8)  (1, 2)   (2, 7)
job_15   (0, 4)   (1, 5)   (0, 5)   (1, 1)  (0, 6)   (0, 8)   (0, 5)  (0, 8)   (0, 1)   (0, 3)   (1, 1)   (0, 4)   (1, 6)  (2, 7)   (1, 4)   (2, 9)  (0, 5)   (0, 8)
job_16   (1, 7)   (0, 1)   (0, 6)  (2, 10)  (1, 9)   (0, 1)   (2, 2)  (2, 7)   (2, 9)   (2, 8)   (1, 8)   (1, 9)  (2, 10)  (2, 6)   (0, 4)   (1, 7)  (2, 2)   (2, 3)
job_17   (2, 5)   (0, 2)   (0, 3)   (2, 6)  (2, 6)   (1, 9)   (0, 5)  (0, 1)   (1, 5)   (0, 7)   (1, 2)   (2, 6)   (0, 5)  (2, 7)   (2, 2)   (1, 4)  (2, 2)   (0, 5)


Solution:
Machine 0: job_6_task_0   job_15_task_0  job_7_task_0   job_16_task_1  job_16_task_2  job_14_task_0  job_1_task_0   job_8_task_1   job_1_task_1   job_8_task_2   job_11_task_1  job_14_task_2  job_1_task_2   job_6_task_2   job_14_task_3  job_13_task_2  job_11_task_2  job_0_task_1   job_14_task_4  job_16_task_5  job_17_task_1  job_3_task_5   job_7_task_3   job_3_task_6   job_1_task_3   job_5_task_3   job_15_task_2  job_10_task_2  job_17_task_2  job_12_task_2  job_12_task_3  job_12_task_4  job_5_task_5   job_15_task_4  job_14_task_6  job_13_task_6  job_15_task_5  job_2_task_3   job_4_task_3   job_3_task_8   job_4_task_4   job_10_task_6  job_9_task_5   job_15_task_6  job_14_task_9  job_3_task_9   job_7_task_5   job_1_task_7   job_6_task_5   job_7_task_7   job_11_task_7  job_17_task_6  job_6_task_7   job_0_task_6   job_0_task_7   job_9_task_6   job_1_task_8   job_15_task_7  job_2_task_8   job_1_task_9   job_15_task_8  job_7_task_8   job_15_task_9  job_10_task_9  job_17_task_7  job_14_task_10 job_14_task_11 job_6_task_8   job_17_task_9  job_15_task_11 job_9_task_9   job_8_task_10  job_14_task_13 job_3_task_11  job_6_task_9   job_1_task_12  job_10_task_13 job_0_task_12  job_3_task_13  job_5_task_12  job_17_task_12 job_8_task_11  job_7_task_13  job_11_task_13 job_3_task_15  job_6_task_12  job_8_task_13  job_11_task_14 job_6_task_13  job_10_task_15 job_9_task_13  job_9_task_14  job_15_task_16 job_3_task_16  job_16_task_14 job_15_task_17 job_4_task_13  job_13_task_15 job_13_task_17 job_9_task_17  job_8_task_16  job_17_task_17 job_2_task_17  job_6_task_16  job_6_task_17  job_0_task_17  
           [0,10]         [10,14]        [14,24]        [24,25]        [25,31]        [31,38]        [38,45]        [45,49]        [49,52]        [52,54]        [54,64]        [64,74]        [74,82]        [82,92]        [92,97]        [97,101]       [101,110]      [110,116]      [116,119]      [119,120]      [120,122]      [122,124]      [124,129]      [129,139]      [139,142]      [142,144]      [144,149]      [149,151]      [151,154]      [154,155]      [155,163]      [163,164]      [164,172]      [172,178]      [178,183]      [183,188]      [188,196]      [196,200]      [200,208]      [208,217]      [217,225]      [225,233]      [233,242]      [242,247]      [247,257]      [257,267]      [267,274]      [274,276]      [276,284]      [284,291]      [291,294]      [294,299]      [299,306]      [306,307]      [307,309]      [309,314]      [314,316]      [316,324]      [324,330]      [330,335]      [335,336]      [336,343]      [343,346]      [346,353]      [353,354]      [354,359]      [359,364]      [364,368]      [368,375]      [375,379]      [379,389]      [389,390]      [390,395]      [395,397]      [397,403]      [403,413]      [413,419]      [419,420]      [420,429]      [429,432]      [432,437]      [437,444]      [444,452]      [452,459]      [459,468]      [468,471]      [471,479]      [479,483]      [483,489]      [489,495]      [495,498]      [498,500]      [505,510]      [510,519]      [519,523]      [523,531]      [540,542]      [551,557]      [561,571]      [588,597]      [609,615]      [623,628]      [628,630]      [630,632]      [632,634]      [634,637]      
Machine 1: job_3_task_0   job_16_task_0  job_13_task_0  job_6_task_1   job_8_task_0   job_7_task_1   job_7_task_2   job_12_task_1  job_15_task_1  job_13_task_1  job_16_task_4  job_8_task_3   job_9_task_1   job_2_task_2   job_6_task_3   job_4_task_2   job_3_task_4   job_0_task_2   job_13_task_3  job_13_task_4  job_3_task_7   job_5_task_4   job_8_task_5   job_10_task_3  job_15_task_3  job_10_task_5  job_5_task_6   job_9_task_4   job_5_task_7   job_12_task_6  job_14_task_7  job_12_task_7  job_12_task_8  job_11_task_5  job_12_task_9  job_1_task_6   job_14_task_8  job_10_task_7  job_0_task_4   job_17_task_5  job_8_task_7   job_13_task_8  job_12_task_10 job_7_task_6   job_13_task_9  job_8_task_8   job_8_task_9   job_11_task_8  job_2_task_6   job_13_task_11 job_2_task_7   job_16_task_10 job_13_task_12 job_5_task_9   job_11_task_9  job_12_task_12 job_1_task_10  job_12_task_13 job_17_task_8  job_4_task_6   job_9_task_8   job_15_task_10 job_14_task_12 job_15_task_12 job_17_task_10 job_11_task_11 job_16_task_11 job_3_task_12  job_10_task_12 job_2_task_11  job_11_task_12 job_1_task_13  job_7_task_12  job_15_task_14 job_4_task_8   job_14_task_14 job_3_task_14  job_4_task_10  job_9_task_11  job_14_task_15 job_14_task_16 job_5_task_14  job_9_task_15  job_10_task_16 job_10_task_17 job_3_task_17  job_16_task_15 job_4_task_12  job_0_task_15  job_12_task_16 job_13_task_16 job_12_task_17 job_1_task_17  job_4_task_15  job_4_task_16  job_2_task_14  job_2_task_15  job_17_task_15 job_2_task_16  job_8_task_17  
           [0,8]          [8,15]         [15,17]        [17,20]        [20,21]        [24,28]        [28,29]        [32,38]        [38,43]        [43,51]        [51,60]        [60,69]        [69,76]        [95,100]       [100,106]      [108,112]      [112,120]      [120,129]      [129,135]      [135,138]      [139,143]      [144,145]      [145,152]      [152,154]      [154,155]      [164,168]      [172,182]      [182,189]      [189,198]      [198,200]      [200,201]      [201,210]      [210,211]      [211,216]      [216,221]      [221,230]      [230,238]      [238,244]      [244,252]      [252,261]      [261,266]      [266,269]      [269,272]      [274,278]      [278,287]      [287,292]      [292,301]      [301,305]      [305,308]      [308,314]      [314,319]      [319,327]      [327,335]      [335,339]      [339,341]      [341,344]      [344,350]      [350,358]      [358,363]      [363,368]      [368,373]      [373,374]      [374,383]      [383,389]      [389,391]      [391,398]      [398,407]      [407,410]      [410,412]      [412,420]      [420,422]      [422,425]      [425,426]      [426,430]      [430,440]      [440,446]      [446,450]      [450,452]      [452,453]      [453,461]      [461,463]      [475,485]      [500,501]      [501,509]      [509,511]      [519,524]      [524,531]      [534,540]      [540,550]      [550,557]      [557,561]      [561,571]      [599,605]      [605,607]      [607,608]      [612,613]      [613,616]      [616,620]      [620,624]      [624,629]      
Machine 2: job_0_task_0   job_5_task_0   job_11_task_0  job_12_task_0  job_16_task_3  job_14_task_1  job_5_task_1   job_3_task_1   job_9_task_0   job_4_task_0   job_2_task_0   job_10_task_0  job_2_task_1   job_3_task_2   job_4_task_1   job_3_task_3   job_17_task_0  job_9_task_2   job_5_task_2   job_14_task_5  job_8_task_4   job_10_task_1  job_1_task_4   job_13_task_5  job_9_task_3   job_11_task_3  job_10_task_4  job_1_task_5   job_17_task_3  job_12_task_5  job_6_task_4   job_11_task_4  job_0_task_3   job_16_task_6  job_13_task_7  job_16_task_7  job_17_task_4  job_11_task_6  job_8_task_6   job_16_task_8  job_7_task_4   job_0_task_5   job_10_task_8  job_2_task_4   job_16_task_9  job_2_task_5   job_6_task_6   job_13_task_10 job_12_task_11 job_3_task_10  job_0_task_8   job_0_task_9   job_9_task_7   job_5_task_8   job_0_task_10  job_4_task_5   job_2_task_9   job_1_task_11  job_11_task_10 job_7_task_9   job_10_task_10 job_2_task_10  job_4_task_7   job_0_task_11  job_10_task_11 job_5_task_10  job_7_task_10  job_7_task_11  job_17_task_11 job_15_task_13 job_9_task_10  job_5_task_11  job_6_task_10  job_6_task_11  job_16_task_12 job_4_task_9   job_10_task_14 job_13_task_13 job_8_task_12  job_5_task_13  job_12_task_14 job_9_task_12  job_2_task_12  job_0_task_13  job_15_task_15 job_16_task_13 job_1_task_14  job_0_task_14  job_8_task_14  job_1_task_15  job_4_task_11  job_7_task_14  job_12_task_15 job_5_task_15  job_13_task_14 job_6_task_14  job_17_task_13 job_5_task_16  job_11_task_15 job_9_task_16  job_11_task_16 job_1_task_16  job_4_task_14  job_8_task_15  job_2_task_13  job_17_task_14 job_14_task_17 job_17_task_16 job_0_task_16  job_6_task_15  job_11_task_17 job_16_task_16 job_7_task_15  job_7_task_16  job_5_task_17  job_4_task_17  job_7_task_17  job_16_task_17 
           [0,5]          [5,13]         [13,22]        [22,32]        [32,42]        [42,49]        [49,53]        [53,59]        [59,69]        [69,78]        [78,82]        [82,89]        [89,95]        [95,100]       [100,108]      [108,112]      [112,117]      [117,120]      [120,127]      [127,132]      [132,141]      [141,147]      [147,149]      [149,158]      [158,161]      [161,163]      [163,164]      [164,174]      [174,180]      [180,187]      [187,193]      [193,194]      [194,204]      [204,206]      [206,211]      [211,218]      [218,224]      [224,233]      [233,240]      [240,249]      [249,252]      [252,260]      [260,270]      [270,276]      [276,284]      [284,286]      [286,287]      [287,293]      [293,302]      [302,309]      [309,316]      [316,322]      [322,328]      [328,333]      [333,337]      [337,347]      [347,352]      [352,357]      [357,365]      [365,368]      [368,373]      [373,383]      [383,387]      [387,389]      [389,392]      [392,397]      [397,401]      [401,409]      [409,415]      [415,422]      [422,423]      [423,426]      [426,427]      [427,437]      [437,447]      [447,449]      [449,458]      [458,466]      [466,469]      [469,475]      [475,477]      [477,481]      [481,491]      [491,496]      [496,505]      [505,511]      [511,512]      [512,516]      [516,521]      [521,531]      [531,534]      [534,542]      [542,546]      [546,550]      [550,551]      [551,561]      [561,568]      [568,576]      [576,579]      [579,588]      [588,593]      [593,599]      [599,604]      [604,609]      [609,612]      [612,614]      [614,621]      [621,623]      [623,627]      [627,629]      [629,639]      [639,641]      [641,644]      [644,650]      [650,656]      [656,658]      [658,660]      [660,663]      
Optimal Schedule Length: 663.0
Total (Unoptimized Schedule Length): 1751
Statistics
  - conflicts: 0
  - branches : 325
  - wall time: 0.248504254s