
Problem
        task_0  task_1   task_2   task_3  task_4  task_5   task_6   task_7   task_8   task_9  task_10  task_11  task_12  task_13  task_14
job_0   (0, 6)  (1, 4)   (3, 4)   (0, 2)  (1, 2)  (2, 7)   (1, 8)   (3, 9)   (1, 2)   (1, 2)   (2, 9)   (0, 2)   (1, 2)   (2, 6)   (3, 2)
job_1   (3, 8)  (2, 9)   (1, 2)   (3, 3)  (0, 5)  (1, 9)   (0, 5)   (2, 2)   (0, 2)   (3, 9)   (2, 6)   (3, 8)   (0, 1)   (1, 1)  (3, 10)
job_2   (1, 5)  (3, 3)   (3, 9)   (0, 6)  (3, 3)  (1, 6)   (0, 6)   (2, 8)   (3, 5)  (1, 10)   (0, 2)   (2, 2)   (1, 5)   (3, 8)   (0, 5)
job_3   (3, 5)  (1, 3)   (3, 9)   (3, 4)  (2, 3)  (3, 3)   (2, 2)   (1, 5)   (3, 9)   (1, 3)  (3, 10)   (0, 4)   (3, 5)   (2, 1)   (0, 5)
job_4   (3, 2)  (3, 4)  (2, 10)  (1, 10)  (3, 6)  (2, 5)   (1, 7)   (0, 5)   (1, 6)   (3, 5)   (3, 4)   (1, 5)  (1, 10)   (3, 7)   (3, 8)
job_5   (2, 8)  (2, 8)   (2, 6)   (3, 6)  (1, 4)  (0, 5)  (1, 10)   (3, 9)   (2, 4)   (1, 2)   (0, 7)   (2, 4)   (1, 8)   (0, 5)   (2, 8)
job_6   (3, 1)  (0, 1)   (1, 2)   (0, 6)  (1, 1)  (0, 1)   (1, 8)   (1, 2)  (3, 10)   (3, 1)   (2, 2)   (0, 6)   (2, 6)   (1, 2)  (0, 10)
job_7   (1, 7)  (0, 2)   (3, 1)   (3, 3)  (3, 4)  (2, 1)   (2, 2)   (2, 1)   (1, 5)   (3, 7)   (3, 9)   (1, 6)   (3, 5)   (0, 5)   (1, 8)
job_8   (2, 7)  (3, 2)   (2, 1)   (1, 2)  (3, 3)  (0, 3)   (2, 3)   (3, 2)   (0, 5)   (2, 3)   (1, 8)   (1, 9)   (0, 6)   (0, 8)   (3, 9)
job_9   (2, 6)  (0, 9)   (1, 5)   (3, 7)  (0, 3)  (3, 1)  (1, 10)   (1, 8)  (3, 10)   (2, 1)   (1, 8)  (0, 10)   (1, 8)  (0, 10)   (0, 2)
job_10  (0, 7)  (2, 8)   (2, 3)   (0, 9)  (0, 9)  (2, 3)   (0, 2)   (0, 2)   (1, 5)   (1, 1)   (1, 2)   (3, 2)   (1, 1)   (2, 3)   (3, 6)
job_11  (2, 1)  (3, 4)   (1, 1)   (2, 9)  (3, 8)  (0, 7)  (2, 10)  (0, 10)   (2, 3)   (3, 9)   (0, 2)   (1, 8)   (2, 3)   (2, 7)   (0, 1)


Solution:
Machine 0: job_0_task_0   job_9_task_1   job_10_task_0  job_7_task_1   job_2_task_3   job_9_task_4   job_5_task_5   job_11_task_5  job_1_task_4   job_6_task_1   job_4_task_7   job_8_task_5   job_6_task_3   job_0_task_3   job_2_task_6   job_8_task_8   job_10_task_3  job_6_task_5   job_1_task_6   job_11_task_7  job_1_task_8   job_10_task_4  job_10_task_6  job_10_task_7  job_9_task_11  job_5_task_10  job_8_task_12  job_2_task_10  job_8_task_13  job_11_task_10 job_6_task_11  job_3_task_11  job_5_task_13  job_1_task_12  job_7_task_13  job_0_task_11  job_9_task_13  job_3_task_14  job_9_task_14  job_6_task_14  job_2_task_14  job_11_task_14 
           [0,6]          [6,15]         [15,22]        [22,24]        [26,32]        [33,36]        [52,57]        [63,70]        [77,82]        [82,83]        [83,88]        [88,91]        [91,97]        [97,99]        [99,105]       [105,110]      [110,119]      [119,120]      [120,125]      [125,135]      [135,137]      [137,146]      [149,151]      [151,153]      [161,171]      [171,178]      [178,184]      [184,186]      [186,194]      [200,202]      [203,209]      [211,215]      [218,223]      [223,224]      [224,229]      [229,231]      [231,241]      [241,246]      [246,248]      [249,259]      [259,264]      [264,265]      
Machine 1: job_2_task_0   job_7_task_0   job_0_task_1   job_9_task_2   job_4_task_3   job_11_task_2  job_3_task_1   job_5_task_4   job_9_task_6   job_1_task_2   job_9_task_7   job_4_task_6   job_8_task_3   job_2_task_5   job_6_task_2   job_5_task_6   job_1_task_5   job_0_task_4   job_6_task_4   job_7_task_8   job_4_task_8   job_6_task_6   job_3_task_7   job_0_task_6   job_8_task_10  job_6_task_7   job_9_task_10  job_5_task_9   job_8_task_11  job_2_task_9   job_4_task_11  job_3_task_9   job_0_task_8   job_4_task_12  job_7_task_11  job_0_task_9   job_5_task_12  job_10_task_8  job_9_task_12  job_11_task_11 job_2_task_12  job_10_task_9  job_10_task_10 job_6_task_13  job_1_task_13  job_0_task_12  job_7_task_14  job_10_task_12 
           [0,5]          [5,12]         [12,16]        [16,21]        [24,34]        [37,38]        [42,45]        [48,52]        [52,62]        [62,64]        [64,72]        [72,79]        [79,81]        [81,87]        [87,89]        [89,99]        [99,108]       [108,110]      [110,111]      [111,116]      [116,122]      [122,130]      [130,135]      [135,143]      [143,151]      [151,153]      [153,161]      [161,163]      [163,172]      [172,182]      [182,187]      [187,190]      [190,192]      [192,202]      [202,208]      [208,210]      [210,218]      [218,223]      [223,231]      [231,239]      [239,244]      [244,245]      [245,247]      [247,249]      [249,250]      [250,252]      [252,260]      [260,261]      
Machine 2: job_9_task_0   job_5_task_0   job_4_task_2   job_5_task_1   job_11_task_0  job_5_task_2   job_11_task_3  job_1_task_1   job_8_task_0   job_4_task_5   job_10_task_1  job_8_task_2   job_11_task_6  job_10_task_2  job_8_task_6   job_3_task_4   job_7_task_5   job_7_task_6   job_7_task_7   job_2_task_7   job_0_task_5   job_3_task_6   job_8_task_9   job_9_task_9   job_1_task_7   job_5_task_8   job_11_task_8  job_10_task_5  job_1_task_10  job_5_task_11  job_2_task_11  job_6_task_10  job_6_task_12  job_0_task_10  job_5_task_14  job_3_task_13  job_11_task_12 job_11_task_13 job_0_task_13  job_10_task_13 
           [0,6]          [6,14]         [14,24]        [24,32]        [32,33]        [33,39]        [39,48]        [48,57]        [57,64]        [64,69]        [69,77]        [77,78]        [78,88]        [88,91]        [91,94]        [96,99]        [100,101]      [101,103]      [103,104]      [105,113]      [113,120]      [120,122]      [122,125]      [125,126]      [126,128]      [128,132]      [135,138]      [146,149]      [159,165]      [178,182]      [186,188]      [201,203]      [209,215]      [215,224]      [224,232]      [236,237]      [239,242]      [242,249]      [252,258]      [261,264]      
Machine 3: job_4_task_0   job_4_task_1   job_1_task_0   job_2_task_1   job_2_task_2   job_9_task_3   job_11_task_1  job_3_task_0   job_5_task_3   job_9_task_5   job_4_task_4   job_11_task_4  job_3_task_2   job_8_task_1   job_1_task_3   job_2_task_4   job_6_task_0   job_8_task_4   job_7_task_2   job_0_task_2   job_7_task_3   job_3_task_3   job_7_task_4   job_8_task_7   job_9_task_8   job_3_task_5   job_5_task_7   job_7_task_9   job_4_task_9   job_2_task_8   job_3_task_8   job_1_task_9   job_6_task_8   job_4_task_10  job_0_task_7   job_7_task_10  job_11_task_9  job_6_task_9   job_3_task_10  job_1_task_11  job_7_task_12  job_4_task_13  job_3_task_12  job_8_task_14  job_2_task_13  job_10_task_11 job_1_task_14  job_4_task_14  job_10_task_14 job_0_task_14  
           [0,2]          [2,6]          [6,14]         [14,17]        [17,26]        [26,33]        [33,37]        [37,42]        [42,48]        [48,49]        [49,55]        [55,63]        [63,72]        [72,74]        [74,77]        [77,80]        [80,81]        [81,84]        [84,85]        [85,89]        [89,92]        [92,96]        [96,100]       [100,102]      [102,112]      [112,115]      [115,124]      [124,131]      [131,136]      [136,141]      [141,150]      [150,159]      [159,169]      [169,173]      [173,182]      [182,191]      [191,200]      [200,201]      [201,211]      [211,219]      [219,224]      [224,231]      [231,236]      [236,245]      [245,253]      [253,255]      [255,265]      [265,273]      [273,279]      [279,281]      
Optimal Schedule Length: 281.0
Total (Unoptimized Schedule Length): 929
Statistics
  - conflicts: 0
  - branches : 0
  - wall time: 0.046847519000000004s