
Problem
         task_0   task_1   task_2   task_3  task_4   task_5   task_6   task_7   task_8  task_9  task_10  task_11  task_12  task_13
job_0    (0, 1)   (7, 4)   (7, 9)  (5, 10)  (1, 7)   (8, 5)   (7, 8)  (0, 10)   (0, 3)  (5, 7)   (2, 9)   (7, 3)   (0, 3)   (5, 5)
job_1    (4, 6)   (5, 4)   (0, 8)   (3, 4)  (5, 4)   (4, 7)   (2, 2)   (5, 7)   (1, 6)  (2, 2)   (8, 3)   (7, 3)   (5, 2)   (8, 8)
job_2   (6, 10)   (5, 3)   (7, 4)   (1, 6)  (6, 1)   (4, 2)  (7, 10)   (3, 4)   (4, 4)  (8, 6)  (5, 10)   (7, 9)   (0, 6)   (8, 5)
job_3    (4, 9)  (0, 10)   (5, 2)   (3, 5)  (4, 2)   (6, 7)   (6, 2)  (5, 10)   (5, 7)  (5, 8)   (5, 8)   (0, 9)   (6, 7)  (8, 10)
job_4    (3, 9)   (6, 3)   (8, 4)   (4, 3)  (4, 1)  (8, 10)   (8, 1)  (5, 10)   (7, 4)  (0, 2)   (1, 6)   (7, 9)   (7, 8)   (4, 5)
job_5    (0, 8)   (6, 4)   (6, 2)   (4, 9)  (6, 2)   (0, 7)   (7, 2)   (3, 8)   (1, 6)  (3, 8)   (1, 9)   (7, 6)   (0, 4)   (0, 2)
job_6    (0, 8)   (0, 7)   (0, 4)   (7, 7)  (4, 5)   (2, 9)   (4, 4)   (3, 6)   (3, 2)  (7, 4)   (0, 5)   (1, 3)   (2, 9)   (8, 9)
job_7    (7, 7)   (7, 4)   (6, 9)   (3, 8)  (4, 9)   (1, 6)   (0, 2)   (7, 4)   (3, 9)  (4, 6)   (8, 6)  (1, 10)  (8, 10)   (6, 7)
job_8    (8, 9)   (6, 8)   (4, 2)   (3, 5)  (7, 7)   (8, 5)   (0, 8)   (2, 4)   (1, 3)  (4, 9)   (0, 5)   (8, 7)   (1, 9)   (0, 1)
job_9    (1, 9)   (5, 6)   (3, 3)  (7, 10)  (0, 9)  (6, 10)   (4, 8)   (0, 2)   (8, 9)  (2, 7)   (7, 9)   (7, 7)   (3, 5)   (3, 9)
job_10   (6, 4)   (0, 9)   (2, 1)   (3, 3)  (1, 8)   (1, 1)   (3, 3)   (7, 2)   (3, 1)  (2, 3)   (8, 9)  (1, 10)   (8, 6)   (3, 8)
job_11   (6, 5)   (5, 8)   (4, 3)   (6, 7)  (4, 7)  (2, 10)   (8, 6)   (1, 7)   (8, 3)  (3, 5)   (0, 5)   (0, 4)  (4, 10)   (3, 6)
job_12   (1, 9)  (8, 10)   (1, 5)   (2, 6)  (5, 7)   (4, 3)   (1, 9)   (0, 7)   (8, 4)  (0, 8)   (8, 6)  (2, 10)  (7, 10)   (5, 8)
job_13   (6, 7)   (6, 2)   (0, 3)   (1, 5)  (5, 3)   (3, 3)   (2, 6)   (6, 8)   (8, 1)  (5, 8)   (2, 9)   (4, 4)   (1, 1)   (8, 6)
job_14   (4, 5)   (7, 6)   (8, 8)   (2, 5)  (7, 7)   (6, 9)   (8, 9)   (3, 3)  (2, 10)  (5, 9)   (8, 6)   (1, 6)   (3, 8)   (7, 4)
job_15   (7, 3)   (6, 9)  (8, 10)   (3, 9)  (2, 4)   (8, 1)   (3, 8)   (5, 3)   (1, 9)  (8, 8)   (3, 4)   (3, 4)   (8, 5)   (8, 8)
job_16   (1, 3)   (2, 4)   (8, 3)  (5, 10)  (2, 2)   (2, 1)   (0, 8)  (2, 10)  (1, 10)  (0, 2)   (0, 9)   (5, 3)   (4, 7)   (7, 6)
job_17   (0, 3)  (5, 10)   (1, 7)  (6, 10)  (4, 5)   (7, 9)   (0, 3)   (5, 2)   (0, 1)  (6, 8)   (4, 6)   (1, 8)  (5, 10)   (8, 6)


Solution:
Machine 0: job_17_task_0  job_0_task_0   job_6_task_0   job_6_task_1   job_6_task_2   job_3_task_1   job_5_task_0   job_1_task_2   job_12_task_7  job_9_task_4   job_7_task_6   job_10_task_1  job_16_task_6  job_8_task_6   job_4_task_9   job_12_task_9  job_13_task_2  job_17_task_6  job_5_task_5   job_9_task_7   job_0_task_7   job_0_task_8   job_17_task_8  job_16_task_9  job_6_task_10  job_3_task_11  job_8_task_10  job_11_task_10 job_16_task_10 job_11_task_11 job_2_task_12  job_8_task_13  job_5_task_12  job_0_task_12  job_5_task_13  
           [0,3]          [3,4]          [4,12]         [12,19]        [19,23]        [23,33]        [33,41]        [41,49]        [49,56]        [56,65]        [65,67]        [68,77]        [77,85]        [88,96]        [98,100]       [100,108]      [108,111]      [111,114]      [115,122]      [123,125]      [125,135]      [135,138]      [138,139]      [139,141]      [141,146]      [146,155]      [155,160]      [160,165]      [165,174]      [174,178]      [179,185]      [193,194]      [198,202]      [202,205]      [205,207]      
Machine 1: job_12_task_0  job_9_task_0   job_12_task_2  job_17_task_2  job_16_task_0  job_12_task_6  job_2_task_3   job_7_task_5   job_15_task_8  job_11_task_7  job_0_task_4   job_10_task_4  job_10_task_5  job_4_task_10  job_8_task_8   job_16_task_8  job_13_task_3  job_7_task_11  job_14_task_11 job_5_task_8   job_6_task_11  job_1_task_8   job_17_task_11 job_10_task_11 job_5_task_10  job_8_task_12  job_13_task_12 
           [0,9]          [9,18]         [19,24]        [24,31]        [31,34]        [40,49]        [49,55]        [59,65]        [65,74]        [74,81]        [84,91]        [91,99]        [99,100]       [100,106]      [106,109]      [110,120]      [120,125]      [125,135]      [135,141]      [141,147]      [147,150]      [151,157]      [157,165]      [165,175]      [175,184]      [184,193]      [202,203]      
Machine 2: job_12_task_3  job_16_task_1  job_15_task_4  job_14_task_3  job_11_task_5  job_6_task_5   job_16_task_4  job_16_task_5  job_10_task_2  job_1_task_6   job_14_task_8  job_8_task_7   job_16_task_7  job_12_task_11 job_9_task_9   job_10_task_9  job_13_task_6  job_6_task_12  job_0_task_10  job_1_task_9   job_13_task_10 
           [24,30]        [34,38]        [39,43]        [43,48]        [50,60]        [64,73]        [74,76]        [76,77]        [77,78]        [78,80]        [83,93]        [96,100]       [100,110]      [127,137]      [137,144]      [145,148]      [148,154]      [154,163]      [163,172]      [172,174]      [189,198]      
Machine 3: job_4_task_0   job_9_task_2   job_15_task_3  job_7_task_3   job_1_task_3   job_15_task_6  job_3_task_3   job_8_task_3   job_7_task_8   job_14_task_7  job_10_task_3  job_15_task_10 job_15_task_11 job_11_task_9  job_6_task_7   job_6_task_8   job_10_task_6  job_2_task_7   job_5_task_7   job_13_task_5  job_10_task_8  job_14_task_12 job_5_task_9   job_9_task_12  job_9_task_13  job_11_task_13 job_10_task_13 
           [0,9]          [27,30]        [30,39]        [39,47]        [49,53]        [53,61]        [61,66]        [66,71]        [71,80]        [80,83]        [83,86]        [86,90]        [90,94]        [94,99]        [99,105]       [105,107]      [107,110]      [129,133]      [133,141]      [141,144]      [144,145]      [145,153]      [153,161]      [166,171]      [171,180]      [188,194]      [194,202]      
Machine 4: job_3_task_0   job_1_task_0   job_14_task_0  job_11_task_2  job_4_task_3   job_4_task_4   job_12_task_5  job_11_task_4  job_7_task_4   job_6_task_4   job_8_task_2   job_3_task_4   job_1_task_5   job_6_task_6   job_7_task_9   job_17_task_4  job_5_task_3   job_2_task_5   job_9_task_6   job_8_task_9   job_2_task_8   job_17_task_10 job_4_task_13  job_11_task_12 job_16_task_12 job_13_task_11 
           [0,9]          [9,15]         [15,20]        [21,24]        [33,36]        [36,37]        [37,40]        [43,50]        [50,59]        [59,64]        [64,66]        [66,68]        [68,75]        [75,79]        [80,86]        [86,91]        [104,113]      [113,115]      [115,123]      [123,132]      [133,137]      [147,153]      [153,158]      [178,188]      [188,195]      [198,202]      
Machine 5: job_17_task_1  job_11_task_1  job_9_task_1   job_2_task_1   job_12_task_4  job_1_task_1   job_3_task_2   job_1_task_4   job_15_task_7  job_16_task_3  job_0_task_3   job_4_task_7   job_14_task_9  job_3_task_7   job_3_task_8   job_3_task_9   job_13_task_4  job_17_task_7  job_3_task_10  job_1_task_7   job_0_task_9   job_2_task_10  job_17_task_12 job_16_task_11 job_13_task_9  job_12_task_13 job_1_task_12  job_0_task_13  
           [3,13]         [13,21]        [21,27]        [27,30]        [30,37]        [37,41]        [41,43]        [53,57]        [61,64]        [64,74]        [74,84]        [84,94]        [94,103]       [106,116]      [116,123]      [123,131]      [131,134]      [134,136]      [136,144]      [144,151]      [151,158]      [158,168]      [168,178]      [178,181]      [181,189]      [189,197]      [197,199]      [205,210]      
Machine 6: job_11_task_0  job_15_task_1  job_2_task_0   job_4_task_1   job_7_task_2   job_11_task_3  job_8_task_1   job_5_task_1   job_14_task_5  job_10_task_0  job_3_task_5   job_17_task_3  job_13_task_0  job_9_task_5   job_5_task_2   job_3_task_6   job_13_task_1  job_2_task_4   job_5_task_4   job_17_task_9  job_7_task_13  job_13_task_7  job_3_task_12  
           [0,5]          [5,14]         [14,24]        [24,27]        [27,36]        [36,43]        [43,51]        [51,55]        [55,64]        [64,68]        [68,75]        [75,85]        [85,92]        [92,102]       [102,104]      [104,106]      [106,108]      [108,109]      [113,115]      [139,147]      [147,154]      [154,162]      [162,169]      
Machine 7: job_15_task_0  job_7_task_0   job_7_task_1   job_0_task_1   job_14_task_1  job_6_task_3   job_9_task_3   job_2_task_2   job_14_task_4  job_0_task_2   job_7_task_7   job_8_task_4   job_4_task_8   job_17_task_5  job_6_task_9   job_0_task_6   job_2_task_6   job_5_task_6   job_4_task_11  job_10_task_7  job_4_task_12  job_9_task_10  job_9_task_11  job_14_task_13 job_2_task_11  job_12_task_12 job_1_task_11  job_5_task_11  job_0_task_11  job_16_task_13 
           [0,3]          [3,10]         [10,14]        [14,18]        [20,26]        [26,33]        [33,43]        [43,47]        [48,55]        [55,64]        [67,71]        [71,78]        [94,98]        [98,107]       [107,111]      [111,119]      [119,129]      [129,131]      [131,140]      [140,142]      [142,150]      [150,159]      [159,166]      [166,170]      [170,179]      [179,189]      [189,192]      [192,198]      [198,201]      [201,207]      
Machine 8: job_8_task_0   job_12_task_1  job_15_task_2  job_4_task_2   job_14_task_2  job_4_task_5   job_15_task_5  job_16_task_2  job_4_task_6   job_12_task_8  job_11_task_6  job_14_task_6  job_15_task_9  job_8_task_5   job_11_task_8  job_0_task_5   job_15_task_12 job_15_task_13 job_14_task_10 job_7_task_10  job_12_task_10 job_9_task_8   job_7_task_12  job_2_task_9   job_10_task_10 job_8_task_11  job_13_task_8  job_3_task_13  job_1_task_10  job_10_task_12 job_6_task_13  job_17_task_13 job_1_task_13  job_13_task_13 job_2_task_13  
           [0,9]          [9,19]         [19,29]        [29,33]        [33,41]        [41,51]        [51,52]        [52,55]        [55,56]        [56,60]        [60,66]        [66,75]        [75,83]        [83,88]        [88,91]        [91,96]        [96,101]       [101,109]      [109,115]      [115,121]      [121,127]      [127,136]      [136,146]      [146,152]      [152,161]      [161,168]      [168,169]      [169,179]      [179,182]      [182,188]      [188,197]      [197,203]      [203,211]      [211,217]      [217,222]      
Optimal Schedule Length: 222.0
Total (Unoptimized Schedule Length): 1510
Statistics
  - conflicts: 0
  - branches : 0
  - wall time: 0.229055692s