
Problem
          task_0   task_1    task_2   task_3    task_4    task_5    task_6    task_7    task_8    task_9   task_10  task_11   task_12  task_13   task_14  task_15  task_16   task_17  task_18   task_19
job_0     (9, 7)   (5, 4)   (10, 6)   (4, 7)    (5, 5)   (14, 4)    (9, 3)    (5, 6)   (13, 4)   (11, 8)    (6, 3)   (5, 6)   (13, 1)   (0, 3)   (13, 6)  (13, 2)   (6, 3)    (7, 9)   (2, 9)    (4, 3)
job_1   (12, 10)  (10, 7)    (0, 5)   (0, 9)    (0, 5)  (11, 10)   (13, 2)    (1, 3)   (13, 9)  (10, 10)   (12, 3)   (3, 5)    (1, 6)   (8, 8)    (8, 7)  (11, 6)   (6, 4)    (4, 2)   (8, 1)    (1, 6)
job_2    (14, 1)   (5, 9)    (7, 6)   (3, 5)    (3, 1)    (2, 7)    (2, 5)    (0, 3)    (0, 1)    (1, 7)    (7, 9)  (11, 8)    (5, 4)   (2, 4)    (0, 7)  (11, 8)  (8, 10)   (10, 9)   (9, 4)    (5, 4)
job_3     (1, 4)   (4, 2)  (11, 10)   (6, 2)   (14, 9)   (14, 9)    (7, 6)   (10, 6)    (8, 5)    (2, 9)    (7, 2)  (11, 6)   (14, 2)   (8, 4)    (9, 7)   (3, 6)   (9, 7)   (1, 10)  (12, 6)    (6, 2)
job_4    (11, 5)  (11, 7)   (9, 10)  (12, 7)    (8, 5)   (14, 5)    (0, 1)  (12, 10)   (13, 2)   (13, 3)    (5, 2)   (9, 5)   (10, 6)   (6, 6)   (13, 3)   (3, 5)   (2, 8)  (11, 10)  (14, 5)   (14, 2)
job_5    (10, 8)  (10, 7)   (11, 8)  (13, 3)    (6, 2)   (12, 2)   (10, 4)   (10, 1)  (14, 10)    (1, 7)    (8, 5)  (12, 9)   (11, 9)   (1, 5)   (13, 2)  (11, 6)  (11, 5)    (6, 3)   (7, 7)    (8, 5)
job_6     (9, 6)   (9, 3)   (11, 9)  (14, 8)    (2, 3)    (5, 9)  (10, 10)    (7, 8)    (3, 4)   (12, 2)  (12, 10)   (0, 1)   (13, 6)   (1, 8)   (11, 2)  (12, 3)  (13, 9)   (2, 10)  (13, 7)   (5, 10)
job_7    (13, 2)   (3, 1)    (8, 5)  (14, 5)   (5, 10)    (3, 4)    (3, 4)    (8, 8)    (7, 2)   (10, 6)    (1, 8)   (4, 7)   (14, 7)  (12, 8)   (13, 1)   (8, 9)   (7, 4)   (5, 10)  (11, 6)   (14, 2)
job_8     (8, 1)  (12, 2)   (14, 3)   (4, 8)  (13, 10)    (3, 7)    (0, 4)   (11, 5)    (1, 5)  (11, 10)    (5, 1)   (7, 2)   (3, 10)   (8, 1)    (9, 5)  (11, 5)  (8, 10)   (14, 1)  (10, 4)    (7, 7)
job_9    (11, 4)   (5, 9)    (4, 9)  (14, 6)    (4, 8)   (1, 10)    (4, 5)    (8, 3)    (1, 9)    (2, 4)    (4, 8)   (5, 5)   (10, 5)   (4, 2)  (11, 10)   (4, 4)   (0, 9)    (0, 6)  (10, 6)    (0, 3)
job_10    (2, 1)   (3, 7)    (4, 5)  (11, 2)   (11, 5)    (9, 9)    (6, 1)   (13, 6)    (1, 6)   (13, 4)   (14, 3)   (9, 6)    (8, 9)   (7, 8)    (2, 9)  (6, 10)   (2, 1)   (9, 10)   (1, 7)   (13, 5)
job_11    (2, 8)  (10, 3)    (0, 2)  (11, 9)  (11, 10)   (10, 8)    (9, 4)   (12, 4)   (10, 5)   (14, 1)    (6, 4)  (12, 7)    (1, 1)  (0, 10)    (9, 5)  (11, 6)   (3, 3)   (10, 2)   (5, 8)  (12, 10)
job_12    (1, 2)  (13, 8)   (12, 9)   (8, 1)   (14, 5)    (5, 5)    (6, 8)   (10, 8)   (11, 9)   (14, 5)    (7, 3)   (6, 6)   (10, 7)   (2, 9)   (14, 2)   (1, 5)  (13, 9)    (4, 1)   (3, 1)   (13, 2)
job_13    (9, 6)  (11, 6)    (5, 4)   (8, 7)    (6, 2)    (1, 2)    (4, 6)   (3, 10)   (11, 4)   (14, 7)    (1, 6)   (2, 4)  (12, 10)   (3, 6)    (1, 9)   (6, 4)   (3, 8)    (3, 5)   (4, 5)    (3, 3)


Solution:
Machine 0: job_1_task_2   job_11_task_2  job_1_task_3   job_1_task_4   job_2_task_7   job_2_task_8   job_8_task_6   job_4_task_6   job_6_task_11  job_2_task_14  job_11_task_13 job_0_task_13  job_9_task_16  job_9_task_17  job_9_task_19  
           [22,27]        [27,29]        [29,38]        [38,43]        [43,46]        [46,47]        [47,51]        [68,69]        [91,92]        [127,134]      [135,145]      [145,148]      [160,169]      [169,175]      [181,184]      
Machine 1: job_3_task_0   job_12_task_0  job_13_task_5  job_9_task_5   job_2_task_9   job_7_task_10  job_10_task_8  job_9_task_8   job_1_task_7   job_8_task_8   job_13_task_10 job_5_task_9   job_6_task_13  job_13_task_14 job_11_task_12 job_12_task_15 job_1_task_12  job_5_task_13  job_10_task_18 job_3_task_17  job_1_task_19  
           [0,4]          [4,6]          [43,45]        [47,57]        [57,64]        [65,73]        [73,79]        [79,88]        [88,91]        [94,99]        [99,105]       [107,114]      [114,122]      [125,134]      [134,135]      [141,146]      [146,152]      [152,157]      [163,170]      [170,180]      [202,208]      
Machine 2: job_10_task_0  job_11_task_0  job_2_task_5   job_6_task_4   job_2_task_6   job_3_task_9   job_9_task_9   job_13_task_11 job_10_task_14 job_2_task_13  job_12_task_13 job_4_task_16  job_10_task_16 job_6_task_17  job_0_task_18  
           [0,1]          [1,9]          [22,29]        [29,32]        [32,37]        [84,93]        [93,97]        [105,109]      [114,123]      [123,127]      [130,139]      [140,148]      [148,149]      [164,174]      [186,195]      
Machine 3: job_10_task_1  job_7_task_1   job_2_task_3   job_2_task_4   job_7_task_5   job_7_task_6   job_8_task_5   job_13_task_7  job_6_task_8   job_13_task_13 job_8_task_12  job_4_task_15  job_1_task_11  job_13_task_16 job_3_task_15  job_13_task_17 job_12_task_18 job_11_task_16 job_13_task_19 
           [1,8]          [8,9]          [16,21]        [21,22]        [30,34]        [34,38]        [38,45]        [53,63]        [63,67]        [119,125]      [125,135]      [135,140]      [140,145]      [146,154]      [154,160]      [160,165]      [165,166]      [170,173]      [173,176]      
Machine 4: job_3_task_1   job_10_task_2  job_8_task_3   job_9_task_2   job_9_task_4   job_13_task_6  job_9_task_6   job_0_task_3   job_7_task_11  job_9_task_10  job_9_task_13  job_12_task_17 job_9_task_15  job_13_task_18 job_0_task_19  job_1_task_17  
           [4,6]          [8,13]         [15,23]        [23,32]        [39,47]        [47,53]        [57,62]        [62,69]        [73,80]        [97,105]       [115,117]      [155,156]      [156,160]      [165,170]      [195,198]      [198,200]      
Machine 5: job_2_task_1   job_9_task_1   job_7_task_4   job_13_task_2  job_6_task_5   job_0_task_1   job_12_task_5  job_0_task_4   job_0_task_7   job_4_task_10  job_9_task_11  job_2_task_12  job_8_task_10  job_7_task_17  job_0_task_11  job_11_task_18 job_6_task_19  job_2_task_19  
           [1,10]         [10,19]        [20,30]        [30,34]        [34,43]        [43,47]        [47,52]        [69,74]        [81,87]        [103,105]      [105,110]      [111,115]      [121,122]      [123,133]      [133,139]      [175,183]      [183,193]      [194,198]      
Machine 6: job_3_task_3   job_13_task_4  job_12_task_6  job_10_task_6  job_5_task_4   job_11_task_10 job_12_task_11 job_4_task_13  job_0_task_10  job_10_task_15 job_13_task_15 job_0_task_16  job_5_task_17  job_3_task_19  job_1_task_16  
           [34,36]        [41,43]        [52,60]        [60,61]        [70,72]        [108,112]      [117,123]      [123,129]      [129,132]      [132,142]      [142,146]      [174,177]      [186,189]      [189,191]      [192,196]      
Machine 7: job_2_task_2   job_7_task_8   job_6_task_7   job_3_task_6   job_2_task_10  job_3_task_10  job_10_task_13 job_12_task_10 job_7_task_16  job_8_task_11  job_0_task_17  job_5_task_18  job_8_task_19  
           [10,16]        [49,51]        [53,61]        [61,67]        [67,76]        [93,95]        [106,114]      [114,117]      [119,123]      [123,125]      [177,186]      [189,196]      [196,203]      
Machine 8: job_8_task_0   job_7_task_2   job_12_task_3  job_13_task_3  job_7_task_7   job_4_task_4   job_9_task_7   job_3_task_8   job_10_task_12 job_7_task_15  job_5_task_10  job_8_task_13  job_3_task_13  job_1_task_13  job_1_task_14  job_2_task_16  job_8_task_16  job_5_task_19  job_1_task_18  
           [0,1]          [9,14]         [23,24]        [34,41]        [41,49]        [58,63]        [63,66]        [79,84]        [97,106]       [110,119]      [119,124]      [135,136]      [137,141]      [152,160]      [160,167]      [167,177]      [177,187]      [196,201]      [201,202]      
Machine 9: job_6_task_0   job_6_task_1   job_13_task_0  job_0_task_0   job_4_task_2   job_10_task_5  job_0_task_6   job_11_task_6  job_10_task_11 job_4_task_11  job_8_task_14  job_3_task_14  job_11_task_14 job_10_task_17 job_3_task_16  job_2_task_18  
           [0,6]          [6,9]          [9,15]         [15,22]        [41,51]        [51,60]        [78,81]        [87,91]        [91,97]        [105,110]      [136,141]      [141,148]      [148,153]      [153,163]      [163,170]      [190,194]      
Machine 10: job_5_task_0   job_5_task_1   job_1_task_1   job_11_task_1  job_6_task_6   job_0_task_2   job_7_task_9   job_12_task_7  job_3_task_7   job_11_task_5  job_5_task_6   job_5_task_7   job_11_task_8  job_1_task_9   job_9_task_12  job_4_task_12  job_12_task_12 job_11_task_17 job_9_task_18  job_2_task_17  job_8_task_18  
           [0,8]          [8,15]         [15,22]        [22,25]        [43,53]        [53,59]        [59,65]        [65,73]        [73,79]        [79,87]        [87,91]        [91,92]        [95,100]       [100,110]      [110,115]      [115,121]      [123,130]      [173,175]      [175,181]      [181,190]      [190,194]      
Machine 11: job_9_task_0   job_4_task_0   job_6_task_2   job_13_task_1  job_3_task_2   job_4_task_1   job_10_task_3  job_10_task_4  job_11_task_3  job_5_task_2   job_11_task_4  job_1_task_5   job_13_task_8  job_8_task_7   job_12_task_8  job_2_task_11  job_8_task_9   job_0_task_9   job_3_task_11  job_5_task_12  job_6_task_14  job_9_task_14  job_2_task_15  job_11_task_15 job_8_task_15  job_5_task_15  job_5_task_16  job_1_task_15  job_4_task_17  job_7_task_18  
           [0,4]          [4,9]          [9,18]         [18,24]        [24,34]        [34,41]        [41,43]        [43,48]        [48,57]        [57,65]        [65,75]        [75,85]        [85,89]        [89,94]        [94,103]       [103,111]      [111,121]      [121,129]      [129,135]      [135,144]      [144,146]      [146,156]      [156,164]      [164,170]      [170,175]      [175,181]      [181,186]      [186,192]      [192,202]      [202,208]      
Machine 12: job_1_task_0   job_8_task_1   job_12_task_2  job_4_task_3   job_6_task_9   job_4_task_7   job_5_task_5   job_6_task_10  job_11_task_7  job_7_task_13  job_13_task_12 job_11_task_11 job_5_task_11  job_1_task_10  job_6_task_15  job_3_task_18  job_11_task_19 
           [0,10]         [10,12]        [14,23]        [51,58]        [67,69]        [69,79]        [79,81]        [81,91]        [91,95]        [95,103]       [109,119]      [119,126]      [126,135]      [135,138]      [146,149]      [180,186]      [186,196]      
Machine 13: job_7_task_0   job_12_task_1  job_8_task_4   job_10_task_7  job_5_task_3   job_10_task_9  job_4_task_8   job_1_task_6   job_0_task_8   job_1_task_8   job_4_task_9   job_6_task_12  job_7_task_14  job_4_task_14  job_0_task_12  job_12_task_16 job_6_task_16  job_0_task_14  job_5_task_14  job_0_task_15  job_6_task_18  job_10_task_19 job_12_task_19 
           [0,2]          [6,14]         [23,33]        [61,67]        [67,70]        [79,83]        [83,85]        [85,87]        [87,91]        [91,100]       [100,103]      [103,109]      [109,110]      [129,132]      [139,140]      [146,155]      [155,164]      [164,170]      [170,172]      [172,174]      [174,181]      [181,186]      [186,188]      
Machine 14: job_2_task_0   job_8_task_2   job_7_task_3   job_6_task_3   job_12_task_4  job_9_task_3   job_3_task_4   job_3_task_5   job_4_task_5   job_0_task_5   job_7_task_12  job_10_task_10 job_13_task_9  job_5_task_8   job_11_task_9  job_12_task_9  job_3_task_12  job_12_task_14 job_8_task_17  job_4_task_18  job_4_task_19  job_7_task_19  
           [0,1]          [12,15]        [15,20]        [20,28]        [28,33]        [33,39]        [39,48]        [48,57]        [63,68]        [74,78]        [80,87]        [87,90]        [90,97]        [97,107]       [107,108]      [108,113]      [135,137]      [139,141]      [187,188]      [202,207]      [207,209]      [209,211]      
Optimal Schedule Length: 211.0
Total (Unoptimized Schedule Length): 1564
Statistics
  - conflicts: 1
  - branches : 281
  - wall time: 0.056026892s