
Problem
        task_0   task_1  task_2   task_3  task_4   task_5  task_6  task_7  task_8   task_9  task_10 task_11  task_12  task_13 task_14 task_15 task_16  task_17  task_18
job_0   (1, 7)   (2, 4)  (1, 3)  (1, 10)  (0, 4)   (1, 8)  (0, 9)  (0, 9)  (2, 7)   (0, 3)   (1, 3)  (1, 9)   (2, 9)   (0, 7)  (1, 3)  (0, 7)  (0, 9)   (0, 2)   (1, 5)
job_1   (0, 5)   (0, 6)  (0, 9)   (0, 1)  (1, 6)  (0, 10)  (1, 9)  (1, 4)  (0, 1)   (2, 4)   (0, 4)  (2, 2)  (1, 10)   (1, 2)  (1, 3)  (1, 3)  (2, 4)   (2, 1)   (1, 1)
job_2   (0, 5)   (0, 1)  (0, 1)   (0, 2)  (1, 7)   (1, 4)  (1, 8)  (0, 5)  (1, 8)   (1, 1)  (2, 10)  (2, 9)   (0, 6)  (2, 10)  (0, 5)  (1, 7)  (2, 7)   (0, 8)  (2, 10)
job_3   (2, 4)   (0, 5)  (1, 9)   (1, 2)  (2, 1)   (2, 5)  (2, 4)  (2, 6)  (1, 3)  (1, 10)   (2, 2)  (0, 7)   (1, 2)   (0, 3)  (0, 3)  (2, 5)  (0, 5)  (0, 10)   (2, 5)
job_4   (1, 8)   (0, 4)  (2, 3)   (1, 2)  (1, 1)   (2, 3)  (1, 7)  (0, 6)  (1, 3)   (2, 8)   (1, 6)  (0, 8)   (0, 3)   (0, 4)  (2, 6)  (0, 8)  (2, 4)   (0, 6)   (1, 1)
job_5   (0, 8)   (1, 5)  (0, 8)   (1, 5)  (1, 5)  (2, 10)  (1, 3)  (0, 2)  (0, 6)   (1, 7)   (2, 3)  (2, 8)   (2, 3)   (0, 4)  (0, 4)  (0, 7)  (0, 4)  (2, 10)   (0, 1)
job_6  (1, 10)   (2, 2)  (2, 1)   (1, 5)  (1, 4)   (1, 5)  (2, 3)  (0, 1)  (0, 9)   (1, 1)  (1, 10)  (1, 9)   (2, 3)   (0, 8)  (1, 9)  (2, 2)  (0, 5)   (1, 2)   (0, 6)
job_7   (2, 2)   (2, 6)  (0, 4)   (0, 2)  (2, 6)   (0, 1)  (0, 6)  (2, 6)  (1, 6)   (1, 1)   (1, 9)  (1, 2)   (0, 4)   (1, 5)  (0, 7)  (0, 1)  (1, 9)   (2, 4)   (2, 4)
job_8   (1, 9)  (1, 10)  (1, 9)   (2, 7)  (0, 8)   (0, 1)  (2, 5)  (0, 6)  (1, 5)   (1, 7)  (2, 10)  (1, 3)   (2, 1)  (2, 10)  (1, 3)  (1, 5)  (2, 5)   (2, 1)  (0, 10)


Solution:
Machine 0: job_5_task_0   job_2_task_0   job_2_task_1   job_2_task_2   job_2_task_3   job_7_task_2   job_7_task_3   job_1_task_0   job_1_task_1   job_7_task_5   job_1_task_2   job_0_task_4   job_3_task_1   job_0_task_6   job_5_task_2   job_8_task_4   job_8_task_5   job_0_task_7   job_4_task_1   job_2_task_7   job_7_task_6   job_1_task_3   job_0_task_9   job_8_task_7   job_2_task_12  job_1_task_5   job_4_task_7   job_6_task_7   job_6_task_8   job_5_task_7   job_5_task_8   job_2_task_14  job_4_task_11  job_4_task_12  job_4_task_13  job_3_task_11  job_4_task_15  job_3_task_13  job_3_task_14  job_5_task_13  job_5_task_14  job_5_task_15  job_4_task_17  job_3_task_16  job_3_task_17  job_5_task_16  job_1_task_8   job_0_task_13  job_1_task_10  job_7_task_12  job_6_task_13  job_7_task_14  job_0_task_15  job_0_task_16  job_2_task_17  job_7_task_15  job_5_task_18  job_8_task_18  job_6_task_16  job_0_task_17  job_6_task_18  
           [0,8]          [8,13]         [13,14]        [14,15]        [15,17]        [17,21]        [21,23]        [23,28]        [28,34]        [34,35]        [35,44]        [44,48]        [48,53]        [58,67]        [72,80]        [80,88]        [88,89]        [89,98]        [98,102]       [103,108]      [108,114]      [120,121]      [127,130]      [130,136]      [137,143]      [143,153]      [153,159]      [159,160]      [160,169]      [169,171]      [171,177]      [177,182]      [182,190]      [190,193]      [193,197]      [197,204]      [204,212]      [212,215]      [215,218]      [218,222]      [222,226]      [226,233]      [233,239]      [239,244]      [244,254]      [254,258]      [258,259]      [259,266]      [266,270]      [270,274]      [274,282]      [282,289]      [289,296]      [296,305]      [305,313]      [313,314]      [314,315]      [315,325]      [325,330]      [330,332]      [332,338]      
Machine 1: job_0_task_0   job_8_task_0   job_0_task_2   job_2_task_4   job_2_task_5   job_0_task_3   job_8_task_1   job_0_task_5   job_8_task_2   job_5_task_1   job_6_task_0   job_4_task_0   job_5_task_3   job_2_task_6   job_5_task_4   job_2_task_8   job_2_task_9   job_6_task_3   job_6_task_4   job_4_task_3   job_4_task_4   job_1_task_4   job_6_task_5   job_4_task_6   job_3_task_2   job_3_task_3   job_8_task_8   job_4_task_8   job_5_task_6   job_8_task_9   job_4_task_10  job_3_task_8   job_3_task_9   job_5_task_9   job_7_task_8   job_6_task_9   job_3_task_12  job_1_task_6   job_6_task_10  job_7_task_9   job_0_task_10  job_0_task_11  job_7_task_10  job_1_task_7   job_6_task_11  job_8_task_11  job_7_task_11  job_2_task_15  job_7_task_13  job_0_task_14  job_8_task_14  job_6_task_14  job_8_task_15  job_1_task_12  job_1_task_13  job_1_task_14  job_1_task_15  job_7_task_16  job_4_task_18  job_6_task_17  job_1_task_18  job_0_task_18  
           [0,7]          [7,16]         [16,19]        [19,26]        [26,30]        [30,40]        [40,50]        [50,58]        [58,67]        [67,72]        [72,82]        [82,90]        [90,95]        [95,103]       [103,108]      [108,116]      [116,117]      [117,122]      [122,126]      [126,128]      [128,129]      [129,135]      [135,140]      [140,147]      [147,156]      [156,158]      [158,163]      [163,166]      [166,169]      [169,176]      [176,182]      [182,185]      [185,195]      [195,202]      [202,208]      [208,209]      [209,211]      [211,220]      [220,230]      [230,231]      [231,234]      [234,243]      [243,252]      [252,256]      [256,265]      [265,268]      [268,270]      [270,277]      [277,282]      [282,285]      [285,288]      [288,297]      [297,302]      [302,312]      [312,314]      [314,317]      [317,320]      [320,329]      [329,330]      [330,332]      [332,333]      [333,338]      
Machine 2: job_7_task_0   job_7_task_1   job_3_task_0   job_0_task_1   job_7_task_4   job_8_task_3   job_8_task_6   job_6_task_1   job_6_task_2   job_0_task_8   job_4_task_2   job_5_task_5   job_2_task_10  job_2_task_11  job_4_task_5   job_6_task_6   job_2_task_13  job_3_task_4   job_3_task_5   job_3_task_6   job_4_task_9   job_3_task_7   job_7_task_7   job_3_task_10  job_4_task_14  job_5_task_10  job_5_task_11  job_5_task_12  job_4_task_16  job_3_task_15  job_8_task_10  job_0_task_12  job_1_task_9   job_6_task_12  job_8_task_12  job_8_task_13  job_3_task_18  job_2_task_16  job_1_task_11  job_6_task_15  job_5_task_17  job_8_task_16  job_8_task_17  job_2_task_18  job_1_task_16  job_1_task_17  job_7_task_17  job_7_task_18  
           [0,2]          [2,8]          [8,12]         [12,16]        [23,29]        [67,74]        [89,94]        [94,96]        [96,97]        [98,105]       [105,108]      [108,118]      [118,128]      [128,137]      [137,140]      [140,143]      [143,153]      [158,159]      [159,164]      [164,168]      [168,176]      [176,182]      [182,188]      [195,197]      [197,203]      [203,206]      [206,214]      [214,217]      [217,221]      [221,226]      [226,236]      [243,252]      [259,263]      [265,268]      [268,269]      [269,279]      [279,284]      [284,291]      [291,293]      [297,299]      [299,309]      [309,314]      [314,315]      [315,325]      [325,329]      [329,330]      [330,334]      [334,338]      
Optimal Schedule Length: 338.0
Total (Unoptimized Schedule Length): 897
Statistics
  - conflicts: 0
  - branches : 137
  - wall time: 2.671127819s