
Problem
         task_0    task_1    task_2    task_3    task_4   task_5   task_6   task_7   task_8    task_9   task_10   task_11  task_12  task_13   task_14  task_15   task_16  task_17   task_18  task_19
job_0   (10, 3)    (7, 9)    (0, 1)    (6, 8)   (13, 8)   (0, 9)   (5, 7)   (1, 5)   (1, 5)  (13, 10)   (10, 5)    (3, 8)   (8, 3)  (12, 2)    (6, 1)   (3, 5)    (9, 8)  (13, 3)    (7, 1)   (6, 7)
job_1    (7, 6)  (10, 10)  (11, 10)    (7, 3)   (11, 1)   (9, 6)  (13, 4)   (9, 2)   (8, 7)    (1, 2)    (3, 5)  (13, 10)  (11, 1)   (0, 6)    (3, 7)  (10, 7)    (5, 3)   (4, 4)    (9, 7)  (13, 4)
job_2    (8, 5)    (6, 8)    (6, 2)    (7, 9)    (9, 3)   (9, 8)   (1, 4)   (3, 1)   (9, 7)    (8, 1)    (7, 3)  (12, 10)   (1, 5)   (8, 6)    (6, 6)   (8, 6)   (3, 10)   (7, 6)  (11, 10)   (1, 9)
job_3    (9, 7)   (10, 1)   (10, 8)   (11, 4)    (1, 6)  (11, 7)  (13, 7)   (4, 6)   (4, 6)   (12, 2)    (3, 6)    (6, 1)  (12, 5)   (1, 8)    (5, 7)   (0, 2)  (12, 10)   (5, 6)    (8, 1)   (8, 6)
job_4   (13, 9)    (8, 2)   (10, 5)   (13, 3)    (3, 4)  (13, 8)  (13, 1)   (6, 7)   (6, 3)   (11, 4)    (1, 3)    (2, 9)   (4, 6)  (10, 5)    (2, 6)   (5, 2)    (7, 7)   (1, 6)    (1, 3)  (13, 9)
job_5    (4, 3)    (1, 3)    (3, 2)    (3, 5)    (0, 2)  (10, 6)   (4, 4)  (11, 9)  (13, 2)    (5, 2)    (6, 3)   (13, 5)   (2, 8)   (6, 3)   (13, 9)  (12, 3)    (3, 5)  (11, 5)   (2, 10)   (4, 1)
job_6    (6, 1)   (13, 8)    (4, 1)    (1, 5)  (11, 10)   (3, 5)   (5, 9)  (2, 10)   (4, 7)    (5, 1)    (2, 1)    (3, 2)  (12, 7)  (10, 3)    (5, 1)   (6, 9)    (4, 8)   (1, 4)    (2, 5)   (7, 4)
job_7    (5, 2)   (10, 6)    (1, 7)   (11, 1)    (2, 7)   (7, 2)   (4, 8)   (3, 5)  (10, 2)    (4, 6)   (13, 2)    (0, 9)  (11, 5)   (9, 9)    (4, 2)   (4, 1)   (11, 3)   (3, 2)  (13, 10)  (11, 7)
job_8    (3, 6)    (9, 9)    (3, 6)   (6, 10)  (12, 10)   (6, 2)   (9, 9)   (2, 6)   (4, 3)    (7, 7)   (13, 2)   (12, 8)  (13, 6)  (10, 3)    (5, 1)  (13, 6)    (3, 4)  (13, 3)    (3, 3)   (2, 4)
job_9    (4, 3)   (13, 8)    (6, 7)  (13, 10)    (5, 9)   (9, 3)   (9, 1)  (10, 6)  (12, 2)   (13, 9)   (11, 1)    (9, 4)  (12, 4)   (1, 3)   (12, 6)   (3, 6)    (8, 2)  (10, 5)    (0, 4)  (10, 7)
job_10  (0, 10)   (13, 2)    (4, 8)  (13, 10)    (4, 4)  (13, 6)  (6, 10)   (8, 8)  (13, 1)    (8, 5)    (6, 3)    (5, 4)   (5, 6)   (0, 3)   (13, 3)   (6, 8)  (10, 10)   (7, 3)   (12, 5)  (10, 9)
job_11  (13, 1)   (11, 8)    (1, 6)   (11, 8)   (9, 10)   (0, 9)   (9, 3)   (2, 5)   (7, 3)    (1, 8)    (7, 9)  (10, 10)   (8, 2)  (12, 6)    (7, 8)   (1, 9)    (8, 5)   (8, 1)   (11, 3)   (5, 1)
job_12  (12, 4)   (6, 10)    (2, 8)   (13, 5)    (9, 6)   (5, 4)   (2, 9)  (13, 8)   (6, 4)    (0, 7)    (0, 1)    (9, 5)   (5, 3)  (12, 5)    (7, 8)   (4, 9)    (3, 7)  (12, 3)    (4, 6)   (8, 6)
job_13   (0, 6)    (7, 8)   (11, 3)    (5, 9)   (13, 9)   (1, 1)   (3, 4)   (0, 3)  (11, 3)    (2, 4)   (12, 5)    (0, 6)  (12, 1)   (7, 7)   (10, 5)  (11, 8)    (7, 5)   (4, 3)    (7, 6)   (6, 6)
job_14   (6, 4)    (5, 3)    (1, 2)    (9, 7)    (9, 7)   (6, 6)  (13, 8)   (8, 4)   (4, 1)    (0, 2)  (13, 10)    (8, 4)   (9, 2)  (3, 10)   (2, 10)   (9, 7)    (6, 6)   (6, 1)   (4, 10)   (1, 4)
job_15   (2, 3)   (13, 8)    (5, 6)    (9, 5)    (0, 8)   (4, 8)   (1, 2)   (6, 8)   (0, 1)  (11, 10)    (1, 9)    (3, 1)   (2, 2)   (9, 1)  (13, 10)   (9, 3)   (10, 2)   (7, 8)    (3, 2)   (5, 7)
job_16   (4, 2)    (7, 2)    (9, 2)    (4, 9)    (9, 4)  (11, 5)   (2, 1)   (0, 2)   (0, 2)   (4, 10)    (1, 1)    (1, 3)   (5, 8)   (1, 6)    (5, 1)  (10, 3)    (5, 3)   (5, 5)    (6, 5)   (1, 5)


Solution:
Machine 0: job_10_task_0  job_13_task_0  job_0_task_2   job_5_task_4   job_11_task_5  job_0_task_5   job_15_task_4  job_14_task_9  job_15_task_8  job_16_task_7  job_16_task_8  job_13_task_7  job_12_task_9  job_12_task_10 job_13_task_11 job_7_task_11  job_10_task_13 job_3_task_15  job_1_task_13  job_9_task_18  
           [0,10]         [10,16]        [16,17]        [17,19]        [41,50]        [59,68]        [68,76]        [91,93]        [100,101]      [103,105]      [105,107]      [108,111]      [122,129]      [129,130]      [130,136]      [157,166]      [166,169]      [171,173]      [173,179]      [213,217]      
Machine 1: job_5_task_1   job_11_task_2  job_14_task_2  job_7_task_2   job_3_task_4   job_6_task_3   job_2_task_6   job_0_task_7   job_0_task_8   job_2_task_12  job_15_task_6  job_11_task_9  job_13_task_5  job_15_task_10 job_16_task_10 job_16_task_11 job_1_task_9   job_16_task_13 job_11_task_15 job_4_task_10  job_6_task_17  job_3_task_13  job_2_task_19  job_9_task_13  job_16_task_19 job_4_task_17  job_4_task_18  job_14_task_19 
           [6,9]          [9,15]         [15,17]        [17,24]        [37,43]        [43,48]        [52,56]        [75,80]        [80,85]        [85,90]        [90,92]        [92,100]       [103,104]      [111,120]      [120,121]      [121,124]      [132,134]      [134,140]      [140,149]      [149,152]      [152,156]      [156,164]      [164,173]      [173,176]      [176,181]      [201,207]      [207,210]      [210,214]      
Machine 2: job_15_task_0  job_12_task_2  job_7_task_4   job_12_task_6  job_11_task_7  job_6_task_7   job_8_task_7   job_16_task_6  job_6_task_10  job_13_task_9  job_15_task_12 job_4_task_11  job_14_task_14 job_5_task_12  job_4_task_14  job_6_task_18  job_5_task_18  job_8_task_19  
           [0,3]          [14,22]        [41,48]        [62,71]        [81,86]        [86,96]        [96,102]       [102,103]      [104,105]      [114,118]      [123,125]      [152,161]      [161,171]      [171,179]      [179,185]      [185,190]      [213,223]      [231,235]      
Machine 3: job_8_task_0   job_5_task_2   job_5_task_3   job_8_task_2   job_2_task_7   job_7_task_7   job_4_task_4   job_6_task_5   job_13_task_6  job_6_task_11  job_2_task_16  job_15_task_11 job_3_task_10  job_1_task_10  job_14_task_13 job_0_task_11  job_12_task_16 job_0_task_15  job_1_task_14  job_7_task_17  job_9_task_15  job_5_task_16  job_15_task_18 job_8_task_16  job_8_task_18  
           [0,6]          [9,11]         [11,16]        [16,22]        [56,57]        [58,63]        [63,67]        [67,72]        [104,108]      [108,110]      [112,122]      [122,123]      [131,137]      [137,142]      [142,152]      [154,162]      [162,169]      [169,174]      [179,186]      [186,188]      [197,203]      [203,208]      [216,218]      [218,222]      [228,231]      
Machine 4: job_9_task_0   job_5_task_0   job_16_task_0  job_10_task_2  job_10_task_4  job_6_task_2   job_5_task_6   job_7_task_6   job_7_task_9   job_16_task_3  job_15_task_5  job_14_task_8  job_6_task_8   job_8_task_8   job_16_task_9  job_3_task_7   job_3_task_8   job_6_task_16  job_12_task_15 job_4_task_12  job_13_task_17 job_12_task_18 job_7_task_14  job_7_task_15  job_1_task_17  job_14_task_18 job_5_task_19  
           [0,3]          [3,6]          [6,8]          [12,20]        [30,34]        [38,39]        [39,43]        [50,58]        [65,71]        [72,81]        [81,89]        [90,91]        [96,103]       [103,106]      [107,117]      [117,123]      [123,129]      [141,149]      [152,161]      [161,167]      [167,170]      [172,178]      [180,182]      [182,183]      [196,200]      [200,210]      [223,224]      
Machine 5: job_7_task_0   job_14_task_1  job_15_task_2  job_13_task_3  job_12_task_5  job_0_task_6   job_6_task_6   job_9_task_4   job_6_task_9   job_6_task_14  job_16_task_12 job_12_task_12 job_5_task_9   job_16_task_14 job_16_task_16 job_10_task_11 job_10_task_12 job_16_task_17 job_11_task_19 job_3_task_14  job_3_task_17  job_4_task_15  job_1_task_16  job_8_task_14  job_15_task_19 
           [0,2]          [4,7]          [20,26]        [40,49]        [58,62]        [68,75]        [75,84]        [84,93]        [103,104]      [122,123]      [124,132]      [135,138]      [138,140]      [140,141]      [144,147]      [147,151]      [151,157]      [157,162]      [162,163]      [164,171]      [183,189]      [189,191]      [193,196]      [206,207]      [218,225]      
Machine 6: job_14_task_0  job_12_task_1  job_2_task_1   job_2_task_2   job_6_task_0   job_0_task_3   job_8_task_3   job_14_task_5  job_9_task_2   job_8_task_5   job_10_task_6  job_15_task_7  job_2_task_14  job_12_task_8  job_4_task_7   job_4_task_8   job_6_task_15  job_5_task_10  job_10_task_10 job_3_task_11  job_16_task_18 job_0_task_14  job_13_task_19 job_5_task_13  job_10_task_15 job_14_task_16 job_14_task_17 job_0_task_19  
           [0,4]          [4,14]         [14,22]        [22,24]        [24,25]        [25,33]        [33,43]        [43,49]        [49,56]        [56,58]        [68,78]        [92,100]       [100,106]      [118,122]      [122,129]      [129,132]      [132,141]      [141,144]      [144,147]      [147,148]      [162,167]      [168,169]      [176,182]      [182,185]      [185,193]      [193,199]      [199,200]      [222,229]      
Machine 7: job_1_task_0   job_0_task_1   job_16_task_1  job_13_task_1  job_2_task_3   job_1_task_3   job_7_task_5   job_2_task_10  job_11_task_8  job_11_task_10 job_8_task_9   job_2_task_17  job_11_task_14 job_13_task_13 job_12_task_14 job_13_task_16 job_13_task_18 job_6_task_19  job_4_task_16  job_10_task_17 job_15_task_17 job_0_task_18  
           [0,6]          [6,15]         [15,17]        [17,25]        [25,34]        [34,37]        [48,50]        [71,74]        [86,89]        [100,109]      [109,116]      [122,128]      [129,137]      [137,144]      [144,152]      [157,162]      [170,176]      [190,194]      [194,201]      [203,206]      [208,216]      [221,222]      
Machine 8: job_2_task_0   job_4_task_1   job_2_task_9   job_10_task_7  job_14_task_7  job_2_task_13  job_2_task_15  job_11_task_12 job_1_task_8   job_14_task_11 job_10_task_9  job_11_task_16 job_11_task_17 job_0_task_12  job_12_task_19 job_3_task_18  job_3_task_19  job_9_task_16  
           [0,5]          [10,12]        [70,71]        [78,86]        [86,90]        [90,96]        [106,112]      [119,121]      [125,132]      [133,137]      [137,142]      [149,154]      [154,155]      [162,165]      [178,184]      [189,190]      [190,196]      [203,205]      
Machine 9: job_3_task_0   job_8_task_1   job_14_task_3  job_14_task_4  job_11_task_4  job_2_task_4   job_2_task_5   job_12_task_4  job_15_task_3  job_2_task_8   job_16_task_2  job_1_task_5   job_11_task_6  job_8_task_6   job_16_task_4  job_9_task_5   job_9_task_6   job_1_task_7   job_15_task_13 job_12_task_11 job_14_task_12 job_9_task_11  job_7_task_13  job_14_task_15 job_15_task_15 job_0_task_16  job_1_task_18  
           [0,7]          [7,16]         [17,24]        [24,31]        [31,41]        [41,44]        [44,52]        [52,58]        [58,63]        [63,70]        [70,72]        [72,78]        [78,81]        [81,90]        [90,94]        [94,97]        [97,98]        [123,125]      [125,126]      [130,135]      [137,139]      [158,162]      [171,180]      [180,187]      [187,190]      [190,198]      [200,207]      
Machine 10: job_0_task_0   job_7_task_1   job_3_task_1   job_1_task_1   job_3_task_2   job_4_task_2   job_5_task_5   job_7_task_8   job_9_task_7   job_11_task_11 job_6_task_13  job_16_task_15 job_13_task_14 job_0_task_10  job_4_task_13  job_1_task_15  job_10_task_16 job_8_task_13  job_15_task_16 job_9_task_17  job_10_task_19 job_9_task_19  
           [0,3]          [3,9]          [9,10]         [10,20]        [20,28]        [28,33]        [33,39]        [63,65]        [98,104]       [109,119]      [119,122]      [141,144]      [144,149]      [149,154]      [167,172]      [186,193]      [193,203]      [203,206]      [206,208]      [208,213]      [213,222]      [222,229]      
Machine 11: job_11_task_1  job_11_task_3  job_1_task_2   job_3_task_3   job_13_task_2  job_7_task_3   job_1_task_4   job_3_task_5   job_6_task_4   job_5_task_7   job_16_task_5  job_15_task_9  job_13_task_8  job_2_task_18  job_4_task_9   job_13_task_15 job_9_task_10  job_11_task_18 job_7_task_12  job_1_task_12  job_7_task_16  job_5_task_17  job_7_task_19  
           [1,9]          [15,23]        [23,33]        [33,37]        [37,40]        [40,41]        [41,42]        [43,50]        [50,60]        [60,69]        [94,99]        [101,111]      [111,114]      [128,138]      [138,142]      [149,157]      [157,158]      [158,161]      [166,171]      [172,173]      [183,186]      [208,213]      [213,220]      
Machine 12: job_12_task_0  job_8_task_4   job_2_task_11  job_9_task_8   job_6_task_12  job_13_task_10 job_11_task_13 job_3_task_9   job_13_task_12 job_12_task_13 job_3_task_12  job_9_task_12  job_0_task_13  job_12_task_17 job_3_task_16  job_8_task_11  job_9_task_14  job_5_task_15  job_10_task_18 
           [0,4]          [43,53]        [74,84]        [104,106]      [110,117]      [118,123]      [123,129]      [129,131]      [136,137]      [138,143]      [148,153]      [162,166]      [166,168]      [169,172]      [173,183]      [183,191]      [191,197]      [197,200]      [206,211]      
Machine 13: job_11_task_0  job_4_task_0   job_10_task_1  job_15_task_1  job_10_task_3  job_6_task_1   job_9_task_1   job_12_task_3  job_0_task_4   job_4_task_3   job_10_task_5  job_9_task_3   job_14_task_6  job_4_task_5   job_13_task_4  job_3_task_6   job_12_task_7  job_4_task_6   job_1_task_6   job_14_task_10 job_10_task_8  job_5_task_8   job_0_task_9   job_9_task_9   job_7_task_10  job_5_task_11  job_1_task_11  job_8_task_10  job_10_task_14 job_15_task_14 job_5_task_14  job_8_task_12  job_7_task_18  job_8_task_15  job_0_task_17  job_1_task_19  job_8_task_17  job_4_task_19  
           [0,1]          [1,10]         [10,12]        [12,20]        [20,30]        [30,38]        [38,46]        [46,51]        [51,59]        [59,62]        [62,68]        [68,78]        [78,86]        [86,94]        [94,103]       [103,110]      [110,118]      [118,119]      [119,123]      [123,133]      [133,134]      [134,136]      [136,146]      [146,155]      [155,157]      [157,162]      [162,172]      [172,174]      [174,177]      [177,187]      [187,196]      [196,202]      [202,212]      [212,218]      [218,221]      [221,225]      [225,228]      [228,237]      
Optimal Schedule Length: 237.0
Total (Unoptimized Schedule Length): 1779
Statistics
  - conflicts: 0
  - branches : 55
  - wall time: 0.107820882s