
Problem
         task_0   task_1   task_2   task_3   task_4  task_5   task_6  task_7   task_8   task_9  task_10  task_11  task_12
job_0    (4, 9)   (6, 5)   (0, 7)   (0, 3)   (7, 9)  (6, 7)   (4, 2)  (0, 2)   (3, 6)   (7, 5)   (0, 5)   (4, 7)   (1, 1)
job_1    (1, 2)   (1, 9)   (4, 2)   (3, 4)   (1, 3)  (0, 3)   (2, 3)  (6, 4)   (2, 2)  (4, 10)   (0, 5)   (3, 3)  (7, 10)
job_2    (4, 2)  (0, 10)   (6, 7)   (4, 9)   (7, 7)  (6, 1)   (5, 7)  (6, 7)   (1, 3)   (5, 5)   (1, 2)   (0, 8)   (2, 7)
job_3    (5, 6)  (1, 10)   (1, 5)   (4, 4)   (5, 9)  (3, 3)   (7, 8)  (0, 3)   (4, 7)   (1, 6)   (7, 6)   (7, 3)  (7, 10)
job_4   (4, 10)   (5, 6)  (5, 10)   (0, 8)   (5, 4)  (7, 8)   (2, 7)  (3, 4)   (4, 7)   (1, 7)   (0, 2)   (2, 4)   (5, 1)
job_5    (3, 1)   (0, 7)   (2, 1)   (0, 7)   (0, 1)  (4, 1)   (6, 9)  (5, 2)   (1, 9)   (2, 1)   (7, 3)   (7, 4)   (7, 4)
job_6    (7, 7)   (1, 8)   (1, 7)   (3, 5)   (6, 8)  (5, 7)   (7, 5)  (0, 5)   (7, 7)   (1, 1)   (7, 8)   (2, 8)   (1, 8)
job_7    (5, 3)   (2, 9)   (0, 8)   (1, 3)  (2, 10)  (2, 6)   (7, 6)  (5, 8)   (0, 3)   (6, 9)   (6, 3)   (1, 5)   (7, 3)
job_8    (3, 6)   (1, 8)  (4, 10)  (5, 10)   (2, 7)  (0, 1)   (7, 7)  (0, 5)   (4, 1)   (7, 3)   (4, 6)   (5, 6)   (6, 9)
job_9    (4, 6)   (4, 9)   (1, 1)   (7, 6)   (1, 3)  (6, 2)   (5, 9)  (4, 6)   (4, 8)   (6, 5)  (4, 10)   (4, 7)   (1, 8)
job_10   (1, 6)   (2, 6)   (6, 8)   (7, 3)   (3, 6)  (7, 6)  (0, 10)  (6, 2)  (4, 10)   (7, 4)   (0, 2)   (1, 4)   (5, 2)
job_11   (6, 2)   (5, 8)   (1, 4)  (5, 10)  (0, 10)  (0, 9)   (6, 7)  (5, 8)   (0, 2)   (0, 1)   (4, 2)   (0, 3)   (2, 1)
job_12   (6, 2)   (6, 6)   (6, 2)   (6, 2)   (6, 5)  (5, 9)   (0, 7)  (1, 1)   (5, 6)   (3, 3)   (1, 7)   (7, 9)   (5, 3)
job_13   (7, 2)   (3, 6)   (6, 5)   (4, 5)   (0, 8)  (5, 5)   (7, 7)  (3, 6)   (4, 1)   (3, 3)   (6, 7)   (0, 1)   (3, 7)
job_14   (5, 1)   (7, 9)   (6, 6)   (5, 1)   (1, 6)  (1, 8)  (2, 10)  (3, 1)   (6, 7)   (0, 2)   (7, 9)   (3, 1)   (2, 5)
job_15   (2, 2)   (6, 8)   (6, 6)   (5, 3)   (2, 6)  (0, 7)   (2, 5)  (6, 6)   (2, 7)   (3, 1)   (0, 3)   (5, 7)   (4, 5)
job_16   (0, 8)   (1, 4)   (2, 6)  (4, 10)   (2, 1)  (5, 2)   (1, 7)  (1, 4)   (1, 9)   (6, 1)   (2, 4)   (1, 2)   (6, 1)
job_17   (1, 3)   (5, 8)   (5, 5)   (2, 5)   (3, 4)  (7, 4)   (1, 4)  (4, 8)   (2, 5)   (3, 6)   (2, 2)   (5, 6)   (0, 4)
job_18   (1, 1)   (2, 5)   (4, 2)  (2, 10)   (3, 3)  (6, 3)   (7, 2)  (5, 3)   (4, 7)   (3, 2)   (3, 5)   (3, 9)   (3, 5)
job_19   (6, 1)  (0, 10)   (7, 7)   (4, 3)   (6, 1)  (7, 6)   (1, 7)  (3, 8)   (7, 4)   (0, 1)   (2, 3)  (7, 10)   (0, 3)


Solution:
Machine 0: job_16_task_0  job_19_task_1  job_2_task_1   job_5_task_1   job_7_task_2   job_8_task_5   job_0_task_2   job_0_task_3   job_8_task_7   job_10_task_6  job_13_task_4  job_1_task_5   job_6_task_7   job_0_task_7   job_11_task_4  job_3_task_7   job_15_task_5  job_5_task_3   job_12_task_6  job_5_task_4   job_11_task_5  job_14_task_9  job_7_task_8   job_19_task_9  job_4_task_3   job_0_task_10  job_1_task_10  job_2_task_11  job_11_task_8  job_15_task_10 job_10_task_10 job_11_task_9  job_17_task_12 job_19_task_12 job_13_task_11 job_11_task_11 job_4_task_10  
           [0,8]          [8,18]         [18,28]        [28,35]        [35,43]        [44,45]        [46,53]        [53,56]        [56,61]        [61,71]        [72,80]        [80,83]        [83,88]        [88,90]        [90,100]       [100,103]      [103,110]      [110,117]      [117,124]      [124,125]      [125,134]      [134,136]      [136,139]      [139,140]      [140,148]      [148,153]      [153,158]      [158,166]      [166,168]      [168,171]      [171,173]      [173,174]      [174,178]      [178,181]      [181,182]      [182,185]      [201,203]      
Machine 1: job_10_task_0  job_17_task_0  job_8_task_1   job_9_task_2   job_6_task_1   job_3_task_1   job_6_task_2   job_3_task_2   job_1_task_0   job_9_task_4   job_1_task_1   job_18_task_0  job_11_task_2  job_7_task_3   job_16_task_1  job_1_task_4   job_19_task_6  job_17_task_6  job_14_task_4  job_14_task_5  job_6_task_9   job_3_task_9   job_2_task_8   job_12_task_7  job_6_task_12  job_16_task_6  job_16_task_7  job_2_task_10  job_5_task_8   job_12_task_10 job_16_task_8  job_7_task_11  job_9_task_12  job_10_task_11 job_0_task_12  job_4_task_9   job_16_task_11 
           [0,6]          [6,9]          [9,17]         [17,18]        [18,26]        [26,36]        [36,43]        [43,48]        [48,50]        [50,53]        [53,62]        [62,63]        [63,67]        [67,70]        [70,74]        [74,77]        [77,84]        [84,88]        [88,94]        [94,102]       [102,103]      [117,123]      [123,126]      [126,127]      [128,136]      [138,145]      [145,149]      [149,151]      [151,160]      [160,167]      [167,176]      [176,181]      [181,189]      [189,193]      [193,194]      [194,201]      [201,203]      
Machine 2: job_15_task_0  job_10_task_1  job_7_task_1   job_5_task_2   job_8_task_4   job_17_task_3  job_15_task_4  job_18_task_1  job_7_task_4   job_7_task_5   job_18_task_3  job_16_task_2  job_1_task_6   job_14_task_6  job_15_task_6  job_6_task_11  job_16_task_4  job_1_task_8   job_17_task_8  job_19_task_10 job_15_task_8  job_17_task_10 job_5_task_9   job_14_task_12 job_2_task_12  job_4_task_6   job_11_task_12 job_16_task_10 job_4_task_11  
           [0,2]          [6,12]         [26,35]        [35,36]        [37,44]        [44,49]        [49,55]        [63,68]        [70,80]        [80,86]        [86,96]        [96,102]       [102,105]      [105,115]      [115,120]      [120,128]      [128,129]      [129,131]      [135,140]      [140,143]      [143,150]      [150,152]      [160,161]      [161,166]      [166,173]      [173,180]      [185,186]      [190,194]      [203,207]      
Machine 3: job_8_task_0   job_5_task_0   job_13_task_1  job_10_task_4  job_6_task_3   job_17_task_4  job_3_task_5   job_1_task_3   job_19_task_7  job_0_task_8   job_18_task_4  job_14_task_7  job_13_task_7  job_17_task_9  job_12_task_9  job_18_task_9  job_18_task_10 job_14_task_11 job_18_task_11 job_15_task_9  job_1_task_11  job_13_task_9  job_18_task_12 job_4_task_7   job_13_task_12 
           [0,6]          [6,7]          [18,24]        [34,40]        [43,48]        [49,53]        [62,65]        [65,69]        [84,92]        [92,98]        [98,101]       [115,116]      [128,134]      [140,146]      [146,149]      [149,151]      [151,156]      [156,157]      [157,166]      [166,167]      [167,170]      [170,173]      [173,178]      [180,184]      [184,191]      
Machine 4: job_9_task_0   job_9_task_1   job_2_task_0   job_8_task_2   job_19_task_3  job_0_task_0   job_4_task_0   job_3_task_3   job_2_task_3   job_1_task_2   job_8_task_8   job_13_task_3  job_18_task_2  job_8_task_10  job_0_task_6   job_10_task_8  job_9_task_7   job_9_task_8   job_3_task_8   job_16_task_3  job_17_task_7  job_5_task_5   job_18_task_8  job_1_task_9   job_9_task_10  job_13_task_8  job_9_task_11  job_0_task_11  job_11_task_10 job_15_task_12 job_4_task_8   
           [0,6]          [6,15]         [15,17]        [17,27]        [27,30]        [30,39]        [39,49]        [49,53]        [53,62]        [62,64]        [64,65]        [67,72]        [72,74]        [76,82]        [83,85]        [86,96]        [96,102]       [102,110]      [110,117]      [117,127]      [127,135]      [135,136]      [136,143]      [143,153]      [153,163]      [163,164]      [164,171]      [171,178]      [178,180]      [182,187]      [187,194]      
Machine 5: job_3_task_0   job_14_task_0  job_11_task_1  job_17_task_1  job_7_task_0   job_8_task_3   job_17_task_2  job_15_task_3  job_14_task_3  job_3_task_4   job_6_task_5   job_9_task_6   job_11_task_3  job_12_task_5  job_2_task_6   job_13_task_5  job_18_task_7  job_4_task_1   job_4_task_2   job_7_task_7   job_16_task_5  job_12_task_8  job_2_task_9   job_5_task_7   job_4_task_4   job_11_task_7  job_17_task_11 job_8_task_11  job_15_task_11 job_12_task_12 job_10_task_12 job_4_task_12  
           [0,6]          [6,7]          [7,15]         [15,23]        [23,26]        [27,37]        [37,42]        [42,45]        [52,53]        [53,62]        [62,69]        [69,78]        [78,88]        [88,97]        [97,104]       [104,109]      [109,112]      [112,118]      [118,128]      [128,136]      [136,138]      [138,144]      [144,149]      [149,151]      [151,155]      [155,163]      [163,169]      [169,175]      [175,182]      [182,185]      [193,195]      [207,208]      
Machine 6: job_11_task_0  job_19_task_0  job_15_task_1  job_12_task_0  job_12_task_1  job_10_task_2  job_15_task_2  job_19_task_4  job_2_task_2   job_0_task_1   job_14_task_2  job_6_task_4   job_9_task_5   job_13_task_2  job_12_task_2  job_12_task_3  job_12_task_4  job_0_task_5   job_2_task_5   job_10_task_7  job_18_task_5  job_1_task_7   job_9_task_9   job_2_task_7   job_14_task_8  job_15_task_7  job_5_task_6   job_11_task_6  job_7_task_9   job_7_task_10  job_13_task_10 job_8_task_12  job_16_task_9  job_16_task_12 
           [0,2]          [2,3]          [3,11]         [11,13]        [13,19]        [19,27]        [27,33]        [33,34]        [34,41]        [41,46]        [46,52]        [52,60]        [60,62]        [62,67]        [67,69]        [69,71]        [71,76]        [76,83]        [83,84]        [84,86]        [101,104]      [105,109]      [110,115]      [115,122]      [122,129]      [129,135]      [136,145]      [145,152]      [152,161]      [161,164]      [173,180]      [180,189]      [189,190]      [203,204]      
Machine 7: job_6_task_0   job_14_task_1  job_13_task_0  job_19_task_2  job_9_task_3   job_10_task_3  job_19_task_5  job_10_task_5  job_8_task_6   job_17_task_5  job_0_task_4   job_2_task_4   job_8_task_9   job_6_task_6   job_3_task_6   job_6_task_8   job_19_task_8  job_0_task_9   job_18_task_6  job_6_task_10  job_7_task_6   job_13_task_6  job_3_task_10  job_10_task_9  job_3_task_11  job_14_task_10 job_19_task_11 job_4_task_5   job_12_task_11 job_5_task_10  job_1_task_12  job_5_task_11  job_3_task_12  job_5_task_12  job_7_task_12  
           [0,7]          [7,16]         [16,18]        [18,25]        [25,31]        [31,34]        [34,40]        [40,46]        [46,53]        [53,57]        [57,66]        [66,73]        [73,76]        [76,81]        [81,89]        [89,96]        [96,100]       [100,105]      [105,107]      [107,115]      [115,121]      [121,128]      [128,134]      [134,138]      [138,141]      [141,150]      [150,160]      [160,168]      [168,177]      [177,180]      [180,190]      [190,194]      [194,204]      [204,208]      [208,211]      
Optimal Schedule Length: 211.0
Total (Unoptimized Schedule Length): 1367
Statistics
  - conflicts: 0
  - branches : 137
  - wall time: 0.453250914s