
Problem
         task_0   task_1   task_2   task_3   task_4   task_5   task_6   task_7   task_8   task_9 task_10  task_11 task_12  task_13 task_14  task_15  task_16  task_17
job_0    (2, 4)   (2, 3)   (5, 1)   (3, 7)   (2, 6)   (4, 7)  (5, 10)  (2, 10)   (4, 9)   (0, 3)  (4, 7)   (1, 7)  (2, 7)   (3, 1)  (1, 4)   (4, 5)   (4, 3)   (1, 6)
job_1    (1, 8)  (4, 10)   (3, 5)  (3, 10)   (3, 6)   (3, 6)   (0, 9)   (3, 2)   (1, 5)   (0, 8)  (3, 4)   (1, 4)  (3, 5)   (1, 5)  (1, 6)   (1, 7)   (3, 4)   (3, 7)
job_2    (2, 8)   (0, 5)   (2, 4)   (2, 6)   (4, 5)   (5, 2)   (5, 7)   (0, 4)   (0, 8)  (2, 10)  (0, 3)   (5, 5)  (0, 1)  (1, 10)  (1, 4)   (3, 4)   (5, 9)  (0, 10)
job_3    (4, 7)   (3, 6)   (1, 1)   (4, 3)   (5, 6)   (0, 1)   (3, 5)   (3, 3)   (2, 1)   (1, 8)  (3, 3)  (4, 10)  (4, 2)   (4, 5)  (0, 3)   (4, 4)   (0, 3)   (5, 3)
job_4    (0, 1)   (5, 8)   (2, 6)   (3, 1)   (0, 4)   (0, 4)  (5, 10)   (2, 4)   (0, 3)   (2, 3)  (0, 5)   (1, 1)  (4, 1)  (5, 10)  (2, 6)  (4, 10)  (4, 10)   (1, 1)
job_5   (3, 10)   (2, 3)   (0, 1)   (3, 5)   (3, 4)   (4, 9)   (1, 3)   (4, 8)   (4, 6)   (4, 2)  (5, 1)   (0, 4)  (2, 8)   (5, 2)  (4, 7)   (5, 1)  (1, 10)   (2, 4)
job_6    (3, 2)   (4, 2)   (4, 8)   (3, 6)   (5, 4)   (3, 8)   (5, 7)   (2, 7)   (5, 3)  (0, 10)  (4, 1)   (4, 7)  (4, 9)   (1, 5)  (1, 1)   (3, 2)   (4, 2)   (1, 5)
job_7    (3, 8)   (2, 9)  (0, 10)   (3, 9)   (1, 5)  (2, 10)   (4, 2)  (3, 10)   (5, 7)   (4, 5)  (5, 6)   (0, 3)  (2, 9)   (1, 3)  (0, 7)   (4, 2)   (4, 4)   (1, 3)
job_8    (0, 3)   (0, 3)   (0, 3)   (1, 6)  (4, 10)   (0, 5)   (2, 9)   (4, 9)  (1, 10)   (2, 1)  (4, 5)   (3, 2)  (5, 4)   (4, 2)  (4, 3)   (2, 6)   (3, 9)   (1, 3)
job_9   (2, 10)   (4, 4)   (4, 8)   (4, 9)  (4, 10)   (5, 3)   (1, 7)  (3, 10)   (2, 2)   (0, 4)  (2, 4)   (4, 7)  (2, 8)   (2, 9)  (2, 2)   (2, 5)   (3, 3)   (1, 9)
job_10   (2, 6)   (3, 8)  (1, 10)   (4, 5)   (0, 7)   (4, 4)   (0, 9)   (4, 9)   (3, 6)   (0, 3)  (5, 1)  (1, 10)  (0, 3)   (1, 3)  (1, 9)   (2, 3)   (4, 2)   (2, 3)


Solution:
Machine 0: job_8_task_0   job_8_task_1   job_4_task_0   job_8_task_2   job_7_task_2   job_2_task_1   job_10_task_4  job_4_task_4   job_5_task_2   job_4_task_5   job_8_task_5   job_10_task_6  job_2_task_7   job_1_task_6   job_2_task_8   job_3_task_5   job_4_task_8   job_0_task_9   job_6_task_9   job_10_task_9  job_9_task_9   job_2_task_10  job_4_task_10  job_2_task_12  job_1_task_9   job_7_task_11  job_5_task_11  job_10_task_12 job_7_task_14  job_2_task_17  job_3_task_14  job_3_task_16  
           [0,3]          [3,6]          [6,7]          [7,10]         [19,29]        [37,42]        [53,60]        [72,76]        [76,77]        [77,81]        [85,90]        [90,99]        [99,103]       [103,112]      [112,120]      [120,121]      [121,124]      [124,127]      [127,137]      [137,140]      [140,144]      [144,147]      [147,152]      [154,155]      [155,163]      [163,166]      [166,170]      [170,173]      [191,198]      [198,208]      [208,211]      [242,245]      
Machine 1: job_1_task_0   job_8_task_3   job_10_task_2  job_7_task_4   job_9_task_6   job_3_task_2   job_5_task_6   job_8_task_8   job_3_task_9   job_1_task_8   job_10_task_11 job_4_task_11  job_2_task_13  job_0_task_11  job_1_task_11  job_10_task_13 job_2_task_14  job_1_task_13  job_7_task_13  job_10_task_14 job_1_task_14  job_0_task_14  job_1_task_15  job_6_task_13  job_5_task_16  job_6_task_14  job_9_task_17  job_7_task_17  job_0_task_17  job_6_task_17  job_8_task_17  job_4_task_17  
           [0,8]          [10,16]        [33,43]        [43,48]        [66,73]        [91,92]        [112,115]      [121,131]      [131,139]      [139,144]      [144,154]      [154,155]      [155,165]      [165,172]      [172,176]      [176,179]      [179,183]      [183,188]      [188,191]      [191,200]      [200,206]      [206,210]      [210,217]      [217,222]      [222,232]      [232,233]      [233,242]      [242,245]      [245,251]      [251,256]      [256,259]      [259,260]      
Machine 2: job_9_task_0   job_7_task_1   job_10_task_0  job_0_task_0   job_2_task_0   job_0_task_1   job_4_task_2   job_2_task_2   job_0_task_4   job_2_task_3   job_7_task_5   job_5_task_1   job_0_task_7   job_8_task_6   job_6_task_7   job_4_task_7   job_2_task_9   job_3_task_8   job_8_task_9   job_4_task_9   job_9_task_8   job_9_task_10  job_9_task_12  job_7_task_12  job_5_task_12  job_0_task_12  job_9_task_13  job_4_task_14  job_9_task_14  job_8_task_15  job_9_task_15  job_10_task_15 job_5_task_17  job_10_task_17 
           [0,10]         [10,19]        [19,25]        [25,29]        [29,37]        [37,40]        [40,46]        [46,50]        [50,56]        [56,62]        [62,72]        [72,75]        [80,90]        [90,99]        [99,106]       [106,110]      [120,130]      [130,131]      [131,132]      [132,135]      [135,137]      [144,148]      [163,171]      [171,180]      [180,188]      [188,195]      [195,204]      [204,210]      [210,212]      [212,218]      [218,223]      [223,226]      [232,236]      [247,250]      
Machine 3: job_6_task_0   job_7_task_0   job_5_task_0   job_1_task_2   job_10_task_1  job_7_task_3   job_0_task_3   job_1_task_3   job_6_task_3   job_1_task_4   job_4_task_3   job_6_task_5   job_5_task_3   job_3_task_1   job_1_task_5   job_5_task_4   job_7_task_7   job_9_task_7   job_3_task_6   job_3_task_7   job_1_task_7   job_10_task_8  job_3_task_10  job_1_task_10  job_1_task_12  job_8_task_11  job_2_task_15  job_0_task_13  job_1_task_16  job_8_task_16  job_9_task_16  job_6_task_15  job_1_task_17  
           [0,2]          [2,10]         [10,20]        [20,25]        [25,33]        [33,42]        [42,49]        [49,59]        [59,65]        [65,71]        [71,72]        [72,80]        [80,85]        [85,91]        [91,97]        [97,101]       [101,111]      [111,121]      [121,126]      [126,129]      [129,131]      [131,137]      [139,142]      [163,167]      [176,181]      [181,183]      [183,187]      [195,196]      [217,221]      [221,230]      [230,233]      [233,235]      [235,242]      
Machine 4: job_3_task_0   job_6_task_1   job_1_task_1   job_9_task_1   job_9_task_2   job_9_task_3   job_6_task_2   job_10_task_3  job_9_task_4   job_0_task_5   job_2_task_4   job_8_task_4   job_10_task_5  job_7_task_6   job_0_task_8   job_3_task_3   job_5_task_5   job_8_task_7   job_10_task_7  job_5_task_7   job_7_task_9   job_5_task_8   job_0_task_10  job_9_task_11  job_5_task_9   job_4_task_12  job_6_task_10  job_6_task_11  job_8_task_10  job_3_task_11  job_6_task_12  job_3_task_12  job_8_task_13  job_3_task_13  job_8_task_14  job_5_task_14  job_4_task_15  job_0_task_15  job_7_task_15  job_7_task_16  job_3_task_15  job_0_task_16  job_10_task_16 job_6_task_16  job_4_task_16  
           [0,7]          [7,9]          [9,19]         [19,23]        [23,31]        [31,40]        [40,48]        [48,53]        [53,63]        [63,70]        [70,75]        [75,85]        [85,89]        [89,91]        [91,100]       [100,103]      [103,112]      [112,121]      [121,130]      [130,138]      [138,143]      [143,149]      [149,156]      [156,163]      [163,165]      [165,166]      [166,167]      [167,174]      [174,179]      [179,189]      [189,198]      [198,200]      [200,202]      [202,207]      [207,210]      [210,217]      [217,227]      [227,232]      [232,234]      [234,238]      [238,242]      [242,245]      [245,247]      [247,249]      [249,259]      
Machine 5: job_4_task_1   job_0_task_2   job_9_task_5   job_6_task_4   job_0_task_6   job_2_task_5   job_2_task_6   job_6_task_6   job_4_task_6   job_3_task_4   job_7_task_8   job_6_task_8   job_10_task_10 job_7_task_10  job_2_task_11  job_5_task_10  job_4_task_13  job_8_task_12  job_2_task_16  job_5_task_13  job_5_task_15  job_3_task_17  
           [7,15]         [40,41]        [63,66]        [66,70]        [70,80]        [80,82]        [82,89]        [89,96]        [96,106]       [106,112]      [112,119]      [119,122]      [140,141]      [143,149]      [149,154]      [165,166]      [166,176]      [183,187]      [187,196]      [196,198]      [217,218]      [245,248]      
Optimal Schedule Length: 260.0
Total (Unoptimized Schedule Length): 1075
Statistics
  - conflicts: 0
  - branches : 0
  - wall time: 0.16999386900000002s