
Problem
         task_0   task_1   task_2   task_3   task_4   task_5   task_6   task_7   task_8   task_9  task_10  task_11  task_12  task_13  task_14 task_15  task_16  task_17  task_18
job_0   (4, 10)   (4, 7)  (10, 9)   (3, 3)   (1, 6)  (10, 1)   (2, 6)   (7, 3)   (0, 8)   (5, 1)  (2, 10)   (2, 7)   (2, 2)   (1, 9)   (9, 8)  (2, 1)   (8, 3)   (7, 3)   (5, 3)
job_1   (4, 10)   (1, 7)   (1, 1)   (8, 6)   (5, 2)   (6, 6)  (2, 10)   (7, 4)   (7, 4)   (3, 8)  (8, 10)   (9, 4)   (0, 9)  (10, 3)   (9, 1)  (0, 6)   (6, 2)   (6, 5)   (5, 6)
job_2    (4, 9)   (7, 5)  (10, 9)  (1, 10)   (9, 7)   (5, 1)   (1, 1)   (2, 8)   (7, 5)   (7, 9)   (7, 4)   (7, 6)  (2, 10)   (7, 7)   (0, 5)  (4, 7)  (3, 10)   (5, 2)   (2, 8)
job_3   (9, 10)   (2, 1)  (10, 4)   (0, 8)   (3, 2)   (1, 4)   (9, 5)   (3, 8)   (1, 8)   (1, 6)   (1, 2)   (6, 5)   (9, 3)   (6, 5)   (1, 3)  (4, 7)   (1, 1)   (0, 5)   (5, 9)
job_4    (3, 1)   (0, 8)   (1, 7)   (3, 7)   (2, 2)   (3, 3)   (3, 4)   (6, 6)   (5, 9)   (3, 8)   (5, 2)   (0, 9)   (1, 6)   (3, 3)   (3, 2)  (1, 1)   (7, 6)   (1, 5)  (10, 7)
job_5    (6, 1)   (8, 7)   (4, 4)  (6, 10)   (8, 7)   (0, 5)  (9, 10)   (3, 1)  (9, 10)   (2, 1)   (2, 7)   (7, 3)   (1, 2)   (8, 1)  (9, 10)  (6, 1)   (9, 6)   (4, 6)  (3, 10)
job_6    (2, 7)   (4, 9)   (9, 6)   (1, 1)   (5, 4)  (4, 10)   (9, 4)  (5, 10)   (5, 4)   (4, 4)   (4, 6)   (0, 9)  (6, 10)   (6, 4)   (4, 1)  (3, 9)   (9, 6)   (8, 7)   (3, 7)
job_7   (10, 1)   (5, 3)   (0, 5)   (4, 3)   (4, 9)   (5, 7)  (10, 1)   (8, 2)   (1, 7)   (0, 4)   (4, 1)   (6, 6)  (10, 9)   (6, 7)   (4, 1)  (6, 7)   (9, 2)   (4, 6)   (0, 8)
job_8    (9, 8)  (10, 5)   (4, 1)   (3, 2)   (6, 7)   (2, 8)   (5, 7)   (1, 6)   (2, 3)   (1, 2)   (8, 8)   (3, 8)   (9, 5)   (1, 2)   (3, 3)  (3, 1)   (7, 1)   (9, 5)   (0, 2)
job_9   (10, 1)   (3, 2)   (3, 3)   (6, 9)   (4, 4)   (5, 4)   (3, 4)   (7, 3)   (4, 4)  (10, 1)   (5, 1)  (7, 10)   (6, 2)   (9, 1)   (7, 8)  (4, 1)  (10, 2)   (4, 9)   (6, 5)
job_10   (9, 3)   (1, 3)   (9, 7)   (2, 4)  (6, 10)   (7, 7)   (3, 3)   (3, 9)   (2, 1)  (5, 10)   (3, 8)   (9, 8)   (4, 2)   (3, 2)   (6, 7)  (5, 8)   (6, 6)   (0, 7)  (10, 8)
job_11   (7, 6)   (8, 1)   (4, 7)   (9, 3)   (4, 2)   (8, 2)   (3, 1)   (1, 4)   (0, 5)  (10, 5)   (2, 3)   (9, 8)   (3, 5)   (3, 7)  (10, 2)  (9, 3)   (4, 2)   (3, 5)   (0, 3)
job_12   (9, 1)   (0, 8)   (3, 5)  (8, 10)   (1, 9)   (8, 5)  (10, 3)   (6, 9)   (1, 8)   (4, 8)   (5, 5)   (7, 9)   (7, 3)   (5, 5)   (1, 2)  (8, 2)   (8, 2)  (0, 10)   (8, 6)
job_13   (3, 5)   (2, 3)  (4, 10)   (0, 9)   (7, 7)   (3, 3)   (3, 5)   (6, 6)   (8, 8)   (4, 9)   (2, 9)   (9, 5)   (1, 9)  (10, 2)  (10, 8)  (8, 1)   (6, 9)   (8, 1)   (7, 4)
job_14   (9, 5)   (1, 6)   (9, 9)  (10, 2)   (0, 2)   (8, 8)  (10, 9)   (4, 2)   (5, 9)  (10, 4)   (9, 7)  (9, 10)   (2, 8)  (2, 10)   (9, 7)  (6, 6)   (6, 9)   (5, 1)   (6, 9)
job_15   (1, 4)   (3, 8)  (6, 10)   (6, 4)   (6, 8)  (5, 10)   (9, 8)   (0, 7)   (8, 8)   (5, 1)  (2, 10)   (2, 2)   (4, 2)   (8, 6)   (2, 2)  (8, 2)   (3, 5)   (4, 1)   (4, 7)
job_16   (3, 1)   (0, 4)   (9, 7)   (0, 6)   (3, 3)  (9, 10)   (7, 3)   (9, 9)   (0, 1)  (0, 10)  (2, 10)   (2, 5)   (0, 2)   (4, 6)   (6, 6)  (4, 3)   (8, 6)   (8, 2)   (1, 4)


Solution:
Machine 0: job_7_task_2   job_12_task_1  job_16_task_1  job_4_task_1   job_13_task_3  job_14_task_4  job_3_task_3   job_16_task_3  job_5_task_5   job_15_task_7  job_16_task_8  job_0_task_8   job_7_task_9   job_16_task_9  job_6_task_11  job_11_task_8  job_1_task_12  job_2_task_14  job_4_task_11  job_16_task_12 job_1_task_15  job_12_task_17 job_10_task_17 job_3_task_17  job_7_task_18  job_11_task_18 job_8_task_18  
           [4,9]          [9,17]         [17,21]        [21,29]        [29,38]        [38,40]        [40,48]        [48,54]        [78,83]        [90,97]        [107,108]      [108,116]      [121,125]      [125,135]      [136,145]      [145,150]      [150,159]      [159,164]      [164,173]      [173,175]      [175,181]      [181,191]      [191,198]      [198,203]      [205,213]      [215,218]      [222,224]      
Machine 1: job_15_task_0  job_14_task_1  job_10_task_1  job_2_task_3   job_4_task_2   job_1_task_1   job_6_task_3   job_1_task_2   job_12_task_4  job_2_task_6   job_3_task_5   job_0_task_4   job_12_task_8  job_3_task_8   job_3_task_9   job_3_task_10  job_7_task_8   job_8_task_7   job_8_task_9   job_11_task_7  job_13_task_12 job_5_task_12  job_8_task_13  job_3_task_14  job_12_task_14 job_3_task_16  job_4_task_12  job_4_task_15  job_0_task_13  job_4_task_17  job_16_task_18 
           [0,4]          [5,11]         [11,14]        [23,33]        [33,40]        [40,47]        [47,48]        [48,49]        [49,58]        [58,59]        [60,64]        [83,89]        [89,97]        [97,105]       [105,111]      [111,113]      [114,121]      [121,127]      [130,132]      [132,136]      [145,154]      [154,156]      [156,158]      [158,161]      [162,164]      [168,169]      [173,179]      [193,194]      [199,208]      [208,213]      [213,217]      
Machine 2: job_6_task_0   job_13_task_1  job_3_task_1   job_10_task_3  job_4_task_4   job_2_task_7   job_1_task_6   job_10_task_8  job_13_task_10 job_0_task_6   job_8_task_5   job_2_task_12  job_15_task_10 job_8_task_8   job_0_task_10  job_5_task_9   job_5_task_10  job_15_task_11 job_16_task_10 job_11_task_10 job_15_task_14 job_16_task_11 job_14_task_12 job_14_task_13 job_0_task_11  job_0_task_12  job_2_task_18  job_0_task_15  
           [0,7]          [7,10]         [19,20]        [26,30]        [47,49]        [59,67]        [67,77]        [77,78]        [80,89]        [91,97]        [98,106]       [106,116]      [117,127]      [127,130]      [130,140]      [140,141]      [141,148]      [148,150]      [152,162]      [162,165]      [165,167]      [167,172]      [172,180]      [180,190]      [190,197]      [197,199]      [205,213]      [216,217]      
Machine 3: job_13_task_0  job_15_task_1  job_16_task_0  job_4_task_0   job_9_task_1   job_12_task_2  job_9_task_2   job_4_task_3   job_13_task_5  job_13_task_6  job_16_task_4  job_3_task_4   job_4_task_5   job_10_task_6  job_10_task_7  job_4_task_6   job_0_task_3   job_8_task_3   job_3_task_7   job_10_task_10 job_9_task_6   job_1_task_9   job_10_task_13 job_5_task_7   job_11_task_6  job_8_task_11  job_4_task_9   job_8_task_14  job_6_task_15  job_15_task_16 job_11_task_12 job_11_task_13 job_4_task_13  job_4_task_14  job_2_task_16  job_6_task_18  job_11_task_17 job_8_task_15  job_5_task_18  
           [0,5]          [5,13]         [13,14]        [14,15]        [15,17]        [17,22]        [22,25]        [40,47]        [47,50]        [50,55]        [55,58]        [58,60]        [60,63]        [63,66]        [66,75]        [75,79]        [80,83]        [83,85]        [85,93]        [96,104]       [104,108]      [108,116]      [116,118]      [124,125]      [131,132]      [140,148]      [151,159]      [159,162]      [162,171]      [171,176]      [176,181]      [181,188]      [188,191]      [191,193]      [193,203]      [203,210]      [210,215]      [215,216]      [216,226]      
Machine 4: job_2_task_0   job_6_task_1   job_13_task_2  job_1_task_0   job_5_task_2   job_0_task_0   job_6_task_5   job_0_task_1   job_14_task_7  job_13_task_9  job_8_task_2   job_11_task_2  job_9_task_4   job_7_task_3   job_7_task_4   job_6_task_9   job_6_task_10  job_10_task_12 job_9_task_8   job_7_task_10  job_11_task_4  job_12_task_9  job_15_task_12 job_6_task_14  job_3_task_15  job_7_task_14  job_2_task_15  job_16_task_13 job_9_task_15  job_15_task_17 job_9_task_17  job_16_task_15 job_7_task_17  job_11_task_16 job_5_task_17  job_15_task_18 
           [0,9]          [9,18]         [18,28]        [28,38]        [38,42]        [42,52]        [52,62]        [62,69]        [69,71]        [71,80]        [80,81]        [81,88]        [88,92]        [92,95]        [95,104]       [104,108]      [108,114]      [114,116]      [116,120]      [125,126]      [127,129]      [129,137]      [150,152]      [160,161]      [161,168]      [168,169]      [169,176]      [176,182]      [182,183]      [183,184]      [185,194]      [194,197]      [199,205]      [208,210]      [210,216]      [216,223]      
Machine 5: job_7_task_1   job_15_task_5  job_6_task_4   job_2_task_5   job_1_task_4   job_6_task_7   job_14_task_8  job_10_task_9  job_9_task_5   job_6_task_8   job_7_task_5   job_15_task_9  job_8_task_6   job_0_task_9   job_9_task_10  job_10_task_15 job_12_task_10 job_4_task_8   job_12_task_13 job_4_task_10  job_1_task_18  job_2_task_17  job_3_task_18  job_14_task_17 job_0_task_18  
           [1,4]          [35,45]        [48,52]        [55,56]        [56,58]        [67,77]        [77,86]        [86,96]        [96,100]       [100,104]      [104,111]      [111,112]      [113,120]      [120,121]      [121,122]      [125,133]      [137,142]      [142,151]      [157,162]      [162,164]      [197,203]      [203,205]      [205,214]      [214,215]      [223,226]      
Machine 6: job_5_task_0   job_15_task_2  job_15_task_3  job_15_task_4  job_10_task_4  job_5_task_3   job_13_task_7  job_1_task_5   job_9_task_3   job_12_task_7  job_4_task_7   job_8_task_4   job_3_task_11  job_10_task_14 job_7_task_11  job_10_task_16 job_9_task_12  job_3_task_13  job_6_task_12  job_6_task_13  job_7_task_13  job_13_task_16 job_7_task_15  job_16_task_14 job_1_task_16  job_5_task_15  job_1_task_17  job_14_task_15 job_14_task_16 job_9_task_18  job_14_task_18 
           [0,1]          [13,23]        [23,27]        [27,35]        [35,45]        [45,55]        [55,61]        [61,67]        [67,76]        [76,85]        [85,91]        [91,98]        [113,118]      [118,125]      [126,132]      [133,139]      [139,141]      [141,146]      [146,156]      [156,160]      [160,167]      [167,176]      [176,183]      [183,189]      [189,191]      [191,192]      [192,197]      [197,203]      [203,212]      [212,217]      [217,226]      
Machine 7: job_11_task_0  job_2_task_1   job_13_task_4  job_10_task_5  job_2_task_8   job_2_task_9   job_16_task_6  job_1_task_7   job_2_task_10  job_1_task_8   job_2_task_11  job_0_task_7   job_9_task_7   job_2_task_13  job_9_task_11  job_12_task_11 job_5_task_11  job_12_task_12 job_9_task_14  job_13_task_18 job_4_task_16  job_8_task_16  job_0_task_17  
           [0,6]          [9,14]         [38,45]        [45,52]        [67,72]        [72,81]        [81,84]        [84,88]        [88,92]        [92,96]        [96,102]       [102,105]      [108,111]      [116,123]      [123,133]      [142,151]      [151,154]      [154,157]      [165,173]      [177,181]      [194,200]      [216,217]      [220,223]      
Machine 8: job_5_task_1   job_11_task_1  job_12_task_3  job_14_task_5  job_1_task_3   job_12_task_5  job_13_task_8  job_5_task_4   job_15_task_8  job_7_task_7   job_1_task_10  job_11_task_5  job_8_task_10  job_5_task_13  job_15_task_13 job_12_task_15 job_13_task_15 job_15_task_15 job_12_task_16 job_13_task_17 job_6_task_17  job_12_task_18 job_16_task_16 job_16_task_17 job_0_task_16  
           [1,8]          [8,9]          [22,32]        [40,48]        [49,55]        [58,63]        [63,71]        [71,78]        [97,105]       [112,114]      [116,126]      [129,131]      [132,140]      [156,157]      [157,163]      [164,166]      [166,167]      [167,169]      [169,171]      [176,177]      [190,197]      [197,203]      [203,209]      [209,211]      [217,220]      
Machine 9: job_14_task_0  job_10_task_0  job_12_task_0  job_3_task_0   job_10_task_2  job_14_task_2  job_6_task_2   job_16_task_2  job_2_task_4   job_8_task_0   job_6_task_6   job_16_task_5  job_3_task_6   job_15_task_6  job_14_task_10 job_16_task_7  job_10_task_11 job_5_task_6   job_11_task_3  job_5_task_8   job_3_task_12  job_13_task_11 job_1_task_11  job_8_task_12  job_14_task_11 job_9_task_13  job_11_task_11 job_1_task_14  job_5_task_14  job_6_task_16  job_14_task_14 job_7_task_16  job_5_task_16  job_11_task_15 job_0_task_14  job_8_task_17  
           [0,5]          [5,8]          [8,9]          [9,19]         [19,26]        [26,35]        [35,41]        [41,48]        [48,55]        [55,63]        [63,67]        [67,77]        [77,82]        [82,90]        [90,97]        [97,106]       [106,114]      [114,124]      [124,127]      [127,137]      [137,140]      [140,145]      [145,149]      [149,154]      [154,164]      [164,165]      [165,173]      [173,174]      [174,184]      [184,190]      [190,197]      [197,199]      [199,205]      [205,208]      [208,216]      [217,222]      
Machine 10: job_7_task_0   job_9_task_0   job_2_task_2   job_3_task_2   job_14_task_3  job_14_task_6  job_8_task_1   job_12_task_6  job_0_task_2   job_14_task_9  job_0_task_5   job_7_task_6   job_9_task_9   job_7_task_12  job_11_task_9  job_13_task_13 job_13_task_14 job_1_task_13  job_9_task_16  job_11_task_14 job_10_task_18 job_4_task_18  
           [0,1]          [1,2]          [14,23]        [23,27]        [35,37]        [48,57]        [63,68]        [68,71]        [71,80]        [86,90]        [90,91]        [111,112]      [120,121]      [132,141]      [150,155]      [155,157]      [157,165]      [165,168]      [183,185]      [188,190]      [198,206]      [213,220]      
Optimal Schedule Length: 226.0
Total (Unoptimized Schedule Length): 1722
Statistics
  - conflicts: 0
  - branches : 0
  - wall time: 0.675879102s