
Problem
         task_0   task_1  task_2   task_3  task_4  task_5   task_6   task_7   task_8  task_9 task_10  task_11  task_12  task_13  task_14  task_15  task_16
job_0    (1, 8)   (2, 9)  (1, 6)   (2, 8)  (1, 1)  (2, 7)   (2, 6)  (2, 10)   (3, 6)  (3, 4)  (3, 5)   (3, 8)   (1, 2)   (2, 2)   (0, 6)   (3, 6)   (2, 2)
job_1    (0, 9)   (0, 3)  (1, 7)  (0, 10)  (3, 1)  (0, 1)   (3, 3)   (1, 1)   (0, 4)  (3, 2)  (2, 3)   (2, 8)   (1, 3)  (0, 10)   (2, 7)   (1, 3)   (1, 2)
job_2    (3, 9)   (0, 8)  (2, 6)   (0, 9)  (0, 2)  (2, 9)   (2, 7)  (2, 10)   (2, 2)  (1, 3)  (0, 9)   (2, 8)   (1, 3)   (3, 6)  (3, 10)   (0, 6)   (1, 4)
job_3    (3, 7)   (0, 4)  (2, 9)   (1, 3)  (2, 2)  (0, 1)   (1, 2)   (1, 6)   (2, 3)  (2, 9)  (0, 1)   (3, 3)   (3, 2)   (1, 6)   (3, 6)   (1, 5)   (1, 1)
job_4   (3, 10)   (2, 9)  (0, 1)   (0, 7)  (0, 5)  (2, 1)   (3, 5)   (1, 6)   (1, 4)  (2, 1)  (0, 8)   (1, 6)   (2, 3)  (3, 10)   (1, 3)   (1, 2)  (2, 10)
job_5    (3, 9)   (3, 4)  (1, 6)   (3, 3)  (1, 2)  (1, 8)   (2, 4)   (2, 5)   (3, 2)  (0, 4)  (3, 2)   (0, 3)   (1, 8)   (2, 4)   (1, 6)   (2, 4)   (2, 6)
job_6    (2, 2)   (0, 9)  (0, 2)   (0, 2)  (2, 1)  (2, 4)   (3, 5)   (2, 8)   (0, 4)  (1, 4)  (1, 9)  (1, 10)   (2, 8)   (0, 4)   (1, 3)  (2, 10)   (3, 6)
job_7    (3, 4)   (1, 6)  (1, 7)   (3, 4)  (3, 9)  (1, 6)   (1, 9)   (1, 4)   (2, 9)  (2, 8)  (0, 7)   (2, 7)   (1, 5)   (1, 6)   (3, 6)   (1, 8)   (0, 7)
job_8    (0, 5)  (1, 10)  (3, 6)   (1, 4)  (3, 4)  (2, 8)   (2, 8)   (3, 2)   (3, 5)  (2, 5)  (1, 3)   (1, 5)   (1, 4)   (3, 2)   (1, 1)   (1, 7)   (3, 7)
job_9    (3, 1)   (2, 8)  (3, 3)   (0, 8)  (1, 1)  (3, 6)   (0, 9)   (3, 9)   (0, 2)  (1, 9)  (1, 2)   (2, 5)  (2, 10)   (2, 1)   (1, 7)   (0, 1)   (1, 9)
job_10   (0, 3)   (2, 5)  (3, 4)  (3, 10)  (1, 8)  (2, 5)   (0, 3)   (0, 3)   (2, 9)  (2, 2)  (0, 7)   (0, 8)  (2, 10)   (0, 8)   (3, 2)   (3, 7)   (0, 3)
job_11   (0, 3)   (3, 8)  (1, 3)   (2, 3)  (0, 5)  (1, 6)  (1, 10)   (2, 3)  (2, 10)  (1, 4)  (3, 8)  (2, 10)   (3, 3)   (3, 2)   (1, 5)   (1, 8)   (1, 9)


Solution:
Machine 0: job_11_task_0  job_10_task_0  job_6_task_1   job_2_task_1   job_8_task_0   job_6_task_2   job_2_task_3   job_2_task_4   job_11_task_4  job_6_task_3   job_1_task_0   job_1_task_1   job_4_task_2   job_4_task_3   job_9_task_3   job_4_task_4   job_10_task_6  job_10_task_7  job_9_task_6   job_3_task_1   job_1_task_3   job_6_task_8   job_9_task_8   job_1_task_5   job_1_task_8   job_7_task_10  job_2_task_10  job_3_task_5   job_10_task_10 job_4_task_10  job_10_task_11 job_5_task_9   job_5_task_11  job_1_task_13  job_3_task_10  job_2_task_15  job_6_task_13  job_7_task_16  job_10_task_13 job_0_task_14  job_10_task_16 job_9_task_15  
           [0,3]          [3,6]          [6,15]         [15,23]        [23,28]        [28,30]        [30,39]        [39,41]        [41,46]        [46,48]        [48,57]        [57,60]        [60,61]        [61,68]        [68,76]        [76,81]        [86,89]        [89,92]        [92,101]       [101,105]      [105,115]      [115,119]      [119,121]      [121,122]      [150,154]      [164,171]      [172,181]      [190,191]      [192,199]      [199,207]      [207,215]      [215,219]      [221,224]      [249,259]      [259,260]      [260,266]      [266,270]      [270,277]      [277,285]      [294,300]      [300,303]      [304,305]      
Machine 1: job_0_task_0   job_7_task_1   job_7_task_2   job_0_task_2   job_11_task_2  job_8_task_1   job_7_task_5   job_11_task_5  job_7_task_6   job_10_task_4  job_11_task_6  job_9_task_4   job_7_task_7   job_5_task_2   job_1_task_2   job_0_task_4   job_8_task_3   job_5_task_4   job_5_task_5   job_6_task_9   job_4_task_7   job_3_task_3   job_6_task_10  job_11_task_9  job_4_task_8   job_1_task_7   job_9_task_9   job_6_task_11  job_2_task_9   job_9_task_10  job_3_task_6   job_3_task_7   job_8_task_10  job_8_task_11  job_4_task_11  job_7_task_12  job_7_task_13  job_2_task_12  job_5_task_12  job_8_task_12  job_0_task_12  job_11_task_14 job_1_task_12  job_11_task_15 job_8_task_14  job_7_task_15  job_3_task_13  job_6_task_14  job_8_task_15  job_11_task_16 job_5_task_14  job_9_task_14  job_4_task_14  job_4_task_15  job_9_task_16  job_3_task_15  job_1_task_15  job_2_task_16  job_1_task_16  job_3_task_16  
           [0,8]          [8,14]         [14,21]        [21,27]        [27,30]        [30,40]        [40,46]        [46,52]        [52,61]        [61,69]        [69,79]        [79,80]        [80,84]        [84,90]        [90,97]        [97,98]        [98,102]       [102,104]      [104,112]      [119,123]      [123,129]      [129,132]      [132,141]      [141,145]      [145,149]      [149,150]      [150,159]      [159,169]      [169,172]      [172,174]      [191,193]      [193,199]      [199,202]      [202,207]      [207,213]      [213,218]      [218,224]      [224,227]      [227,235]      [235,239]      [239,241]      [241,246]      [246,249]      [249,257]      [257,258]      [258,266]      [266,272]      [272,275]      [275,282]      [282,291]      [291,297]      [297,304]      [304,307]      [307,309]      [309,318]      [318,323]      [323,326]      [326,330]      [330,332]      [332,333]      
Machine 2: job_6_task_0   job_9_task_1   job_0_task_1   job_10_task_1  job_2_task_2   job_0_task_3   job_11_task_3  job_2_task_5   job_4_task_1   job_6_task_4   job_6_task_5   job_2_task_6   job_2_task_7   job_10_task_5  job_6_task_7   job_7_task_8   job_0_task_5   job_11_task_7  job_4_task_5   job_3_task_2   job_11_task_8  job_0_task_6   job_8_task_5   job_10_task_8  job_7_task_9   job_2_task_8   job_0_task_7   job_8_task_6   job_5_task_6   job_3_task_4   job_10_task_9  job_4_task_9   job_8_task_9   job_5_task_7   job_7_task_11  job_1_task_10  job_2_task_11  job_11_task_11 job_3_task_8   job_1_task_11  job_9_task_11  job_3_task_9   job_6_task_12  job_10_task_12 job_4_task_12  job_9_task_12  job_5_task_13  job_9_task_13  job_0_task_13  job_6_task_15  job_1_task_14  job_5_task_15  job_4_task_16  job_5_task_16  job_0_task_16  
           [0,2]          [2,10]         [10,19]        [19,24]        [24,30]        [30,38]        [38,41]        [41,50]        [50,59]        [59,60]        [60,64]        [64,71]        [71,81]        [81,86]        [86,94]        [94,103]       [103,110]      [110,113]      [113,114]      [114,123]      [123,133]      [133,139]      [139,147]      [147,156]      [156,164]      [164,166]      [166,176]      [176,184]      [184,188]      [188,190]      [190,192]      [192,193]      [193,198]      [198,203]      [203,210]      [210,213]      [213,221]      [221,231]      [231,234]      [234,242]      [242,247]      [247,256]      [256,264]      [264,274]      [274,277]      [277,287]      [287,291]      [291,292]      [292,294]      [294,304]      [304,311]      [311,315]      [315,325]      [325,331]      [331,333]      
Machine 3: job_9_task_0   job_7_task_0   job_2_task_0   job_11_task_1  job_7_task_3   job_7_task_4   job_4_task_0   job_10_task_2  job_10_task_3  job_9_task_2   job_5_task_0   job_5_task_1   job_6_task_6   job_8_task_2   job_9_task_5   job_3_task_0   job_5_task_3   job_8_task_4   job_9_task_7   job_4_task_6   job_1_task_4   job_1_task_6   job_11_task_10 job_1_task_9   job_0_task_8   job_0_task_9   job_8_task_7   job_8_task_8   job_0_task_10  job_0_task_11  job_5_task_8   job_5_task_10  job_7_task_14  job_2_task_13  job_11_task_12 job_11_task_13 job_2_task_14  job_8_task_13  job_3_task_11  job_3_task_12  job_3_task_14  job_4_task_13  job_10_task_14 job_10_task_15 job_8_task_16  job_0_task_15  job_6_task_16  
           [0,1]          [1,5]          [5,14]         [14,22]        [22,26]        [26,35]        [35,45]        [45,49]        [49,59]        [59,62]        [62,71]        [71,75]        [75,80]        [80,86]        [86,92]        [92,99]        [99,102]       [102,106]      [106,115]      [115,120]      [120,121]      [122,125]      [145,153]      [154,156]      [176,182]      [182,186]      [186,188]      [188,193]      [193,198]      [198,206]      [206,208]      [219,221]      [224,230]      [230,236]      [236,239]      [239,241]      [241,251]      [251,253]      [260,263]      [263,265]      [272,278]      [278,288]      [288,290]      [290,297]      [297,304]      [304,310]      [310,316]      
Optimal Schedule Length: 333.0
Total (Unoptimized Schedule Length): 1102
Statistics
  - conflicts: 0
  - branches : 0
  - wall time: 0.31689006200000003s