
Problem
        task_0   task_1   task_2   task_3   task_4   task_5   task_6   task_7   task_8  task_9  task_10  task_11  task_12  task_13 task_14  task_15  task_16  task_17  task_18  task_19
job_0   (2, 3)  (3, 10)   (4, 4)   (0, 1)   (4, 5)   (0, 7)  (4, 10)   (2, 6)   (0, 7)  (1, 9)   (0, 3)   (2, 1)   (4, 5)  (4, 10)  (1, 1)  (0, 10)  (0, 10)   (3, 1)   (3, 4)   (1, 6)
job_1   (2, 9)   (3, 1)   (1, 7)   (4, 4)   (1, 8)   (3, 3)   (2, 3)   (3, 7)   (3, 6)  (0, 3)   (2, 4)   (4, 6)   (0, 1)   (2, 3)  (1, 7)  (3, 10)  (4, 10)   (3, 7)   (2, 9)   (0, 6)
job_2   (4, 7)   (2, 1)   (1, 3)   (0, 7)   (3, 7)   (1, 6)   (3, 4)   (4, 4)   (0, 3)  (3, 7)   (4, 1)   (3, 1)  (4, 10)   (3, 5)  (2, 8)   (4, 8)   (0, 6)   (0, 3)   (0, 1)   (2, 2)
job_3   (3, 9)   (3, 9)   (1, 1)   (4, 3)   (3, 1)   (3, 9)   (1, 1)   (2, 3)   (4, 8)  (1, 3)   (0, 4)   (1, 9)  (2, 10)   (4, 4)  (4, 3)   (1, 4)   (3, 4)   (0, 6)   (1, 6)   (1, 4)
job_4   (1, 5)   (1, 1)  (3, 10)   (1, 6)   (2, 6)   (1, 1)   (4, 1)   (0, 6)   (0, 5)  (0, 5)   (4, 4)   (3, 9)   (0, 6)   (1, 8)  (0, 7)   (1, 7)   (1, 9)   (0, 4)   (0, 7)   (4, 6)
job_5   (4, 1)   (0, 2)   (2, 3)  (0, 10)   (1, 2)   (1, 3)   (3, 8)   (2, 1)   (0, 6)  (1, 5)   (2, 3)   (2, 6)   (1, 2)   (0, 3)  (0, 6)  (4, 10)   (0, 9)  (1, 10)   (4, 7)   (4, 1)
job_6   (4, 4)  (2, 10)   (4, 7)   (1, 1)   (4, 5)   (2, 1)   (4, 7)   (0, 3)   (1, 3)  (1, 9)   (1, 5)   (3, 6)   (3, 9)   (2, 2)  (4, 4)   (1, 6)   (3, 9)   (4, 7)   (0, 8)   (1, 4)
job_7   (4, 9)   (4, 3)   (3, 4)   (2, 3)  (2, 10)   (4, 2)   (1, 2)   (3, 1)   (0, 4)  (0, 9)   (1, 5)   (2, 3)  (2, 10)   (1, 5)  (3, 6)   (4, 9)   (1, 5)   (3, 8)   (1, 3)   (0, 9)
job_8   (0, 5)   (3, 8)   (3, 3)   (0, 1)   (3, 9)   (4, 8)   (3, 6)   (2, 5)  (4, 10)  (3, 7)   (4, 8)   (2, 2)   (3, 2)   (2, 2)  (0, 1)   (2, 1)   (1, 5)   (1, 5)   (0, 5)   (3, 6)
job_9   (0, 3)   (2, 9)   (4, 5)   (3, 2)   (2, 8)   (0, 9)  (3, 10)   (1, 2)   (4, 9)  (1, 9)   (2, 4)   (4, 6)   (0, 9)   (0, 5)  (2, 6)   (2, 4)   (1, 4)   (1, 2)   (2, 8)   (1, 3)
job_10  (4, 2)   (0, 2)   (4, 3)   (4, 7)   (3, 4)   (3, 2)   (0, 4)   (0, 2)   (3, 4)  (1, 7)   (2, 4)  (4, 10)   (3, 7)   (2, 8)  (1, 1)   (0, 3)   (4, 3)   (0, 2)   (0, 4)   (3, 8)
job_11  (2, 5)   (1, 6)   (2, 4)   (1, 4)  (3, 10)   (0, 7)   (3, 2)  (1, 10)   (4, 9)  (3, 2)   (3, 4)   (0, 3)   (3, 1)   (3, 6)  (3, 8)   (4, 7)   (1, 2)   (3, 8)   (0, 7)  (1, 10)
job_12  (4, 8)   (3, 7)   (0, 1)   (2, 5)   (4, 3)   (4, 6)   (4, 6)  (0, 10)   (1, 8)  (0, 3)   (0, 1)   (4, 9)   (4, 4)   (1, 2)  (1, 2)   (1, 7)   (2, 4)   (3, 6)   (1, 7)   (4, 9)
job_13  (3, 3)   (1, 1)  (0, 10)  (3, 10)   (4, 6)   (3, 2)   (0, 6)   (2, 9)  (4, 10)  (4, 6)   (2, 9)   (2, 2)  (0, 10)   (3, 1)  (4, 4)   (2, 6)   (1, 2)   (4, 9)   (0, 3)   (1, 3)
job_14  (4, 5)   (0, 8)  (4, 10)   (3, 6)   (4, 3)   (1, 5)   (1, 6)   (0, 1)   (4, 1)  (3, 7)   (4, 2)   (0, 8)   (0, 9)   (4, 6)  (2, 5)   (3, 5)   (4, 3)   (0, 8)   (4, 8)   (3, 3)
job_15  (2, 9)  (3, 10)   (4, 8)   (2, 7)   (0, 6)   (1, 3)   (2, 2)   (2, 3)   (1, 8)  (3, 8)   (3, 1)  (3, 10)   (2, 2)   (3, 5)  (3, 8)  (3, 10)   (1, 5)   (4, 4)   (1, 1)   (0, 7)
job_16  (4, 5)   (3, 6)   (2, 9)   (4, 6)   (4, 8)   (0, 4)   (1, 8)   (4, 9)   (1, 1)  (4, 4)   (3, 1)   (4, 6)   (2, 6)   (4, 4)  (2, 8)   (3, 2)   (2, 7)   (1, 2)  (3, 10)   (0, 2)
job_17  (2, 1)  (3, 10)   (1, 5)   (1, 2)  (3, 10)  (3, 10)   (4, 7)   (0, 1)   (4, 7)  (0, 5)  (2, 10)   (4, 6)   (0, 4)  (2, 10)  (3, 2)   (2, 1)   (3, 3)   (0, 7)   (2, 9)   (4, 3)
job_18  (2, 1)   (2, 6)   (3, 7)   (2, 5)   (1, 2)   (4, 2)   (1, 9)   (0, 7)   (2, 6)  (2, 7)   (4, 2)   (1, 7)   (4, 8)   (2, 3)  (3, 7)   (1, 1)   (3, 2)   (2, 9)   (3, 4)   (4, 9)
job_19  (2, 1)   (3, 6)   (4, 7)   (0, 5)   (4, 7)   (0, 7)   (2, 8)   (1, 9)   (1, 5)  (4, 9)   (4, 7)   (4, 4)   (3, 2)   (1, 1)  (0, 6)   (4, 5)   (2, 4)  (2, 10)   (0, 2)   (3, 2)


Solution:
Machine 0: job_9_task_0   job_8_task_0   job_13_task_2  job_14_task_1  job_5_task_1   job_5_task_3   job_0_task_3   job_19_task_3  job_12_task_2  job_9_task_5   job_0_task_5   job_11_task_5  job_15_task_4  job_10_task_1  job_4_task_7   job_2_task_3   job_8_task_3   job_19_task_5  job_4_task_8   job_4_task_9   job_6_task_7   job_13_task_6  job_16_task_5  job_18_task_7  job_0_task_8   job_12_task_7  job_17_task_7  job_7_task_8   job_7_task_9   job_5_task_8   job_14_task_7  job_17_task_9  job_1_task_9   job_10_task_6  job_10_task_7  job_12_task_9  job_12_task_10 job_4_task_12  job_0_task_10  job_2_task_8   job_3_task_10  job_14_task_11 job_1_task_12  job_11_task_11 job_14_task_12 job_5_task_13  job_5_task_14  job_4_task_14  job_13_task_12 job_9_task_12  job_9_task_13  job_4_task_17  job_4_task_18  job_17_task_12 job_10_task_15 job_0_task_15  job_0_task_16  job_17_task_17 job_5_task_16  job_19_task_14 job_8_task_14  job_11_task_18 job_1_task_19  job_14_task_17 job_3_task_17  job_2_task_16  job_10_task_17 job_10_task_18 job_6_task_18  job_8_task_18  job_7_task_19  job_15_task_19 job_2_task_17  job_13_task_18 job_19_task_18 job_2_task_18  job_16_task_19 
           [0,3]          [3,8]          [8,18]         [18,26]        [40,42]        [61,71]        [71,72]        [72,77]        [77,78]        [78,87]        [87,94]        [105,112]      [114,120]      [120,122]      [122,128]      [128,135]      [135,136]      [136,143]      [143,148]      [148,153]      [153,156]      [156,162]      [162,166]      [166,173]      [173,180]      [180,190]      [190,191]      [195,199]      [199,208]      [208,214]      [214,215]      [215,220]      [220,223]      [223,227]      [227,229]      [229,232]      [232,233]      [248,254]      [254,257]      [257,260]      [260,264]      [264,272]      [272,273]      [273,276]      [276,285]      [285,288]      [288,294]      [294,301]      [301,311]      [314,323]      [323,328]      [328,332]      [332,339]      [339,343]      [365,368]      [373,383]      [383,393]      [403,410]      [410,419]      [419,425]      [425,426]      [434,441]      [454,460]      [460,468]      [468,474]      [474,480]      [480,482]      [482,486]      [486,494]      [494,499]      [499,508]      [508,515]      [515,518]      [518,521]      [521,523]      [523,524]      [524,526]      
Machine 1: job_4_task_0   job_13_task_1  job_4_task_1   job_11_task_1  job_4_task_3   job_1_task_2   job_17_task_2  job_17_task_3  job_11_task_3  job_1_task_4   job_6_task_3   job_4_task_5   job_5_task_4   job_5_task_5   job_18_task_4  job_2_task_2   job_15_task_5  job_15_task_8  job_3_task_2   job_18_task_6  job_19_task_7  job_6_task_8   job_7_task_6   job_6_task_9   job_14_task_5  job_11_task_7  job_14_task_6  job_9_task_7   job_16_task_6  job_3_task_6   job_12_task_8  job_2_task_5   job_7_task_10  job_5_task_9   job_6_task_10  job_9_task_9   job_0_task_9   job_3_task_9   job_19_task_8  job_10_task_9  job_16_task_8  job_3_task_11  job_5_task_12  job_4_task_13  job_18_task_11 job_1_task_14  job_7_task_13  job_4_task_15  job_4_task_16  job_9_task_16  job_9_task_17  job_10_task_14 job_18_task_15 job_0_task_14  job_9_task_19  job_12_task_13 job_12_task_14 job_6_task_15  job_12_task_15 job_15_task_16 job_19_task_13 job_12_task_18 job_11_task_16 job_5_task_17  job_7_task_16  job_8_task_16  job_3_task_15  job_8_task_17  job_16_task_17 job_7_task_18  job_13_task_16 job_11_task_19 job_0_task_19  job_3_task_18  job_3_task_19  job_15_task_18 job_6_task_19  job_13_task_19 
           [0,5]          [5,6]          [6,7]          [14,20]        [32,38]        [38,45]        [45,50]        [50,52]        [52,56]        [56,64]        [64,65]        [67,68]        [71,73]        [73,76]        [107,109]      [115,118]      [120,123]      [128,136]      [136,137]      [137,146]      [151,160]      [160,163]      [163,165]      [165,174]      [174,179]      [179,189]      [189,195]      [195,197]      [197,205]      [205,206]      [206,214]      [214,220]      [220,225]      [225,230]      [230,235]      [235,244]      [244,253]      [253,256]      [256,261]      [261,268]      [268,269]      [269,278]      [278,280]      [280,288]      [288,295]      [295,302]      [302,307]      [307,314]      [314,323]      [338,342]      [342,344]      [364,365]      [366,367]      [372,373]      [373,376]      [376,378]      [378,380]      [380,386]      [386,393]      [393,398]      [411,412]      [417,424]      [424,426]      [426,436]      [436,441]      [441,446]      [446,450]      [450,455]      [455,457]      [457,460]      [460,462]      [462,472]      [472,478]      [478,484]      [484,488]      [488,489]      [494,498]      [521,524]      
Machine 2: job_15_task_0  job_11_task_0  job_1_task_0   job_9_task_1   job_17_task_0  job_0_task_0   job_19_task_0  job_6_task_1   job_18_task_0  job_11_task_2  job_18_task_1  job_5_task_2   job_4_task_4   job_9_task_4   job_16_task_2  job_7_task_3   job_12_task_3  job_7_task_4   job_18_task_3  job_15_task_3  job_2_task_1   job_6_task_5   job_15_task_6  job_15_task_7  job_19_task_6  job_1_task_6   job_0_task_7   job_13_task_7  job_18_task_8  job_18_task_9  job_5_task_7   job_3_task_7   job_17_task_10 job_1_task_10  job_8_task_7   job_7_task_11  job_5_task_10  job_7_task_12  job_5_task_11  job_9_task_10  job_0_task_11  job_10_task_10 job_13_task_10 job_1_task_13  job_3_task_12  job_15_task_12 job_13_task_11 job_6_task_13  job_16_task_12 job_9_task_14  job_9_task_15  job_17_task_13 job_18_task_13 job_10_task_13 job_9_task_18  job_2_task_14  job_17_task_15 job_14_task_14 job_18_task_17 job_8_task_11  job_12_task_16 job_8_task_13  job_17_task_18 job_16_task_14 job_8_task_15  job_16_task_16 job_1_task_18  job_13_task_15 job_19_task_16 job_19_task_17 job_2_task_19  
           [0,9]          [9,14]         [14,23]        [23,32]        [32,33]        [33,36]        [36,37]        [37,47]        [47,48]        [48,52]        [52,58]        [58,61]        [61,67]        [67,75]        [75,84]        [84,87]        [87,92]        [92,102]       [102,107]      [107,114]      [114,115]      [115,116]      [123,125]      [125,128]      [143,151]      [151,154]      [154,160]      [162,171]      [173,179]      [179,186]      [203,204]      [206,209]      [220,230]      [230,234]      [234,239]      [239,242]      [242,245]      [245,255]      [255,261]      [261,265]      [265,266]      [268,272]      [272,281]      [281,284]      [284,294]      [294,296]      [296,298]      [300,302]      [320,326]      [328,334]      [334,338]      [343,353]      [353,356]      [356,364]      [364,372]      [372,380]      [384,385]      [386,391]      [391,400]      [400,402]      [402,406]      [406,408]      [410,419]      [419,427]      [427,428]      [436,443]      [445,454]      [454,460]      [460,464]      [464,474]      [524,526]      
Machine 3: job_13_task_0  job_3_task_0   job_15_task_1  job_4_task_2   job_1_task_1   job_17_task_1  job_0_task_1   job_19_task_1  job_16_task_1  job_9_task_3   job_12_task_1  job_7_task_2   job_13_task_3  job_18_task_2  job_11_task_4  job_17_task_4  job_8_task_1   job_3_task_1   job_8_task_2   job_14_task_3  job_1_task_5   job_17_task_5  job_13_task_5  job_8_task_4   job_9_task_6   job_3_task_4   job_11_task_6  job_1_task_7   job_3_task_5   job_7_task_7   job_5_task_6   job_2_task_4   job_10_task_4  job_1_task_8   job_10_task_5  job_8_task_6   job_14_task_9  job_2_task_6   job_4_task_11  job_10_task_8  job_15_task_9  job_11_task_9  job_11_task_10 job_6_task_11  job_15_task_10 job_2_task_9   job_15_task_11 job_11_task_12 job_6_task_12  job_16_task_10 job_11_task_13 job_8_task_9   job_11_task_14 job_1_task_15  job_2_task_11  job_15_task_13 job_7_task_14  job_10_task_12 job_15_task_14 job_18_task_14 job_2_task_13  job_13_task_13 job_15_task_15 job_17_task_14 job_18_task_16 job_6_task_16  job_14_task_15 job_17_task_16 job_8_task_12  job_18_task_18 job_19_task_12 job_12_task_17 job_0_task_17  job_0_task_18  job_11_task_17 job_16_task_15 job_1_task_17  job_7_task_17  job_3_task_16  job_16_task_18 job_10_task_19 job_14_task_19 job_8_task_19  job_19_task_19 
           [0,3]          [3,12]         [12,22]        [22,32]        [32,33]        [33,43]        [43,53]        [53,59]        [59,65]        [65,67]        [67,74]        [74,78]        [78,88]        [88,95]        [95,105]       [105,115]      [115,123]      [123,132]      [132,135]      [135,141]      [141,144]      [144,154]      [154,156]      [156,165]      [165,175]      [175,176]      [176,178]      [178,185]      [185,194]      [194,195]      [195,203]      [203,210]      [210,214]      [214,220]      [220,222]      [222,228]      [228,235]      [235,239]      [239,248]      [248,252]      [252,260]      [260,262]      [262,266]      [266,272]      [272,273]      [273,280]      [280,290]      [290,291]      [291,300]      [300,301]      [301,307]      [307,314]      [314,322]      [322,332]      [332,333]      [333,338]      [338,344]      [344,351]      [351,359]      [359,366]      [366,371]      [371,372]      [372,382]      [382,384]      [384,386]      [386,395]      [395,400]      [400,403]      [403,405]      [405,409]      [409,411]      [411,417]      [417,418]      [418,422]      [426,434]      [434,436]      [438,445]      [445,453]      [453,457]      [457,467]      [486,494]      [496,499]      [499,505]      [523,525]      
Machine 4: job_6_task_0   job_7_task_0   job_14_task_0  job_16_task_0  job_12_task_0  job_7_task_1   job_9_task_2   job_5_task_0   job_15_task_2  job_1_task_3   job_6_task_2   job_0_task_2   job_19_task_2  job_14_task_2  job_0_task_4   job_2_task_0   job_6_task_4   job_13_task_4  job_16_task_3  job_19_task_4  job_10_task_0  job_12_task_4  job_4_task_6   job_12_task_5  job_18_task_5  job_10_task_2  job_0_task_6   job_3_task_3   job_6_task_6   job_16_task_4  job_7_task_5   job_14_task_4  job_10_task_3  job_12_task_6  job_17_task_6  job_8_task_5   job_4_task_10  job_9_task_8   job_17_task_8  job_11_task_8  job_14_task_8  job_3_task_8   job_13_task_8  job_16_task_7  job_2_task_7   job_1_task_11  job_14_task_10 job_13_task_9  job_8_task_8   job_18_task_10 job_16_task_9  job_19_task_9  job_12_task_11 job_0_task_12  job_9_task_11  job_16_task_11 job_10_task_11 job_2_task_10  job_17_task_11 job_19_task_10 job_18_task_12 job_2_task_12  job_0_task_13  job_12_task_12 job_6_task_14  job_14_task_13 job_8_task_10  job_5_task_15  job_19_task_11 job_16_task_13 job_11_task_15 job_7_task_15  job_1_task_16  job_3_task_13  job_3_task_14  job_13_task_14 job_19_task_15 job_14_task_16 job_2_task_15  job_6_task_17  job_10_task_16 job_13_task_17 job_15_task_17 job_14_task_18 job_12_task_19 job_18_task_19 job_5_task_18  job_4_task_19  job_17_task_19 job_5_task_19  
           [0,4]          [4,13]         [13,18]        [18,23]        [23,31]        [31,34]        [34,39]        [39,40]        [40,48]        [48,52]        [52,59]        [59,63]        [63,70]        [70,80]        [80,85]        [85,92]        [92,97]        [97,103]       [103,109]      [109,116]      [116,118]      [118,121]      [121,122]      [122,128]      [128,130]      [130,133]      [133,143]      [143,146]      [146,153]      [153,161]      [161,163]      [163,166]      [166,173]      [173,179]      [179,186]      [186,194]      [194,198]      [198,207]      [207,214]      [214,223]      [223,224]      [224,232]      [232,242]      [242,251]      [251,255]      [255,261]      [261,263]      [263,269]      [269,279]      [279,281]      [281,285]      [285,294]      [294,303]      [303,308]      [308,314]      [314,320]      [320,330]      [330,331]      [331,337]      [337,344]      [344,352]      [352,362]      [362,372]      [372,376]      [376,380]      [380,386]      [386,394]      [394,404]      [404,408]      [408,412]      [412,419]      [419,428]      [428,438]      [438,442]      [442,445]      [445,449]      [449,454]      [454,457]      [457,465]      [465,472]      [472,475]      [475,484]      [484,488]      [488,496]      [496,505]      [505,514]      [514,521]      [521,527]      [527,530]      [530,531]      
Optimal Schedule Length: 531.0
Total (Unoptimized Schedule Length): 2149
Statistics
  - conflicts: 0
  - branches : 71
  - wall time: 0.33046488s