
Problem
         task_0   task_1   task_2   task_3   task_4   task_5   task_6   task_7   task_8   task_9  task_10  task_11  task_12  task_13  task_14  task_15
job_0    (0, 3)  (1, 10)   (4, 7)   (0, 5)   (4, 6)   (2, 8)  (6, 10)   (2, 2)  (0, 10)   (2, 1)   (3, 6)   (6, 4)   (0, 2)   (1, 3)   (4, 3)   (6, 4)
job_1    (5, 5)   (4, 8)  (1, 10)   (3, 4)   (2, 6)   (3, 6)   (2, 8)   (4, 9)   (2, 8)   (0, 6)   (3, 7)   (0, 8)  (2, 10)   (0, 3)   (2, 7)   (0, 8)
job_2    (5, 6)   (6, 4)   (1, 8)   (5, 7)   (6, 4)   (1, 1)   (0, 4)   (6, 7)   (6, 5)   (6, 7)   (6, 6)   (4, 1)   (0, 5)  (5, 10)  (4, 10)   (4, 8)
job_3    (6, 6)   (1, 7)   (6, 6)   (3, 5)  (2, 10)   (4, 9)   (0, 2)  (2, 10)   (6, 3)   (0, 5)   (5, 4)   (4, 1)   (0, 9)   (4, 3)   (6, 3)   (6, 4)
job_4    (6, 1)   (5, 3)  (6, 10)   (2, 1)   (2, 3)   (0, 4)   (2, 8)  (4, 10)   (0, 4)   (3, 6)   (4, 7)   (0, 6)   (6, 6)   (2, 4)  (4, 10)   (4, 2)
job_5    (3, 2)  (4, 10)   (2, 3)   (4, 6)   (2, 1)  (6, 10)   (5, 3)   (0, 6)   (0, 1)   (1, 3)   (2, 6)   (5, 7)   (5, 5)   (4, 4)   (1, 6)   (2, 9)
job_6    (5, 5)   (4, 7)   (6, 5)   (1, 9)   (0, 4)   (5, 1)  (0, 10)   (6, 9)   (0, 7)   (0, 4)   (4, 6)   (5, 9)   (3, 5)   (2, 8)   (0, 2)   (6, 7)
job_7    (4, 8)   (6, 9)   (1, 5)   (1, 2)   (5, 3)   (3, 8)   (6, 5)   (5, 3)   (5, 8)   (6, 2)   (6, 2)   (6, 5)   (5, 3)   (4, 1)   (4, 4)   (2, 9)
job_8    (4, 6)  (6, 10)  (0, 10)   (0, 9)   (5, 4)   (5, 7)   (2, 1)   (0, 7)   (1, 4)   (3, 3)   (4, 6)   (2, 9)   (2, 4)   (0, 3)  (0, 10)   (1, 9)
job_9    (2, 1)   (3, 2)   (1, 9)  (1, 10)   (5, 1)   (6, 2)   (1, 3)   (4, 2)   (0, 2)  (2, 10)   (6, 3)  (1, 10)   (2, 1)   (1, 4)   (4, 8)  (3, 10)
job_10  (6, 10)   (6, 1)   (0, 6)   (1, 6)   (5, 8)   (3, 1)   (2, 4)   (1, 8)   (0, 3)   (6, 1)   (1, 7)   (3, 9)  (2, 10)   (2, 3)   (6, 3)   (0, 9)
job_11   (0, 2)   (2, 3)   (4, 5)  (5, 10)   (6, 2)   (2, 2)   (5, 2)   (4, 4)   (5, 2)  (5, 10)   (4, 3)   (0, 7)   (4, 2)  (6, 10)   (0, 7)   (6, 9)
job_12   (1, 1)   (1, 1)   (6, 3)  (4, 10)   (5, 1)   (0, 6)   (5, 9)   (3, 4)   (1, 8)   (2, 7)  (3, 10)   (1, 7)   (2, 3)   (4, 1)   (4, 1)   (3, 1)
job_13   (5, 9)   (3, 6)   (2, 3)   (3, 6)   (5, 8)   (5, 5)   (6, 7)   (2, 6)   (5, 1)  (6, 10)   (2, 2)   (4, 7)  (5, 10)  (6, 10)   (0, 3)   (6, 3)
job_14   (3, 1)  (1, 10)   (6, 7)   (0, 8)   (0, 4)   (4, 6)   (5, 6)   (4, 5)  (4, 10)   (6, 5)  (2, 10)  (5, 10)   (4, 3)  (6, 10)   (5, 1)   (0, 1)
job_15   (1, 8)   (2, 3)  (0, 10)   (5, 3)   (2, 6)   (5, 6)   (2, 4)  (1, 10)   (6, 8)   (6, 3)   (2, 9)   (2, 4)   (1, 6)   (4, 1)   (0, 8)   (6, 3)
job_16   (6, 4)   (6, 5)   (3, 8)   (1, 7)   (5, 4)   (1, 7)   (1, 9)   (5, 6)   (0, 7)   (2, 4)  (1, 10)   (5, 2)   (3, 8)   (2, 6)   (5, 4)   (0, 6)
job_17   (3, 2)   (5, 7)   (1, 9)   (2, 5)   (4, 1)   (6, 8)   (1, 2)   (4, 9)   (0, 9)   (0, 4)   (0, 9)   (6, 9)   (4, 8)   (2, 6)   (2, 5)   (5, 7)
job_18   (5, 1)   (3, 2)   (1, 8)   (2, 8)   (6, 9)   (2, 5)   (0, 5)   (4, 2)   (4, 1)   (2, 3)  (4, 10)   (5, 2)   (2, 2)   (0, 6)   (5, 1)   (0, 2)


Solution:
Machine 0: job_0_task_0   job_11_task_0  job_15_task_2  job_8_task_2   job_8_task_3   job_14_task_3  job_10_task_2  job_14_task_4  job_6_task_4   job_6_task_6   job_0_task_3   job_4_task_5   job_1_task_9   job_8_task_7   job_1_task_11  job_12_task_5  job_2_task_6   job_17_task_8  job_17_task_9  job_3_task_6   job_6_task_8   job_4_task_8   job_9_task_8   job_16_task_8  job_10_task_8  job_5_task_7   job_6_task_9   job_1_task_13  job_5_task_8   job_18_task_6  job_11_task_11 job_4_task_11  job_17_task_10 job_2_task_12  job_0_task_8   job_3_task_9   job_1_task_15  job_11_task_14 job_8_task_13  job_8_task_14  job_3_task_12  job_13_task_14 job_6_task_14  job_0_task_12  job_15_task_14 job_16_task_15 job_14_task_15 job_18_task_13 job_10_task_15 job_18_task_15 
           [0,3]          [3,5]          [11,21]        [21,31]        [31,40]        [40,48]        [48,54]        [54,58]        [61,65]        [66,76]        [78,83]        [83,87]        [87,93]        [93,100]       [100,108]      [108,114]      [115,119]      [119,128]      [128,132]      [132,134]      [134,141]      [141,145]      [145,147]      [147,154]      [154,157]      [157,163]      [163,167]      [167,170]      [170,171]      [171,176]      [176,183]      [183,189]      [189,198]      [198,203]      [203,213]      [214,219]      [219,227]      [227,234]      [234,237]      [237,247]      [247,256]      [256,259]      [259,261]      [262,264]      [264,272]      [272,278]      [278,279]      [279,285]      [285,294]      [294,296]      
Machine 1: job_15_task_0  job_14_task_1  job_1_task_2   job_17_task_2  job_3_task_1   job_2_task_2   job_6_task_3   job_0_task_1   job_16_task_3  job_9_task_2   job_12_task_0  job_12_task_1  job_10_task_3  job_16_task_5  job_17_task_6  job_9_task_3   job_2_task_5   job_18_task_2  job_16_task_6  job_7_task_2   job_7_task_3   job_9_task_6   job_10_task_7  job_15_task_7  job_8_task_8   job_12_task_8  job_10_task_10 job_5_task_9   job_16_task_10 job_12_task_11 job_9_task_11  job_9_task_13  job_8_task_15  job_15_task_12 job_5_task_14  job_0_task_13  
           [0,8]          [8,18]         [18,28]        [28,37]        [37,44]        [44,52]        [52,61]        [61,71]        [71,78]        [78,87]        [87,88]        [88,89]        [89,95]        [95,102]       [102,104]      [104,114]      [114,115]      [115,123]      [123,132]      [132,137]      [137,139]      [139,142]      [142,150]      [150,160]      [160,164]      [164,172]      [172,179]      [179,182]      [182,192]      [198,205]      [205,215]      [243,247]      [247,256]      [256,262]      [262,268]      [268,271]      
Machine 2: job_9_task_0   job_11_task_1  job_15_task_1  job_13_task_2  job_15_task_4  job_5_task_2   job_1_task_4   job_17_task_3  job_1_task_6   job_5_task_4   job_1_task_8   job_4_task_3   job_4_task_4   job_15_task_6  job_8_task_6   job_3_task_4   job_4_task_6   job_13_task_7  job_10_task_6  job_1_task_12  job_11_task_5  job_18_task_3  job_0_task_5   job_3_task_7   job_9_task_9   job_16_task_9  job_13_task_10 job_18_task_5  job_0_task_7   job_12_task_9  job_18_task_9  job_5_task_10  job_8_task_11  job_14_task_10 job_1_task_14  job_15_task_10 job_8_task_12  job_10_task_12 job_15_task_11 job_9_task_12  job_0_task_9   job_17_task_13 job_6_task_13  job_4_task_13  job_16_task_13 job_10_task_13 job_17_task_14 job_18_task_12 job_5_task_15  job_12_task_12 job_7_task_15  
           [0,1]          [5,8]          [8,11]         [20,23]        [24,30]        [30,33]        [33,39]        [39,44]        [45,53]        [53,54]        [62,70]        [71,72]        [72,75]        [75,79]        [79,80]        [82,92]        [92,100]       [100,106]      [106,110]      [110,120]      [121,123]      [123,131]      [131,139]      [139,149]      [149,159]      [159,163]      [163,165]      [165,170]      [171,173]      [173,180]      [180,183]      [183,189]      [189,198]      [198,208]      [208,215]      [215,224]      [224,228]      [228,238]      [238,242]      [242,243]      [243,244]      [244,250]      [250,258]      [258,262]      [262,268]      [268,271]      [271,276]      [276,278]      [278,287]      [287,290]      [290,299]      
Machine 3: job_17_task_0  job_14_task_0  job_5_task_0   job_9_task_1   job_13_task_1  job_13_task_3  job_1_task_3   job_18_task_1  job_1_task_5   job_16_task_2  job_3_task_3   job_1_task_10  job_10_task_5  job_12_task_7  job_7_task_5   job_4_task_9   job_8_task_9   job_10_task_11 job_12_task_10 job_6_task_12  job_16_task_12 job_0_task_10  job_9_task_15  job_12_task_15 
           [0,2]          [2,3]          [3,5]          [5,7]          [14,20]        [23,29]        [29,33]        [36,38]        [39,45]        [53,61]        [77,82]        [93,100]       [103,104]      [124,128]      [143,151]      [151,157]      [164,167]      [179,188]      [188,198]      [209,214]      [221,229]      [244,250]      [258,268]      [292,293]      
Machine 4: job_8_task_0   job_1_task_1   job_5_task_1   job_7_task_0   job_6_task_1   job_11_task_2  job_5_task_3   job_17_task_4  job_1_task_7   job_14_task_5  job_0_task_2   job_0_task_4   job_12_task_3  job_17_task_7  job_4_task_7   job_3_task_5   job_11_task_7  job_14_task_7  job_9_task_7   job_14_task_8  job_11_task_10 job_4_task_10  job_13_task_11 job_18_task_7  job_18_task_8  job_8_task_10  job_6_task_10  job_11_task_12 job_2_task_11  job_18_task_10 job_17_task_12 job_2_task_14  job_2_task_15  job_3_task_11  job_14_task_12 job_5_task_13  job_7_task_13  job_7_task_14  job_9_task_14  job_3_task_13  job_15_task_13 job_4_task_14  job_0_task_14  job_4_task_15  job_12_task_13 job_12_task_14 
           [0,6]          [6,14]         [14,24]        [24,32]        [32,39]        [39,44]        [44,50]        [50,51]        [53,62]        [62,68]        [71,78]        [83,89]        [93,103]       [104,113]      [113,123]      [123,132]      [132,136]      [136,141]      [142,144]      [144,154]      [154,157]      [157,164]      [165,172]      [176,178]      [178,179]      [179,185]      [185,191]      [191,193]      [196,197]      [197,207]      [208,216]      [219,229]      [229,237]      [237,238]      [238,241]      [241,245]      [245,246]      [246,250]      [250,258]      [258,261]      [262,263]      [263,273]      [273,276]      [276,278]      [290,291]      [291,292]      
Machine 5: job_1_task_0   job_13_task_0  job_17_task_1  job_15_task_3  job_6_task_0   job_2_task_0   job_18_task_0  job_4_task_1   job_8_task_4   job_13_task_4  job_2_task_3   job_15_task_5  job_6_task_5   job_13_task_5  job_8_task_5   job_16_task_4  job_14_task_6  job_10_task_4  job_12_task_4  job_11_task_3  job_9_task_4   job_12_task_6  job_13_task_8  job_11_task_6  job_5_task_6   job_16_task_7  job_11_task_8  job_7_task_4   job_11_task_9  job_13_task_12 job_7_task_7   job_7_task_8   job_5_task_11  job_6_task_11  job_2_task_13  job_16_task_11 job_14_task_11 job_3_task_10  job_5_task_12  job_7_task_12  job_18_task_11 job_16_task_14 job_14_task_14 job_17_task_15 job_18_task_14 
           [0,5]          [5,14]         [14,21]        [21,24]        [24,29]        [29,35]        [35,36]        [36,39]        [40,44]        [44,52]        [52,59]        [59,65]        [65,66]        [66,71]        [71,78]        [78,82]        [83,89]        [95,103]       [103,104]      [104,114]      [114,115]      [115,124]      [124,125]      [125,127]      [127,130]      [132,138]      [138,140]      [140,143]      [143,153]      [172,182]      [182,185]      [185,193]      [193,200]      [200,209]      [209,219]      [219,221]      [221,231]      [231,235]      [235,240]      [240,243]      [243,245]      [268,272]      [275,276]      [276,283]      [285,286]      
Machine 6: job_3_task_0   job_8_task_1   job_10_task_0  job_14_task_2  job_10_task_1  job_4_task_0   job_2_task_1   job_6_task_2   job_16_task_0  job_16_task_1  job_17_task_5  job_4_task_2   job_3_task_2   job_7_task_1   job_2_task_4   job_12_task_2  job_13_task_6  job_6_task_7   job_5_task_5   job_11_task_4  job_2_task_7   job_9_task_5   job_2_task_8   job_18_task_4  job_2_task_9   job_13_task_9  job_0_task_6   job_10_task_9  job_7_task_6   job_15_task_8  job_14_task_9  job_2_task_10  job_9_task_10  job_17_task_11 job_15_task_9  job_3_task_8   job_7_task_9   job_11_task_13 job_7_task_10  job_7_task_11  job_4_task_12  job_13_task_13 job_11_task_15 job_0_task_11  job_13_task_15 job_14_task_13 job_6_task_15  job_10_task_14 job_3_task_14  job_0_task_15  job_3_task_15  job_15_task_15 
           [0,6]          [6,16]         [16,26]        [26,33]        [33,34]        [34,35]        [35,39]        [39,44]        [44,48]        [48,53]        [53,61]        [61,71]        [71,77]        [77,86]        [86,90]        [90,93]        [93,100]       [100,109]      [109,119]      [119,121]      [121,128]      [128,130]      [130,135]      [135,144]      [144,151]      [151,161]      [161,171]      [171,172]      [172,177]      [177,185]      [185,190]      [190,196]      [196,199]      [199,208]      [208,211]      [211,214]      [214,216]      [216,226]      [226,228]      [228,233]      [233,239]      [239,249]      [249,258]      [258,262]      [262,265]      [265,275]      [275,282]      [282,285]      [285,288]      [288,292]      [292,296]      [296,299]      
Optimal Schedule Length: 299.0
Total (Unoptimized Schedule Length): 1690
Statistics
  - conflicts: 0
  - branches : 0
  - wall time: 0.6446886030000001s