
Problem
         task_0   task_1    task_2    task_3   task_4   task_5    task_6    task_7   task_8    task_9   task_10   task_11   task_12  task_13
job_0   (10, 8)   (7, 5)    (7, 4)   (8, 10)  (5, 10)  (16, 3)  (13, 10)   (15, 8)  (10, 4)    (0, 9)    (3, 9)   (15, 1)    (1, 2)  (13, 2)
job_1   (16, 5)  (6, 10)   (8, 10)    (8, 8)  (4, 10)  (14, 9)   (11, 2)   (16, 3)   (7, 8)    (8, 8)   (0, 10)    (1, 4)    (2, 7)  (15, 6)
job_2   (13, 6)  (13, 4)  (10, 10)   (14, 5)   (1, 1)  (14, 7)   (13, 3)    (5, 1)  (16, 8)    (3, 5)    (8, 3)   (4, 10)   (12, 5)  (2, 10)
job_3   (7, 10)  (14, 1)  (13, 10)    (2, 8)   (2, 7)  (10, 4)   (12, 4)    (0, 4)  (16, 7)   (15, 2)   (10, 3)    (5, 9)    (5, 2)  (15, 8)
job_4    (8, 1)  (11, 1)   (14, 5)   (4, 10)   (0, 8)   (4, 1)    (9, 6)   (11, 2)  (15, 8)    (6, 1)  (15, 10)    (6, 4)   (13, 1)  (15, 8)
job_5   (12, 7)   (3, 9)   (10, 8)  (15, 10)   (7, 3)   (7, 5)    (0, 8)    (1, 6)   (4, 4)    (9, 9)    (4, 6)   (12, 2)   (16, 6)  (15, 7)
job_6    (9, 8)   (7, 5)    (2, 5)   (11, 5)   (3, 7)  (15, 5)   (11, 7)  (16, 10)   (4, 5)  (14, 10)    (5, 4)    (9, 4)    (8, 2)  (10, 6)
job_7    (8, 1)   (6, 5)    (6, 6)    (3, 3)   (8, 7)   (7, 1)    (4, 1)   (13, 5)   (0, 5)  (13, 10)   (16, 7)  (16, 10)   (10, 6)   (7, 8)
job_8    (8, 5)   (6, 8)    (3, 3)    (1, 3)   (2, 9)  (16, 9)   (9, 10)    (3, 6)  (10, 8)    (8, 1)   (16, 4)    (8, 9)    (7, 1)  (10, 2)
job_9   (14, 8)   (0, 9)   (10, 7)   (15, 9)   (6, 5)   (3, 9)   (16, 9)   (16, 2)  (10, 9)    (9, 2)    (5, 9)   (12, 6)   (13, 2)   (9, 2)
job_10   (2, 9)   (9, 9)    (4, 6)    (3, 5)   (9, 2)  (9, 10)    (8, 8)   (16, 4)   (9, 3)  (16, 10)    (4, 8)    (3, 4)    (2, 4)   (0, 2)
job_11  (12, 5)  (12, 7)   (2, 10)   (16, 5)  (6, 10)   (5, 5)   (10, 9)    (9, 5)  (16, 6)   (0, 10)   (12, 1)    (6, 1)  (16, 10)  (12, 1)
job_12   (4, 8)   (3, 6)    (4, 5)    (4, 2)   (9, 2)  (15, 1)    (5, 7)   (15, 3)  (15, 4)   (11, 9)    (5, 2)    (3, 9)    (2, 5)  (13, 5)
job_13  (0, 10)   (6, 9)    (0, 3)   (12, 8)  (13, 3)   (4, 2)  (11, 10)    (3, 2)  (14, 3)    (7, 2)   (11, 7)    (2, 7)    (3, 7)   (5, 6)
job_14   (2, 6)   (2, 6)    (2, 4)    (5, 9)  (12, 6)   (3, 6)   (11, 1)    (5, 6)  (11, 4)   (11, 8)    (6, 8)   (7, 10)    (0, 1)   (2, 4)
job_15   (8, 8)   (2, 3)   (14, 7)   (10, 5)   (9, 8)   (3, 5)   (10, 4)    (3, 1)  (16, 2)   (16, 8)    (9, 8)    (0, 8)   (14, 6)   (5, 7)
job_16   (8, 4)  (14, 8)    (3, 9)   (14, 3)   (2, 2)   (4, 4)   (16, 4)   (15, 8)   (8, 4)    (3, 2)   (12, 2)    (6, 3)   (13, 9)  (1, 10)
job_17   (9, 7)  (15, 8)    (9, 7)   (14, 9)   (9, 3)   (4, 1)   (14, 7)   (10, 3)  (8, 10)   (16, 6)    (4, 9)  (16, 10)    (4, 6)  (14, 9)


Solution:
Machine 0: job_9_task_1   job_4_task_4   job_13_task_0  job_7_task_8   job_13_task_2  job_3_task_7   job_0_task_9   job_5_task_6   job_14_task_12 job_10_task_13 job_15_task_11 job_1_task_10  job_11_task_9  
           [8,17]         [23,31]        [31,41]        [43,48]        [50,53]        [75,79]        [89,98]        [106,114]      [116,117]      [119,121]      [121,129]      [132,142]      [143,153]      
Machine 1: job_8_task_3   job_2_task_4   job_0_task_12  job_5_task_7   job_1_task_11  job_16_task_13 
           [17,20]        [54,55]        [108,110]      [114,120]      [142,146]      [158,168]      
Machine 2: job_10_task_0  job_11_task_2  job_8_task_4   job_14_task_0  job_16_task_4  job_15_task_1  job_14_task_1  job_14_task_2  job_3_task_3   job_3_task_4   job_6_task_2   job_10_task_12 job_14_task_13 job_12_task_12 job_13_task_11 job_1_task_12  job_2_task_13  
           [0,9]          [12,22]        [22,31]        [31,37]        [37,39]        [39,42]        [42,48]        [48,52]        [52,60]        [60,67]        [67,72]        [115,119]      [119,123]      [127,132]      [132,139]      [146,153]      [160,170]      
Machine 3: job_12_task_1  job_8_task_2   job_7_task_3   job_16_task_2  job_9_task_5   job_8_task_7   job_10_task_3  job_5_task_1   job_14_task_5  job_15_task_5  job_13_task_7  job_6_task_4   job_15_task_7  job_0_task_10  job_10_task_11 job_12_task_11 job_2_task_9   job_16_task_9  job_13_task_12 
           [8,14]         [14,17]        [20,23]        [23,32]        [38,47]        [50,56]        [56,61]        [61,70]        [70,76]        [76,81]        [81,83]        [83,90]        [93,94]        [98,107]       [111,115]      [118,127]      [137,142]      [142,144]      [144,151]      
Machine 4: job_12_task_0  job_4_task_3   job_12_task_2  job_12_task_3  job_4_task_5   job_17_task_5  job_7_task_6   job_16_task_5  job_10_task_2  job_13_task_5  job_1_task_4   job_10_task_10 job_5_task_8   job_17_task_10 job_6_task_8   job_5_task_10  job_2_task_11  job_17_task_12 
           [0,8]          [13,23]        [23,28]        [28,30]        [31,32]        [34,35]        [37,38]        [39,43]        [43,49]        [64,66]        [66,76]        [103,111]      [120,124]      [124,133]      [133,138]      [138,144]      [145,155]      [155,161]      
Machine 5: job_0_task_4   job_14_task_3  job_11_task_5  job_12_task_6  job_14_task_7  job_2_task_7   job_3_task_11  job_3_task_12  job_9_task_10  job_12_task_10 job_15_task_13 job_6_task_10  job_13_task_13 
           [29,39]        [52,61]        [61,66]        [66,73]        [77,83]        [83,84]        [96,105]       [105,107]      [107,116]      [116,118]      [135,142]      [148,152]      [152,158]      
Machine 6: job_7_task_1   job_8_task_1   job_7_task_2   job_1_task_1   job_9_task_4   job_13_task_1  job_4_task_9   job_11_task_4  job_4_task_11  job_14_task_10 job_16_task_11 job_11_task_11 
           [1,6]          [6,14]         [14,20]        [20,30]        [33,38]        [41,50]        [50,51]        [51,61]        [61,65]        [97,105]       [146,149]      [154,155]      
Machine 7: job_3_task_0   job_0_task_1   job_0_task_2   job_6_task_1   job_7_task_5   job_8_task_12  job_7_task_13  job_13_task_9  job_5_task_4   job_5_task_5   job_14_task_11 job_1_task_8   
           [0,10]         [10,15]        [15,19]        [19,24]        [36,37]        [78,79]        [85,93]        [93,95]        [98,101]       [101,106]      [106,116]      [116,124]      
Machine 8: job_7_task_0   job_8_task_0   job_4_task_0   job_16_task_0  job_15_task_0  job_0_task_3   job_7_task_4   job_1_task_2   job_17_task_8  job_1_task_3   job_8_task_9   job_8_task_11  job_10_task_6  job_1_task_9   job_16_task_8  job_2_task_10  job_6_task_12  
           [0,1]          [1,6]          [6,7]          [7,11]         [11,19]        [19,29]        [29,36]        [36,46]        [46,56]        [56,64]        [64,65]        [69,78]        [78,86]        [124,132]      [132,136]      [142,145]      [156,158]      
Machine 9: job_17_task_0  job_6_task_0   job_17_task_2  job_10_task_1  job_17_task_4  job_4_task_6   job_8_task_6   job_12_task_4  job_15_task_4  job_10_task_4  job_10_task_5  job_10_task_8  job_9_task_9   job_15_task_10 job_11_task_7  job_9_task_13  job_5_task_9   job_6_task_11  
           [0,7]          [7,15]         [15,22]        [22,31]        [31,34]        [34,40]        [40,50]        [50,52]        [54,62]        [62,64]        [64,74]        [90,93]        [105,107]      [113,121]      [121,126]      [126,128]      [128,137]      [152,156]      
Machine 10: job_0_task_0   job_9_task_2   job_2_task_2   job_17_task_7  job_15_task_3  job_8_task_8   job_3_task_5   job_5_task_2   job_7_task_12  job_0_task_8   job_15_task_6  job_3_task_10  job_9_task_8   job_11_task_6  job_8_task_13  job_6_task_13  
           [0,8]          [17,24]        [24,34]        [42,45]        [49,54]        [56,64]        [67,71]        [71,79]        [79,85]        [85,89]        [89,93]        [93,96]        [96,105]       [105,114]      [114,116]      [158,164]      
Machine 11: job_4_task_1   job_4_task_7   job_13_task_6  job_14_task_6  job_6_task_3   job_14_task_8  job_1_task_6   job_14_task_9  job_12_task_9  job_6_task_6   job_13_task_10 
           [7,8]          [40,42]        [66,76]        [76,77]        [77,82]        [83,87]        [87,89]        [89,97]        [102,111]      [111,118]      [118,125]      
Machine 12: job_11_task_0  job_11_task_1  job_5_task_0   job_13_task_3  job_14_task_4  job_3_task_6   job_9_task_11  job_16_task_10 job_5_task_11  job_11_task_10 job_2_task_12  job_11_task_13 
           [0,5]          [5,12]         [12,19]        [53,61]        [61,67]        [71,75]        [116,122]      [144,146]      [146,148]      [153,154]      [155,160]      [169,170]      
Machine 13: job_2_task_0   job_2_task_1   job_3_task_2   job_7_task_7   job_7_task_9   job_13_task_4  job_4_task_12  job_0_task_6   job_2_task_6   job_0_task_13  job_9_task_12  job_12_task_13 job_16_task_12 
           [0,6]          [6,10]         [14,24]        [38,43]        [48,58]        [61,64]        [65,66]        [66,76]        [76,79]        [110,112]      [122,124]      [132,137]      [149,158]      
Machine 14: job_9_task_0   job_4_task_2   job_3_task_1   job_16_task_1  job_17_task_3  job_16_task_3  job_17_task_6  job_15_task_2  job_2_task_3   job_2_task_5   job_1_task_5   job_13_task_8  job_15_task_12 job_6_task_9   job_17_task_13 
           [0,8]          [8,13]         [13,14]        [14,22]        [22,31]        [32,35]        [35,42]        [42,49]        [49,54]        [55,62]        [76,85]        [85,88]        [129,135]      [138,148]      [161,170]      
Machine 15: job_17_task_1  job_9_task_3   job_4_task_8   job_4_task_10  job_12_task_5  job_4_task_13  job_12_task_7  job_0_task_7   job_3_task_9   job_5_task_3   job_12_task_8  job_6_task_5   job_0_task_11  job_3_task_13  job_16_task_7  job_1_task_13  job_5_task_13  
           [7,15]         [24,33]        [42,50]        [51,61]        [61,62]        [66,74]        [74,77]        [77,85]        [86,88]        [88,98]        [98,102]       [102,107]      [107,108]      [108,116]      [116,124]      [153,159]      [159,166]      
Machine 16: job_1_task_0   job_11_task_3  job_8_task_5   job_0_task_5   job_16_task_6  job_9_task_6   job_9_task_7   job_7_task_10  job_8_task_10  job_7_task_11  job_3_task_8   job_10_task_7  job_1_task_7   job_10_task_9  job_15_task_8  job_15_task_9  job_17_task_9  job_6_task_7   job_2_task_8   job_11_task_8  job_17_task_11 job_5_task_12  job_11_task_12 
           [0,5]          [22,27]        [31,40]        [40,43]        [43,47]        [47,56]        [56,58]        [58,65]        [65,69]        [69,79]        [79,86]        [86,90]        [90,93]        [93,103]       [103,105]      [105,113]      [113,119]      [119,129]      [129,137]      [137,143]      [143,153]      [153,159]      [159,169]      
Optimal Schedule Length: 170.0
Total (Unoptimized Schedule Length): 1464
Statistics
  - conflicts: 0
  - branches : 0
  - wall time: 0.11896912400000001s