
Problem
         task_0    task_1    task_2   task_3   task_4    task_5   task_6    task_7   task_8    task_9  task_10   task_11  task_12  task_13  task_14  task_15  task_16   task_17
job_0    (6, 2)    (7, 1)  (12, 10)   (0, 8)   (3, 2)   (12, 3)   (4, 1)   (11, 8)  (13, 3)    (4, 3)  (0, 10)    (2, 9)   (8, 2)   (7, 8)   (3, 2)  (11, 7)   (1, 3)    (4, 4)
job_1   (10, 7)    (0, 7)    (6, 6)   (8, 9)   (1, 1)    (5, 7)   (7, 3)    (4, 7)   (0, 9)   (12, 7)  (12, 5)    (4, 5)   (7, 3)   (2, 3)  (12, 9)  (13, 2)   (7, 1)    (6, 3)
job_2   (2, 10)   (13, 8)    (4, 1)   (0, 4)   (8, 5)   (11, 3)   (7, 6)   (11, 3)  (13, 9)   (11, 1)   (9, 9)   (10, 5)  (10, 8)   (2, 9)   (1, 8)   (2, 9)   (9, 5)    (2, 8)
job_3   (10, 9)    (8, 8)    (2, 1)   (2, 9)   (0, 4)    (3, 5)   (5, 6)    (4, 6)   (4, 1)   (11, 6)   (8, 7)   (12, 7)  (10, 3)   (6, 7)  (10, 9)  (11, 4)   (1, 6)   (13, 1)
job_4    (2, 7)   (2, 10)    (3, 6)   (5, 4)   (4, 7)    (1, 7)   (2, 2)    (2, 8)   (3, 5)    (0, 5)   (1, 1)    (2, 2)  (13, 4)  (12, 6)   (4, 6)  (12, 5)  (7, 10)    (6, 3)
job_5   (13, 4)    (5, 2)    (6, 9)   (0, 7)  (11, 7)    (4, 7)   (6, 3)   (13, 8)   (2, 6)    (6, 8)  (10, 2)    (2, 8)   (4, 3)   (9, 4)   (6, 3)  (9, 10)   (5, 6)   (13, 2)
job_6    (5, 4)    (2, 7)    (8, 1)  (10, 2)   (4, 1)  (10, 10)   (2, 8)   (13, 1)  (10, 7)   (13, 9)  (11, 1)   (10, 3)   (5, 4)   (9, 6)  (6, 10)   (9, 5)   (1, 9)   (10, 4)
job_7   (13, 2)   (11, 3)   (2, 10)   (3, 6)   (9, 3)    (0, 8)  (12, 5)  (10, 10)  (13, 9)   (13, 1)   (1, 2)   (10, 9)   (6, 1)  (13, 4)   (1, 2)   (8, 3)   (1, 1)    (3, 7)
job_8    (2, 8)   (12, 7)    (9, 5)  (10, 7)  (13, 8)    (2, 6)   (3, 2)   (10, 8)  (11, 9)   (10, 1)   (5, 9)  (12, 10)   (5, 6)   (6, 2)   (5, 8)   (9, 4)   (4, 9)    (4, 5)
job_9    (9, 1)   (11, 7)    (6, 8)  (3, 10)   (8, 8)    (7, 3)   (2, 4)    (5, 8)  (11, 5)    (5, 6)   (9, 8)    (3, 4)  (11, 1)   (0, 1)   (9, 6)   (9, 1)  (10, 4)    (1, 5)
job_10   (5, 4)   (10, 3)    (2, 8)   (2, 1)  (13, 1)    (5, 3)   (8, 2)    (3, 1)  (12, 7)  (10, 10)   (9, 8)    (3, 8)   (5, 6)   (1, 8)   (5, 7)   (0, 2)   (1, 3)    (8, 9)
job_11   (6, 3)   (12, 8)   (11, 7)  (12, 5)   (9, 9)   (13, 9)   (2, 6)    (9, 8)  (10, 5)    (5, 9)  (10, 6)    (3, 1)   (1, 6)   (6, 1)   (5, 2)   (3, 5)   (8, 5)    (2, 5)
job_12   (3, 8)    (9, 4)    (7, 9)   (1, 7)  (10, 2)   (13, 1)   (7, 2)    (9, 2)   (9, 3)    (1, 2)   (2, 2)    (2, 6)   (9, 4)   (2, 7)   (5, 7)   (7, 9)   (9, 3)    (3, 1)
job_13   (3, 9)   (13, 8)    (5, 3)   (7, 8)   (2, 3)    (0, 4)   (0, 5)    (7, 7)  (11, 7)    (0, 3)  (12, 7)   (11, 7)   (5, 8)  (12, 5)  (2, 10)   (9, 8)   (2, 9)   (5, 10)
job_14   (3, 7)    (6, 8)   (13, 9)   (2, 9)  (4, 10)    (1, 8)   (6, 2)    (3, 2)   (1, 7)    (3, 2)   (2, 3)   (13, 8)   (8, 6)  (12, 2)   (5, 7)   (7, 1)  (9, 10)   (13, 2)
job_15   (8, 6)   (13, 4)    (6, 9)  (13, 8)  (11, 3)    (9, 5)   (3, 6)    (4, 5)   (9, 7)   (10, 8)   (1, 1)    (1, 2)  (12, 3)   (9, 3)  (7, 10)   (0, 4)  (12, 5)   (13, 8)
job_16  (10, 6)    (6, 8)    (7, 2)   (7, 5)   (0, 8)   (8, 10)   (7, 4)    (3, 1)   (7, 2)    (3, 4)   (2, 8)   (10, 4)  (11, 5)   (5, 4)  (13, 2)   (8, 6)   (0, 2)    (7, 9)
job_17   (7, 8)    (2, 4)   (11, 3)   (6, 6)  (13, 9)  (13, 10)   (5, 3)    (9, 6)  (0, 10)    (4, 5)   (6, 3)    (3, 7)   (1, 1)  (12, 6)   (5, 9)  (13, 2)   (0, 1)  (12, 10)
job_18  (13, 4)  (10, 10)    (6, 7)  (11, 2)   (3, 7)    (6, 7)  (10, 2)   (10, 1)  (10, 3)    (9, 6)   (3, 6)    (4, 5)   (9, 6)   (4, 3)  (13, 5)  (11, 8)   (4, 3)   (7, 10)


Solution:
Machine 0: job_1_task_1   job_5_task_3   job_0_task_3   job_2_task_3   job_13_task_5  job_13_task_6  job_1_task_8   job_13_task_9  job_3_task_4   job_16_task_4  job_17_task_8  job_7_task_5   job_0_task_10  job_4_task_9   job_9_task_13  job_15_task_15 job_16_task_16 job_17_task_16 job_10_task_15 
           [7,14]         [15,22]        [28,36]        [36,40]        [42,46]        [46,51]        [51,60]        [65,68]        [68,72]        [72,80]        [84,94]        [94,102]       [117,127]      [127,132]      [155,156]      [175,179]      [181,183]      [184,185]      [189,191]      
Machine 1: job_1_task_4   job_12_task_3  job_4_task_5   job_14_task_5  job_14_task_8  job_12_task_9  job_7_task_10  job_4_task_10  job_17_task_12 job_15_task_10 job_15_task_11 job_2_task_14  job_10_task_13 job_11_task_12 job_10_task_16 job_6_task_16  job_7_task_14  job_3_task_16  job_7_task_16  job_0_task_16  job_9_task_17  
           [33,34]        [40,47]        [58,65]        [102,110]      [114,121]      [125,127]      [131,133]      [133,134]      [134,135]      [152,153]      [153,155]      [165,173]      [173,181]      [181,187]      [191,194]      [194,203]      [203,205]      [205,211]      [211,212]      [212,215]      [215,220]      
Machine 2: job_8_task_0   job_2_task_0   job_4_task_0   job_17_task_1  job_4_task_1   job_13_task_4  job_6_task_1   job_10_task_2  job_3_task_2   job_3_task_3   job_7_task_2   job_8_task_5   job_14_task_3  job_10_task_3  job_6_task_6   job_11_task_6  job_4_task_6   job_4_task_7   job_9_task_6   job_5_task_8   job_12_task_10 job_16_task_10 job_13_task_14 job_14_task_10 job_12_task_11 job_2_task_13  job_4_task_11  job_5_task_11  job_0_task_11  job_12_task_13 job_1_task_13  job_2_task_15  job_13_task_16 job_2_task_17  job_11_task_17 
           [0,8]          [8,18]         [18,25]        [25,29]        [29,39]        [39,42]        [42,49]        [49,57]        [57,58]        [58,67]        [67,77]        [77,83]        [83,92]        [92,93]        [93,101]       [101,107]      [107,109]      [109,117]      [117,121]      [121,127]      [127,129]      [129,137]      [137,147]      [147,150]      [150,156]      [156,165]      [165,167]      [167,175]      [175,184]      [184,191]      [191,194]      [194,203]      [203,212]      [212,220]      [220,225]      
Machine 3: job_13_task_0  job_14_task_0  job_12_task_0  job_0_task_4   job_4_task_2   job_9_task_3   job_18_task_4  job_7_task_3   job_8_task_6   job_3_task_5   job_15_task_6  job_16_task_7  job_16_task_9  job_18_task_10 job_10_task_7  job_14_task_7  job_4_task_8   job_14_task_9  job_17_task_11 job_10_task_11 job_9_task_11  job_11_task_11 job_0_task_14  job_11_task_15 job_7_task_17  job_12_task_17 
           [0,9]          [9,16]         [16,24]        [36,38]        [39,45]        [60,70]        [70,77]        [77,83]        [83,85]        [85,90]        [90,96]        [96,97]        [99,103]       [104,110]      [110,111]      [112,114]      [117,122]      [122,124]      [125,132]      [141,149]      [150,154]      [167,168]      [200,202]      [205,210]      [212,219]      [223,224]      
Machine 4: job_2_task_2   job_5_task_5   job_0_task_6   job_1_task_7   job_4_task_4   job_6_task_4   job_1_task_11  job_14_task_4  job_3_task_7   job_15_task_7  job_3_task_8   job_0_task_9   job_17_task_9  job_18_task_11 job_18_task_13 job_18_task_16 job_5_task_12  job_4_task_14  job_8_task_16  job_8_task_17  job_0_task_17  
           [28,29]        [29,36]        [41,42]        [44,51]        [51,58]        [58,59]        [72,77]        [92,102]       [102,108]      [108,113]      [113,114]      [114,117]      [117,122]      [122,127]      [133,136]      [149,152]      [175,178]      [178,184]      [184,193]      [193,198]      [215,219]      
Machine 5: job_6_task_0   job_5_task_1   job_10_task_0  job_13_task_2  job_1_task_5   job_4_task_3   job_17_task_6  job_13_task_12 job_3_task_6   job_10_task_5  job_8_task_10  job_9_task_7   job_8_task_12  job_9_task_9   job_8_task_14  job_11_task_9  job_6_task_12  job_10_task_12 job_16_task_13 job_17_task_14 job_10_task_14 job_14_task_14 job_12_task_14 job_11_task_14 job_5_task_16  job_13_task_17 
           [0,4]          [4,6]          [6,10]         [20,23]        [34,41]        [45,49]        [74,77]        [86,94]        [94,100]       [101,104]      [111,120]      [121,129]      [130,136]      [136,142]      [142,150]      [150,159]      [159,163]      [163,169]      [169,173]      [173,182]      [182,189]      [189,196]      [196,203]      [203,205]      [205,211]      [212,222]      
Machine 6: job_11_task_0  job_0_task_0   job_5_task_2   job_1_task_2   job_14_task_1  job_15_task_2  job_17_task_3  job_16_task_1  job_9_task_2   job_18_task_2  job_5_task_6   job_18_task_5  job_14_task_6  job_17_task_10 job_5_task_9   job_8_task_13  job_3_task_13  job_6_task_14  job_5_task_14  job_7_task_12  job_11_task_13 job_4_task_17  job_1_task_17  
           [0,3]          [3,5]          [6,15]         [15,21]        [21,29]        [29,38]        [38,44]        [44,52]        [52,60]        [60,67]        [67,70]        [77,84]        [110,112]      [122,125]      [127,135]      [136,138]      [170,177]      [177,187]      [187,190]      [190,191]      [191,192]      [211,214]      [221,224]      
Machine 7: job_17_task_0  job_0_task_1   job_13_task_3  job_12_task_2  job_1_task_6   job_13_task_7  job_2_task_6   job_16_task_2  job_16_task_3  job_1_task_12  job_9_task_5   job_16_task_6  job_16_task_8  job_12_task_6  job_18_task_17 job_15_task_14 job_16_task_17 job_0_task_13  job_14_task_15 job_4_task_16  job_12_task_15 job_1_task_16  
           [0,8]          [8,9]          [23,31]        [31,40]        [41,44]        [51,58]        [58,64]        [64,66]        [66,71]        [77,80]        [80,83]        [90,94]        [97,99]        [103,105]      [152,162]      [165,175]      [183,192]      [192,200]      [200,201]      [201,211]      [211,220]      [220,221]      
Machine 8: job_15_task_0  job_3_task_1   job_1_task_3   job_2_task_4   job_6_task_2   job_9_task_4   job_16_task_5  job_10_task_6  job_3_task_10  job_14_task_12 job_16_task_15 job_0_task_12  job_10_task_17 job_7_task_15  job_11_task_16 
           [0,6]          [16,24]        [24,33]        [40,45]        [49,50]        [70,78]        [80,90]        [104,106]      [120,127]      [158,164]      [175,181]      [184,186]      [194,203]      [205,208]      [210,215]      
Machine 9: job_9_task_0   job_8_task_2   job_12_task_1  job_11_task_4  job_15_task_5  job_17_task_7  job_7_task_4   job_2_task_10  job_18_task_9  job_12_task_7  job_11_task_7  job_15_task_8  job_12_task_8  job_18_task_12 job_10_task_10 job_9_task_10  job_13_task_15 job_12_task_12 job_15_task_13 job_6_task_13  job_8_task_15  job_9_task_14  job_5_task_13  job_9_task_15  job_6_task_15  job_5_task_15  job_2_task_16  job_14_task_16 job_12_task_16 
           [0,1]          [18,23]        [24,28]        [33,42]        [73,78]        [78,84]        [84,87]        [87,96]        [98,104]       [105,107]      [107,115]      [115,122]      [122,125]      [127,133]      [133,141]      [142,150]      [150,158]      [158,162]      [162,165]      [165,171]      [171,175]      [175,181]      [181,185]      [185,186]      [187,192]      [192,202]      [203,208]      [208,218]      [220,223]      
Machine 10: job_1_task_0   job_3_task_0   job_18_task_1  job_8_task_3   job_16_task_0  job_10_task_1  job_12_task_4  job_6_task_3   job_6_task_5   job_18_task_6  job_8_task_7   job_18_task_7  job_18_task_8  job_2_task_11  job_6_task_8   job_8_task_9   job_7_task_7   job_10_task_9  job_2_task_12  job_11_task_8  job_15_task_9  job_6_task_11  job_5_task_10  job_16_task_11 job_11_task_10 job_3_task_12  job_7_task_11  job_3_task_14  job_9_task_16  job_6_task_17  
           [0,7]          [7,16]         [16,26]        [26,33]        [33,39]        [39,42]        [47,49]        [50,52]        [59,69]        [84,86]        [86,94]        [94,95]        [95,98]        [98,103]       [103,110]      [110,111]      [111,121]      [121,131]      [131,139]      [139,144]      [144,152]      [152,155]      [155,157]      [157,161]      [161,167]      [167,170]      [170,179]      [179,188]      [188,192]      [203,207]      
Machine 11: job_9_task_1   job_11_task_2  job_5_task_4   job_17_task_2  job_7_task_1   job_0_task_7   job_2_task_5   job_13_task_8  job_2_task_7   job_18_task_3  job_15_task_4  job_13_task_11 job_2_task_9   job_8_task_8   job_3_task_9   job_6_task_10  job_9_task_8   job_18_task_15 job_9_task_12  job_16_task_12 job_3_task_15  job_0_task_15  
           [1,8]          [11,18]        [22,29]        [29,32]        [32,35]        [42,50]        [50,53]        [58,65]        [65,68]        [68,70]        [70,73]        [79,86]        [86,87]        [94,103]       [114,120]      [120,121]      [129,134]      [141,149]      [154,155]      [161,166]      [188,192]      [202,209]      
Machine 12: job_11_task_1  job_8_task_1   job_0_task_2   job_11_task_3  job_0_task_5   job_1_task_9   job_1_task_10  job_13_task_10 job_13_task_13 job_7_task_6   job_10_task_8  job_8_task_11  job_3_task_11  job_17_task_13 job_15_task_12 job_14_task_13 job_4_task_13  job_15_task_16 job_4_task_15  job_17_task_17 job_1_task_14  
           [3,11]         [11,18]        [18,28]        [28,33]        [38,41]        [60,67]        [67,72]        [72,79]        [94,99]        [102,107]      [111,118]      [120,130]      [130,137]      [137,143]      [155,158]      [164,166]      [171,177]      [179,184]      [184,189]      [189,199]      [199,208]      
Machine 13: job_5_task_0   job_18_task_0  job_15_task_1  job_13_task_1  job_2_task_1   job_7_task_0   job_14_task_2  job_8_task_4   job_17_task_4  job_15_task_3  job_17_task_5  job_2_task_8   job_11_task_5  job_5_task_7   job_10_task_4  job_6_task_7   job_12_task_5  job_0_task_8   job_6_task_9   job_7_task_8   job_7_task_9   job_18_task_14 job_14_task_11 job_4_task_12  job_16_task_14 job_17_task_15 job_15_task_17 job_7_task_13  job_1_task_15  job_5_task_17  job_3_task_17  job_14_task_17 
           [0,4]          [4,8]          [8,12]         [12,20]        [20,28]        [28,30]        [30,39]        [39,47]        [47,56]        [56,64]        [64,74]        [74,83]        [83,92]        [92,100]       [100,101]      [101,102]      [102,103]      [103,106]      [110,119]      [121,130]      [130,131]      [136,141]      [150,158]      [167,171]      [173,175]      [182,184]      [184,192]      [192,196]      [208,210]      [211,213]      [213,214]      [218,220]      
Optimal Schedule Length: 225.0
Total (Unoptimized Schedule Length): 1848
Statistics
  - conflicts: 0
  - branches : 0
  - wall time: 0.119684728s