
Problem
         task_0   task_1  task_2   task_3   task_4  task_5   task_6   task_7  task_8   task_9  task_10 task_11  task_12 task_13  task_14 task_15  task_16  task_17  task_18
job_0    (8, 1)   (0, 1)  (7, 5)   (7, 2)   (6, 8)  (4, 3)   (2, 8)  (5, 10)  (0, 7)   (1, 2)  (5, 10)  (6, 8)   (8, 5)  (4, 2)   (0, 2)  (1, 3)  (2, 10)   (6, 5)  (5, 10)
job_1    (6, 3)   (6, 4)  (8, 1)   (0, 3)   (7, 9)  (6, 8)   (0, 2)   (1, 2)  (8, 7)   (7, 7)  (4, 10)  (1, 3)   (5, 6)  (8, 4)   (5, 4)  (8, 5)   (0, 7)   (1, 4)   (5, 2)
job_2    (8, 7)   (1, 3)  (1, 5)  (5, 10)   (1, 1)  (2, 2)   (7, 3)   (1, 7)  (3, 8)   (8, 9)   (0, 7)  (2, 5)   (1, 9)  (1, 5)   (3, 5)  (3, 7)   (0, 5)  (6, 10)   (4, 4)
job_3    (6, 1)   (7, 5)  (7, 7)   (6, 5)   (0, 8)  (7, 2)   (3, 6)   (1, 6)  (8, 7)   (3, 7)  (2, 10)  (2, 2)   (8, 2)  (8, 1)   (0, 4)  (5, 2)   (2, 8)   (1, 8)   (7, 7)
job_4   (6, 10)   (6, 5)  (5, 3)   (1, 8)   (2, 8)  (4, 4)   (0, 6)   (6, 7)  (2, 7)   (2, 3)   (8, 8)  (7, 4)   (5, 4)  (7, 4)   (0, 1)  (5, 6)   (2, 5)   (4, 2)   (3, 4)
job_5    (6, 7)   (6, 3)  (6, 7)  (8, 10)   (6, 4)  (8, 9)  (6, 10)   (2, 8)  (8, 4)  (4, 10)   (2, 9)  (1, 9)   (6, 4)  (3, 9)  (5, 10)  (5, 4)   (4, 6)  (8, 10)   (0, 5)
job_6    (7, 6)   (8, 5)  (2, 7)  (2, 10)   (7, 2)  (4, 7)   (7, 4)   (8, 4)  (1, 3)   (8, 4)  (0, 10)  (8, 2)   (3, 7)  (8, 7)   (7, 9)  (0, 4)   (6, 8)   (4, 6)   (7, 9)
job_7    (8, 6)   (7, 3)  (5, 4)   (6, 6)   (6, 4)  (7, 2)   (6, 8)   (4, 6)  (5, 2)   (0, 8)   (4, 2)  (1, 8)  (5, 10)  (8, 6)  (0, 10)  (5, 7)   (7, 9)   (8, 4)  (5, 10)
job_8   (3, 10)  (1, 10)  (5, 4)   (0, 9)   (0, 5)  (6, 3)   (4, 6)   (5, 5)  (0, 5)   (1, 2)   (3, 8)  (6, 9)   (4, 9)  (2, 3)   (5, 5)  (5, 8)   (2, 4)   (2, 7)   (3, 5)
job_9    (7, 3)  (4, 10)  (2, 5)   (5, 5)   (8, 4)  (6, 3)   (6, 3)   (5, 4)  (6, 8)   (0, 3)   (6, 7)  (5, 8)   (0, 3)  (7, 9)   (3, 6)  (3, 6)   (5, 1)   (0, 2)   (7, 2)
job_10   (5, 3)   (5, 7)  (0, 6)   (7, 8)   (3, 2)  (1, 1)   (8, 6)   (8, 3)  (5, 6)   (8, 8)   (2, 1)  (7, 7)   (0, 7)  (5, 5)   (8, 2)  (4, 8)   (0, 6)   (0, 1)   (2, 4)
job_11   (8, 3)   (1, 9)  (1, 7)   (2, 2)   (1, 1)  (0, 1)   (8, 2)   (2, 2)  (1, 3)   (3, 3)   (6, 9)  (1, 4)   (4, 3)  (6, 1)   (4, 9)  (2, 4)   (2, 9)   (7, 9)   (5, 6)
job_12   (4, 3)   (3, 4)  (3, 8)  (6, 10)  (8, 10)  (1, 5)   (2, 5)   (7, 1)  (5, 6)  (5, 10)   (4, 3)  (5, 8)   (2, 7)  (0, 7)   (0, 7)  (0, 5)   (5, 8)  (8, 10)  (1, 10)


Solution:
Machine 0: job_0_task_1   job_10_task_2  job_8_task_3   job_8_task_4   job_0_task_8   job_8_task_8   job_4_task_6   job_10_task_12 job_7_task_9   job_3_task_4   job_11_task_5  job_2_task_10  job_12_task_13 job_1_task_3   job_7_task_14  job_12_task_14 job_1_task_6   job_12_task_15 job_6_task_10  job_9_task_9   job_3_task_14  job_4_task_14  job_9_task_12  job_6_task_15  job_0_task_14  job_10_task_16 job_10_task_17 job_2_task_16  job_1_task_16  job_9_task_17  job_5_task_18  
           [1,2]          [10,16]        [28,37]        [37,42]        [50,57]        [59,64]        [64,70]        [70,77]        [77,85]        [85,93]        [93,94]        [95,102]       [103,110]      [110,113]      [113,123]      [123,130]      [130,132]      [132,137]      [137,147]      [147,150]      [150,154]      [154,155]      [166,169]      [174,178]      [179,181]      [181,187]      [187,188]      [189,194]      [195,202]      [203,205]      [210,215]      
Machine 1: job_8_task_1   job_2_task_1   job_2_task_2   job_10_task_5  job_4_task_3   job_2_task_4   job_12_task_5  job_2_task_7   job_0_task_9   job_8_task_9   job_11_task_1  job_11_task_2  job_11_task_4  job_7_task_11  job_6_task_8   job_3_task_7   job_11_task_8  job_1_task_7   job_11_task_11 job_5_task_11  job_1_task_11  job_2_task_12  job_2_task_13  job_0_task_15  job_3_task_17  job_12_task_18 job_1_task_17  
           [10,20]        [20,23]        [23,28]        [28,29]        [29,37]        [38,39]        [45,50]        [51,58]        [60,62]        [64,66]        [66,75]        [75,82]        [84,85]        [87,95]        [95,98]        [101,107]      [108,111]      [132,134]      [139,143]      [150,159]      [160,163]      [163,172]      [172,177]      [181,184]      [184,192]      [192,202]      [202,206]      
Machine 2: job_9_task_2   job_0_task_6   job_2_task_5   job_4_task_4   job_12_task_6  job_6_task_2   job_10_task_10 job_6_task_3   job_11_task_3  job_12_task_12 job_11_task_7  job_8_task_13  job_4_task_8   job_4_task_9   job_5_task_7   job_3_task_10  job_3_task_11  job_5_task_10  job_2_task_11  job_8_task_16  job_3_task_16  job_11_task_15 job_11_task_16 job_0_task_16  job_8_task_17  job_4_task_16  job_10_task_18 
           [13,18]        [26,34]        [39,41]        [41,49]        [50,55]        [55,62]        [62,63]        [63,73]        [82,84]        [95,102]       [103,105]      [106,109]      [109,116]      [116,119]      [119,127]      [128,138]      [138,140]      [141,150]      [150,155]      [155,159]      [159,167]      [169,173]      [173,182]      [184,194]      [194,201]      [201,206]      [206,210]      
Machine 3: job_8_task_0   job_12_task_1  job_12_task_2  job_10_task_4  job_2_task_8   job_8_task_10  job_3_task_6   job_11_task_9  job_3_task_9   job_6_task_12  job_5_task_13  job_2_task_14  job_2_task_15  job_9_task_14  job_9_task_15  job_8_task_18  job_4_task_18  
           [0,10]         [10,14]        [14,22]        [24,26]        [58,66]        [66,74]        [95,101]       [111,114]      [119,126]      [151,158]      [163,172]      [177,182]      [182,189]      [189,195]      [195,201]      [201,206]      [208,212]      
Machine 4: job_12_task_0  job_9_task_1   job_0_task_5   job_8_task_6   job_4_task_5   job_7_task_7   job_12_task_10 job_6_task_5   job_7_task_10  job_8_task_12  job_5_task_9   job_11_task_12 job_1_task_10  job_11_task_14 job_10_task_15 job_0_task_13  job_5_task_16  job_6_task_17  job_4_task_17  job_2_task_18  
           [0,3]          [3,13]         [23,26]        [46,52]        [52,56]        [69,75]        [75,78]        [78,85]        [85,87]        [97,106]       [131,141]      [143,146]      [150,160]      [160,169]      [169,177]      [177,179]      [186,192]      [192,198]      [206,208]      [211,215]      
Machine 5: job_10_task_0  job_10_task_1  job_7_task_2   job_4_task_2   job_9_task_3   job_8_task_2   job_2_task_3   job_0_task_7   job_10_task_8  job_8_task_7   job_12_task_8  job_12_task_9  job_7_task_8   job_0_task_10  job_12_task_11 job_7_task_12  job_10_task_13 job_8_task_14  job_8_task_15  job_7_task_15  job_9_task_7   job_4_task_12  job_12_task_16 job_7_task_18  job_3_task_15  job_9_task_11  job_1_task_12  job_5_task_14  job_5_task_15  job_1_task_14  job_4_task_15  job_11_task_18 job_9_task_16  job_0_task_18  job_1_task_18  
           [0,3]          [3,10]         [11,15]        [15,18]        [18,23]        [24,28]        [28,38]        [38,48]        [48,54]        [54,59]        [59,65]        [65,75]        [75,77]        [77,87]        [87,95]        [95,105]       [105,110]      [110,115]      [115,123]      [123,130]      [130,134]      [134,138]      [138,146]      [146,156]      [156,158]      [158,166]      [166,172]      [172,182]      [182,186]      [186,190]      [190,196]      [196,202]      [202,203]      [203,213]      [213,215]      
Machine 6: job_4_task_0   job_4_task_1   job_0_task_4   job_12_task_3  job_5_task_0   job_3_task_0   job_8_task_5   job_7_task_3   job_7_task_4   job_5_task_1   job_7_task_6   job_5_task_2   job_3_task_3   job_9_task_5   job_8_task_11  job_5_task_4   job_1_task_0   job_1_task_1   job_4_task_7   job_5_task_6   job_9_task_6   job_1_task_5   job_11_task_10 job_9_task_8   job_11_task_13 job_9_task_10  job_5_task_12  job_0_task_11  job_6_task_16  job_0_task_17  job_2_task_17  
           [0,10]         [10,15]        [15,23]        [23,33]        [35,42]        [42,43]        [43,46]        [46,52]        [52,56]        [56,59]        [59,67]        [67,74]        [74,79]        [79,82]        [82,91]        [91,95]        [95,98]        [98,102]       [102,109]      [109,119]      [119,122]      [122,130]      [130,139]      [139,147]      [147,148]      [150,157]      [159,163]      [163,171]      [178,186]      [194,199]      [199,209]      
Machine 7: job_9_task_0   job_0_task_2   job_7_task_1   job_0_task_3   job_10_task_3  job_6_task_0   job_2_task_6   job_3_task_1   job_3_task_2   job_12_task_7  job_7_task_5   job_10_task_11 job_6_task_4   job_6_task_6   job_3_task_5   job_1_task_4   job_4_task_11  job_7_task_16  job_1_task_9   job_4_task_13  job_6_task_14  job_9_task_13  job_11_task_17 job_3_task_18  job_6_task_18  job_9_task_18  
           [0,3]          [3,8]          [8,11]         [11,13]        [16,24]        [24,30]        [41,44]        [44,49]        [49,56]        [56,57]        [57,59]        [63,70]        [73,75]        [85,89]        [93,95]        [113,122]      [127,131]      [131,140]      [142,149]      [149,153]      [165,174]      [174,183]      [183,192]      [192,199]      [199,208]      [208,210]      
Machine 8: job_0_task_0   job_7_task_0   job_2_task_0   job_11_task_0  job_9_task_4   job_10_task_6  job_12_task_4  job_10_task_7  job_6_task_1   job_10_task_9  job_2_task_9   job_5_task_3   job_6_task_7   job_11_task_6  job_5_task_5   job_1_task_2   job_7_task_13  job_3_task_8   job_4_task_10  job_5_task_8   job_6_task_9   job_1_task_8   job_7_task_17  job_3_task_12  job_3_task_13  job_6_task_11  job_10_task_14 job_6_task_13  job_0_task_12  job_1_task_13  job_12_task_17 job_1_task_15  job_5_task_17  
           [0,1]          [1,7]          [7,14]         [14,17]        [24,28]        [29,35]        [35,45]        [45,48]        [49,54]        [54,62]        [66,75]        [76,86]        [89,93]        [94,96]        [96,105]       [105,106]      [106,112]      [112,119]      [119,127]      [127,131]      [131,135]      [135,142]      [142,146]      [146,148]      [148,149]      [149,151]      [151,153]      [158,165]      [171,176]      [176,180]      [180,190]      [190,195]      [195,205]      
Optimal Schedule Length: 215.0
Total (Unoptimized Schedule Length): 1383
Statistics
  - conflicts: 0
  - branches : 0
  - wall time: 36.23293459s