
Problem
         task_0  task_1   task_2   task_3   task_4  task_5   task_6   task_7   task_8  task_9  task_10 task_11  task_12  task_13
job_0    (4, 6)  (4, 3)   (3, 5)   (3, 9)   (0, 2)  (2, 1)   (5, 4)   (0, 5)   (1, 8)  (1, 9)  (4, 10)  (5, 5)   (6, 2)   (4, 4)
job_1    (4, 1)  (5, 3)   (6, 2)   (4, 9)   (3, 5)  (3, 7)   (3, 7)   (0, 3)  (5, 10)  (5, 1)   (4, 7)  (6, 9)   (3, 7)   (6, 1)
job_2    (2, 9)  (1, 7)   (1, 8)   (6, 6)   (6, 7)  (4, 2)   (3, 2)   (3, 7)   (6, 1)  (5, 7)   (6, 2)  (2, 7)   (3, 7)   (3, 1)
job_3    (0, 9)  (6, 5)   (0, 7)   (3, 8)   (4, 8)  (6, 3)   (3, 8)   (4, 6)   (0, 7)  (0, 1)   (1, 7)  (4, 7)   (4, 8)  (6, 10)
job_4    (3, 3)  (6, 1)   (6, 7)   (3, 1)   (5, 6)  (6, 8)   (0, 7)   (0, 2)   (5, 7)  (2, 1)   (0, 9)  (6, 1)   (1, 4)   (3, 7)
job_5    (3, 1)  (0, 1)   (2, 7)   (5, 4)   (3, 8)  (3, 9)   (1, 5)   (2, 1)   (2, 6)  (2, 5)   (6, 7)  (6, 2)   (6, 2)   (4, 2)
job_6    (5, 2)  (6, 7)   (0, 2)   (5, 5)   (6, 9)  (1, 1)   (5, 2)   (1, 3)   (4, 7)  (5, 5)  (0, 10)  (4, 3)   (5, 2)   (4, 7)
job_7   (5, 10)  (6, 2)  (5, 10)   (0, 1)  (6, 10)  (5, 8)   (4, 4)   (4, 4)   (4, 7)  (5, 2)   (0, 9)  (4, 4)   (0, 7)   (5, 1)
job_8    (6, 2)  (2, 9)   (3, 8)   (5, 4)   (2, 5)  (4, 2)  (5, 10)   (2, 5)   (4, 7)  (6, 1)   (0, 9)  (6, 8)   (5, 6)   (1, 3)
job_9    (6, 9)  (0, 8)   (1, 6)   (4, 8)  (0, 10)  (6, 3)   (5, 4)   (4, 4)   (6, 1)  (0, 6)   (5, 2)  (1, 5)   (4, 5)   (2, 4)
job_10   (1, 4)  (5, 6)   (4, 4)   (2, 4)   (0, 1)  (1, 6)   (3, 3)   (1, 4)   (6, 4)  (4, 5)   (3, 3)  (3, 1)   (2, 7)   (4, 6)
job_11  (4, 10)  (6, 9)   (3, 8)   (3, 6)   (3, 6)  (2, 1)   (6, 6)  (1, 10)   (1, 8)  (5, 2)   (2, 1)  (4, 4)   (6, 8)   (3, 1)
job_12   (1, 5)  (5, 4)   (6, 2)   (2, 2)  (3, 10)  (4, 3)   (6, 8)   (2, 7)   (4, 3)  (1, 7)   (0, 4)  (3, 6)   (4, 9)   (6, 3)
job_13   (0, 9)  (4, 2)   (0, 7)   (5, 5)   (5, 1)  (0, 8)  (5, 10)   (6, 4)  (6, 10)  (4, 6)   (0, 9)  (4, 7)   (5, 5)   (0, 8)
job_14  (4, 10)  (1, 9)   (0, 9)   (0, 9)   (6, 1)  (0, 5)   (5, 3)   (1, 9)   (4, 1)  (0, 9)   (2, 4)  (1, 3)   (0, 6)   (2, 9)
job_15   (3, 7)  (2, 7)   (1, 2)   (2, 2)   (5, 5)  (0, 4)   (6, 5)   (5, 8)   (4, 7)  (3, 6)   (0, 3)  (4, 3)  (6, 10)   (1, 6)
job_16   (3, 5)  (3, 4)  (5, 10)   (2, 2)   (0, 8)  (4, 4)   (0, 7)   (3, 5)   (6, 1)  (5, 7)   (4, 1)  (4, 3)   (5, 8)   (2, 4)
job_17   (5, 1)  (0, 2)   (6, 3)  (0, 10)   (1, 4)  (3, 3)   (5, 3)   (6, 8)   (1, 5)  (4, 5)   (6, 5)  (0, 6)   (5, 6)   (0, 2)


Solution:
Machine 0: job_3_task_0   job_13_task_0  job_3_task_2   job_13_task_2  job_14_task_2  job_9_task_1   job_5_task_1   job_17_task_1  job_13_task_5  job_14_task_3  job_7_task_3   job_17_task_3  job_6_task_2   job_15_task_5  job_3_task_8   job_16_task_4  job_9_task_4   job_0_task_4   job_3_task_9   job_14_task_5  job_0_task_7   job_1_task_7   job_4_task_6   job_12_task_10 job_10_task_4  job_15_task_10 job_4_task_7   job_14_task_9  job_13_task_10 job_8_task_10  job_9_task_9   job_6_task_10  job_4_task_10  job_16_task_6  job_7_task_10  job_14_task_12 job_17_task_11 job_7_task_12  job_13_task_13 job_17_task_13 
           [0,9]          [9,18]         [18,25]        [25,32]        [32,41]        [41,49]        [49,50]        [50,52]        [52,60]        [60,69]        [69,70]        [70,80]        [80,82]        [82,86]        [86,93]        [93,101]       [101,111]      [111,113]      [113,114]      [114,119]      [119,124]      [124,127]      [127,134]      [134,138]      [138,139]      [139,142]      [142,144]      [144,153]      [153,162]      [162,171]      [171,177]      [177,187]      [187,196]      [196,203]      [203,212]      [212,218]      [218,224]      [224,231]      [231,239]      [239,241]      
Machine 1: job_12_task_0  job_10_task_0  job_2_task_1   job_14_task_1  job_15_task_2  job_2_task_2   job_9_task_2   job_17_task_4  job_12_task_9  job_5_task_6   job_6_task_5   job_3_task_10  job_6_task_7   job_0_task_8   job_14_task_7  job_10_task_5  job_17_task_8  job_10_task_7  job_14_task_11 job_0_task_9   job_11_task_7  job_9_task_11  job_11_task_8  job_8_task_13  job_4_task_12  job_15_task_13 
           [0,5]          [5,9]          [9,16]         [16,25]        [25,27]        [27,35]        [49,55]        [80,84]        [87,94]        [98,103]       [112,113]      [114,121]      [121,124]      [124,132]      [132,141]      [141,147]      [147,152]      [152,156]      [157,160]      [160,169]      [169,179]      [179,184]      [184,192]      [192,195]      [201,205]      [206,212]      
Machine 2: job_2_task_0   job_8_task_1   job_15_task_1  job_12_task_3  job_15_task_3  job_10_task_3  job_5_task_2   job_8_task_4   job_12_task_7  job_8_task_7   job_16_task_3  job_5_task_7   job_5_task_8   job_0_task_5   job_5_task_9   job_11_task_5  job_4_task_9   job_14_task_10 job_2_task_11  job_10_task_12 job_11_task_10 job_9_task_13  job_14_task_13 job_16_task_13 
           [0,9]          [9,18]         [18,25]        [25,27]        [27,29]        [36,40]        [50,57]        [57,62]        [74,81]        [81,86]        [91,93]        [103,104]      [104,110]      [113,114]      [114,119]      [147,148]      [151,152]      [153,157]      [170,177]      [178,185]      [194,195]      [204,208]      [218,227]      [230,234]      
Machine 3: job_4_task_0   job_16_task_0  job_15_task_0  job_4_task_3   job_5_task_0   job_8_task_2   job_3_task_3   job_0_task_2   job_11_task_2  job_12_task_4  job_0_task_3   job_16_task_1  job_3_task_6   job_5_task_4   job_17_task_5  job_5_task_5   job_1_task_4   job_1_task_5   job_1_task_6   job_2_task_6   job_2_task_7   job_15_task_9  job_11_task_3  job_11_task_4  job_10_task_6  job_12_task_11 job_1_task_12  job_10_task_10 job_10_task_11 job_2_task_12  job_2_task_13  job_16_task_7  job_4_task_13  job_11_task_13 
           [0,3]          [3,8]          [8,15]         [15,16]        [16,17]        [18,26]        [26,34]        [34,39]        [39,47]        [47,57]        [57,66]        [66,70]        [70,78]        [78,86]        [86,89]        [89,98]        [98,103]       [103,110]      [110,117]      [117,119]      [119,126]      [129,135]      [135,141]      [141,147]      [147,150]      [150,156]      [164,171]      [174,177]      [177,178]      [178,185]      [185,186]      [203,208]      [208,215]      [222,223]      
Machine 4: job_14_task_0  job_11_task_0  job_13_task_1  job_0_task_0   job_1_task_0   job_0_task_1   job_10_task_2  job_3_task_4   job_1_task_3   job_2_task_5   job_12_task_5  job_8_task_5   job_9_task_3   job_3_task_7   job_12_task_8  job_8_task_8   job_13_task_9  job_16_task_5  job_7_task_6   job_7_task_7   job_7_task_8   job_15_task_8  job_6_task_8   job_3_task_11  job_14_task_8  job_9_task_7   job_1_task_10  job_17_task_9  job_5_task_13  job_13_task_11 job_10_task_9  job_0_task_10  job_15_task_11 job_12_task_12 job_6_task_11  job_9_task_12  job_10_task_13 job_11_task_11 job_7_task_11  job_16_task_10 job_16_task_11 job_3_task_12  job_6_task_13  job_0_task_13  
           [0,10]         [10,20]        [20,22]        [22,28]        [28,29]        [29,32]        [32,36]        [36,44]        [44,53]        [56,58]        [58,61]        [62,64]        [64,72]        [78,84]        [84,87]        [87,94]        [94,100]       [102,106]      [107,111]      [111,115]      [115,122]      [122,129]      [129,136]      [136,143]      [143,144]      [144,148]      [148,155]      [155,160]      [160,162]      [162,169]      [169,174]      [174,184]      [184,187]      [187,196]      [196,199]      [199,204]      [204,210]      [210,214]      [214,218]      [218,219]      [219,222]      [222,230]      [230,237]      [237,241]      
Machine 5: job_7_task_0   job_12_task_1  job_6_task_0   job_17_task_0  job_10_task_1  job_4_task_4   job_1_task_1   job_13_task_3  job_13_task_4  job_15_task_4  job_8_task_3   job_7_task_2   job_5_task_3   job_13_task_6  job_8_task_6   job_16_task_2  job_6_task_3   job_17_task_6  job_7_task_5   job_15_task_7  job_0_task_6   job_6_task_6   job_14_task_6  job_7_task_9   job_1_task_8   job_1_task_9   job_9_task_6   job_4_task_8   job_6_task_9   job_2_task_9   job_13_task_12 job_9_task_10  job_8_task_12  job_0_task_11  job_11_task_9  job_6_task_12  job_16_task_9  job_16_task_12 job_17_task_12 job_7_task_13  
           [0,10]         [10,14]        [14,16]        [16,17]        [17,23]        [23,29]        [29,32]        [32,37]        [37,38]        [38,43]        [43,47]        [47,57]        [57,61]        [61,71]        [71,81]        [81,91]        [91,96]        [96,99]        [99,107]       [107,115]      [115,119]      [119,121]      [121,124]      [124,126]      [127,137]      [137,138]      [138,142]      [144,151]      [151,156]      [156,163]      [169,174]      [177,179]      [180,186]      [186,191]      [192,194]      [199,201]      [209,216]      [222,230]      [230,236]      [236,237]      
Machine 6: job_8_task_0   job_4_task_1   job_4_task_2   job_3_task_1   job_7_task_1   job_12_task_2  job_11_task_1  job_9_task_0   job_1_task_2   job_2_task_3   job_3_task_5   job_2_task_4   job_17_task_2  job_6_task_1   job_12_task_6  job_13_task_7  job_13_task_8  job_7_task_4   job_15_task_6  job_6_task_4   job_14_task_4  job_4_task_5   job_9_task_5   job_17_task_7  job_2_task_8   job_5_task_10  job_8_task_9   job_5_task_11  job_5_task_12  job_9_task_8   job_11_task_6  job_1_task_11  job_10_task_8  job_2_task_10  job_8_task_11  job_1_task_13  job_17_task_10 job_15_task_12 job_12_task_13 job_4_task_11  job_0_task_12  job_16_task_8  job_11_task_12 job_3_task_13  
           [0,2]          [3,4]          [4,11]         [11,16]        [16,18]        [18,20]        [20,29]        [29,38]        [38,40]        [40,46]        [46,49]        [49,56]        [56,59]        [59,66]        [66,74]        [74,78]        [78,88]        [88,98]        [98,103]       [103,112]      [112,113]      [113,121]      [121,124]      [124,132]      [132,133]      [133,140]      [140,141]      [141,143]      [143,145]      [148,149]      [149,155]      [155,164]      [164,168]      [168,170]      [171,179]      [179,180]      [180,185]      [187,197]      [197,200]      [200,201]      [201,203]      [208,209]      [214,222]      [230,240]      
Optimal Schedule Length: 241.0
Total (Unoptimized Schedule Length): 1330
Statistics
  - conflicts: 0
  - branches : 0
  - wall time: 0.297981133s