
Problem
         task_0   task_1   task_2   task_3   task_4   task_5   task_6  task_7   task_8   task_9  task_10  task_11 task_12  task_13  task_14  task_15  task_16 task_17  task_18
job_0    (2, 6)   (1, 2)   (0, 8)   (4, 6)   (7, 9)   (2, 9)   (1, 4)  (2, 4)   (0, 6)   (5, 5)   (4, 7)   (2, 8)  (3, 3)  (5, 10)   (0, 1)   (8, 5)   (5, 9)  (0, 3)   (7, 5)
job_1    (5, 7)   (5, 4)   (8, 1)   (6, 9)   (2, 6)   (5, 6)   (4, 5)  (6, 8)   (4, 5)   (5, 2)   (6, 7)   (5, 6)  (2, 8)  (1, 10)   (8, 3)   (6, 6)   (6, 4)  (4, 4)  (2, 10)
job_2   (5, 10)  (8, 10)  (5, 10)   (7, 3)   (5, 1)  (2, 10)   (6, 3)  (3, 6)   (4, 7)   (8, 4)   (3, 1)  (4, 10)  (6, 2)   (7, 5)   (7, 3)   (0, 4)   (1, 8)  (6, 3)   (4, 4)
job_3    (1, 5)  (6, 10)   (1, 8)   (8, 7)   (8, 2)   (3, 1)   (8, 7)  (1, 9)   (0, 9)   (3, 6)   (2, 9)   (2, 6)  (4, 1)   (0, 1)   (1, 4)   (5, 9)   (5, 2)  (7, 6)   (0, 5)
job_4    (8, 6)   (8, 3)   (3, 3)   (2, 8)   (5, 6)   (6, 9)   (0, 5)  (4, 9)  (7, 10)  (3, 10)  (0, 10)   (8, 4)  (2, 5)   (0, 4)   (7, 1)   (5, 2)   (2, 4)  (4, 8)   (7, 8)
job_5    (0, 7)   (3, 8)   (0, 2)   (3, 1)   (6, 1)  (7, 10)  (7, 10)  (8, 8)   (8, 6)   (5, 2)   (7, 6)   (4, 6)  (3, 7)  (2, 10)   (1, 1)  (2, 10)   (0, 3)  (2, 5)  (4, 10)
job_6    (2, 5)   (4, 6)   (8, 8)   (5, 9)   (0, 9)   (3, 6)   (1, 1)  (2, 8)   (3, 4)   (3, 4)   (8, 6)   (1, 6)  (2, 9)   (7, 7)   (8, 7)  (2, 10)  (7, 10)  (2, 2)   (0, 1)
job_7    (2, 5)   (4, 1)   (0, 5)   (7, 5)   (1, 9)   (7, 1)   (2, 9)  (0, 7)   (4, 2)   (7, 6)   (3, 2)   (0, 8)  (6, 4)  (8, 10)   (4, 7)   (6, 2)   (2, 2)  (7, 9)   (1, 5)
job_8    (5, 8)   (1, 1)   (0, 7)   (4, 3)   (1, 5)  (2, 10)   (4, 9)  (8, 3)   (4, 4)   (8, 1)  (4, 10)   (7, 2)  (4, 6)   (1, 5)   (4, 5)   (0, 6)   (0, 1)  (7, 5)   (0, 9)
job_9    (2, 3)   (3, 8)   (3, 2)   (5, 7)   (7, 8)   (8, 2)   (7, 2)  (1, 8)   (5, 7)   (1, 4)   (1, 4)   (5, 6)  (5, 5)   (6, 6)   (1, 9)   (4, 8)   (6, 9)  (4, 2)   (7, 7)
job_10  (0, 10)   (2, 2)  (6, 10)   (7, 3)   (7, 9)   (0, 7)   (0, 2)  (3, 2)   (8, 1)   (7, 2)   (0, 3)   (3, 5)  (6, 5)   (8, 6)   (2, 4)   (5, 2)   (7, 9)  (3, 7)   (1, 5)
job_11   (5, 5)   (4, 7)   (6, 8)  (0, 10)   (8, 6)   (7, 5)   (3, 9)  (8, 3)   (0, 7)   (5, 8)   (8, 1)  (4, 10)  (5, 6)   (4, 5)   (1, 9)   (8, 2)   (0, 7)  (1, 8)   (2, 1)
job_12   (3, 6)   (6, 9)   (3, 4)   (8, 9)   (7, 6)   (0, 7)   (8, 7)  (0, 2)   (1, 1)   (5, 9)   (8, 1)   (2, 8)  (6, 4)   (1, 9)  (2, 10)   (4, 5)   (4, 2)  (5, 1)   (5, 7)
job_13   (2, 8)   (1, 7)   (8, 7)   (8, 7)   (2, 2)   (3, 1)   (7, 1)  (6, 3)   (8, 6)   (4, 7)   (4, 6)   (6, 7)  (2, 4)   (1, 1)   (4, 5)   (3, 6)   (3, 9)  (1, 5)   (7, 9)
job_14   (1, 3)   (7, 9)  (6, 10)   (1, 4)   (2, 4)   (7, 3)   (3, 2)  (0, 5)   (0, 4)   (6, 7)   (4, 7)   (5, 1)  (7, 8)  (2, 10)   (4, 6)   (3, 8)   (1, 2)  (5, 4)   (7, 5)
job_15  (7, 10)   (5, 3)   (0, 8)  (2, 10)  (6, 10)   (8, 1)   (0, 5)  (3, 3)   (4, 5)   (4, 8)   (8, 5)  (3, 10)  (8, 1)  (6, 10)   (2, 9)   (6, 5)   (1, 2)  (5, 7)   (2, 2)
job_16   (8, 5)   (7, 1)   (5, 1)   (3, 7)   (1, 5)   (8, 2)   (0, 9)  (6, 9)   (2, 7)   (6, 2)   (4, 7)   (5, 2)  (7, 4)   (5, 5)   (2, 2)   (0, 4)   (8, 9)  (4, 2)   (6, 8)
job_17  (7, 10)   (4, 6)   (8, 5)   (7, 7)   (5, 8)   (0, 8)   (8, 6)  (2, 8)   (5, 3)   (8, 8)   (1, 4)   (1, 7)  (0, 9)   (1, 4)   (7, 2)   (8, 8)   (2, 7)  (2, 5)   (4, 1)


Solution:
Machine 0: job_5_task_0   job_10_task_0  job_0_task_2   job_5_task_2   job_15_task_2  job_11_task_3  job_7_task_2   job_8_task_2   job_6_task_4   job_4_task_6   job_17_task_5  job_15_task_6  job_16_task_6  job_12_task_5  job_7_task_7   job_14_task_7  job_11_task_8  job_14_task_8  job_0_task_8   job_12_task_7  job_10_task_5  job_3_task_8   job_10_task_6  job_7_task_11  job_4_task_10  job_10_task_10 job_17_task_12 job_5_task_16  job_0_task_14  job_4_task_13  job_0_task_17  job_16_task_15 job_2_task_15  job_3_task_13  job_8_task_15  job_11_task_16 job_8_task_16  job_8_task_18  job_3_task_18  job_6_task_18  
           [0,7]          [7,17]         [17,25]        [25,27]        [27,35]        [35,45]        [45,50]        [50,57]        [57,66]        [66,71]        [71,79]        [79,84]        [84,93]        [93,100]       [100,107]      [107,112]      [112,119]      [119,123]      [123,129]      [129,131]      [131,138]      [138,147]      [147,149]      [149,157]      [157,167]      [167,170]      [170,179]      [179,182]      [199,200]      [213,217]      [217,220]      [220,224]      [224,228]      [228,229]      [230,236]      [236,243]      [243,244]      [249,258]      [258,263]      [281,282]      
Machine 1: job_3_task_0   job_14_task_0  job_0_task_1   job_3_task_2   job_13_task_1  job_8_task_1   job_14_task_3  job_0_task_6   job_7_task_4   job_8_task_4   job_16_task_4  job_6_task_6   job_3_task_7   job_9_task_7   job_9_task_9   job_6_task_11  job_9_task_10  job_12_task_8  job_17_task_10 job_17_task_11 job_1_task_13  job_5_task_14  job_9_task_14  job_12_task_13 job_17_task_13 job_13_task_13 job_7_task_18  job_8_task_13  job_11_task_14 job_3_task_14  job_2_task_16  job_13_task_17 job_11_task_17 job_14_task_16 job_15_task_16 job_10_task_18 
           [0,5]          [5,8]          [11,13]        [15,23]        [23,30]        [30,31]        [52,56]        [56,60]        [60,69]        [69,74]        [74,79]        [79,80]        [88,97]        [97,105]       [112,116]      [117,123]      [123,127]      [131,132]      [135,139]      [139,146]      [146,156]      [156,157]      [177,186]      [186,195]      [195,199]      [199,200]      [211,216]      [216,221]      [224,233]      [233,237]      [237,245]      [245,250]      [250,258]      [258,260]      [260,262]      [262,267]      
Machine 2: job_6_task_0   job_0_task_0   job_9_task_0   job_13_task_0  job_4_task_3   job_7_task_0   job_10_task_1  job_15_task_3  job_0_task_5   job_1_task_4   job_14_task_4  job_0_task_7   job_7_task_6   job_8_task_5   job_6_task_7   job_2_task_5   job_17_task_7  job_16_task_8  job_13_task_4  job_6_task_12  job_1_task_12  job_5_task_13  job_12_task_11 job_5_task_15  job_3_task_10  job_0_task_11  job_13_task_12 job_14_task_13 job_7_task_16  job_3_task_11  job_4_task_12  job_10_task_14 job_16_task_14 job_6_task_15  job_12_task_14 job_15_task_14 job_4_task_16  job_5_task_17  job_17_task_16 job_1_task_18  job_17_task_17 job_6_task_17  job_15_task_18 job_11_task_18 
           [0,5]          [5,11]         [11,14]        [14,22]        [22,30]        [30,35]        [35,37]        [37,47]        [47,56]        [56,62]        [62,66]        [66,70]        [70,79]        [79,89]        [89,97]        [97,107]       [107,115]      [115,122]      [122,124]      [124,133]      [133,141]      [141,151]      [151,159]      [159,169]      [169,178]      [178,186]      [186,190]      [190,200]      [200,202]      [202,208]      [208,213]      [213,217]      [217,219]      [219,229]      [229,239]      [239,248]      [248,252]      [252,257]      [257,264]      [264,274]      [274,279]      [279,281]      [281,283]      [283,284]      
Machine 3: job_12_task_0  job_5_task_1   job_4_task_2   job_9_task_1   job_9_task_2   job_5_task_3   job_12_task_2  job_16_task_3  job_6_task_5   job_3_task_5   job_15_task_7  job_11_task_6  job_6_task_8   job_14_task_6  job_6_task_9   job_2_task_7   job_4_task_9   job_13_task_5  job_5_task_12  job_7_task_10  job_15_task_11 job_10_task_7  job_3_task_9   job_2_task_10  job_10_task_11 job_0_task_12  job_13_task_15 job_13_task_16 job_10_task_17 job_14_task_15 
           [0,6]          [7,15]         [15,18]        [18,26]        [26,28]        [28,29]        [29,33]        [60,67]        [67,73]        [78,79]        [84,87]        [87,96]        [97,101]       [101,103]      [103,107]      [110,116]      [121,131]      [131,132]      [133,140]      [140,142]      [142,152]      [152,154]      [154,160]      [160,161]      [170,175]      [186,189]      [219,225]      [225,234]      [234,241]      [244,252]      
Machine 4: job_6_task_1   job_17_task_1  job_11_task_1  job_0_task_3   job_7_task_1   job_8_task_3   job_4_task_7   job_1_task_6   job_15_task_8  job_8_task_6   job_1_task_8   job_15_task_9  job_7_task_8   job_2_task_8   job_5_task_11  job_8_task_8   job_14_task_10 job_16_task_10 job_13_task_9  job_13_task_10 job_0_task_10  job_8_task_10  job_11_task_11 job_7_task_14  job_2_task_11  job_8_task_12  job_13_task_14 job_11_task_13 job_3_task_12  job_8_task_14  job_9_task_15  job_14_task_14 job_12_task_15 job_1_task_17  job_4_task_17  job_16_task_17 job_12_task_16 job_5_task_18  job_9_task_17  job_2_task_18  job_17_task_18 
           [5,11]         [11,17]        [17,24]        [25,31]        [35,36]        [57,60]        [71,80]        [80,85]        [87,92]        [92,101]       [101,106]      [106,114]      [114,116]      [116,123]      [127,133]      [133,137]      [137,144]      [144,151]      [151,158]      [158,164]      [164,171]      [171,181]      [181,191]      [191,198]      [198,208]      [208,214]      [214,219]      [219,224]      [224,225]      [225,230]      [230,238]      [238,244]      [244,249]      [249,253]      [253,261]      [261,263]      [263,265]      [265,275]      [275,277]      [277,281]      [281,282]      
Machine 5: job_11_task_0  job_1_task_0   job_1_task_1   job_8_task_0   job_15_task_1  job_6_task_3   job_9_task_3   job_4_task_4   job_2_task_0   job_16_task_2  job_17_task_4  job_1_task_5   job_2_task_2   job_2_task_4   job_9_task_8   job_1_task_9   job_5_task_9   job_17_task_8  job_11_task_9  job_1_task_11  job_12_task_9  job_0_task_9   job_9_task_11  job_9_task_12  job_14_task_11 job_16_task_11 job_16_task_13 job_0_task_13  job_11_task_12 job_0_task_16  job_10_task_15 job_4_task_15  job_3_task_15  job_3_task_16  job_14_task_17 job_15_task_17 job_12_task_17 job_12_task_18 
           [0,5]          [5,12]         [12,16]        [16,24]        [24,27]        [27,36]        [36,43]        [43,49]        [49,59]        [59,60]        [60,68]        [68,74]        [74,84]        [94,95]        [105,112]      [112,114]      [114,116]      [116,119]      [119,127]      [127,133]      [133,142]      [142,147]      [147,153]      [153,158]      [158,159]      [159,161]      [171,176]      [189,199]      [199,205]      [205,214]      [217,219]      [229,231]      [237,246]      [246,248]      [260,264]      [264,271]      [271,272]      [272,279]      
Machine 6: job_3_task_1   job_12_task_1  job_11_task_2  job_1_task_3   job_5_task_4   job_14_task_2  job_4_task_5   job_15_task_4  job_10_task_2  job_1_task_7   job_16_task_7  job_2_task_6   job_1_task_10  job_16_task_9  job_14_task_9  job_13_task_7  job_15_task_13 job_13_task_11 job_9_task_13  job_7_task_12  job_12_task_12 job_10_task_12 job_1_task_15  job_7_task_15  job_1_task_16  job_2_task_12  job_9_task_16  job_2_task_17  job_15_task_15 job_16_task_18 
           [5,15]         [15,24]        [24,32]        [32,41]        [41,42]        [42,52]        [52,61]        [61,71]        [71,81]        [85,93]        [93,102]       [107,110]      [114,121]      [122,124]      [124,131]      [134,137]      [154,164]      [164,171]      [171,177]      [177,181]      [181,185]      [185,190]      [190,196]      [198,200]      [200,204]      [208,210]      [238,247]      [247,250]      [250,255]      [263,271]      
Machine 7: job_17_task_0  job_15_task_0  job_14_task_1  job_16_task_1  job_17_task_3  job_0_task_4   job_9_task_4   job_7_task_3   job_5_task_5   job_7_task_5   job_5_task_6   job_11_task_5  job_12_task_4  job_2_task_3   job_9_task_6   job_14_task_5  job_10_task_3  job_10_task_4  job_4_task_8   job_5_task_10  job_7_task_9   job_13_task_6  job_6_task_13  job_10_task_9  job_14_task_12 job_16_task_12 job_8_task_11  job_17_task_14 job_7_task_17  job_2_task_13  job_2_task_14  job_10_task_16 job_4_task_14  job_6_task_16  job_0_task_18  job_8_task_17  job_3_task_17  job_13_task_18 job_4_task_18  job_14_task_18 job_9_task_18  
           [0,10]         [10,20]        [20,29]        [29,30]        [30,37]        [37,46]        [46,54]        [54,59]        [59,69]        [69,70]        [70,80]        [80,85]        [85,91]        [91,94]        [94,96]        [96,99]        [99,102]       [102,111]      [111,121]      [121,127]      [127,133]      [133,134]      [134,141]      [155,157]      [159,167]      [167,171]      [181,183]      [199,201]      [202,211]      [211,216]      [216,219]      [219,228]      [228,229]      [229,239]      [239,244]      [244,249]      [249,255]      [255,264]      [264,272]      [272,277]      [277,284]      
Machine 8: job_4_task_0   job_4_task_1   job_16_task_0  job_6_task_2   job_1_task_2   job_17_task_2  job_3_task_3   job_12_task_3  job_13_task_2  job_11_task_4  job_13_task_3  job_2_task_1   job_9_task_5   job_3_task_4   job_15_task_5  job_16_task_5  job_3_task_6   job_5_task_7   job_17_task_6  job_11_task_7  job_5_task_8   job_6_task_10  job_12_task_6  job_8_task_7   job_17_task_9  job_15_task_10 job_13_task_8  job_12_task_10 job_8_task_9   job_11_task_10 job_2_task_9   job_15_task_12 job_10_task_8  job_6_task_14  job_1_task_14  job_4_task_11  job_7_task_13  job_10_task_13 job_0_task_15  job_17_task_15 job_16_task_16 job_11_task_15 
           [0,6]          [6,9]          [9,14]         [14,22]        [22,23]        [23,28]        [28,35]        [35,44]        [44,51]        [51,57]        [57,64]        [64,74]        [74,76]        [76,78]        [78,79]        [79,81]        [81,88]        [88,96]        [96,102]       [102,105]      [105,111]      [111,117]      [117,124]      [124,127]      [127,135]      [135,140]      [140,146]      [146,147]      [147,148]      [148,149]      [149,153]      [153,154]      [154,155]      [155,162]      [162,165]      [167,171]      [181,191]      [191,197]      [200,205]      [205,213]      [224,233]      [233,235]      
Optimal Schedule Length: 284.0
Total (Unoptimized Schedule Length): 1926
Statistics
  - conflicts: 0
  - branches : 0
  - wall time: 0.606602351s