
Problem
         task_0   task_1   task_2   task_3  task_4   task_5   task_6   task_7   task_8   task_9  task_10  task_11  task_12  task_13 task_14 task_15 task_16  task_17 task_18
job_0    (1, 2)   (0, 7)   (2, 6)   (2, 8)  (2, 7)   (0, 8)   (0, 6)   (1, 8)   (0, 8)   (1, 8)   (0, 9)   (1, 7)   (2, 5)   (0, 1)  (1, 8)  (1, 1)  (2, 5)   (2, 4)  (2, 4)
job_1    (1, 3)   (0, 9)   (2, 5)   (1, 1)  (2, 4)   (2, 1)   (0, 2)   (2, 9)   (0, 8)   (0, 5)   (0, 4)   (0, 2)   (0, 7)   (1, 9)  (2, 6)  (1, 4)  (0, 2)   (2, 2)  (1, 4)
job_2    (2, 9)   (2, 8)   (2, 5)   (2, 2)  (0, 8)   (1, 3)   (0, 7)   (2, 5)   (2, 8)   (0, 1)   (1, 5)   (0, 2)   (1, 6)   (2, 1)  (1, 6)  (1, 8)  (2, 2)  (0, 10)  (1, 5)
job_3    (0, 6)   (0, 6)   (1, 1)   (0, 4)  (1, 2)   (0, 4)   (0, 2)   (0, 5)   (1, 1)   (0, 4)   (1, 9)   (1, 5)   (2, 3)   (2, 8)  (1, 3)  (0, 3)  (2, 8)   (0, 1)  (0, 5)
job_4   (2, 10)   (0, 8)   (2, 1)   (0, 3)  (0, 4)   (1, 8)   (1, 3)   (0, 6)   (2, 7)   (1, 2)   (1, 7)   (1, 1)   (1, 8)   (0, 3)  (0, 4)  (0, 8)  (0, 8)   (0, 5)  (2, 9)
job_5    (0, 1)   (0, 4)   (0, 7)   (1, 7)  (0, 4)   (2, 9)   (2, 4)   (2, 3)   (2, 8)   (2, 5)   (0, 7)   (2, 9)   (2, 1)   (0, 1)  (1, 5)  (2, 5)  (0, 5)   (2, 1)  (2, 3)
job_6    (2, 6)  (0, 10)   (2, 5)   (2, 3)  (2, 7)   (0, 2)  (0, 10)   (1, 4)  (1, 10)   (2, 9)  (1, 10)   (0, 8)  (1, 10)   (2, 3)  (0, 3)  (2, 8)  (1, 5)   (0, 7)  (0, 2)
job_7    (2, 5)   (0, 9)   (1, 2)   (1, 1)  (0, 9)   (1, 9)   (0, 5)   (2, 7)   (2, 9)   (1, 2)  (1, 10)   (2, 8)   (0, 9)   (1, 7)  (1, 1)  (2, 9)  (0, 9)   (2, 3)  (1, 9)
job_8    (0, 7)   (1, 6)   (0, 4)   (0, 3)  (1, 7)   (1, 4)   (2, 1)   (1, 2)   (2, 1)   (0, 1)   (0, 8)   (1, 6)   (1, 8)   (1, 8)  (0, 4)  (0, 7)  (1, 4)   (0, 7)  (1, 9)
job_9    (2, 6)   (2, 6)  (0, 10)   (2, 6)  (2, 6)   (1, 3)   (1, 3)  (2, 10)   (0, 3)  (0, 10)   (0, 7)  (1, 10)   (1, 2)   (2, 9)  (0, 2)  (1, 8)  (0, 1)   (2, 1)  (0, 8)
job_10   (2, 5)   (2, 3)   (2, 2)   (2, 8)  (0, 8)   (1, 9)   (2, 7)   (2, 9)   (2, 6)   (1, 1)   (2, 1)   (0, 2)   (0, 8)   (1, 6)  (1, 9)  (1, 5)  (0, 1)   (0, 8)  (2, 2)
job_11   (0, 6)   (0, 9)   (2, 2)  (2, 10)  (0, 1)   (0, 3)   (1, 9)   (0, 8)  (2, 10)   (0, 6)   (0, 4)   (2, 2)   (0, 4)   (0, 2)  (2, 6)  (0, 9)  (1, 8)   (0, 2)  (2, 8)
job_12  (2, 10)   (0, 5)   (0, 4)   (0, 2)  (0, 8)  (1, 10)  (2, 10)   (2, 8)   (1, 8)   (1, 3)   (1, 3)   (1, 5)   (0, 2)   (0, 9)  (1, 4)  (1, 6)  (2, 6)   (0, 6)  (2, 4)
job_13   (0, 8)   (0, 1)   (1, 4)   (0, 4)  (1, 4)   (0, 1)   (0, 4)   (1, 1)   (2, 3)   (0, 3)   (1, 1)   (0, 6)   (0, 9)  (1, 10)  (0, 7)  (2, 4)  (2, 8)   (1, 8)  (2, 3)


Solution:
Machine 0: job_11_task_0  job_7_task_1   job_6_task_1   job_0_task_1   job_7_task_4   job_12_task_1  job_11_task_1  job_9_task_2   job_12_task_2  job_8_task_0   job_4_task_1   job_12_task_3  job_12_task_4  job_6_task_5   job_5_task_0   job_13_task_0  job_6_task_6   job_5_task_1   job_7_task_6   job_8_task_2   job_5_task_2   job_4_task_3   job_1_task_1   job_4_task_4   job_11_task_4  job_0_task_5   job_10_task_4  job_13_task_1  job_11_task_5  job_8_task_3   job_3_task_0   job_2_task_4   job_13_task_3  job_0_task_6   job_3_task_1   job_5_task_4   job_11_task_7  job_13_task_5  job_4_task_7   job_3_task_3   job_13_task_6  job_2_task_6   job_1_task_6   job_8_task_9   job_9_task_8   job_3_task_5   job_8_task_10  job_0_task_8   job_13_task_9  job_9_task_9   job_3_task_6   job_3_task_7   job_13_task_11 job_1_task_8   job_11_task_9  job_3_task_9   job_13_task_12 job_9_task_10  job_7_task_12  job_2_task_9   job_6_task_11  job_11_task_10 job_1_task_9   job_0_task_10  job_10_task_11 job_2_task_11  job_1_task_10  job_11_task_12 job_10_task_12 job_12_task_12 job_4_task_13  job_5_task_10  job_1_task_11  job_11_task_13 job_12_task_13 job_4_task_14  job_1_task_12  job_8_task_14  job_13_task_14 job_4_task_15  job_8_task_15  job_11_task_15 job_6_task_14  job_0_task_13  job_4_task_16  job_7_task_16  job_5_task_13  job_9_task_14  job_3_task_15  job_8_task_17  job_2_task_17  job_4_task_17  job_10_task_16 job_9_task_16  job_11_task_17 job_12_task_17 job_10_task_17 job_5_task_16  job_6_task_17  job_1_task_16  job_9_task_18  job_3_task_17  job_3_task_18  job_6_task_18  
           [0,6]          [6,15]         [15,25]        [25,32]        [32,41]        [41,46]        [46,55]        [55,65]        [65,69]        [69,76]        [76,84]        [84,86]        [86,94]        [94,96]        [96,97]        [97,105]       [105,115]      [115,119]      [119,124]      [124,128]      [128,135]      [135,138]      [138,147]      [147,151]      [151,152]      [152,160]      [160,168]      [168,169]      [169,172]      [172,175]      [175,181]      [181,189]      [189,193]      [193,199]      [199,205]      [205,209]      [209,217]      [217,218]      [218,224]      [224,228]      [228,232]      [232,239]      [239,241]      [241,242]      [242,245]      [245,249]      [249,257]      [257,265]      [265,268]      [268,278]      [278,280]      [280,285]      [285,291]      [291,299]      [299,305]      [305,309]      [309,318]      [318,325]      [325,334]      [334,335]      [335,343]      [343,347]      [347,352]      [352,361]      [361,363]      [363,365]      [365,369]      [369,373]      [373,381]      [381,383]      [383,386]      [386,393]      [393,395]      [395,397]      [397,406]      [406,410]      [410,417]      [417,421]      [421,428]      [428,436]      [436,443]      [443,452]      [452,455]      [455,456]      [456,464]      [464,473]      [473,474]      [474,476]      [476,479]      [479,486]      [486,496]      [496,501]      [501,502]      [502,503]      [503,505]      [505,511]      [511,519]      [519,524]      [524,531]      [531,533]      [533,541]      [541,542]      [542,547]      [547,549]      
Machine 1: job_0_task_0   job_1_task_0   job_7_task_2   job_7_task_3   job_7_task_5   job_8_task_1   job_12_task_5  job_6_task_7   job_6_task_8   job_5_task_3   job_9_task_5   job_9_task_6   job_4_task_5   job_4_task_6   job_7_task_9   job_7_task_10  job_13_task_2  job_11_task_6  job_8_task_4   job_10_task_5  job_13_task_4  job_1_task_3   job_8_task_5   job_2_task_5   job_3_task_2   job_0_task_7   job_8_task_7   job_12_task_8  job_13_task_7  job_3_task_4   job_6_task_10  job_4_task_9   job_4_task_10  job_12_task_9  job_8_task_11  job_0_task_9   job_13_task_10 job_8_task_12  job_4_task_11  job_12_task_10 job_3_task_8   job_4_task_12  job_12_task_11 job_8_task_13  job_10_task_9  job_3_task_10  job_13_task_13 job_9_task_11  job_2_task_10  job_7_task_13  job_6_task_12  job_3_task_11  job_2_task_12  job_0_task_11  job_7_task_14  job_9_task_12  job_2_task_14  job_10_task_13 job_2_task_15  job_10_task_14 job_12_task_14 job_12_task_15 job_1_task_13  job_3_task_14  job_10_task_15 job_13_task_17 job_8_task_16  job_11_task_16 job_0_task_14  job_0_task_15  job_6_task_16  job_5_task_14  job_9_task_15  job_1_task_15  job_8_task_18  job_7_task_18  job_2_task_18  job_1_task_18  
           [0,2]          [2,5]          [15,17]        [17,18]        [41,50]        [76,82]        [94,104]       [115,119]      [119,129]      [135,142]      [144,147]      [147,150]      [151,159]      [159,162]      [162,164]      [164,174]      [174,178]      [178,187]      [187,194]      [194,203]      [203,207]      [207,208]      [208,212]      [212,215]      [215,216]      [216,224]      [224,226]      [226,234]      [234,235]      [235,237]      [237,247]      [247,249]      [249,256]      [256,259]      [259,265]      [265,273]      [273,274]      [274,282]      [282,283]      [283,286]      [286,287]      [287,295]      [295,300]      [300,308]      [308,309]      [309,318]      [318,328]      [328,338]      [338,343]      [343,350]      [350,360]      [360,365]      [365,371]      [371,378]      [378,379]      [379,381]      [381,387]      [387,393]      [393,401]      [401,410]      [410,414]      [414,420]      [420,429]      [429,432]      [432,437]      [440,448]      [448,452]      [452,460]      [460,468]      [468,469]      [469,474]      [474,479]      [479,487]      [487,491]      [491,500]      [500,509]      [509,514]      [535,539]      
Machine 2: job_7_task_0   job_6_task_0   job_12_task_0  job_9_task_0   job_6_task_2   job_9_task_1   job_4_task_0   job_0_task_2   job_6_task_3   job_2_task_0   job_10_task_0  job_6_task_4   job_0_task_3   job_10_task_1  job_11_task_2  job_10_task_2  job_2_task_1   job_11_task_3  job_10_task_3  job_9_task_3   job_0_task_4   job_4_task_2   job_2_task_2   job_9_task_4   job_7_task_7   job_2_task_3   job_7_task_8   job_1_task_2   job_12_task_6  job_9_task_7   job_6_task_9   job_12_task_7  job_10_task_6  job_1_task_4   job_8_task_6   job_5_task_5   job_1_task_5   job_8_task_8   job_4_task_8   job_11_task_8  job_13_task_8  job_1_task_7   job_2_task_7   job_10_task_7  job_5_task_6   job_7_task_11  job_2_task_8   job_5_task_7   job_5_task_8   job_10_task_8  job_5_task_9   job_10_task_10 job_11_task_11 job_6_task_13  job_3_task_12  job_3_task_13  job_2_task_13  job_0_task_12  job_7_task_15  job_9_task_13  job_11_task_14 job_5_task_11  job_5_task_12  job_2_task_16  job_12_task_16 job_13_task_15 job_13_task_16 job_1_task_14  job_13_task_18 job_6_task_15  job_0_task_16  job_7_task_17  job_0_task_17  job_5_task_15  job_3_task_16  job_0_task_18  job_4_task_18  job_9_task_17  job_11_task_18 job_12_task_18 job_10_task_18 job_5_task_17  job_5_task_18  job_1_task_17  
           [0,5]          [5,11]         [11,21]        [21,27]        [27,32]        [32,38]        [38,48]        [48,54]        [54,57]        [57,66]        [66,71]        [71,78]        [78,86]        [86,89]        [89,91]        [91,93]        [93,101]       [101,111]      [111,119]      [119,125]      [125,132]      [132,133]      [133,138]      [138,144]      [144,151]      [151,153]      [153,162]      [162,167]      [167,177]      [177,187]      [187,196]      [196,204]      [204,211]      [211,215]      [215,216]      [216,225]      [225,226]      [226,227]      [227,234]      [234,244]      [244,247]      [247,256]      [256,261]      [261,270]      [270,274]      [274,282]      [282,290]      [290,293]      [293,301]      [301,307]      [307,312]      [312,313]      [347,349]      [360,363]      [365,368]      [368,376]      [376,377]      [378,383]      [383,392]      [392,401]      [401,407]      [407,416]      [416,417]      [417,419]      [420,426]      [428,432]      [432,440]      [440,446]      [448,451]      [455,463]      [469,474]      [474,477]      [477,481]      [481,486]      [486,494]      [494,498]      [501,510]      [510,511]      [511,519]      [519,523]      [523,525]      [525,526]      [526,529]      [533,535]      
Optimal Schedule Length: 549.0
Total (Unoptimized Schedule Length): 1438
Statistics
  - conflicts: 0
  - branches : 267
  - wall time: 0.24861645500000001s