
Problem
         task_0   task_1  task_2  task_3  task_4   task_5   task_6   task_7   task_8  task_9  task_10  task_11  task_12  task_13  task_14  task_15
job_0    (5, 2)  (0, 10)  (5, 1)  (6, 9)  (0, 5)   (0, 5)  (3, 10)   (2, 3)   (5, 1)  (0, 6)   (6, 1)   (3, 9)   (4, 6)  (6, 10)  (3, 10)   (4, 9)
job_1    (5, 7)  (5, 10)  (6, 1)  (3, 7)  (6, 8)   (4, 6)   (4, 5)   (0, 6)   (4, 3)  (4, 5)   (6, 2)  (3, 10)   (4, 3)   (2, 1)   (4, 1)  (0, 10)
job_2    (4, 3)   (6, 3)  (1, 9)  (4, 9)  (2, 8)   (1, 3)   (1, 4)   (2, 5)   (5, 2)  (4, 2)   (6, 7)   (6, 5)   (1, 1)   (1, 4)   (3, 6)   (1, 7)
job_3    (2, 2)   (4, 4)  (5, 4)  (1, 8)  (2, 6)   (3, 5)   (0, 3)   (6, 9)   (3, 9)  (2, 3)  (3, 10)  (6, 10)   (2, 4)   (2, 5)   (2, 3)   (5, 5)
job_4    (2, 5)  (4, 10)  (0, 2)  (3, 1)  (5, 7)   (3, 2)   (4, 4)   (5, 5)  (4, 10)  (6, 5)   (6, 7)   (5, 4)  (3, 10)   (0, 5)   (3, 9)   (5, 4)
job_5    (2, 5)   (1, 4)  (1, 3)  (3, 2)  (3, 4)  (6, 10)   (1, 4)   (4, 6)   (1, 8)  (6, 4)   (0, 3)   (1, 3)   (2, 8)   (1, 5)   (6, 2)   (3, 5)
job_6    (5, 6)   (5, 8)  (6, 7)  (6, 9)  (2, 5)   (0, 4)   (2, 2)   (1, 7)   (5, 4)  (4, 5)   (5, 6)   (5, 6)   (4, 3)   (6, 9)   (3, 8)   (1, 5)
job_7    (0, 9)   (6, 5)  (6, 1)  (6, 4)  (4, 4)   (3, 3)  (0, 10)   (6, 3)   (1, 9)  (5, 8)   (2, 9)   (1, 6)   (6, 5)   (0, 8)   (4, 5)   (4, 4)
job_8    (1, 9)   (6, 8)  (2, 1)  (0, 8)  (5, 6)   (4, 5)  (3, 10)   (4, 4)   (3, 3)  (1, 1)   (4, 2)   (6, 3)   (4, 9)   (4, 2)   (2, 9)  (3, 10)
job_9   (3, 10)   (6, 2)  (5, 4)  (5, 7)  (6, 4)   (2, 6)   (6, 6)   (5, 8)   (6, 7)  (4, 9)   (0, 9)   (3, 5)   (4, 9)   (3, 9)  (4, 10)   (6, 4)
job_10   (1, 8)   (3, 3)  (6, 2)  (5, 6)  (6, 8)   (2, 2)   (4, 6)   (4, 9)   (5, 3)  (5, 3)   (5, 9)   (2, 8)   (0, 4)   (2, 2)  (5, 10)   (3, 6)
job_11   (5, 9)   (3, 4)  (5, 1)  (4, 4)  (0, 1)   (3, 9)   (4, 8)   (3, 4)   (5, 2)  (0, 2)   (6, 3)   (5, 4)   (3, 5)   (1, 9)   (5, 1)   (3, 5)
job_12   (2, 5)   (0, 4)  (6, 1)  (3, 4)  (3, 9)   (2, 8)   (0, 9)   (3, 7)   (6, 2)  (5, 2)   (5, 8)   (5, 8)   (3, 9)   (0, 2)   (1, 7)   (5, 7)
job_13   (1, 4)   (3, 9)  (1, 7)  (6, 1)  (5, 2)   (3, 6)   (2, 9)   (0, 5)   (5, 5)  (0, 2)   (4, 4)  (2, 10)   (2, 3)  (0, 10)  (1, 10)   (0, 7)
job_14   (2, 5)   (0, 5)  (3, 3)  (6, 8)  (6, 8)   (4, 3)   (4, 6)  (1, 10)   (5, 5)  (2, 9)   (2, 7)   (4, 1)   (0, 3)  (6, 10)   (4, 1)   (3, 2)


Solution:
Machine 0: job_7_task_0   job_0_task_1   job_12_task_1  job_14_task_1  job_4_task_2   job_8_task_3   job_11_task_4  job_0_task_4   job_0_task_5   job_7_task_6   job_3_task_6   job_13_task_7  job_0_task_9   job_12_task_6  job_9_task_10  job_13_task_9  job_10_task_12 job_1_task_7   job_6_task_5   job_5_task_10  job_11_task_9  job_14_task_12 job_4_task_13  job_7_task_13  job_13_task_13 job_12_task_13 job_13_task_15 job_1_task_15  
           [0,9]          [9,19]         [19,23]        [23,28]        [28,30]        [30,38]        [38,39]        [42,47]        [47,52]        [61,71]        [71,74]        [84,89]        [89,95]        [95,104]       [104,113]      [113,115]      [133,137]      [139,145]      [145,149]      [149,152]      [154,156]      [159,162]      [167,172]      [178,186]      [188,198]      [202,204]      [209,216]      [225,235]      
Machine 1: job_13_task_0  job_8_task_0   job_10_task_0  job_13_task_2  job_2_task_2   job_5_task_1   job_3_task_3   job_5_task_2   job_2_task_5   job_2_task_6   job_7_task_8   job_5_task_6   job_14_task_7  job_5_task_8   job_8_task_9   job_6_task_7   job_5_task_11  job_7_task_11  job_5_task_13  job_13_task_14 job_2_task_12  job_2_task_13  job_12_task_14 job_11_task_13 job_2_task_15  job_6_task_15  
           [0,4]          [4,13]         [13,21]        [21,28]        [28,37]        [37,41]        [41,49]        [49,52]        [63,66]        [66,70]        [96,105]       [114,118]      [122,132]      [132,140]      [148,149]      [151,158]      [158,161]      [167,173]      [176,181]      [198,208]      [208,209]      [209,213]      [213,220]      [228,237]      [237,244]      [244,249]      
Machine 2: job_12_task_0  job_3_task_0   job_4_task_0   job_14_task_0  job_5_task_0   job_8_task_2   job_9_task_5   job_3_task_4   job_2_task_4   job_10_task_5  job_2_task_7   job_13_task_6  job_0_task_7   job_12_task_5  job_7_task_10  job_3_task_9   job_10_task_11 job_6_task_4   job_10_task_13 job_14_task_9  job_6_task_6   job_14_task_10 job_13_task_11 job_5_task_12  job_13_task_12 job_3_task_12  job_3_task_13  job_3_task_14  job_8_task_14  job_1_task_13  
           [0,5]          [5,7]          [7,12]         [12,17]        [17,22]        [24,25]        [33,39]        [49,55]        [55,63]        [63,65]        [70,75]        [75,84]        [84,87]        [87,95]        [113,122]      [122,125]      [125,133]      [133,138]      [138,140]      [140,149]      [149,151]      [151,158]      [158,168]      [168,176]      [176,179]      [192,196]      [196,201]      [203,206]      [214,223]      [223,224]      
Machine 3: job_9_task_0   job_13_task_1  job_11_task_1  job_10_task_1  job_12_task_3  job_14_task_2  job_4_task_3   job_12_task_4  job_11_task_5  job_5_task_3   job_5_task_4   job_7_task_5   job_3_task_5   job_13_task_5  job_4_task_5   job_0_task_6   job_1_task_3   job_8_task_6   job_11_task_7  job_12_task_7  job_3_task_8   job_9_task_11  job_0_task_11  job_3_task_10  job_8_task_8   job_12_task_12 job_4_task_12  job_10_task_15 job_4_task_14  job_11_task_12 job_5_task_15  job_14_task_15 job_0_task_14  job_1_task_11  job_9_task_13  job_2_task_14  job_6_task_14  job_8_task_15  job_11_task_15 
           [0,10]         [10,19]        [19,23]        [23,26]        [26,30]        [30,33]        [33,34]        [34,43]        [43,52]        [52,54]        [54,58]        [58,61]        [61,66]        [66,72]        [72,74]        [74,84]        [84,91]        [91,101]       [101,105]      [105,112]      [112,121]      [121,126]      [126,135]      [135,145]      [145,148]      [148,157]      [157,167]      [167,173]      [173,182]      [182,187]      [187,192]      [192,194]      [194,204]      [204,214]      [214,223]      [223,229]      [229,237]      [237,247]      [247,252]      
Machine 4: job_2_task_0   job_3_task_1   job_4_task_1   job_11_task_3  job_2_task_3   job_7_task_4   job_11_task_6  job_10_task_6  job_4_task_6   job_14_task_5  job_8_task_5   job_10_task_7  job_9_task_9   job_4_task_8   job_2_task_9   job_14_task_6  job_5_task_7   job_1_task_5   job_1_task_6   job_8_task_7   job_13_task_10 job_14_task_11 job_6_task_9   job_8_task_10  job_1_task_8   job_0_task_12  job_14_task_14 job_1_task_9   job_9_task_12  job_6_task_12  job_8_task_12  job_8_task_13  job_1_task_12  job_7_task_14  job_1_task_14  job_9_task_14  job_0_task_15  job_7_task_15  
           [0,3]          [7,11]         [12,22]        [30,34]        [37,46]        [52,56]        [56,64]        [65,71]        [74,78]        [78,81]        [81,86]        [86,95]        [95,104]       [104,114]      [114,116]      [116,122]      [122,128]      [128,134]      [134,139]      [139,143]      [146,150]      [158,159]      [168,173]      [173,175]      [175,178]      [178,184]      [184,185]      [186,191]      [191,200]      [200,203]      [203,212]      [212,214]      [215,218]      [218,223]      [224,225]      [225,235]      [235,244]      [244,248]      
Machine 5: job_0_task_0   job_6_task_0   job_11_task_0  job_9_task_2   job_0_task_2   job_9_task_3   job_11_task_2  job_3_task_2   job_1_task_0   job_10_task_3  job_4_task_4   job_13_task_4  job_9_task_7   job_1_task_1   job_8_task_4   job_4_task_7   job_2_task_8   job_0_task_8   job_13_task_8  job_6_task_1   job_10_task_8  job_7_task_9   job_10_task_9  job_10_task_10 job_12_task_9  job_12_task_10 job_14_task_8  job_12_task_11 job_4_task_11  job_11_task_8  job_10_task_14 job_6_task_8   job_11_task_11 job_6_task_10  job_6_task_11  job_4_task_15  job_3_task_15  job_12_task_15 job_11_task_14 
           [0,2]          [2,8]          [8,17]         [17,21]        [21,22]        [22,29]        [29,30]        [31,35]        [35,42]        [42,48]        [48,55]        [55,57]        [57,65]        [65,75]        [75,81]        [81,86]        [86,88]        [88,89]        [89,94]        [94,102]       [102,105]      [105,113]      [113,116]      [116,125]      [125,127]      [127,135]      [135,140]      [140,148]      [148,152]      [152,154]      [154,164]      [164,168]      [168,172]      [173,179]      [179,185]      [185,189]      [206,211]      [220,227]      [237,238]      
Machine 6: job_2_task_1   job_7_task_1   job_9_task_1   job_8_task_1   job_12_task_2  job_7_task_2   job_10_task_2  job_13_task_3  job_9_task_4   job_0_task_3   job_9_task_6   job_7_task_3   job_10_task_4  job_14_task_3  job_14_task_4  job_1_task_2   job_9_task_8   job_3_task_7   job_7_task_7   job_1_task_4   job_5_task_5   job_6_task_2   job_12_task_8  job_0_task_10  job_6_task_3   job_4_task_9   job_4_task_10  job_5_task_9   job_3_task_11  job_11_task_10 job_14_task_13 job_7_task_12  job_8_task_11  job_5_task_14  job_0_task_13  job_1_task_10  job_2_task_10  job_2_task_11  job_6_task_13  job_9_task_15  
           [3,6]          [9,14]         [14,16]        [16,24]        [24,25]        [25,26]        [26,28]        [28,29]        [29,33]        [33,42]        [42,48]        [48,52]        [52,60]        [60,68]        [68,76]        [76,77]        [77,84]        [84,93]        [93,96]        [96,104]       [104,114]      [114,121]      [121,123]      [123,124]      [124,133]      [133,138]      [138,145]      [145,149]      [149,159]      [159,162]      [162,172]      [173,178]      [178,181]      [181,183]      [184,194]      [194,196]      [196,203]      [203,208]      [208,217]      [235,239]      
Optimal Schedule Length: 252.0
Total (Unoptimized Schedule Length): 1334
Statistics
  - conflicts: 0
  - branches : 0
  - wall time: 0.324183502s