
Problem
         task_0  task_1   task_2   task_3   task_4   task_5  task_6   task_7   task_8   task_9  task_10  task_11  task_12  task_13 task_14
job_0   (1, 10)  (2, 1)   (2, 1)  (1, 10)   (0, 2)   (0, 6)  (2, 1)   (1, 5)   (2, 1)   (2, 1)   (1, 9)  (2, 10)   (0, 4)   (0, 7)  (1, 5)
job_1    (2, 1)  (1, 6)   (0, 6)   (1, 1)   (2, 9)   (1, 6)  (2, 5)   (1, 2)   (2, 6)   (2, 2)  (1, 10)   (1, 8)   (2, 4)   (2, 5)  (2, 1)
job_2    (0, 4)  (1, 7)   (1, 2)   (1, 4)  (1, 10)  (2, 10)  (1, 4)   (2, 1)   (1, 7)   (2, 3)   (2, 4)   (2, 3)   (0, 8)   (2, 7)  (0, 8)
job_3    (1, 3)  (0, 5)   (1, 9)   (1, 1)   (1, 5)  (0, 10)  (1, 3)  (0, 10)   (1, 9)   (0, 4)   (2, 3)   (2, 2)   (0, 1)   (2, 5)  (2, 8)
job_4   (1, 10)  (2, 2)   (0, 7)   (0, 9)  (0, 10)   (1, 4)  (2, 1)   (0, 5)  (2, 10)   (0, 9)   (0, 2)   (0, 4)   (0, 7)   (1, 5)  (0, 5)
job_5    (0, 6)  (1, 6)   (2, 6)   (0, 1)   (1, 4)   (0, 9)  (1, 1)   (1, 3)   (1, 2)  (0, 10)   (1, 4)   (2, 5)   (0, 1)  (1, 10)  (0, 8)
job_6    (1, 4)  (2, 5)   (2, 7)   (2, 1)   (2, 8)   (0, 4)  (1, 4)   (1, 7)   (1, 7)   (2, 2)   (1, 6)   (2, 2)   (1, 6)   (0, 2)  (1, 8)
job_7    (1, 4)  (2, 7)   (1, 3)  (1, 10)   (2, 3)   (1, 4)  (1, 8)   (1, 8)   (2, 9)   (1, 6)  (0, 10)   (0, 4)   (0, 5)  (1, 10)  (1, 1)
job_8    (2, 7)  (0, 1)   (1, 9)   (0, 1)   (1, 8)   (0, 8)  (1, 3)  (2, 10)   (1, 5)   (2, 7)   (0, 7)   (2, 1)   (0, 6)   (0, 2)  (1, 5)
job_9    (0, 7)  (1, 6)  (1, 10)   (0, 5)   (2, 8)  (0, 10)  (1, 9)   (0, 6)   (2, 4)   (1, 3)   (1, 3)  (1, 10)   (1, 6)  (1, 10)  (2, 1)
job_10   (1, 8)  (2, 1)   (0, 6)   (1, 1)  (0, 10)   (0, 1)  (0, 8)   (0, 3)   (2, 4)   (0, 5)   (1, 3)   (2, 2)  (2, 10)  (2, 10)  (2, 3)
job_11   (0, 5)  (0, 8)   (0, 9)  (1, 10)   (2, 2)   (1, 3)  (2, 2)   (1, 7)   (1, 2)   (1, 4)   (2, 1)   (1, 5)   (1, 1)  (0, 10)  (0, 6)
job_12   (1, 4)  (1, 1)   (0, 6)  (2, 10)   (1, 8)   (2, 2)  (1, 1)   (2, 7)  (2, 10)   (2, 4)   (0, 3)   (1, 5)   (2, 4)   (2, 7)  (0, 2)
job_13   (0, 6)  (1, 9)  (1, 10)   (0, 5)   (2, 7)   (1, 1)  (2, 7)   (0, 2)  (2, 10)   (1, 3)   (0, 7)   (2, 4)   (2, 8)   (1, 6)  (2, 4)
job_14   (0, 2)  (1, 6)   (0, 7)   (1, 4)   (0, 2)   (0, 9)  (2, 5)   (0, 3)   (1, 6)  (0, 10)   (2, 3)   (2, 9)   (2, 3)   (0, 8)  (1, 6)


Solution:
Machine 0: job_9_task_0   job_13_task_0  job_14_task_0  job_2_task_0   job_4_task_2   job_5_task_0   job_11_task_0  job_9_task_3   job_8_task_1   job_4_task_3   job_3_task_1   job_14_task_2  job_11_task_1  job_11_task_2  job_10_task_2  job_4_task_4   job_13_task_3  job_9_task_5   job_8_task_3   job_1_task_2   job_12_task_2  job_6_task_5   job_5_task_3   job_14_task_4  job_14_task_5  job_14_task_7  job_8_task_5   job_0_task_4   job_10_task_4  job_3_task_5   job_5_task_5   job_10_task_5  job_0_task_5   job_10_task_6  job_13_task_7  job_4_task_7   job_9_task_7   job_10_task_7  job_3_task_7   job_14_task_9  job_4_task_9   job_5_task_9   job_10_task_9  job_4_task_10  job_4_task_11  job_4_task_12  job_7_task_10  job_7_task_11  job_2_task_12  job_7_task_12  job_13_task_10 job_8_task_10  job_3_task_9   job_12_task_10 job_0_task_12  job_0_task_13  job_5_task_12  job_14_task_13 job_3_task_12  job_2_task_14  job_8_task_12  job_5_task_14  job_11_task_13 job_6_task_13  job_8_task_13  job_11_task_14 job_12_task_14 job_4_task_14  
           [0,7]          [7,13]         [13,15]        [15,19]        [19,26]        [26,32]        [32,37]        [37,42]        [42,43]        [43,52]        [52,57]        [57,64]        [64,72]        [72,81]        [81,87]        [87,97]        [97,102]       [102,112]      [113,114]      [121,127]      [127,133]      [133,137]      [137,138]      [145,147]      [147,156]      [161,164]      [167,175]      [186,188]      [188,198]      [198,208]      [208,217]      [217,218]      [218,224]      [224,232]      [232,234]      [234,239]      [239,245]      [245,248]      [249,259]      [259,269]      [269,278]      [278,288]      [288,293]      [293,295]      [295,299]      [299,306]      [306,316]      [316,320]      [320,328]      [328,333]      [334,341]      [341,348]      [348,352]      [352,355]      [355,359]      [359,366]      [369,370]      [390,398]      [398,399]      [399,407]      [407,413]      [413,421]      [421,431]      [431,433]      [433,435]      [435,441]      [441,443]      [451,456]      
Machine 1: job_7_task_0   job_4_task_0   job_9_task_1   job_9_task_2   job_13_task_1  job_7_task_2   job_14_task_1  job_3_task_0   job_2_task_1   job_7_task_3   job_10_task_0  job_12_task_0  job_13_task_2  job_6_task_0   job_0_task_0   job_8_task_2   job_2_task_2   job_1_task_1   job_12_task_1  job_5_task_1   job_3_task_2   job_2_task_3   job_14_task_3  job_7_task_5   job_2_task_4   job_8_task_4   job_3_task_3   job_7_task_6   job_0_task_3   job_10_task_3  job_3_task_4   job_1_task_3   job_5_task_4   job_7_task_7   job_12_task_4  job_11_task_3  job_13_task_5  job_4_task_5   job_9_task_6   job_1_task_5   job_8_task_6   job_3_task_6   job_2_task_6   job_14_task_8  job_5_task_6   job_6_task_6   job_12_task_6  job_5_task_7   job_0_task_7   job_11_task_5  job_5_task_8   job_6_task_7   job_2_task_8   job_1_task_7   job_7_task_9   job_11_task_7  job_0_task_10  job_9_task_9   job_8_task_8   job_6_task_8   job_13_task_9  job_3_task_8   job_9_task_10  job_11_task_8  job_10_task_10 job_5_task_10  job_1_task_10  job_11_task_9  job_9_task_11  job_6_task_10  job_11_task_11 job_12_task_11 job_1_task_11  job_5_task_13  job_11_task_12 job_9_task_12  job_6_task_12  job_7_task_13  job_9_task_13  job_4_task_13  job_13_task_13 job_6_task_14  job_14_task_14 job_0_task_14  job_8_task_14  job_7_task_14  
           [0,4]          [4,14]         [14,20]        [20,30]        [30,39]        [39,42]        [42,48]        [48,51]        [51,58]        [58,68]        [68,76]        [76,80]        [80,90]        [90,94]        [94,104]       [104,113]      [113,115]      [115,121]      [121,122]      [122,128]      [128,137]      [137,141]      [141,145]      [145,149]      [149,159]      [159,167]      [167,168]      [168,176]      [176,186]      [186,187]      [187,192]      [192,193]      [193,197]      [197,205]      [205,213]      [213,223]      [223,224]      [224,228]      [228,237]      [237,243]      [243,246]      [246,249]      [249,253]      [253,259]      [259,260]      [260,264]      [264,265]      [265,268]      [268,273]      [273,276]      [276,278]      [278,285]      [285,292]      [292,294]      [294,300]      [300,307]      [307,316]      [316,319]      [319,324]      [324,331]      [331,334]      [334,343]      [343,346]      [346,348]      [348,351]      [351,355]      [355,365]      [365,369]      [369,379]      [379,385]      [385,390]      [390,395]      [395,403]      [403,413]      [413,414]      [414,420]      [420,426]      [426,436]      [436,446]      [446,451]      [451,457]      [457,465]      [465,471]      [471,476]      [476,481]      [481,482]      
Machine 2: job_8_task_0   job_7_task_1   job_4_task_1   job_1_task_0   job_9_task_4   job_7_task_4   job_10_task_1  job_6_task_1   job_6_task_2   job_0_task_1   job_0_task_2   job_13_task_4  job_6_task_3   job_6_task_4   job_5_task_2   job_12_task_3  job_14_task_6  job_2_task_5   job_1_task_4   job_7_task_8   job_12_task_5  job_11_task_4  job_13_task_6  job_4_task_6   job_0_task_6   job_13_task_8  job_1_task_6   job_8_task_7   job_4_task_8   job_12_task_7  job_2_task_7   job_11_task_6  job_0_task_8   job_10_task_8  job_9_task_8   job_0_task_9   job_12_task_8  job_1_task_8   job_2_task_9   job_1_task_9   job_2_task_10  job_14_task_10 job_2_task_11  job_14_task_11 job_8_task_9   job_6_task_9   job_0_task_11  job_12_task_9  job_10_task_11 job_10_task_12 job_5_task_11  job_11_task_10 job_13_task_11 job_3_task_10  job_13_task_12 job_6_task_11  job_14_task_12 job_3_task_11  job_2_task_13  job_8_task_11  job_12_task_12 job_3_task_13  job_10_task_13 job_1_task_12  job_12_task_13 job_3_task_14  job_1_task_13  job_10_task_14 job_1_task_14  job_9_task_14  job_13_task_14 
           [0,7]          [7,14]         [14,16]        [16,17]        [42,50]        [68,71]        [76,77]        [94,99]        [99,106]       [106,107]      [107,108]      [108,115]      [115,116]      [116,124]      [128,134]      [134,144]      [156,161]      [161,171]      [193,202]      [205,214]      [214,216]      [223,225]      [225,232]      [232,233]      [233,234]      [234,244]      [244,249]      [249,259]      [259,269]      [269,276]      [276,277]      [277,279]      [279,280]      [280,284]      [284,288]      [288,289]      [289,299]      [299,305]      [305,308]      [308,310]      [310,314]      [314,317]      [317,320]      [320,329]      [329,336]      [336,338]      [338,348]      [348,352]      [352,354]      [354,364]      [364,369]      [369,370]      [370,374]      [374,377]      [377,385]      [385,387]      [387,390]      [390,392]      [392,399]      [399,400]      [400,404]      [404,409]      [409,419]      [419,423]      [423,430]      [430,438]      [438,443]      [443,446]      [446,447]      [447,448]      [457,461]      
Optimal Schedule Length: 482.0
Total (Unoptimized Schedule Length): 1210
Statistics
  - conflicts: 1
  - branches : 226
  - wall time: 0.088309783s