
Problem
         task_0   task_1   task_2  task_3   task_4  task_5   task_6  task_7  task_8   task_9  task_10  task_11
job_0    (3, 7)   (1, 7)  (4, 10)  (0, 5)   (3, 8)  (1, 1)  (4, 10)  (0, 1)  (5, 1)  (2, 10)   (5, 7)  (2, 10)
job_1    (4, 8)   (4, 6)   (0, 9)  (3, 3)   (3, 2)  (3, 5)   (1, 8)  (5, 6)  (4, 5)   (3, 6)   (5, 3)  (5, 10)
job_2    (4, 8)   (4, 8)   (2, 1)  (0, 9)   (0, 8)  (4, 2)   (0, 2)  (2, 9)  (1, 7)   (4, 4)   (3, 5)   (3, 3)
job_3    (0, 1)   (0, 5)   (0, 6)  (1, 4)   (4, 8)  (4, 2)   (1, 3)  (3, 8)  (3, 9)   (4, 8)   (5, 2)   (1, 7)
job_4    (2, 4)   (5, 3)   (0, 7)  (0, 3)   (2, 5)  (5, 5)   (3, 2)  (3, 9)  (1, 1)   (5, 3)   (2, 9)   (0, 2)
job_5    (4, 9)   (4, 8)   (4, 8)  (1, 2)   (2, 2)  (2, 6)   (5, 3)  (4, 6)  (3, 3)   (4, 2)   (3, 8)   (0, 3)
job_6    (4, 1)  (2, 10)   (2, 7)  (1, 4)   (3, 4)  (2, 2)  (5, 10)  (5, 5)  (2, 4)   (2, 2)   (3, 2)   (3, 9)
job_7    (3, 1)   (4, 3)   (3, 8)  (2, 7)  (2, 10)  (4, 2)   (1, 9)  (1, 8)  (0, 8)   (0, 8)  (0, 10)   (1, 1)
job_8    (0, 1)   (3, 9)   (1, 3)  (2, 6)   (3, 9)  (3, 4)   (2, 5)  (4, 3)  (2, 2)   (5, 9)   (5, 8)   (1, 9)
job_9    (2, 3)   (2, 2)  (2, 10)  (3, 9)   (2, 5)  (2, 9)   (1, 9)  (1, 2)  (5, 2)   (5, 7)   (4, 1)   (1, 8)
job_10   (3, 6)   (4, 5)   (5, 1)  (3, 4)  (1, 10)  (4, 9)  (4, 10)  (2, 2)  (1, 4)   (1, 2)   (5, 3)  (1, 10)
job_11   (5, 7)   (2, 2)   (4, 6)  (1, 2)   (5, 8)  (4, 5)   (3, 3)  (0, 2)  (4, 5)   (1, 1)   (4, 1)   (3, 9)
job_12   (5, 9)   (3, 3)   (1, 2)  (1, 4)   (3, 8)  (4, 7)  (1, 10)  (1, 6)  (4, 4)   (3, 8)   (0, 5)   (2, 6)
job_13   (0, 8)  (3, 10)   (3, 4)  (1, 8)   (3, 5)  (1, 1)   (5, 5)  (0, 6)  (0, 3)   (3, 5)   (0, 5)   (4, 7)
job_14  (5, 10)   (2, 9)   (5, 3)  (4, 1)   (1, 6)  (3, 2)   (0, 2)  (0, 1)  (0, 7)   (1, 6)   (5, 5)   (2, 6)
job_15   (3, 8)   (1, 2)  (5, 10)  (2, 5)   (4, 8)  (5, 4)   (2, 6)  (4, 7)  (1, 6)   (1, 9)   (4, 5)   (1, 2)
job_16  (3, 10)   (0, 8)   (3, 2)  (5, 2)   (5, 2)  (3, 7)   (3, 6)  (1, 4)  (2, 1)   (4, 5)   (5, 1)   (3, 5)
job_17   (3, 6)   (5, 5)   (2, 4)  (0, 3)   (2, 1)  (4, 7)   (2, 8)  (2, 1)  (4, 6)   (3, 6)  (2, 10)   (1, 1)


Solution:
Machine 0: job_8_task_0   job_13_task_0  job_3_task_0   job_3_task_1   job_3_task_2   job_1_task_2   job_0_task_3   job_4_task_2   job_4_task_3   job_2_task_3   job_2_task_4   job_17_task_3  job_16_task_1  job_7_task_8   job_0_task_7   job_2_task_6   job_7_task_9   job_14_task_6  job_14_task_7  job_14_task_8  job_13_task_7  job_13_task_8  job_7_task_10  job_11_task_7  job_12_task_10 job_13_task_10 job_4_task_11  job_5_task_11  
           [0,1]          [1,9]          [9,10]         [10,15]        [15,21]        [25,34]        [35,40]        [40,47]        [47,50]        [67,76]        [76,84]        [84,87]        [87,95]        [127,135]      [135,136]      [136,138]      [138,146]      [146,148]      [148,149]      [149,156]      [156,162]      [162,165]      [165,175]      [181,183]      [195,200]      [200,205]      [215,217]      [228,231]      
Machine 1: job_0_task_1   job_15_task_1  job_3_task_3   job_8_task_2   job_12_task_2  job_12_task_3  job_10_task_4  job_6_task_3   job_7_task_6   job_13_task_3  job_12_task_6  job_11_task_3  job_0_task_5   job_5_task_3   job_3_task_6   job_7_task_7   job_1_task_6   job_14_task_4  job_13_task_5  job_12_task_7  job_9_task_6   job_15_task_8  job_9_task_7   job_10_task_8  job_2_task_8   job_14_task_9  job_16_task_7  job_15_task_9  job_4_task_8   job_10_task_9  job_11_task_9  job_8_task_11  job_10_task_11 job_9_task_11  job_3_task_11  job_15_task_11 job_17_task_11 job_7_task_11  
           [7,14]         [16,18]        [21,25]        [33,36]        [42,44]        [44,48]        [62,72]        [74,78]        [84,93]        [93,101]       [101,111]      [111,113]      [113,114]      [114,116]      [116,119]      [119,127]      [127,135]      [135,141]      [141,142]      [142,148]      [148,157]      [157,163]      [163,165]      [165,169]      [169,176]      [176,182]      [182,186]      [186,195]      [195,196]      [196,198]      [198,199]      [199,208]      [208,218]      [218,226]      [226,233]      [233,235]      [235,236]      [236,237]      
Machine 2: job_9_task_0   job_9_task_1   job_9_task_2   job_4_task_0   job_14_task_1  job_7_task_3   job_7_task_4   job_6_task_1   job_8_task_3   job_15_task_3  job_2_task_2   job_6_task_2   job_17_task_2  job_11_task_1  job_4_task_4   job_15_task_6  job_9_task_4   job_17_task_4  job_9_task_5   job_5_task_4   job_5_task_5   job_8_task_6   job_6_task_5   job_17_task_6  job_8_task_8   job_2_task_7   job_17_task_7  job_10_task_7  job_0_task_9   job_6_task_8   job_6_task_9   job_0_task_11  job_16_task_8  job_12_task_11 job_4_task_10  job_17_task_10 job_14_task_11 
           [0,3]          [3,5]          [5,15]         [15,19]        [19,28]        [28,35]        [35,45]        [45,55]        [55,61]        [61,66]        [66,67]        [67,74]        [74,78]        [78,80]        [80,85]        [86,92]        [92,97]        [97,98]        [98,107]       [116,118]      [118,124]      [124,129]      [129,131]      [131,139]      [139,141]      [141,150]      [150,151]      [151,153]      [157,167]      [171,175]      [175,177]      [180,190]      [190,191]      [200,206]      [206,215]      [215,225]      [225,231]      
Machine 3: job_0_task_0   job_7_task_0   job_15_task_0  job_7_task_2   job_8_task_1   job_10_task_0  job_12_task_1  job_13_task_1  job_17_task_0  job_10_task_3  job_12_task_4  job_16_task_0  job_9_task_3   job_13_task_2  job_8_task_4   job_1_task_3   job_0_task_4   job_1_task_4   job_1_task_5   job_8_task_5   job_6_task_4   job_13_task_4  job_16_task_2  job_3_task_7   job_14_task_5  job_16_task_5  job_4_task_6   job_3_task_8   job_4_task_7   job_16_task_6  job_11_task_6  job_1_task_9   job_12_task_9  job_13_task_9  job_17_task_9  job_5_task_8   job_6_task_10  job_6_task_11  job_5_task_10  job_11_task_11 job_2_task_10  job_16_task_11 job_2_task_11  
           [0,7]          [7,8]          [8,16]         [16,24]        [24,33]        [33,39]        [39,42]        [42,52]        [52,58]        [58,62]        [62,70]        [70,80]        [80,89]        [89,93]        [93,102]       [102,105]      [105,113]      [113,115]      [115,120]      [120,124]      [124,128]      [128,133]      [133,135]      [135,143]      [143,145]      [145,152]      [152,154]      [154,163]      [163,172]      [172,178]      [178,181]      [181,187]      [187,195]      [195,200]      [200,206]      [206,209]      [209,211]      [211,220]      [220,228]      [228,237]      [237,242]      [242,247]      [247,250]      
Machine 4: job_1_task_0   job_7_task_1   job_2_task_0   job_1_task_1   job_0_task_2   job_6_task_0   job_5_task_0   job_10_task_1  job_2_task_1   job_5_task_1   job_3_task_4   job_15_task_4  job_7_task_5   job_12_task_5  job_5_task_2   job_11_task_2  job_10_task_5  job_3_task_5   job_17_task_5  job_0_task_6   job_14_task_3  job_2_task_5   job_8_task_7   job_10_task_6  job_15_task_7  job_11_task_5  job_1_task_8   job_12_task_8  job_17_task_8  job_5_task_7   job_3_task_9   job_11_task_8  job_2_task_9   job_16_task_9  job_11_task_10 job_9_task_10  job_15_task_10 job_5_task_9   job_13_task_11 
           [0,8]          [8,11]         [11,19]        [19,25]        [25,35]        [35,36]        [36,45]        [45,50]        [50,58]        [58,66]        [66,74]        [74,82]        [82,84]        [84,91]        [91,99]        [99,105]       [105,114]      [114,116]      [116,123]      [123,133]      [133,134]      [134,136]      [136,139]      [139,149]      [149,156]      [156,161]      [161,166]      [166,170]      [170,176]      [176,182]      [182,190]      [190,195]      [195,199]      [199,204]      [204,205]      [205,206]      [206,211]      [211,213]      [213,220]      
Machine 5: job_12_task_0  job_14_task_0  job_15_task_2  job_11_task_0  job_4_task_1   job_14_task_2  job_10_task_2  job_17_task_1  job_15_task_5  job_4_task_5   job_11_task_4  job_5_task_6   job_6_task_6   job_16_task_3  job_16_task_4  job_13_task_6  job_1_task_7   job_0_task_8   job_8_task_9   job_6_task_7   job_9_task_8   job_0_task_10  job_8_task_10  job_9_task_9   job_1_task_10  job_4_task_9   job_10_task_10 job_14_task_10 job_1_task_11  job_3_task_10  job_16_task_10 
           [0,9]          [9,19]         [19,29]        [29,36]        [36,39]        [39,42]        [50,51]        [58,63]        [82,86]        [86,91]        [113,121]      [124,127]      [131,141]      [141,143]      [143,145]      [145,150]      [150,156]      [156,157]      [157,166]      [166,171]      [171,173]      [173,180]      [180,188]      [188,195]      [195,198]      [198,201]      [201,204]      [204,209]      [209,219]      [219,221]      [221,222]      
Optimal Schedule Length: 250.0
Total (Unoptimized Schedule Length): 1157
Statistics
  - conflicts: 2
  - branches : 219
  - wall time: 0.053313745s