
Problem
          task_0    task_1    task_2   task_3    task_4    task_5    task_6   task_7    task_8   task_9  task_10  task_11  task_12  task_13  task_14   task_15   task_16
job_0     (3, 6)   (12, 2)    (0, 5)   (3, 7)    (9, 6)   (10, 2)   (14, 3)  (13, 5)   (16, 5)   (1, 7)  (12, 4)   (3, 9)  (12, 7)   (9, 8)  (11, 6)    (3, 4)    (7, 2)
job_1     (7, 5)    (5, 9)   (14, 5)   (8, 8)    (6, 5)   (11, 6)    (3, 1)  (17, 5)    (1, 5)  (16, 6)   (1, 4)   (3, 7)  (13, 5)  (14, 4)   (5, 7)    (3, 3)    (0, 8)
job_2     (1, 8)    (7, 8)    (0, 4)  (17, 2)    (6, 4)    (0, 8)   (12, 3)   (0, 1)   (10, 9)   (8, 3)  (2, 10)  (17, 7)   (1, 7)   (2, 1)  (13, 3)    (1, 7)   (16, 9)
job_3     (5, 7)    (1, 4)    (8, 3)   (3, 4)    (7, 9)   (17, 6)    (1, 6)   (3, 7)   (16, 1)   (3, 4)  (15, 1)  (10, 5)   (7, 3)  (16, 8)   (7, 6)    (3, 5)   (14, 3)
job_4     (2, 7)    (4, 5)    (2, 4)  (11, 9)   (14, 7)   (15, 1)    (9, 4)  (3, 10)    (2, 5)  (15, 3)   (8, 8)  (11, 6)   (2, 3)  (16, 2)  (16, 1)   (14, 8)   (11, 6)
job_5     (8, 6)  (15, 10)    (0, 5)   (4, 1)    (9, 3)  (12, 10)    (3, 5)   (6, 1)    (1, 9)  (13, 9)   (9, 6)   (5, 2)   (8, 5)   (2, 7)  (15, 4)    (6, 7)   (0, 10)
job_6    (11, 6)   (9, 10)  (16, 10)   (2, 8)    (2, 9)   (10, 8)    (5, 1)   (4, 7)   (15, 1)   (0, 7)  (15, 1)   (5, 6)  (12, 9)  (17, 4)   (5, 7)    (5, 7)  (14, 10)
job_7    (16, 7)   (14, 1)    (2, 1)  (12, 3)    (0, 1)   (2, 10)   (16, 9)   (7, 9)   (16, 9)   (2, 2)  (14, 7)   (0, 4)   (8, 4)   (8, 5)  (11, 6)   (16, 2)   (13, 6)
job_8     (8, 4)   (17, 6)    (2, 6)   (7, 1)    (9, 7)    (4, 3)  (12, 10)  (14, 2)    (0, 2)   (9, 8)   (7, 7)   (5, 4)   (8, 8)   (9, 8)   (2, 2)   (16, 7)   (11, 3)
job_9    (13, 9)    (9, 7)   (15, 1)   (9, 4)    (7, 8)    (2, 8)   (14, 7)  (12, 3)    (0, 2)   (6, 2)  (6, 10)   (3, 1)  (9, 10)   (0, 7)   (0, 4)    (3, 8)    (4, 2)
job_10    (5, 9)   (2, 10)   (7, 10)  (11, 3)  (10, 10)    (4, 5)   (13, 5)  (16, 3)   (12, 1)   (4, 9)  (10, 4)   (7, 7)  (15, 4)   (2, 7)  (12, 1)   (15, 2)   (15, 8)
job_11   (9, 10)    (4, 9)    (2, 1)   (2, 5)    (2, 9)    (1, 5)   (11, 2)   (4, 3)    (0, 7)   (1, 8)  (12, 4)   (8, 7)   (5, 3)  (12, 4)   (7, 9)    (4, 4)   (11, 4)
job_12    (3, 4)    (2, 3)   (11, 8)  (13, 8)   (13, 7)   (11, 5)    (9, 4)  (8, 10)  (14, 10)   (7, 4)  (13, 4)  (15, 6)   (5, 8)   (9, 6)  (11, 2)    (8, 8)   (11, 3)
job_13    (6, 1)    (6, 8)   (11, 3)  (12, 1)    (4, 6)    (0, 1)    (2, 1)  (9, 10)    (7, 3)  (17, 3)  (17, 5)  (17, 2)   (1, 7)  (17, 5)  (10, 5)    (4, 5)   (15, 6)
job_14    (2, 1)   (10, 3)    (5, 3)  (16, 5)    (9, 5)    (9, 8)   (16, 4)  (13, 4)   (13, 1)  (2, 10)  (15, 9)   (6, 9)   (9, 9)   (5, 8)  (14, 9)   (13, 8)   (13, 1)
job_15  (10, 10)   (13, 9)   (11, 8)  (11, 4)   (10, 4)    (2, 2)   (11, 2)   (2, 1)   (11, 3)   (0, 2)   (8, 6)   (7, 1)  (11, 2)   (9, 1)   (3, 6)  (17, 10)    (3, 5)
job_16   (7, 10)   (11, 4)   (14, 8)  (10, 6)   (2, 10)    (9, 3)    (8, 7)  (11, 7)    (2, 8)   (6, 2)   (9, 2)  (9, 10)   (2, 9)   (2, 6)   (1, 1)    (8, 4)   (10, 7)


Solution:
Machine 0: job_0_task_2   job_2_task_2   job_5_task_2   job_7_task_4   job_13_task_5  job_2_task_5   job_2_task_7   job_8_task_8   job_6_task_9   job_11_task_8  job_9_task_8   job_15_task_9  job_9_task_13  job_1_task_16  job_7_task_11  job_9_task_14  job_5_task_16  
           [12,17]        [17,21]        [21,26]        [26,27]        [27,28]        [28,36]        [39,40]        [69,71]        [76,83]        [87,94]        [94,96]        [114,116]      [119,126]      [126,134]      [134,138]      [138,142]      [149,159]      
Machine 1: job_2_task_0   job_3_task_1   job_3_task_6   job_5_task_8   job_1_task_8   job_11_task_5  job_1_task_10  job_0_task_9   job_11_task_9  job_13_task_12 job_2_task_12  job_2_task_15  job_16_task_14 
           [0,8]          [16,20]        [42,48]        [59,68]        [68,73]        [74,79]        [87,91]        [92,99]        [99,107]       [119,126]      [128,135]      [145,152]      [164,165]      
Machine 2: job_4_task_0   job_14_task_0  job_12_task_1  job_7_task_2   job_4_task_2   job_8_task_2   job_10_task_1  job_7_task_5   job_6_task_3   job_6_task_4   job_11_task_2  job_11_task_3  job_11_task_4  job_9_task_5   job_13_task_6  job_14_task_9  job_16_task_4  job_15_task_5  job_4_task_8   job_15_task_7  job_2_task_10  job_7_task_9   job_16_task_8  job_5_task_13  job_4_task_12  job_2_task_13  job_10_task_13 job_16_task_12 job_16_task_13 job_8_task_14  
           [0,7]          [7,8]          [8,11]         [11,12]        [12,16]        [16,22]        [22,32]        [32,42]        [42,50]        [50,59]        [59,60]        [60,65]        [65,74]        [74,82]        [82,83]        [83,93]        [93,103]       [103,105]      [105,110]      [110,111]      [111,121]      [121,123]      [123,131]      [131,138]      [138,141]      [141,142]      [142,149]      [149,158]      [158,164]      [164,166]      
Machine 3: job_12_task_0  job_0_task_0   job_3_task_3   job_0_task_3   job_5_task_6   job_1_task_6   job_3_task_7   job_3_task_9   job_4_task_7   job_1_task_11  job_9_task_11  job_0_task_11  job_3_task_15  job_1_task_15  job_9_task_15  job_0_task_15  job_15_task_14 job_15_task_16 
           [0,4]          [4,10]         [23,27]        [27,34]        [53,58]        [58,59]        [59,66]        [67,71]        [71,81]        [91,98]        [108,109]      [109,118]      [118,123]      [123,126]      [142,150]      [150,154]      [155,161]      [171,176]      
Machine 4: job_4_task_1   job_11_task_1  job_13_task_4  job_5_task_3   job_8_task_5   job_10_task_5  job_6_task_7   job_10_task_9  job_11_task_7  job_11_task_15 job_13_task_15 job_9_task_16  
           [7,12]         [12,21]        [21,27]        [27,28]        [54,57]        [59,64]        [68,75]        [75,84]        [84,87]        [139,143]      [143,148]      [150,152]      
Machine 5: job_10_task_0  job_3_task_0   job_14_task_2  job_1_task_1   job_6_task_6   job_8_task_11  job_6_task_11  job_5_task_11  job_12_task_12 job_6_task_14  job_1_task_14  job_11_task_12 job_6_task_15  job_14_task_13 
           [0,9]          [9,16]         [16,19]        [19,28]        [67,68]        [86,90]        [90,96]        [96,98]        [100,108]      [109,116]      [116,123]      [123,126]      [126,133]      [133,141]      
Machine 6: job_13_task_0  job_13_task_1  job_2_task_4   job_1_task_4   job_5_task_7   job_9_task_9   job_9_task_10  job_14_task_11 job_16_task_9  job_5_task_15  
           [0,1]          [1,9]          [23,27]        [41,46]        [58,59]        [96,98]        [98,108]       [109,118]      [131,133]      [142,149]      
Machine 7: job_1_task_0   job_2_task_1   job_16_task_0  job_8_task_3   job_3_task_4   job_10_task_2  job_9_task_4   job_7_task_7   job_8_task_10  job_12_task_9  job_10_task_11 job_3_task_12  job_13_task_8  job_3_task_14  job_11_task_14 job_15_task_11 job_0_task_16  
           [0,5]          [8,16]         [16,26]        [26,27]        [27,36]        [36,46]        [47,55]        [55,64]        [79,86]        [86,90]        [90,97]        [97,100]       [100,103]      [108,114]      [130,139]      [139,140]      [154,156]      
Machine 8: job_5_task_0   job_8_task_0   job_3_task_2   job_1_task_3   job_2_task_9   job_12_task_7  job_8_task_12  job_5_task_12  job_16_task_6  job_11_task_11 job_4_task_10  job_15_task_10 job_7_task_12  job_7_task_13  job_12_task_15 job_16_task_15 
           [0,6]          [6,10]         [20,23]        [33,41]        [49,52]        [64,74]        [90,98]        [98,103]       [109,116]      [116,123]      [123,131]      [131,137]      [138,142]      [142,147]      [157,165]      [165,169]      
Machine 9: job_11_task_0  job_6_task_1   job_9_task_1   job_14_task_4  job_14_task_5  job_5_task_4   job_9_task_3   job_8_task_4   job_0_task_4   job_12_task_6  job_4_task_6   job_8_task_9   job_5_task_10  job_13_task_7  job_8_task_13  job_16_task_5  job_9_task_12  job_14_task_12 job_0_task_13  job_16_task_10 job_16_task_11 job_12_task_13 job_15_task_13 
           [0,10]         [10,20]        [20,27]        [27,32]        [32,40]        [40,43]        [43,47]        [47,54]        [54,60]        [60,64]        [64,68]        [71,79]        [79,85]        [85,95]        [98,106]       [106,109]      [109,119]      [119,128]      [128,136]      [136,138]      [138,148]      [148,154]      [154,155]      
Machine 10: job_15_task_0  job_14_task_1  job_2_task_8   job_10_task_4  job_6_task_5   job_0_task_5   job_15_task_4  job_3_task_11  job_16_task_3  job_10_task_10 job_13_task_14 job_16_task_16 
           [0,10]         [10,13]        [40,49]        [49,59]        [59,67]        [67,69]        [69,73]        [73,78]        [78,84]        [84,88]        [133,138]      [169,176]      
Machine 11: job_6_task_0   job_13_task_2  job_12_task_2  job_15_task_2  job_4_task_3   job_12_task_5  job_15_task_3  job_10_task_3  job_1_task_5   job_16_task_1  job_11_task_6  job_15_task_6  job_15_task_8  job_16_task_7  job_4_task_11  job_0_task_14  job_11_task_16 job_15_task_12 job_7_task_14  job_12_task_14 job_4_task_16  job_12_task_16 job_8_task_16  
           [0,6]          [9,12]         [12,20]        [20,28]        [28,37]        [37,42]        [42,46]        [46,49]        [49,55]        [55,59]        [79,81]        [105,107]      [111,114]      [116,123]      [131,137]      [137,143]      [143,147]      [147,149]      [149,155]      [155,157]      [158,164]      [165,168]      [173,176]      
Machine 12: job_0_task_1   job_13_task_3  job_7_task_3   job_2_task_6   job_5_task_5   job_8_task_6   job_10_task_8  job_9_task_7   job_6_task_12  job_0_task_10  job_11_task_10 job_0_task_12  job_11_task_13 job_10_task_14 
           [10,12]        [12,13]        [13,16]        [36,39]        [43,53]        [57,67]        [72,73]        [91,94]        [96,105]       [105,109]      [109,113]      [118,125]      [126,130]      [149,150]      
Machine 13: job_9_task_0   job_15_task_1  job_12_task_3  job_12_task_4  job_14_task_7  job_14_task_8  job_10_task_6  job_5_task_9   job_0_task_7   job_12_task_10 job_1_task_12  job_2_task_14  job_14_task_15 job_14_task_16 job_7_task_16  
           [0,9]          [10,19]        [20,28]        [28,35]        [44,48]        [48,49]        [64,69]        [69,78]        [78,83]        [90,94]        [98,103]       [142,145]      [150,158]      [158,159]      [163,169]      
Machine 14: job_7_task_1   job_1_task_2   job_4_task_4   job_16_task_2  job_8_task_7   job_0_task_6   job_12_task_8  job_9_task_6   job_1_task_13  job_7_task_10  job_3_task_16  job_14_task_14 job_4_task_15  job_6_task_16  
           [7,8]          [28,33]        [37,44]        [59,67]        [67,69]        [69,72]        [74,84]        [84,91]        [103,107]      [123,130]      [130,133]      [141,150]      [150,158]      [158,168]      
Machine 15: job_5_task_1   job_9_task_2   job_4_task_5   job_3_task_10  job_6_task_8   job_6_task_10  job_12_task_11 job_14_task_10 job_10_task_12 job_4_task_9   job_5_task_14  job_13_task_16 job_10_task_15 job_10_task_16 
           [6,16]         [27,28]        [44,45]        [71,72]        [75,76]        [83,84]        [94,100]       [100,109]      [109,113]      [113,116]      [138,142]      [148,154]      [154,156]      [156,164]      
Machine 16: job_7_task_0   job_14_task_3  job_6_task_2   job_14_task_6  job_7_task_6   job_3_task_8   job_10_task_7  job_7_task_8   job_1_task_9   job_0_task_8   job_3_task_13  job_4_task_13  job_4_task_14  job_2_task_16  job_7_task_15  job_8_task_15  
           [0,7]          [19,24]        [24,34]        [40,44]        [44,53]        [66,67]        [69,72]        [72,81]        [81,87]        [87,92]        [100,108]      [141,143]      [143,144]      [152,161]      [161,163]      [166,173]      
Machine 17: job_8_task_1   job_2_task_3   job_3_task_5   job_1_task_7   job_6_task_13  job_13_task_9  job_13_task_10 job_13_task_11 job_2_task_11  job_13_task_13 job_15_task_15 
           [10,16]        [21,23]        [36,42]        [59,64]        [105,109]      [109,112]      [112,117]      [117,119]      [121,128]      [128,133]      [161,171]      
Optimal Schedule Length: 176.0
Total (Unoptimized Schedule Length): 1565
Statistics
  - conflicts: 0
  - branches : 0
  - wall time: 0.128393546s