
Problem
          task_0   task_1    task_2    task_3   task_4   task_5   task_6    task_7   task_8    task_9   task_10  task_11  task_12   task_13   task_14
job_0    (16, 1)  (14, 3)    (1, 7)    (8, 4)  (13, 3)   (6, 4)  (15, 5)   (10, 8)   (0, 4)    (7, 2)    (2, 3)  (10, 9)  (12, 1)   (16, 2)    (5, 9)
job_1     (0, 9)   (4, 4)   (14, 5)    (8, 8)  (6, 10)  (13, 2)   (6, 4)    (5, 2)   (7, 8)   (8, 10)   (10, 3)   (6, 2)   (7, 2)   (13, 3)    (3, 2)
job_2     (5, 4)   (1, 2)  (17, 10)    (4, 6)  (17, 8)  (13, 8)   (6, 7)    (7, 7)   (6, 6)   (15, 2)   (17, 2)  (13, 1)   (0, 8)    (0, 6)    (0, 6)
job_3     (2, 4)   (4, 4)    (3, 6)    (5, 2)   (2, 9)   (9, 7)  (8, 10)    (8, 5)  (11, 7)   (13, 6)   (15, 7)  (14, 8)   (4, 5)   (16, 6)   (17, 8)
job_4     (3, 5)   (7, 9)    (3, 6)   (15, 9)   (0, 7)   (0, 7)  (10, 8)    (8, 5)   (1, 3)   (10, 9)   (11, 6)   (0, 9)  (16, 1)    (0, 6)    (0, 1)
job_5     (9, 9)  (12, 4)   (15, 1)    (5, 9)   (4, 8)   (7, 3)  (16, 4)    (3, 1)  (10, 6)    (2, 2)   (16, 8)   (3, 1)  (10, 6)    (5, 7)   (5, 10)
job_6   (15, 10)  (17, 2)   (14, 2)   (15, 6)   (3, 3)  (11, 6)  (10, 2)    (4, 8)  (14, 9)    (8, 3)   (12, 5)   (2, 5)   (0, 6)    (4, 8)    (7, 6)
job_7   (14, 10)   (0, 6)  (10, 10)   (7, 10)  (12, 1)  (6, 10)  (10, 4)   (15, 1)  (15, 3)    (6, 6)   (12, 9)  (13, 7)  (0, 10)    (2, 5)    (8, 8)
job_8     (8, 9)  (13, 4)   (14, 9)   (14, 3)  (11, 9)   (9, 6)   (7, 8)    (2, 1)  (16, 9)   (11, 9)  (16, 10)   (0, 7)   (8, 2)    (4, 8)   (14, 8)
job_9     (6, 5)   (3, 2)    (0, 2)   (17, 9)  (10, 9)  (15, 5)  (12, 3)  (15, 10)   (1, 2)   (9, 10)    (3, 6)   (3, 5)   (2, 5)   (15, 9)   (0, 10)
job_10    (2, 3)   (9, 8)    (7, 1)    (5, 7)  (16, 9)   (8, 1)  (17, 9)    (8, 5)  (13, 9)    (4, 7)    (4, 7)  (11, 1)   (9, 2)   (17, 2)   (13, 1)
job_11    (5, 9)   (7, 5)   (17, 7)    (2, 5)   (1, 7)   (2, 5)   (3, 7)   (4, 10)  (17, 2)   (16, 6)    (9, 7)   (3, 5)  (17, 7)    (4, 8)   (16, 9)
job_12   (15, 4)  (13, 6)   (5, 10)    (4, 4)   (1, 7)  (17, 2)   (9, 2)   (10, 2)   (6, 9)    (7, 7)    (4, 7)  (15, 8)   (5, 8)  (11, 10)   (17, 2)
job_13   (11, 2)   (7, 5)    (2, 4)   (10, 8)  (13, 5)   (8, 1)   (9, 5)    (2, 8)   (0, 2)  (11, 10)   (17, 2)  (13, 8)  (14, 1)  (11, 10)  (11, 10)
job_14   (12, 2)   (3, 6)   (10, 3)   (11, 4)   (8, 7)  (14, 8)  (15, 6)    (2, 2)  (15, 1)    (0, 3)   (14, 2)  (10, 4)   (3, 2)    (3, 7)   (13, 9)
job_15   (11, 1)  (15, 5)    (0, 3)    (0, 3)   (8, 8)   (1, 5)  (10, 2)   (14, 8)   (2, 6)   (12, 2)    (3, 1)   (5, 6)   (4, 5)   (11, 2)   (13, 2)
job_16   (13, 7)   (2, 6)   (13, 6)  (10, 10)   (7, 1)   (6, 4)   (6, 1)    (4, 7)  (12, 1)    (9, 5)    (4, 1)   (4, 9)   (0, 3)   (16, 3)   (14, 6)
job_17   (14, 3)  (10, 5)   (17, 2)    (5, 3)   (3, 5)  (16, 6)   (4, 2)    (8, 9)  (10, 8)    (4, 4)    (0, 7)  (14, 8)  (11, 2)    (6, 8)   (16, 8)
job_18   (11, 6)   (7, 6)   (14, 4)   (13, 7)  (8, 10)   (6, 5)   (1, 4)   (17, 2)   (0, 1)   (14, 6)   (10, 3)  (16, 6)  (11, 3)   (16, 8)    (3, 1)


Solution:
Machine 0: job_1_task_0   job_7_task_1   job_15_task_2  job_15_task_3  job_9_task_2   job_4_task_4   job_13_task_8  job_4_task_5   job_14_task_9  job_17_task_10 job_6_task_12  job_0_task_8   job_2_task_12  job_2_task_13  job_18_task_8  job_2_task_14  job_16_task_12 job_7_task_12  job_8_task_11  job_4_task_11  job_9_task_14  job_4_task_13  job_4_task_14  
           [0,9]          [13,19]        [26,29]        [29,32]        [33,35]        [40,47]        [47,49]        [49,56]        [56,59]        [59,66]        [66,72]        [72,76]        [76,84]        [84,90]        [90,91]        [91,97]        [97,100]       [100,110]      [110,117]      [117,126]      [126,136]      [136,142]      [142,143]      
Machine 1: job_2_task_1   job_0_task_2   job_11_task_4  job_12_task_4  job_18_task_6  job_9_task_8   job_15_task_5  job_4_task_8   
           [13,15]        [20,27]        [38,45]        [60,67]        [82,86]        [86,88]        [93,98]        [98,101]       
Machine 2: job_10_task_0  job_3_task_0   job_13_task_2  job_16_task_1  job_11_task_3  job_13_task_7  job_11_task_5  job_14_task_7  job_3_task_4   job_6_task_11  job_8_task_7   job_5_task_9   job_0_task_10  job_9_task_12  job_15_task_8  job_7_task_13  
           [0,3]          [3,7]          [7,11]         [11,17]        [32,37]        [37,45]        [45,50]        [50,52]        [52,61]        [61,66]        [66,67]        [78,80]        [80,83]        [110,115]      [115,121]      [121,126]      
Machine 3: job_14_task_1  job_4_task_0   job_17_task_4  job_6_task_4   job_4_task_2   job_9_task_1   job_3_task_2   job_11_task_6  job_5_task_7   job_5_task_11  job_11_task_11 job_9_task_10  job_9_task_11  job_14_task_12 job_14_task_13 job_15_task_10 job_18_task_14 job_1_task_14  
           [2,8]          [8,13]         [16,21]        [21,24]        [25,31]        [31,33]        [33,39]        [50,57]        [62,63]        [90,91]        [91,96]        [99,105]       [105,110]      [115,117]      [117,124]      [124,125]      [125,126]      [139,141]      
Machine 4: job_1_task_1   job_3_task_1   job_2_task_3   job_17_task_6  job_6_task_7   job_5_task_4   job_12_task_3  job_17_task_9  job_11_task_7  job_16_task_7  job_6_task_13  job_16_task_10 job_16_task_11 job_10_task_9  job_12_task_10 job_11_task_13 job_10_task_10 job_3_task_12  job_8_task_13  job_15_task_12 
           [9,13]         [13,17]        [25,31]        [31,33]        [33,41]        [41,49]        [49,53]        [53,57]        [57,67]        [67,74]        [74,82]        [82,83]        [83,92]        [92,99]        [99,106]       [106,114]      [114,121]      [121,126]      [126,134]      [134,139]      
Machine 5: job_11_task_0  job_2_task_0   job_17_task_3  job_5_task_3   job_10_task_3  job_12_task_2  job_3_task_3   job_5_task_13  job_1_task_7   job_5_task_14  job_12_task_12 job_15_task_11 job_0_task_14  
           [0,9]          [9,13]         [13,16]        [16,25]        [27,34]        [38,48]        [48,50]        [97,104]       [107,109]      [109,119]      [119,127]      [127,133]      [134,143]      
Machine 6: job_9_task_0   job_0_task_5   job_7_task_5   job_2_task_6   job_16_task_5  job_16_task_6  job_2_task_8   job_7_task_9   job_18_task_5  job_12_task_8  job_1_task_4   job_1_task_6   job_17_task_13 job_1_task_11  
           [0,5]          [35,39]        [41,51]        [51,58]        [58,62]        [62,63]        [65,71]        [71,77]        [77,82]        [82,91]        [91,101]       [103,107]      [107,115]      [132,134]      
Machine 7: job_13_task_1  job_11_task_1  job_4_task_1   job_10_task_2  job_18_task_1  job_7_task_3   job_16_task_4  job_8_task_6   job_5_task_5   job_2_task_7   job_0_task_9   job_6_task_14  job_12_task_9  job_1_task_8   job_1_task_12  
           [2,7]          [9,14]         [14,23]        [23,24]        [24,30]        [30,40]        [42,43]        [47,55]        [55,58]        [58,65]        [76,78]        [82,88]        [91,98]        [109,117]      [134,136]      
Machine 8: job_8_task_0   job_14_task_4  job_13_task_5  job_0_task_3   job_17_task_7  job_18_task_4  job_6_task_9   job_10_task_5  job_1_task_3   job_10_task_7  job_3_task_6   job_3_task_7   job_15_task_4  job_4_task_7   job_8_task_12  job_1_task_9   job_7_task_14  
           [0,9]          [15,22]        [26,27]        [28,32]        [33,42]        [42,52]        [52,55]        [55,56]        [57,65]        [65,70]        [70,80]        [80,85]        [85,93]        [93,98]        [117,119]      [119,129]      [129,137]      
Machine 9: job_5_task_0   job_10_task_1  job_13_task_6  job_8_task_5   job_3_task_5   job_12_task_6  job_16_task_9  job_11_task_10 job_9_task_9   job_10_task_12 
           [0,9]          [9,17]         [27,32]        [41,47]        [61,68]        [71,73]        [75,80]        [82,89]        [89,99]        [128,130]      
Machine 10: job_17_task_1  job_14_task_2  job_13_task_3  job_7_task_2   job_6_task_6   job_16_task_3  job_17_task_8  job_7_task_6   job_9_task_4   job_0_task_7   job_5_task_8   job_12_task_7  job_4_task_6   job_5_task_12  job_18_task_10 job_15_task_6  job_4_task_9   job_14_task_11 job_0_task_11  job_1_task_10  
           [3,8]          [8,11]         [11,19]        [19,29]        [30,32]        [32,42]        [42,50]        [51,55]        [55,64]        [64,72]        [72,78]        [78,80]        [80,88]        [91,97]        [97,100]       [100,102]      [102,111]      [111,115]      [115,124]      [129,132]      
Machine 11: job_13_task_0  job_18_task_0  job_15_task_0  job_14_task_3  job_6_task_5   job_8_task_4   job_13_task_9  job_17_task_12 job_8_task_9   job_3_task_8   job_13_task_13 job_18_task_12 job_4_task_10  job_13_task_14 job_10_task_11 job_12_task_13 job_15_task_13 
           [0,2]          [2,8]          [8,9]          [11,15]        [24,30]        [31,40]        [49,59]        [74,76]        [76,85]        [85,92]        [92,102]       [106,109]      [111,117]      [117,127]      [127,128]      [128,138]      [139,141]      
Machine 12: job_14_task_0  job_5_task_1   job_7_task_4   job_6_task_10  job_9_task_6   job_16_task_8  job_7_task_10  job_15_task_9  job_0_task_12  
           [0,2]          [9,13]         [40,41]        [55,60]        [69,72]        [74,75]        [77,86]        [121,123]      [124,125]      
Machine 13: job_16_task_0  job_8_task_1   job_12_task_1  job_13_task_4  job_16_task_2  job_0_task_4   job_18_task_3  job_2_task_5   job_13_task_11 job_2_task_11  job_10_task_8  job_7_task_11  job_3_task_9   job_1_task_5   job_14_task_14 job_10_task_14 job_1_task_13  job_15_task_14 
           [0,7]          [10,14]        [15,21]        [21,26]        [26,32]        [32,35]        [35,42]        [42,50]        [67,75]        [75,76]        [76,85]        [86,93]        [93,99]        [101,103]      [124,133]      [133,134]      [136,139]      [141,143]      
Machine 14: job_17_task_0  job_7_task_0   job_6_task_2   job_0_task_1   job_8_task_2   job_8_task_3   job_18_task_2  job_14_task_5  job_6_task_8   job_1_task_2   job_14_task_10 job_17_task_11 job_13_task_12 job_18_task_9  job_15_task_7  job_3_task_11  job_16_task_14 job_8_task_14  
           [0,3]          [3,13]         [13,15]        [16,19]        [19,28]        [28,31]        [31,35]        [35,43]        [43,52]        [52,57]        [59,61]        [66,74]        [75,76]        [91,97]        [102,110]      [110,118]      [118,124]      [134,142]      
Machine 15: job_6_task_0   job_12_task_0  job_5_task_2   job_6_task_3   job_15_task_1  job_4_task_3   job_14_task_6  job_14_task_8  job_7_task_7   job_7_task_8   job_0_task_6   job_9_task_5   job_2_task_9   job_9_task_7   job_3_task_10  job_12_task_11 job_9_task_13  
           [0,10]         [10,14]        [14,15]        [15,21]        [21,26]        [31,40]        [44,50]        [53,54]        [55,56]        [56,59]        [59,64]        [64,69]        [71,73]        [73,83]        [99,106]       [106,114]      [115,124]      
Machine 16: job_0_task_0   job_17_task_5  job_10_task_4  job_5_task_6   job_8_task_8   job_11_task_9  job_5_task_10  job_8_task_10  job_18_task_11 job_16_task_13 job_18_task_13 job_11_task_14 job_3_task_13  job_0_task_13  job_4_task_12  job_17_task_14 
           [0,1]          [22,28]        [38,47]        [58,62]        [67,76]        [76,82]        [82,90]        [90,100]       [100,106]      [106,109]      [109,117]      [117,126]      [126,132]      [132,134]      [134,135]      [135,143]      
Machine 17: job_17_task_2  job_6_task_1   job_2_task_2   job_11_task_2  job_2_task_4   job_9_task_3   job_10_task_6  job_13_task_10 job_11_task_8  job_12_task_5  job_2_task_10  job_18_task_7  job_11_task_12 job_10_task_13 job_3_task_14  job_12_task_14 
           [8,10]         [10,12]        [15,25]        [25,32]        [32,40]        [43,52]        [56,65]        [65,67]        [67,69]        [69,71]        [73,75]        [86,88]        [96,103]       [130,132]      [132,140]      [140,142]      
Optimal Schedule Length: 143.0
Total (Unoptimized Schedule Length): 1548
Statistics
  - conflicts: 0
  - branches : 0
  - wall time: 30.075504310000003s