
Problem
        task_0  task_1   task_2   task_3   task_4  task_5   task_6  task_7   task_8   task_9 task_10  task_11  task_12 task_13 task_14  task_15  task_16  task_17  task_18  task_19
job_0   (3, 4)  (3, 5)   (3, 8)   (3, 9)   (1, 8)  (4, 1)   (3, 8)  (3, 8)   (3, 2)   (2, 6)  (3, 4)   (3, 4)   (3, 5)  (1, 8)  (2, 4)   (0, 3)   (2, 8)   (3, 8)   (1, 1)  (0, 10)
job_1   (1, 1)  (1, 3)   (4, 3)   (0, 9)   (1, 5)  (1, 6)   (3, 8)  (1, 2)   (1, 3)   (4, 1)  (0, 6)   (1, 3)  (3, 10)  (3, 9)  (2, 4)   (1, 6)   (0, 3)   (1, 7)   (4, 6)   (2, 2)
job_2   (2, 4)  (2, 1)   (3, 2)   (4, 6)   (1, 7)  (4, 4)   (4, 9)  (3, 5)  (2, 10)   (4, 6)  (1, 6)  (2, 10)   (1, 9)  (1, 3)  (2, 6)   (1, 4)   (3, 4)   (1, 4)   (0, 1)   (3, 7)
job_3   (4, 6)  (1, 4)   (2, 1)   (0, 9)   (1, 1)  (2, 3)   (1, 6)  (2, 9)   (3, 2)   (2, 1)  (4, 3)   (2, 5)   (4, 8)  (4, 8)  (4, 4)   (1, 6)   (2, 9)   (2, 1)  (4, 10)   (4, 1)
job_4   (2, 4)  (2, 9)  (0, 10)   (2, 5)   (1, 8)  (0, 2)   (3, 3)  (0, 2)   (4, 7)   (3, 1)  (4, 8)   (4, 6)   (1, 9)  (1, 1)  (0, 5)   (4, 5)  (2, 10)   (4, 8)   (1, 4)   (2, 8)
job_5   (3, 3)  (1, 8)   (1, 1)  (4, 10)   (4, 1)  (4, 3)  (0, 10)  (4, 5)   (2, 1)   (0, 4)  (1, 9)   (1, 5)   (2, 8)  (2, 4)  (4, 8)  (4, 10)   (3, 1)  (0, 10)   (1, 9)   (1, 3)
job_6   (0, 1)  (2, 8)   (2, 4)   (0, 9)   (2, 4)  (1, 2)  (0, 10)  (2, 3)  (2, 10)   (0, 4)  (1, 4)   (1, 5)   (4, 9)  (2, 9)  (2, 7)   (1, 8)   (2, 4)   (4, 9)   (2, 6)   (0, 3)
job_7   (0, 6)  (1, 3)  (2, 10)   (0, 8)   (0, 2)  (3, 6)   (0, 4)  (2, 4)   (3, 4)   (3, 5)  (3, 5)   (4, 8)   (4, 9)  (2, 9)  (0, 2)   (2, 1)   (2, 2)   (3, 4)   (2, 8)   (4, 6)
job_8   (0, 8)  (2, 4)   (4, 4)   (4, 7)   (4, 4)  (1, 2)   (4, 5)  (4, 1)   (1, 2)  (3, 10)  (1, 5)   (0, 8)   (3, 9)  (2, 8)  (1, 1)   (0, 6)   (3, 9)   (0, 1)   (2, 6)   (0, 9)
job_9   (2, 7)  (4, 4)   (4, 7)   (1, 7)   (4, 9)  (2, 2)   (1, 2)  (0, 5)   (3, 1)   (1, 7)  (3, 8)   (1, 8)   (2, 6)  (1, 2)  (3, 1)   (2, 6)   (0, 3)   (1, 2)   (3, 3)   (4, 8)
job_10  (4, 7)  (2, 7)   (0, 2)   (2, 3)  (2, 10)  (0, 9)   (2, 9)  (2, 7)   (4, 9)   (1, 6)  (1, 7)   (4, 8)   (0, 5)  (4, 8)  (2, 5)   (4, 1)   (1, 4)   (2, 2)   (2, 6)   (2, 3)
job_11  (1, 1)  (0, 9)   (1, 9)   (2, 1)   (4, 2)  (0, 3)  (4, 10)  (2, 4)   (2, 6)   (2, 3)  (3, 8)  (2, 10)   (0, 9)  (3, 6)  (0, 3)   (1, 9)   (3, 3)   (1, 4)   (3, 8)   (4, 4)


Solution:
Machine 0: job_6_task_0   job_11_task_1  job_8_task_0   job_7_task_0   job_10_task_2  job_1_task_3   job_6_task_3   job_4_task_2   job_10_task_5  job_5_task_6   job_6_task_6   job_7_task_3   job_11_task_5  job_3_task_3   job_4_task_5   job_7_task_4   job_6_task_9   job_4_task_7   job_7_task_6   job_5_task_9   job_1_task_10  job_8_task_11  job_9_task_7   job_11_task_12 job_4_task_14  job_10_task_12 job_11_task_14 job_8_task_15  job_0_task_15  job_7_task_14  job_8_task_17  job_5_task_17  job_1_task_16  job_9_task_16  job_2_task_18  job_0_task_19  job_8_task_19  job_6_task_19  
           [0,1]          [1,10]         [10,18]        [18,24]        [24,26]        [26,35]        [35,44]        [44,54]        [54,63]        [63,73]        [73,83]        [83,91]        [91,94]        [94,103]       [103,105]      [105,107]      [107,111]      [111,113]      [114,118]      [118,122]      [125,131]      [138,146]      [157,162]      [170,179]      [184,189]      [199,204]      [209,212]      [223,229]      [229,232]      [234,236]      [238,239]      [239,249]      [264,267]      [278,281]      [283,284]      [286,296]      [301,310]      [324,327]      
Machine 1: job_11_task_0  job_1_task_0   job_1_task_1   job_5_task_1   job_5_task_2   job_11_task_2  job_7_task_1   job_3_task_1   job_0_task_4   job_1_task_4   job_2_task_4   job_1_task_5   job_8_task_5   job_6_task_5   job_1_task_7   job_1_task_8   job_9_task_3   job_4_task_4   job_3_task_4   job_3_task_6   job_8_task_8   job_6_task_10  job_6_task_11  job_5_task_10  job_8_task_10  job_5_task_11  job_10_task_9  job_2_task_10  job_9_task_6   job_1_task_11  job_4_task_12  job_9_task_9   job_10_task_10 job_4_task_13  job_0_task_13  job_9_task_11  job_2_task_12  job_2_task_13  job_11_task_15 job_8_task_14  job_6_task_15  job_11_task_17 job_3_task_15  job_9_task_13  job_5_task_18  job_1_task_15  job_4_task_18  job_2_task_15  job_1_task_17  job_2_task_17  job_9_task_17  job_0_task_18  job_5_task_19  job_10_task_16 
           [0,1]          [1,2]          [2,5]          [7,15]         [15,16]        [16,25]        [25,28]        [28,32]        [32,40]        [40,45]        [45,52]        [52,58]        [64,66]        [66,68]        [68,70]        [70,73]        [75,82]        [82,90]        [103,104]      [107,113]      [113,115]      [115,119]      [119,124]      [124,133]      [133,138]      [138,143]      [143,149]      [149,155]      [155,157]      [157,160]      [160,169]      [169,176]      [176,183]      [183,184]      [185,193]      [193,201]      [201,210]      [210,213]      [213,222]      [222,223]      [223,231]      [231,235]      [235,241]      [241,243]      [249,258]      [258,264]      [264,268]      [268,272]      [272,279]      [279,283]      [283,285]      [285,286]      [286,289]      [289,293]      
Machine 2: job_4_task_0   job_6_task_1   job_10_task_1  job_4_task_1   job_6_task_2   job_2_task_0   job_2_task_1   job_10_task_3  job_8_task_1   job_10_task_4  job_9_task_0   job_6_task_4   job_7_task_2   job_11_task_3  job_4_task_3   job_3_task_2   job_10_task_6  job_6_task_7   job_6_task_8   job_3_task_5   job_11_task_7  job_11_task_8  job_5_task_8   job_10_task_7  job_2_task_8   job_11_task_9  job_7_task_7   job_3_task_7   job_9_task_5   job_0_task_9   job_3_task_9   job_11_task_11 job_5_task_12  job_3_task_11  job_2_task_11  job_6_task_13  job_5_task_13  job_8_task_13  job_6_task_14  job_0_task_14  job_7_task_13  job_9_task_12  job_4_task_16  job_1_task_14  job_0_task_16  job_2_task_14  job_6_task_16  job_9_task_15  job_7_task_15  job_10_task_14 job_3_task_16  job_7_task_16  job_8_task_18  job_7_task_18  job_3_task_17  job_10_task_17 job_10_task_18 job_6_task_18  job_4_task_19  job_10_task_19 job_1_task_19  
           [0,4]          [4,12]         [12,19]        [19,28]        [28,32]        [32,36]        [36,37]        [37,40]        [40,44]        [44,54]        [54,61]        [61,65]        [65,75]        [75,76]        [76,81]        [81,82]        [82,91]        [91,94]        [94,104]       [104,107]      [107,111]      [111,117]      [117,118]      [118,125]      [125,135]      [135,138]      [138,142]      [142,151]      [151,153]      [153,159]      [159,160]      [160,170]      [170,178]      [178,183]      [183,193]      [193,202]      [202,206]      [206,214]      [214,221]      [221,225]      [225,234]      [234,240]      [240,250]      [250,254]      [254,262]      [262,268]      [268,272]      [272,278]      [278,279]      [279,284]      [284,293]      [293,295]      [295,301]      [301,309]      [309,310]      [310,312]      [312,318]      [318,324]      [324,332]      [332,335]      [335,337]      
Machine 3: job_0_task_0   job_5_task_0   job_0_task_1   job_0_task_2   job_0_task_3   job_2_task_2   job_1_task_6   job_2_task_7   job_0_task_6   job_0_task_7   job_4_task_6   job_7_task_5   job_0_task_8   job_8_task_9   job_4_task_9   job_11_task_10 job_7_task_8   job_7_task_9   job_3_task_8   job_7_task_10  job_9_task_8   job_0_task_10  job_0_task_11  job_8_task_12  job_0_task_12  job_9_task_10  job_1_task_12  job_11_task_13 job_1_task_13  job_11_task_16 job_8_task_16  job_5_task_16  job_11_task_18 job_9_task_14  job_0_task_17  job_2_task_16  job_2_task_19  job_9_task_18  job_7_task_17  
           [0,4]          [4,7]          [7,12]         [12,20]        [20,29]        [37,39]        [58,66]        [84,89]        [89,97]        [97,105]       [105,108]      [108,114]      [114,116]      [116,126]      [126,127]      [138,146]      [146,150]      [150,155]      [155,157]      [157,162]      [162,163]      [163,167]      [167,171]      [171,180]      [180,185]      [185,193]      [193,203]      [203,209]      [209,218]      [222,225]      [229,238]      [238,239]      [239,247]      [247,248]      [262,270]      [272,276]      [284,291]      [291,294]      [295,299]      
Machine 4: job_10_task_0  job_3_task_0   job_1_task_2   job_5_task_3   job_5_task_4   job_5_task_5   job_2_task_3   job_8_task_2   job_8_task_3   job_2_task_5   job_8_task_4   job_9_task_1   job_9_task_2   job_2_task_6   job_11_task_4  job_0_task_5   job_8_task_6   job_5_task_7   job_11_task_6  job_8_task_7   job_9_task_4   job_4_task_8   job_1_task_9   job_10_task_8  job_4_task_10  job_2_task_9   job_4_task_11  job_6_task_12  job_3_task_10  job_7_task_11  job_7_task_12  job_3_task_12  job_10_task_11 job_3_task_13  job_5_task_14  job_4_task_15  job_5_task_15  job_3_task_14  job_10_task_13 job_11_task_19 job_4_task_17  job_6_task_17  job_1_task_18  job_10_task_15 job_9_task_19  job_7_task_19  job_3_task_18  job_3_task_19  
           [0,7]          [7,13]         [13,16]        [16,26]        [26,27]        [27,30]        [39,45]        [45,49]        [49,56]        [56,60]        [60,64]        [64,68]        [68,75]        [75,84]        [84,86]        [86,87]        [87,92]        [92,97]        [97,107]       [107,108]      [108,117]      [117,124]      [124,125]      [125,134]      [134,142]      [142,148]      [148,154]      [154,163]      [163,166]      [166,174]      [174,183]      [183,191]      [191,199]      [199,207]      [207,215]      [215,220]      [220,230]      [230,234]      [234,242]      [247,251]      [251,259]      [272,281]      [281,287]      [287,288]      [294,302]      [309,315]      [315,325]      [325,326]      
Optimal Schedule Length: 337.0
Total (Unoptimized Schedule Length): 1306
Statistics
  - conflicts: 0
  - branches : 0
  - wall time: 0.058232716000000004s