
Problem
        task_0   task_1   task_2   task_3   task_4   task_5   task_6   task_7   task_8  task_9  task_10  task_11 task_12
job_0   (1, 1)   (0, 2)   (2, 3)   (2, 6)   (1, 9)   (0, 4)  (2, 10)   (3, 5)   (2, 3)  (2, 1)   (3, 3)   (0, 4)  (3, 9)
job_1   (2, 8)   (1, 1)   (2, 9)   (2, 4)   (1, 9)   (3, 8)   (2, 7)   (0, 7)  (1, 10)  (1, 7)   (2, 4)   (3, 6)  (2, 5)
job_2   (0, 6)   (3, 8)  (2, 10)   (1, 8)   (2, 9)  (1, 10)   (2, 2)   (1, 9)   (1, 3)  (0, 3)   (2, 6)   (1, 9)  (1, 5)
job_3   (1, 4)   (0, 7)   (3, 3)   (1, 4)   (1, 3)   (2, 2)   (2, 8)   (1, 7)   (3, 7)  (2, 1)   (2, 1)   (1, 8)  (0, 3)
job_4   (3, 4)   (0, 7)   (1, 3)   (1, 7)   (1, 7)   (2, 5)   (1, 1)  (0, 10)   (1, 9)  (1, 5)  (0, 10)   (1, 9)  (3, 7)
job_5   (0, 5)   (0, 2)   (3, 2)   (1, 3)   (0, 5)   (2, 8)   (1, 5)  (3, 10)   (1, 3)  (3, 7)   (3, 6)   (3, 4)  (1, 8)
job_6   (0, 1)  (3, 10)   (2, 8)   (2, 9)  (2, 10)   (2, 9)   (2, 6)   (1, 4)   (2, 2)  (2, 3)   (3, 5)   (1, 2)  (3, 4)
job_7   (3, 3)   (3, 8)   (0, 7)   (0, 2)   (0, 3)   (0, 7)   (2, 9)   (2, 3)  (1, 10)  (3, 4)  (0, 10)   (1, 2)  (3, 4)
job_8   (2, 9)   (3, 3)   (1, 1)   (0, 9)   (1, 9)   (1, 8)   (1, 7)   (3, 7)   (3, 5)  (1, 9)   (3, 2)  (2, 10)  (1, 1)
job_9   (2, 8)   (2, 4)   (0, 3)  (2, 10)   (3, 6)   (3, 5)   (2, 5)   (0, 6)   (0, 3)  (0, 5)   (0, 9)   (1, 9)  (0, 3)
job_10  (3, 9)   (2, 7)   (3, 2)   (2, 3)   (3, 4)   (2, 2)   (2, 1)   (1, 4)   (3, 4)  (2, 9)   (1, 8)   (2, 7)  (0, 6)
job_11  (0, 9)  (2, 10)  (2, 10)   (3, 3)   (3, 1)   (1, 3)   (2, 6)   (1, 6)  (2, 10)  (3, 7)   (3, 7)   (3, 5)  (3, 1)
job_12  (1, 7)   (1, 9)  (2, 10)   (1, 7)   (0, 9)   (1, 3)   (0, 4)  (1, 10)   (2, 6)  (3, 5)   (1, 7)   (3, 1)  (3, 2)
job_13  (3, 3)   (3, 8)   (1, 1)   (0, 3)   (3, 6)  (2, 10)   (2, 2)   (2, 6)   (0, 5)  (3, 1)   (2, 2)   (1, 8)  (0, 5)
job_14  (1, 6)   (2, 6)   (0, 3)   (1, 1)   (0, 2)   (3, 9)   (0, 5)   (0, 7)   (0, 9)  (0, 5)  (0, 10)   (2, 5)  (2, 9)


Solution:
Machine 0: job_2_task_0   job_4_task_1   job_11_task_0  job_6_task_0   job_5_task_0   job_5_task_1   job_7_task_2   job_7_task_3   job_7_task_4   job_8_task_3   job_14_task_2  job_0_task_1   job_14_task_4  job_5_task_4   job_3_task_1   job_9_task_2   job_14_task_6  job_7_task_5   job_13_task_3  job_14_task_7  job_12_task_4  job_14_task_8  job_12_task_6  job_14_task_9  job_14_task_10 job_4_task_7   job_0_task_5   job_1_task_7   job_4_task_10  job_9_task_7   job_9_task_8   job_9_task_9   job_9_task_10  job_2_task_9   job_9_task_12  job_7_task_10  job_13_task_8  job_0_task_11  job_13_task_12 job_10_task_12 job_3_task_12  
           [0,6]          [6,13]         [13,22]        [22,23]        [23,28]        [28,30]        [30,37]        [37,39]        [39,42]        [42,51]        [51,54]        [54,56]        [56,58]        [58,63]        [63,70]        [70,73]        [73,78]        [78,85]        [85,88]        [88,95]        [95,104]       [104,113]      [113,117]      [117,122]      [122,132]      [132,142]      [146,150]      [163,170]      [191,201]      [201,207]      [207,210]      [210,215]      [215,224]      [233,236]      [242,245]      [256,266]      [267,272]      [292,296]      [308,313]      [313,319]      [323,326]      
Machine 1: job_12_task_0  job_14_task_0  job_1_task_1   job_4_task_2   job_12_task_1  job_4_task_3   job_4_task_4   job_8_task_2   job_0_task_0   job_3_task_0   job_2_task_3   job_14_task_3  job_5_task_3   job_8_task_4   job_13_task_2  job_1_task_4   job_8_task_5   job_12_task_3  job_3_task_3   job_8_task_6   job_3_task_4   job_12_task_5  job_11_task_5  job_12_task_7  job_4_task_6   job_8_task_9   job_0_task_4   job_2_task_5   job_5_task_6   job_4_task_8   job_1_task_8   job_11_task_7  job_4_task_9   job_5_task_8   job_1_task_9   job_10_task_7  job_4_task_11  job_2_task_7   job_3_task_7   job_2_task_8   job_9_task_11  job_7_task_8   job_10_task_10 job_5_task_12  job_7_task_11  job_6_task_7   job_12_task_10 job_2_task_11  job_13_task_11 job_2_task_12  job_6_task_11  job_3_task_11  job_8_task_12  
           [0,7]          [7,13]         [13,14]        [14,17]        [17,26]        [26,33]        [33,40]        [40,41]        [41,42]        [42,46]        [46,54]        [54,55]        [55,58]        [58,67]        [67,68]        [68,77]        [77,85]        [85,92]        [92,96]        [96,103]       [103,106]      [106,109]      [111,114]      [117,127]      [127,128]      [128,137]      [137,146]      [146,156]      [156,161]      [161,170]      [170,180]      [180,186]      [186,191]      [191,194]      [194,201]      [201,205]      [205,214]      [214,223]      [223,230]      [230,233]      [233,242]      [242,252]      [252,260]      [260,268]      [268,270]      [273,277]      [284,291]      [291,300]      [300,308]      [308,313]      [313,315]      [315,323]      [324,325]      
Machine 2: job_1_task_0   job_8_task_0   job_9_task_0   job_1_task_2   job_2_task_2   job_14_task_1  job_11_task_1  job_9_task_1   job_1_task_3   job_12_task_2  job_6_task_2   job_9_task_3   job_11_task_2  job_0_task_2   job_10_task_1  job_4_task_5   job_2_task_4   job_0_task_3   job_6_task_3   job_5_task_5   job_10_task_3  job_1_task_6   job_6_task_4   job_11_task_6  job_7_task_6   job_10_task_5  job_9_task_6   job_10_task_6  job_13_task_5  job_2_task_6   job_3_task_5   job_3_task_6   job_6_task_5   job_0_task_6   job_7_task_7   job_10_task_9  job_11_task_8  job_13_task_6  job_13_task_7  job_6_task_6   job_12_task_8  job_0_task_8   job_2_task_10  job_0_task_9   job_6_task_8   job_13_task_10 job_1_task_10  job_6_task_9   job_14_task_11 job_3_task_9   job_10_task_11 job_3_task_10  job_8_task_11  job_14_task_12 job_1_task_12  
           [0,8]          [8,17]         [17,25]        [25,34]        [34,44]        [44,50]        [50,60]        [60,64]        [64,68]        [68,78]        [78,86]        [86,96]        [96,106]       [106,109]      [109,116]      [116,121]      [121,130]      [130,136]      [136,145]      [145,153]      [153,156]      [156,163]      [163,173]      [173,179]      [179,188]      [188,190]      [190,195]      [195,196]      [196,206]      [206,208]      [208,210]      [210,218]      [218,227]      [227,237]      [237,240]      [240,249]      [249,259]      [259,261]      [261,267]      [267,273]      [273,279]      [279,282]      [282,288]      [288,289]      [289,291]      [291,293]      [293,297]      [297,300]      [300,305]      [305,306]      [306,313]      [313,314]      [314,324]      [324,333]      [333,338]      
Machine 3: job_4_task_0   job_7_task_0   job_2_task_1   job_7_task_1   job_6_task_1   job_8_task_1   job_10_task_0  job_5_task_2   job_13_task_0  job_13_task_1  job_14_task_5  job_3_task_2   job_1_task_5   job_13_task_4  job_9_task_4   job_9_task_5   job_11_task_3  job_11_task_4  job_8_task_7   job_10_task_2  job_8_task_8   job_8_task_10  job_10_task_4  job_5_task_7   job_5_task_9   job_5_task_10  job_10_task_8  job_5_task_11  job_4_task_12  job_3_task_8   job_0_task_7   job_7_task_9   job_11_task_9  job_11_task_10 job_13_task_9  job_11_task_11 job_12_task_9  job_7_task_12  job_11_task_12 job_0_task_10  job_12_task_11 job_12_task_12 job_0_task_12  job_6_task_10  job_1_task_11  job_6_task_12  
           [0,4]          [4,7]          [7,15]         [15,23]        [23,33]        [33,36]        [36,45]        [45,47]        [47,50]        [50,58]        [58,67]        [70,73]        [77,85]        [88,94]        [96,102]       [102,107]      [107,110]      [110,111]      [111,118]      [118,120]      [120,125]      [137,139]      [156,160]      [161,171]      [194,201]      [201,207]      [207,211]      [211,215]      [215,222]      [230,237]      [237,242]      [252,256]      [259,266]      [266,273]      [273,274]      [274,279]      [279,284]      [284,288]      [288,289]      [289,292]      [292,293]      [293,295]      [296,305]      [305,310]      [310,316]      [316,320]      
Optimal Schedule Length: 338.0
Total (Unoptimized Schedule Length): 1105
Statistics
  - conflicts: 0
  - branches : 184
  - wall time: 0.068823479s