
 Problem
          task_0   task_1   task_2   task_3   task_4   task_5   task_6   task_7   task_8   task_9  task_10  task_11  task_12  task_13  task_14  task_15  task_16  task_17
job_0   (12, 6)  (10, 8)   (8, 3)   (2, 6)  (16, 2)   (6, 3)   (5, 4)  (11, 4)  (12, 1)   (0, 7)  (15, 5)   (6, 3)   (2, 0)   (1, 3)   (0, 6)  (14, 0)   (5, 4)   (3, 2)
job_1    (1, 4)   (2, 1)  (16, 1)   (9, 0)  (11, 0)  (12, 3)   (7, 2)  (16, 2)  (14, 8)   (8, 3)  (16, 5)  (12, 2)   (7, 5)   (4, 8)   (3, 8)   (4, 9)   (8, 6)  (11, 0)
job_2   (11, 1)   (7, 4)  (13, 6)   (9, 4)  (14, 9)   (7, 4)  (12, 5)  (16, 4)   (2, 9)  (10, 0)  (13, 9)  (12, 3)   (7, 1)  (16, 1)   (9, 1)  (15, 3)  (10, 3)  (15, 0)
job_3    (2, 1)   (4, 4)  (13, 8)   (2, 8)   (3, 9)  (15, 7)  (16, 5)  (12, 8)   (6, 1)  (11, 4)  (12, 3)  (12, 7)  (15, 8)  (12, 0)  (11, 9)   (8, 9)   (5, 9)   (0, 3)
job_4    (9, 1)  (11, 6)   (9, 4)   (6, 7)  (14, 0)   (7, 8)   (5, 1)  (15, 0)   (8, 9)   (7, 0)   (5, 4)  (12, 4)  (11, 8)   (7, 5)  (11, 1)  (14, 8)   (8, 5)  (10, 4)
job_5    (6, 4)   (8, 1)   (6, 7)  (16, 8)   (1, 7)   (7, 8)   (8, 6)   (7, 7)   (9, 1)   (4, 8)  (10, 3)  (10, 0)  (14, 0)  (13, 8)   (7, 0)  (14, 7)   (4, 3)   (3, 1)
job_6    (8, 4)  (10, 7)   (2, 4)   (2, 2)   (7, 3)  (15, 3)  (16, 5)   (1, 6)  (13, 3)   (4, 5)   (2, 3)   (5, 0)  (15, 7)   (4, 5)  (10, 7)   (9, 5)   (1, 4)   (9, 7)
job_7    (5, 7)   (8, 0)  (16, 0)   (9, 9)   (4, 8)   (9, 6)  (12, 7)   (9, 0)  (12, 7)   (4, 5)   (8, 0)   (9, 2)   (1, 1)   (2, 8)   (7, 3)  (16, 4)   (6, 3)  (13, 2)
job_8   (14, 8)   (3, 5)  (16, 9)   (5, 1)   (1, 4)  (16, 0)   (5, 3)   (8, 2)   (1, 9)   (8, 3)  (10, 6)   (2, 0)  (15, 4)   (8, 9)  (12, 0)  (14, 8)  (15, 7)   (9, 3)
job_9   (10, 9)   (1, 8)  (12, 7)   (3, 2)   (0, 4)   (8, 8)   (9, 9)   (7, 2)  (11, 4)   (1, 3)   (8, 5)   (3, 0)   (5, 5)  (13, 7)   (9, 6)   (2, 6)   (2, 2)   (3, 2)
job_10  (13, 5)   (2, 9)  (11, 7)  (13, 5)  (14, 3)  (16, 2)   (1, 7)   (1, 0)  (16, 1)   (6, 1)  (15, 7)   (4, 1)   (2, 0)   (7, 8)   (8, 2)   (2, 4)  (12, 4)   (2, 9)
job_11   (1, 4)   (6, 2)  (14, 9)   (2, 3)   (6, 3)   (9, 1)  (12, 9)   (7, 2)   (7, 8)  (12, 5)   (4, 1)   (5, 8)   (5, 9)  (15, 5)   (3, 4)   (9, 4)   (2, 3)  (11, 8)
job_12  (16, 6)   (6, 1)   (3, 0)   (0, 6)   (7, 6)   (7, 2)   (3, 5)   (9, 2)  (16, 9)  (14, 5)   (6, 6)   (4, 9)   (3, 5)  (13, 7)   (8, 1)   (8, 2)   (5, 6)   (0, 8)
job_13  (13, 2)   (4, 3)  (10, 1)   (0, 1)   (2, 9)   (2, 4)   (3, 8)   (3, 6)  (16, 6)   (1, 9)   (5, 4)  (13, 0)  (15, 2)  (13, 3)   (0, 0)   (6, 4)   (3, 9)   (6, 8)
job_14  (11, 3)  (14, 4)  (10, 4)  (16, 6)  (13, 3)   (8, 7)  (15, 0)   (1, 6)   (6, 8)  (13, 3)   (7, 1)  (10, 4)   (8, 9)  (11, 8)   (6, 6)  (16, 8)   (2, 8)  (10, 7)
job_15  (12, 6)  (11, 3)   (9, 3)   (0, 9)   (5, 8)   (0, 6)   (2, 1)   (6, 1)  (14, 2)   (6, 7)  (15, 2)  (16, 2)  (10, 7)  (14, 4)   (8, 2)   (2, 8)   (9, 6)   (0, 7)
job_16  (14, 2)  (13, 8)   (6, 1)   (8, 6)  (13, 0)  (14, 4)   (0, 2)  (16, 8)   (0, 7)   (8, 5)   (4, 8)   (0, 4)  (16, 6)   (3, 9)  (11, 2)   (9, 2)  (11, 3)   (4, 6)

Solution:
Machine 0: job_12_task_3  job_15_task_3  job_9_task_4   job_16_task_6  job_15_task_5  job_13_task_3  job_16_task_8  job_0_task_9   job_16_task_11 job_0_task_14  job_13_task_14 job_12_task_17 job_15_task_17 job_3_task_17  
           [7,13]         [19,28]        [28,32]        [32,34]        [38,44]        [44,45]        [45,52]        [60,67]        [67,71]        [78,84]        [108,108]      [111,119]      [119,126]      [126,129]      
Machine 1: job_1_task_0   job_11_task_0  job_9_task_1   job_8_task_4   job_14_task_7  job_5_task_4   job_8_task_8   job_6_task_7   job_7_task_12  job_9_task_9   job_10_task_6  job_0_task_13  job_10_task_7  job_13_task_9  job_6_task_16  
           [0,4]          [4,8]          [9,17]         [30,34]        [34,40]        [40,47]        [47,56]        [56,62]        [62,63]        [63,66]        [68,75]        [75,78]        [75,75]        [86,95]        [118,122]      
Machine 2: job_3_task_0   job_1_task_1   job_10_task_1  job_6_task_2   job_6_task_3   job_11_task_3  job_3_task_3   job_0_task_3   job_13_task_4  job_15_task_6  job_13_task_5  job_7_task_13  job_6_task_10  job_8_task_11  job_0_task_12  job_2_task_8   job_15_task_15 job_9_task_15  job_10_task_12 job_9_task_16  job_14_task_16 job_10_task_15 job_11_task_16 job_10_task_17 
           [0,1]          [4,5]          [6,15]         [20,24]        [24,26]        [27,30]        [31,39]        [39,45]        [45,54]        [54,55]        [59,63]        [63,71]        [71,74]        [71,71]        [75,75]        [79,88]        [88,96]        [96,102]       [96,96]        [102,104]      [104,112]      [112,116]      [117,120]      [120,129]      
Machine 3: job_12_task_2  job_8_task_1   job_9_task_3   job_12_task_6  job_3_task_4   job_13_task_6  job_9_task_11  job_13_task_7  job_12_task_12 job_1_task_14  job_16_task_13 job_11_task_14 job_0_task_17  job_13_task_16 job_9_task_17  job_5_task_17  
           [7,7]          [15,20]        [25,27]        [36,41]        [41,50]        [63,71]        [71,71]        [71,77]        [81,86]        [89,97]        [97,106]       [106,110]      [110,112]      [112,121]      [122,124]      [128,129]      
Machine 4: job_3_task_1   job_7_task_4   job_13_task_1  job_7_task_9   job_16_task_10 job_6_task_9   job_11_task_10 job_12_task_11 job_1_task_13  job_6_task_13  job_10_task_11 job_5_task_9   job_1_task_15  job_16_task_17 job_5_task_16  
           [1,5]          [16,24]        [36,39]        [53,58]        [58,66]        [66,71]        [71,72]        [72,81]        [81,89]        [89,94]        [94,95]        [98,106]       [109,118]      [118,124]      [125,128]      
Machine 5: job_7_task_0   job_8_task_3   job_15_task_4  job_8_task_6   job_4_task_6   job_0_task_6   job_4_task_10  job_9_task_12  job_6_task_11  job_11_task_11 job_11_task_12 job_13_task_10 job_0_task_16  job_12_task_16 job_3_task_16  
           [0,7]          [29,30]        [30,38]        [38,41]        [41,42]        [51,55]        [64,68]        [71,76]        [76,76]        [78,86]        [87,96]        [96,100]       [100,104]      [105,111]      [116,125]      
Machine 6: job_5_task_0   job_12_task_1  job_5_task_2   job_16_task_2  job_11_task_1  job_4_task_3   job_11_task_4  job_14_task_8  job_0_task_5   job_15_task_7  job_15_task_9  job_12_task_10 job_0_task_11  job_3_task_8   job_10_task_9  job_14_task_14 job_13_task_15 job_7_task_16  job_13_task_17 
           [0,4]          [6,7]          [7,14]         [14,15]        [15,17]        [23,30]        [33,36]        [40,48]        [48,51]        [55,56]        [58,65]        [66,72]        [72,75]        [75,76]        [80,81]        [88,94]        [108,112]      [118,121]      [121,129]      
Machine 7: job_2_task_1   job_1_task_6   job_12_task_4  job_12_task_5  job_4_task_5   job_6_task_4   job_2_task_5   job_11_task_7  job_9_task_7   job_4_task_9   job_14_task_10 job_11_task_8  job_5_task_5   job_7_task_14  job_1_task_12  job_5_task_7   job_10_task_13 job_4_task_13  job_2_task_12  job_5_task_14  
           [4,8]          [10,12]        [13,19]        [19,21]        [30,38]        [38,41]        [43,47]        [47,49]        [50,52]        [52,52]        [52,53]        [53,61]        [63,71]        [73,76]        [76,81]        [86,93]        [96,104]       [104,109]      [112,113]      [117,117]      
Machine 8: job_6_task_0   job_5_task_1   job_7_task_1   job_16_task_3  job_14_task_5  job_0_task_2   job_9_task_5   job_8_task_7   job_4_task_8   job_16_task_9  job_7_task_10  job_8_task_9   job_1_task_9   job_9_task_10  job_14_task_12 job_5_task_6   job_15_task_14 job_8_task_13  job_12_task_14 job_12_task_15 job_10_task_14 job_3_task_15  job_4_task_16  job_1_task_16  
           [0,4]          [4,5]          [7,7]          [15,21]        [23,30]        [30,33]        [33,41]        [41,43]        [43,52]        [52,57]        [59,59]        [59,62]        [62,65]        [66,71]        [71,80]        [80,86]        [86,88]        [88,97]        [101,102]      [102,104]      [104,106]      [107,116]      [118,123]      [123,129]      
Machine 9: job_4_task_0   job_1_task_3   job_7_task_3   job_15_task_2  job_4_task_2   job_7_task_5   job_2_task_3   job_11_task_5  job_7_task_7   job_9_task_6   job_12_task_7  job_7_task_11  job_9_task_14  job_5_task_8   job_15_task_16 job_6_task_15  job_16_task_15 job_11_task_15 job_2_task_14  job_8_task_17  job_6_task_17  
           [0,1]          [7,7]          [7,16]         [16,19]        [19,23]        [24,30]        [30,34]        [36,37]        [37,37]        [41,50]        [50,52]        [59,61]        [85,91]        [93,94]        [98,104]       [104,109]      [109,111]      [113,117]      [117,118]      [118,121]      [122,129]      
Machine 10: job_9_task_0   job_14_task_2  job_6_task_1   job_0_task_1   job_13_task_2  job_14_task_11 job_8_task_10  job_15_task_12 job_2_task_9   job_6_task_14  job_5_task_10  job_5_task_11  job_14_task_17 job_2_task_16  job_4_task_17  
           [0,9]          [9,13]         [13,20]        [20,28]        [39,40]        [53,57]        [62,68]        [75,82]        [91,91]        [94,101]       [106,109]      [109,109]      [112,119]      [122,125]      [125,129]      
Machine 11: job_14_task_0  job_2_task_0   job_1_task_4   job_15_task_1  job_4_task_1   job_10_task_2  job_0_task_7   job_9_task_8   job_3_task_9   job_14_task_13 job_4_task_12  job_3_task_14  job_16_task_14 job_4_task_14  job_16_task_16 job_11_task_17 job_1_task_17  
           [0,3]          [3,4]          [7,7]          [7,10]         [10,16]        [44,51]        [55,59]        [59,63]        [76,80]        [80,88]        [88,96]        [98,107]       [107,109]      [109,110]      [115,118]      [121,129]      [129,129]      
Machine 12: job_15_task_0  job_1_task_5   job_0_task_0   job_9_task_2   job_7_task_6   job_11_task_6  job_7_task_8   job_2_task_6   job_0_task_8   job_11_task_9  job_3_task_7   job_1_task_11  job_4_task_11  job_3_task_10  job_3_task_11  job_8_task_14  job_3_task_13  job_2_task_11  job_10_task_16 
           [0,6]          [7,10]         [10,16]        [17,24]        [30,37]        [37,46]        [46,53]        [53,58]        [59,60]        [61,66]        [66,74]        [74,76]        [76,80]        [80,83]        [83,90]        [97,97]        [98,98]        [103,106]      [116,120]      
Machine 13: job_10_task_0  job_16_task_1  job_2_task_2   job_14_task_4  job_3_task_2   job_16_task_4  job_13_task_0  job_14_task_9  job_10_task_3  job_6_task_8   job_9_task_13  job_12_task_13 job_2_task_10  job_13_task_11 job_13_task_13 job_5_task_13  job_7_task_17  
           [0,5]          [5,13]         [13,19]        [20,23]        [23,31]        [23,23]        [34,36]        [48,51]        [51,56]        [62,65]        [78,85]        [86,93]        [93,102]       [102,102]      [105,108]      [109,117]      [125,127]      
Machine 14: job_16_task_0  job_14_task_1  job_8_task_0   job_11_task_2  job_16_task_5  job_4_task_4   job_2_task_4   job_1_task_8   job_15_task_8  job_10_task_4  job_12_task_9  job_15_task_13 job_0_task_15  job_8_task_15  job_5_task_12  job_4_task_15  job_5_task_15  
           [0,2]          [3,7]          [7,15]         [17,26]        [26,30]        [30,30]        [34,43]        [43,51]        [56,58]        [58,61]        [61,66]        [82,86]        [86,86]        [97,105]       [109,109]      [110,118]      [118,125]      
Machine 15: job_14_task_6  job_4_task_7   job_6_task_5   job_3_task_5   job_15_task_10 job_0_task_10  job_8_task_12  job_6_task_12  job_10_task_10 job_3_task_12  job_11_task_13 job_13_task_12 job_8_task_16  job_2_task_15  job_2_task_17  
           [30,30]        [43,43]        [43,46]        [50,57]        [65,67]        [67,72]        [72,76]        [76,83]        [83,90]        [90,98]        [98,103]       [103,105]      [108,115]      [119,122]      [129,129]      
Machine 16: job_12_task_0  job_1_task_2   job_7_task_2   job_1_task_7   job_14_task_3  job_8_task_2   job_5_task_3   job_8_task_5   job_16_task_7  job_0_task_4   job_6_task_6   job_12_task_8  job_3_task_6   job_10_task_5  job_1_task_10  job_15_task_11 job_2_task_7   job_10_task_8  job_13_task_8  job_16_task_12 job_14_task_15 job_2_task_13  job_7_task_15  
           [0,6]          [6,7]          [7,7]          [12,14]        [14,20]        [20,29]        [29,37]        [37,37]        [37,45]        [45,47]        [47,52]        [52,61]        [61,66]        [66,68]        [68,73]        [73,75]        [75,79]        [79,80]        [80,86]        [86,92]        [95,103]       [113,114]      [114,118]      
Optimal Schedule Length: 129.0
Total (Unoptimized Schedule Length): 1370
Statistics
  - conflicts: 0
  - branches : 0
  - wall time: 114.17701324500001s