
Problem
          task_0    task_1   task_2    task_3    task_4    task_5   task_6    task_7   task_8   task_9  task_10  task_11   task_12   task_13  task_14  task_15
job_0    (10, 6)   (3, 10)   (4, 7)    (7, 7)    (8, 3)   (14, 2)   (5, 7)   (14, 1)   (5, 6)   (4, 1)   (4, 2)   (6, 5)    (8, 3)   (13, 8)   (5, 1)   (6, 1)
job_1     (5, 1)    (1, 7)  (12, 1)    (2, 5)    (0, 3)    (7, 2)   (7, 9)    (6, 1)  (13, 9)   (5, 6)  (12, 6)  (8, 10)    (5, 5)    (2, 7)   (6, 6)  (14, 8)
job_2     (8, 3)    (4, 1)  (4, 10)  (11, 10)    (8, 2)   (14, 5)  (4, 10)    (1, 9)   (5, 7)   (3, 6)  (0, 10)  (13, 3)   (13, 6)    (4, 2)  (11, 9)  (13, 6)
job_3     (8, 2)   (0, 10)  (11, 2)    (0, 8)    (0, 5)    (7, 4)   (8, 5)    (5, 1)   (2, 2)   (1, 6)  (10, 4)   (1, 9)  (11, 10)    (1, 5)  (14, 3)  (7, 10)
job_4    (10, 6)    (9, 7)   (4, 9)    (1, 1)    (4, 1)   (12, 6)  (12, 7)   (13, 3)   (2, 1)   (1, 6)  (11, 8)  (13, 7)    (6, 8)    (3, 2)   (8, 3)   (6, 9)
job_5    (13, 6)    (8, 7)  (13, 1)   (12, 5)    (6, 1)  (13, 10)   (5, 8)   (13, 3)  (13, 2)   (1, 8)   (7, 5)   (5, 6)   (8, 10)    (6, 6)  (12, 2)   (2, 5)
job_6     (0, 7)   (10, 8)  (13, 2)    (2, 7)    (2, 2)    (4, 9)   (5, 8)  (10, 10)   (3, 6)   (3, 2)  (13, 8)  (14, 3)    (7, 8)    (3, 9)  (13, 8)   (5, 1)
job_7     (0, 5)   (11, 2)   (4, 5)   (5, 10)    (3, 7)   (8, 10)   (3, 8)    (2, 4)   (2, 9)   (5, 5)   (0, 3)   (2, 5)    (7, 6)   (6, 10)   (6, 4)  (8, 10)
job_8    (10, 2)  (12, 10)  (12, 5)    (2, 4)    (7, 9)    (0, 4)  (13, 7)    (5, 9)   (4, 2)  (13, 9)  (2, 10)   (3, 4)   (13, 6)    (7, 6)  (14, 1)  (11, 7)
job_9    (11, 6)   (11, 4)   (0, 6)   (11, 3)    (9, 4)   (13, 5)   (0, 6)   (12, 9)   (4, 5)  (13, 7)  (10, 3)  (11, 6)   (12, 2)  (13, 10)   (3, 4)  (13, 9)
job_10   (13, 3)   (12, 4)   (7, 8)    (5, 7)   (10, 4)   (13, 8)   (4, 6)   (7, 10)   (7, 4)  (11, 6)  (10, 8)   (3, 5)    (8, 5)   (12, 2)   (1, 5)   (4, 2)
job_11    (2, 4)    (2, 9)  (13, 3)    (6, 7)    (5, 1)   (14, 8)   (0, 1)    (7, 6)   (7, 1)   (0, 6)   (2, 7)   (8, 8)    (7, 2)   (10, 2)   (0, 3)   (2, 2)
job_12    (2, 1)    (6, 5)   (7, 7)    (0, 5)    (8, 9)   (10, 2)   (5, 9)    (9, 1)  (10, 3)   (9, 3)   (6, 5)   (1, 5)   (6, 10)    (6, 2)  (12, 3)   (1, 5)
job_13  (13, 10)   (12, 1)   (6, 6)    (9, 8)    (7, 9)    (0, 4)  (10, 6)    (9, 1)   (0, 1)   (5, 9)   (4, 9)   (5, 2)    (0, 8)    (7, 7)   (2, 1)  (13, 2)
job_14   (12, 9)    (7, 1)   (8, 2)    (9, 4)    (5, 7)    (8, 9)  (13, 5)    (6, 4)   (0, 5)  (10, 7)  (11, 2)   (3, 6)    (2, 4)   (11, 6)   (4, 7)   (0, 3)
job_15   (11, 6)    (6, 9)   (3, 7)   (14, 7)  (13, 10)    (6, 6)  (12, 3)    (2, 7)   (5, 1)   (4, 5)   (2, 7)  (13, 9)    (4, 6)    (1, 2)  (14, 6)   (9, 9)
job_16    (6, 8)    (9, 2)   (6, 4)    (8, 2)    (6, 2)    (6, 7)   (6, 1)    (1, 1)   (6, 3)   (1, 3)   (1, 6)  (13, 1)    (5, 6)    (3, 7)  (10, 5)   (1, 7)
job_17  (10, 10)   (14, 3)   (1, 9)   (13, 5)    (5, 2)  (14, 10)  (6, 10)   (10, 5)  (14, 1)  (13, 7)   (2, 1)   (1, 1)   (13, 7)    (5, 3)   (3, 6)   (6, 5)
job_18   (11, 1)    (5, 5)  (12, 1)    (3, 5)    (1, 5)    (0, 5)   (4, 8)    (5, 2)   (9, 4)   (0, 8)   (3, 2)   (9, 4)    (9, 8)    (4, 6)  (14, 9)   (1, 4)


Solution:
Machine 0: job_7_task_0   job_6_task_0   job_9_task_2   job_3_task_1   job_1_task_4   job_9_task_6   job_3_task_3   job_3_task_4   job_8_task_5   job_12_task_3  job_18_task_5  job_14_task_8  job_11_task_6  job_13_task_5  job_13_task_8  job_2_task_10  job_18_task_9  job_11_task_9  job_7_task_10  job_14_task_15 job_13_task_12 job_11_task_14 
           [0,5]          [5,12]         [16,22]        [22,32]        [32,35]        [35,41]        [41,49]        [49,54]        [54,58]        [58,63]        [63,68]        [68,73]        [73,74]        [74,78]        [86,87]        [87,97]        [102,110]      [110,116]      [116,119]      [152,155]      [155,163]      [163,166]      
Machine 1: job_1_task_1   job_17_task_2  job_4_task_3   job_18_task_4  job_16_task_7  job_2_task_7   job_16_task_9  job_16_task_10 job_3_task_9   job_4_task_9   job_3_task_11  job_5_task_9   job_12_task_11 job_3_task_13  job_17_task_11 job_15_task_13 job_10_task_14 job_18_task_15 job_16_task_15 job_12_task_15 
           [1,8]          [13,22]        [45,46]        [54,59]        [59,60]        [64,73]        [76,79]        [79,85]        [85,91]        [91,97]        [97,106]       [109,117]      [119,124]      [124,129]      [133,134]      [136,138]      [138,143]      [153,157]      [163,170]      [178,183]      
Machine 2: job_11_task_0  job_11_task_1  job_1_task_3   job_12_task_0  job_6_task_3   job_8_task_3   job_6_task_4   job_15_task_7  job_7_task_7   job_7_task_8   job_3_task_8   job_4_task_8   job_15_task_10 job_8_task_10  job_14_task_12 job_7_task_11  job_11_task_10 job_17_task_10 job_1_task_13  job_11_task_15 job_13_task_14 job_5_task_15  
           [0,4]          [4,13]         [13,18]        [18,19]        [29,36]        [36,40]        [40,42]        [57,64]        [67,71]        [71,80]        [82,84]        [87,88]        [98,105]       [105,115]      [115,119]      [119,124]      [124,131]      [132,133]      [145,152]      [166,168]      [170,171]      [175,180]      
Machine 3: job_15_task_2  job_0_task_1   job_7_task_4   job_18_task_3  job_7_task_6   job_6_task_8   job_6_task_9   job_2_task_9   job_14_task_11 job_18_task_10 job_6_task_13  job_8_task_11  job_10_task_11 job_16_task_13 job_4_task_13  job_9_task_14  job_17_task_14 
           [17,24]        [32,42]        [42,49]        [49,54]        [59,67]        [72,78]        [78,80]        [81,87]        [94,100]       [110,112]      [112,121]      [121,125]      [125,130]      [151,158]      [158,160]      [160,164]      [169,175]      
Machine 4: job_2_task_1   job_2_task_2   job_7_task_2   job_4_task_2   job_6_task_5   job_2_task_6   job_4_task_4   job_0_task_2   job_18_task_6  job_10_task_6  job_9_task_8   job_8_task_8   job_15_task_9  job_13_task_10 job_15_task_12 job_18_task_13 job_0_task_9   job_0_task_10  job_14_task_14 job_2_task_13  job_10_task_15 
           [3,4]          [4,14]         [18,23]        [36,45]        [45,54]        [54,64]        [64,65]        [65,72]        [72,80]        [80,86]        [86,91]        [91,93]        [93,98]        [121,130]      [130,136]      [136,142]      [142,143]      [143,145]      [145,152]      [152,154]      [154,156]      
Machine 5: job_1_task_0   job_14_task_4  job_7_task_3   job_18_task_1  job_10_task_3  job_17_task_4  job_11_task_4  job_6_task_6   job_15_task_8  job_8_task_7   job_2_task_8   job_3_task_7   job_1_task_9   job_5_task_6   job_18_task_7  job_12_task_6  job_7_task_9   job_13_task_9  job_0_task_6   job_5_task_11  job_0_task_8   job_1_task_12  job_16_task_12 job_13_task_11 job_17_task_13 job_0_task_14  job_6_task_15  
           [0,1]          [16,23]        [23,33]        [33,38]        [38,45]        [45,47]        [47,48]        [54,62]        [64,65]        [65,74]        [74,81]        [81,82]        [82,88]        [88,96]        [96,98]        [98,107]       [107,112]      [112,121]      [121,128]      [128,134]      [134,140]      [140,145]      [145,151]      [151,153]      [166,169]      [180,181]      [188,189]      
Machine 6: job_16_task_0  job_15_task_1  job_13_task_2  job_12_task_1  job_16_task_2  job_11_task_3  job_16_task_4  job_16_task_5  job_15_task_5  job_14_task_7  job_16_task_6  job_1_task_7   job_17_task_6  job_5_task_4   job_16_task_8  job_12_task_10 job_12_task_12 job_7_task_13  job_4_task_12  job_0_task_11  job_7_task_14  job_1_task_14  job_5_task_13  job_12_task_13 job_4_task_15  job_17_task_15 job_0_task_15  
           [0,8]          [8,17]         [17,23]        [23,28]        [28,32]        [32,39]        [39,41]        [41,48]        [48,54]        [54,58]        [58,59]        [61,62]        [62,72]        [72,73]        [73,76]        [114,119]      [124,134]      [134,144]      [144,152]      [152,157]      [157,161]      [161,167]      [167,173]      [173,175]      [175,184]      [184,189]      [189,190]      
Machine 7: job_14_task_1  job_10_task_2  job_12_task_2  job_8_task_4   job_1_task_5   job_1_task_6   job_3_task_5   job_13_task_4  job_0_task_3   job_11_task_7  job_10_task_7  job_10_task_8  job_11_task_8  job_6_task_12  job_5_task_10  job_7_task_12  job_3_task_15  job_11_task_12 job_13_task_13 job_8_task_13  
           [9,10]         [26,34]        [34,41]        [41,50]        [50,52]        [52,61]        [61,65]        [65,74]        [74,81]        [81,87]        [87,97]        [97,101]       [101,102]      [102,110]      [117,122]      [124,130]      [132,142]      [153,155]      [163,170]      [172,178]      
Machine 8: job_2_task_0   job_3_task_0   job_14_task_2  job_5_task_1   job_14_task_5  job_16_task_3  job_2_task_4   job_7_task_5   job_12_task_4  job_3_task_6   job_0_task_4   job_1_task_11  job_10_task_12 job_5_task_12  job_11_task_11 job_0_task_12  job_4_task_14  job_7_task_15  
           [0,3]          [3,5]          [10,12]        [16,23]        [23,32]        [32,34]        [35,37]        [49,59]        [63,72]        [72,77]        [81,84]        [94,104]       [130,135]      [135,145]      [145,153]      [157,160]      [160,163]      [163,173]      
Machine 9: job_16_task_1  job_14_task_3  job_9_task_4   job_4_task_1   job_13_task_3  job_13_task_7  job_18_task_8  job_12_task_7  job_12_task_9  job_18_task_11 job_18_task_12 job_15_task_15 
           [8,10]         [12,16]        [25,29]        [29,36]        [36,44]        [85,86]        [98,102]       [107,108]      [111,114]      [114,118]      [118,126]      [144,153]      
Machine 10: job_17_task_0  job_8_task_0   job_6_task_1   job_4_task_0   job_0_task_0   job_10_task_4  job_6_task_7   job_12_task_5  job_17_task_7  job_13_task_6  job_14_task_9  job_3_task_10  job_12_task_8  job_10_task_10 job_9_task_10  job_11_task_13 job_16_task_14 
           [0,10]         [10,12]        [12,20]        [20,26]        [26,32]        [45,49]        [62,72]        [72,74]        [74,79]        [79,85]        [85,92]        [92,96]        [108,111]      [111,119]      [119,122]      [155,157]      [158,163]      
Machine 11: job_15_task_0  job_9_task_0   job_9_task_1   job_7_task_1   job_18_task_0  job_9_task_3   job_2_task_3   job_3_task_2   job_14_task_10 job_4_task_10  job_10_task_9  job_3_task_12  job_14_task_13 job_9_task_11  job_2_task_14  job_8_task_15  
           [0,6]          [6,12]         [12,16]        [16,18]        [18,19]        [22,25]        [25,35]        [35,37]        [92,94]        [97,105]       [105,111]      [111,121]      [121,127]      [127,133]      [154,163]      [179,186]      
Machine 12: job_14_task_0  job_1_task_2   job_13_task_1  job_8_task_1   job_10_task_1  job_8_task_2   job_18_task_2  job_9_task_7   job_15_task_6  job_5_task_3   job_4_task_5   job_4_task_6   job_1_task_10  job_9_task_12  job_10_task_13 job_5_task_14  job_12_task_14 
           [0,9]          [9,10]         [10,11]        [12,22]        [22,26]        [26,31]        [38,39]        [41,50]        [54,57]        [58,63]        [65,71]        [71,78]        [88,94]        [133,135]      [135,137]      [173,175]      [175,178]      
Machine 13: job_13_task_0  job_5_task_0   job_11_task_2  job_10_task_0  job_17_task_3  job_6_task_2   job_9_task_5   job_15_task_4  job_14_task_6  job_10_task_5  job_5_task_2   job_8_task_6   job_1_task_8   job_5_task_5   job_4_task_7   job_6_task_10  job_8_task_9   job_5_task_7   job_5_task_8   job_9_task_9   job_15_task_11 job_17_task_9  job_4_task_11  job_16_task_11 job_2_task_11  job_2_task_12  job_9_task_13  job_17_task_12 job_8_task_12  job_0_task_13  job_6_task_14  job_9_task_15  job_2_task_15  job_13_task_15 
           [0,10]         [10,16]        [16,19]        [19,22]        [22,27]        [27,29]        [29,34]        [34,44]        [44,49]        [49,57]        [57,58]        [58,65]        [65,74]        [74,84]        [84,87]        [87,95]        [95,104]       [104,107]      [107,109]      [109,116]      [116,125]      [125,132]      [132,139]      [139,140]      [140,143]      [143,149]      [149,159]      [159,166]      [166,172]      [172,180]      [180,188]      [188,197]      [197,203]      [203,205]      
Machine 14: job_17_task_1  job_15_task_3  job_2_task_5   job_17_task_5  job_11_task_5  job_17_task_8  job_0_task_5   job_6_task_11  job_0_task_7   job_3_task_14  job_15_task_14 job_18_task_14 job_1_task_15  job_8_task_14  
           [10,13]        [24,31]        [37,42]        [47,57]        [57,65]        [79,80]        [84,86]        [95,98]        [128,129]      [129,132]      [138,144]      [144,153]      [167,175]      [178,179]      
Optimal Schedule Length: 205.0
Total (Unoptimized Schedule Length): 1619
Statistics
  - conflicts: 0
  - branches : 0
  - wall time: 0.109940884s