
Problem
         task_0    task_1   task_2    task_3    task_4    task_5   task_6    task_7    task_8    task_9   task_10   task_11   task_12   task_13   task_14
job_0    (7, 6)   (15, 1)   (2, 6)    (7, 4)    (4, 8)    (4, 7)  (13, 6)   (15, 5)    (0, 6)   (16, 2)    (6, 6)    (4, 8)    (2, 8)    (7, 5)   (10, 4)
job_1   (11, 6)    (9, 1)   (3, 3)    (7, 8)   (14, 2)    (0, 7)   (3, 6)    (7, 8)   (14, 7)   (16, 9)   (16, 5)    (6, 3)    (6, 8)    (7, 2)   (10, 4)
job_2   (16, 2)    (0, 7)   (2, 8)    (1, 7)    (9, 4)   (16, 1)  (14, 3)   (17, 8)   (15, 6)    (7, 2)    (8, 4)    (2, 7)   (5, 10)    (8, 6)    (2, 9)
job_3    (9, 2)   (12, 1)  (12, 5)    (6, 4)  (17, 10)   (10, 5)   (9, 3)  (10, 10)    (3, 6)    (8, 2)    (9, 6)    (4, 9)   (16, 9)    (7, 2)   (11, 9)
job_4   (15, 3)   (12, 5)   (1, 7)    (1, 4)   (14, 8)    (3, 2)   (8, 8)  (10, 10)    (1, 3)   (17, 4)  (12, 10)   (0, 10)    (6, 5)   (13, 8)   (14, 2)
job_5   (1, 10)   (17, 2)   (7, 9)   (10, 5)    (7, 7)   (11, 3)  (15, 2)    (2, 1)    (3, 2)    (2, 1)   (14, 3)   (13, 4)    (2, 2)    (5, 5)   (15, 7)
job_6    (6, 9)    (9, 9)  (14, 2)   (15, 7)    (6, 2)   (15, 9)  (15, 6)    (0, 7)    (5, 4)    (6, 3)    (4, 6)   (10, 1)    (7, 9)  (16, 10)   (2, 10)
job_7   (4, 10)    (6, 8)   (6, 9)  (15, 10)    (3, 1)  (13, 10)   (0, 1)   (17, 1)    (0, 9)  (13, 10)   (11, 1)   (10, 7)    (8, 8)    (3, 9)   (15, 1)
job_8   (17, 4)   (16, 9)   (8, 4)  (14, 10)   (16, 4)    (7, 7)  (15, 5)   (10, 9)  (12, 10)   (10, 2)   (17, 1)    (6, 2)    (8, 1)    (5, 7)    (4, 3)
job_9    (5, 1)   (12, 8)   (3, 2)  (14, 10)    (3, 6)    (4, 3)  (15, 6)    (9, 4)   (17, 9)   (13, 3)   (15, 2)   (10, 6)    (5, 2)   (0, 10)   (17, 3)
job_10   (8, 7)    (9, 6)   (1, 3)    (3, 8)    (7, 4)    (4, 9)  (10, 9)    (3, 1)   (10, 2)   (11, 2)   (10, 1)    (0, 7)    (7, 1)   (17, 8)  (17, 10)
job_11  (16, 8)    (1, 6)   (6, 3)  (16, 10)   (16, 1)    (5, 2)  (2, 10)    (9, 9)    (5, 2)    (9, 8)    (5, 7)   (15, 7)    (5, 2)    (2, 5)    (4, 1)
job_12  (11, 8)    (4, 6)  (7, 10)   (12, 5)    (9, 8)   (9, 10)  (10, 8)    (4, 2)   (11, 5)    (7, 3)    (0, 2)    (3, 3)  (17, 10)   (17, 1)   (11, 4)
job_13   (4, 8)    (3, 5)   (1, 4)   (10, 5)    (1, 2)   (16, 5)  (11, 6)   (16, 1)    (9, 7)    (6, 4)   (10, 5)   (13, 4)    (8, 5)    (8, 4)   (15, 5)
job_14   (1, 9)  (16, 10)   (8, 3)   (12, 9)   (14, 3)  (15, 10)  (12, 3)   (9, 10)  (15, 10)   (14, 9)   (17, 9)    (2, 9)   (11, 4)   (16, 6)    (5, 4)
job_15   (5, 4)    (2, 1)   (7, 5)    (4, 4)    (4, 1)   (13, 7)  (11, 9)  (15, 10)    (9, 6)    (1, 7)    (3, 1)    (3, 5)   (17, 1)   (11, 4)    (2, 9)
job_16  (16, 4)   (8, 10)   (7, 9)    (5, 6)   (14, 2)    (3, 9)  (6, 10)    (7, 6)    (5, 3)  (16, 10)    (5, 9)  (16, 10)    (3, 9)    (0, 8)    (5, 9)
job_17   (6, 4)    (8, 2)   (1, 3)   (14, 1)    (7, 9)    (4, 8)  (15, 1)    (4, 6)   (14, 9)    (1, 8)    (7, 2)   (17, 9)   (15, 5)   (16, 3)    (1, 7)
job_18   (9, 5)   (12, 9)  (16, 1)    (4, 5)    (8, 5)  (17, 10)  (7, 10)   (11, 6)   (14, 5)    (2, 2)    (1, 9)    (7, 9)   (15, 6)   (13, 2)   (10, 3)


Solution:
Machine 0: job_2_task_1   job_1_task_5   job_7_task_6   job_7_task_8   job_10_task_11 job_6_task_7   job_0_task_8   job_16_task_13 job_12_task_10 job_4_task_11  job_9_task_13  
           [2,9]          [47,54]        [58,59]        [62,71]        [74,81]        [86,93]        [100,106]      [106,114]      [114,116]      [116,126]      [134,144]      
Machine 1: job_14_task_0  job_4_task_2   job_2_task_3   job_10_task_2  job_4_task_3   job_11_task_1  job_17_task_2  job_13_task_2  job_5_task_0   job_13_task_4  job_15_task_9  job_4_task_8   job_17_task_9  job_18_task_10 job_17_task_14 
           [0,9]          [9,16]         [17,24]        [24,27]        [27,31]        [31,37]        [37,40]        [41,45]        [47,57]        [57,59]        [68,75]        [75,78]        [92,100]       [112,121]      [137,144]      
Machine 2: job_15_task_1  job_2_task_2   job_0_task_2   job_11_task_6  job_2_task_11  job_15_task_14 job_2_task_14  job_5_task_7   job_18_task_9  job_5_task_9   job_14_task_11 job_5_task_12  job_0_task_12  job_11_task_13 job_6_task_14  
           [5,6]          [9,17]         [17,23]        [56,66]        [75,82]        [87,96]        [99,108]       [108,109]      [109,111]      [111,112]      [113,122]      [122,124]      [124,132]      [132,137]      [137,147]      
Machine 3: job_1_task_2   job_13_task_1  job_10_task_3  job_16_task_5  job_9_task_2   job_7_task_4   job_4_task_5   job_1_task_6   job_10_task_7  job_9_task_4   job_15_task_10 job_15_task_11 job_3_task_8   job_16_task_12 job_5_task_8   job_12_task_11 job_7_task_13  
           [8,11]         [18,23]        [27,35]        [36,45]        [45,47]        [47,48]        [49,51]        [54,60]        [60,61]        [61,67]        [75,76]        [76,81]        [84,90]        [95,104]       [109,111]      [116,119]      [119,128]      
Machine 4: job_7_task_0   job_13_task_0  job_12_task_1  job_15_task_3  job_15_task_4  job_18_task_3  job_10_task_5  job_17_task_5  job_0_task_4   job_9_task_5   job_17_task_7  job_0_task_5   job_12_task_7  job_6_task_10  job_3_task_11  job_0_task_11  job_11_task_14 job_8_task_14  
           [0,10]         [10,18]        [18,24]        [24,28]        [28,29]        [29,34]        [42,51]        [54,62]        [62,70]        [70,73]        [73,79]        [79,86]        [97,99]        [100,106]      [106,115]      [115,123]      [138,139]      [143,146]      
Machine 5: job_9_task_0   job_15_task_0  job_16_task_3  job_11_task_5  job_16_task_8  job_16_task_10 job_2_task_12  job_6_task_8   job_11_task_8  job_11_task_10 job_16_task_14 job_5_task_13  job_11_task_12 job_9_task_12  job_8_task_13  job_14_task_14 
           [0,1]          [1,5]          [28,34]        [54,56]        [61,64]        [74,83]        [83,93]        [93,97]        [97,99]        [108,115]      [115,124]      [124,129]      [129,131]      [132,134]      [136,143]      [143,147]      
Machine 6: job_6_task_0   job_7_task_1   job_7_task_2   job_3_task_3   job_17_task_0  job_6_task_4   job_11_task_2  job_16_task_6  job_6_task_9   job_1_task_11  job_0_task_10  job_13_task_9  job_1_task_12  job_4_task_12  job_8_task_11  
           [0,9]          [10,18]        [18,27]        [27,31]        [31,35]        [36,38]        [39,42]        [45,55]        [97,100]       [105,108]      [108,114]      [115,119]      [119,127]      [127,132]      [133,135]      
Machine 7: job_0_task_0   job_15_task_2  job_1_task_3   job_16_task_2  job_12_task_2  job_10_task_4  job_17_task_4  job_0_task_3   job_16_task_7  job_1_task_7   job_2_task_9   job_5_task_2   job_18_task_6  job_10_task_12 job_5_task_4   job_8_task_5   job_17_task_10 job_12_task_9  job_6_task_12  job_18_task_11 job_3_task_13  job_1_task_13  job_0_task_13  
           [0,6]          [6,11]         [11,19]        [19,28]        [28,38]        [38,42]        [42,51]        [51,55]        [55,61]        [61,69]        [69,71]        [71,80]        [80,90]        [90,91]        [91,98]        [99,106]       [106,108]      [108,111]      [112,121]      [121,130]      [130,132]      [132,134]      [134,139]      
Machine 8: job_10_task_0  job_16_task_1  job_14_task_2  job_17_task_1  job_8_task_2   job_18_task_4  job_4_task_6   job_2_task_10  job_3_task_9   job_2_task_13  job_7_task_12  job_13_task_12 job_8_task_12  job_13_task_13 
           [0,7]          [7,17]         [19,22]        [35,37]        [38,42]        [42,47]        [51,59]        [71,75]        [90,92]        [93,99]        [104,112]      [129,134]      [135,136]      [136,140]      
Machine 9: job_3_task_0   job_18_task_0  job_1_task_1   job_6_task_1   job_10_task_1  job_2_task_4   job_12_task_4  job_14_task_7  job_15_task_8  job_3_task_6   job_12_task_5  job_9_task_7   job_11_task_7  job_3_task_10  job_11_task_9  job_13_task_8  
           [0,2]          [2,7]          [7,8]          [9,18]         [18,24]        [24,28]        [44,52]        [52,62]        [62,68]        [68,71]        [71,81]        [81,85]        [85,94]        [94,100]       [100,108]      [108,115]      
Machine 10: job_3_task_5   job_13_task_3  job_10_task_6  job_10_task_8  job_4_task_7   job_10_task_10 job_3_task_7   job_5_task_3   job_12_task_6  job_7_task_11  job_9_task_11  job_6_task_11  job_8_task_7   job_13_task_10 job_8_task_9   job_1_task_14  job_0_task_14  job_18_task_14 
           [41,46]        [46,51]        [51,60]        [61,63]        [63,73]        [73,74]        [74,84]        [84,89]        [89,97]        [97,104]       [104,110]      [110,111]      [111,120]      [120,125]      [130,132]      [134,138]      [139,143]      [144,147]      
Machine 11: job_1_task_0   job_12_task_0  job_15_task_6  job_13_task_6  job_10_task_9  job_15_task_13 job_7_task_10  job_18_task_7  job_5_task_5   job_12_task_8  job_14_task_12 job_3_task_14  job_12_task_14 
           [0,6]          [6,14]         [36,45]        [64,70]        [70,72]        [83,87]        [87,88]        [90,96]        [98,101]       [101,106]      [128,132]      [132,141]      [141,145]      
Machine 12: job_3_task_1   job_4_task_1   job_3_task_2   job_18_task_1  job_14_task_3  job_9_task_1   job_12_task_3  job_14_task_6  job_4_task_10  job_8_task_8   
           [2,3]          [3,8]          [8,13]         [13,22]        [22,31]        [31,39]        [39,44]        [47,50]        [83,93]        [120,130]      
Machine 13: job_15_task_5  job_7_task_5   job_7_task_9   job_0_task_6   job_9_task_9   job_5_task_11  job_13_task_11 job_4_task_13  job_18_task_13 
           [29,36]        [48,58]        [74,84]        [86,92]        [96,99]        [117,121]      [125,129]      [132,140]      [142,144]      
Machine 14: job_6_task_2   job_1_task_4   job_14_task_4  job_16_task_4  job_2_task_6   job_17_task_3  job_4_task_4   job_9_task_3   job_8_task_3   job_1_task_8   job_17_task_8  job_14_task_9  job_18_task_8  job_5_task_10  job_4_task_14  
           [18,20]        [25,27]        [31,34]        [34,36]        [36,39]        [40,41]        [41,49]        [49,59]        [59,69]        [69,76]        [83,92]        [95,104]       [104,109]      [114,117]      [140,142]      
Machine 15: job_4_task_0   job_0_task_1   job_6_task_3   job_7_task_3   job_14_task_5  job_15_task_7  job_2_task_8   job_17_task_6  job_6_task_5   job_9_task_6   job_6_task_6   job_14_task_8  job_0_task_7   job_9_task_10  job_5_task_6   job_8_task_6   job_11_task_11 job_17_task_12 job_7_task_14  job_5_task_14  job_18_task_12 job_13_task_14 
           [0,3]          [6,7]          [20,27]        [27,37]        [37,47]        [47,57]        [57,63]        [63,64]        [64,73]        [73,79]        [79,85]        [85,95]        [95,100]       [100,102]      [102,104]      [106,111]      [115,122]      [122,127]      [128,129]      [129,136]      [136,142]      [142,147]      
Machine 16: job_2_task_0   job_16_task_0  job_14_task_1  job_11_task_0  job_18_task_2  job_2_task_5   job_8_task_1   job_11_task_3  job_11_task_4  job_13_task_5  job_16_task_9  job_1_task_9   job_16_task_11 job_8_task_4   job_13_task_7  job_1_task_10  job_0_task_9   job_3_task_12  job_6_task_13  job_17_task_13 job_14_task_13 
           [0,2]          [2,6]          [9,19]         [19,27]        [27,28]        [28,29]        [29,38]        [43,53]        [53,54]        [59,64]        [64,74]        [76,85]        [85,95]        [95,99]        [99,100]       [100,105]      [106,108]      [115,124]      [124,134]      [134,137]      [137,143]      
Machine 17: job_8_task_0   job_3_task_4   job_2_task_7   job_18_task_5  job_5_task_1   job_7_task_7   job_4_task_9   job_15_task_12 job_9_task_8   job_10_task_13 job_14_task_10 job_17_task_11 job_12_task_12 job_8_task_10  job_12_task_13 job_10_task_14 job_9_task_14  
           [0,4]          [31,41]        [41,49]        [49,59]        [59,61]        [61,62]        [78,82]        [82,83]        [85,94]        [94,102]       [104,113]      [113,122]      [122,132]      [132,133]      [133,134]      [134,144]      [144,147]      
Optimal Schedule Length: 147.0
Total (Unoptimized Schedule Length): 1596
Statistics
  - conflicts: 0
  - branches : 0
  - wall time: 22.449820034000002s