
Problem
         task_0    task_1   task_2    task_3    task_4   task_5    task_6   task_7    task_8    task_9   task_10   task_11  task_12  task_13  task_14   task_15   task_16   task_17   task_18
job_0   (11, 6)   (19, 6)  (19, 7)   (14, 6)   (19, 6)  (16, 2)   (10, 3)   (4, 6)    (8, 8)   (14, 6)   (17, 6)    (9, 7)   (2, 6)  (11, 4)  (11, 6)   (10, 4)   (13, 2)   (10, 6)   (11, 3)
job_1   (19, 6)   (16, 5)  (10, 8)  (10, 10)    (8, 2)  (19, 7)    (8, 9)   (0, 3)    (3, 5)  (19, 10)   (13, 9)   (18, 7)   (8, 6)   (0, 4)  (16, 6)   (13, 4)  (13, 10)   (13, 7)   (7, 10)
job_2   (2, 10)    (6, 9)  (14, 2)    (5, 5)   (14, 9)   (5, 5)   (5, 10)   (8, 6)   (12, 5)    (3, 2)   (4, 10)   (12, 3)  (19, 9)  (10, 3)  (14, 2)  (14, 10)    (5, 2)   (18, 5)   (11, 7)
job_3   (13, 3)   (17, 2)  (15, 6)   (16, 5)   (17, 1)   (3, 6)   (9, 10)   (6, 9)    (4, 6)   (19, 3)    (3, 9)    (6, 1)  (10, 9)  (18, 9)  (17, 4)    (2, 3)    (6, 2)    (5, 9)    (9, 9)
job_4   (17, 3)  (14, 10)  (18, 1)    (8, 2)   (13, 3)   (8, 2)   (1, 10)   (7, 3)   (14, 5)   (9, 10)   (13, 7)   (14, 6)  (13, 2)  (17, 2)  (17, 5)   (15, 7)    (8, 9)   (16, 6)    (2, 4)
job_5    (3, 2)    (5, 7)   (2, 1)    (4, 6)    (4, 4)  (14, 7)    (3, 2)   (3, 2)   (11, 9)    (8, 5)    (2, 3)   (16, 5)  (14, 3)  (19, 2)   (1, 3)    (9, 2)    (8, 2)    (4, 9)    (0, 9)
job_6    (7, 1)   (13, 8)   (1, 5)    (8, 8)   (11, 6)  (16, 2)    (0, 2)  (14, 7)    (9, 5)  (12, 10)   (10, 5)   (5, 10)  (18, 4)   (9, 7)   (3, 4)    (9, 9)    (5, 2)  (14, 10)  (19, 10)
job_7   (15, 1)   (16, 5)   (6, 1)   (12, 2)    (8, 9)   (9, 8)  (17, 10)  (16, 6)   (7, 10)    (8, 9)    (9, 7)   (10, 2)  (14, 1)  (13, 1)   (0, 1)   (13, 3)    (3, 4)   (3, 10)  (11, 10)
job_8   (3, 10)    (4, 6)  (16, 2)    (8, 1)   (11, 7)   (3, 5)   (14, 6)   (1, 3)    (5, 5)   (16, 9)  (12, 10)  (11, 10)  (11, 6)   (7, 7)  (19, 1)    (0, 6)    (2, 9)   (16, 2)    (8, 6)
job_9   (18, 1)   (18, 9)  (14, 6)    (4, 3)    (1, 9)  (12, 7)   (6, 10)   (5, 1)  (15, 10)   (10, 6)   (12, 8)   (6, 10)   (1, 1)   (1, 7)   (6, 3)   (17, 6)    (5, 4)    (9, 9)    (2, 8)
job_10  (17, 6)    (6, 3)   (3, 2)    (6, 9)   (9, 10)   (7, 3)   (15, 2)   (5, 6)    (3, 3)   (15, 7)    (1, 6)   (13, 7)   (5, 2)  (11, 9)  (12, 6)    (9, 7)   (17, 4)    (9, 7)    (4, 3)
job_11   (3, 9)    (5, 4)  (10, 7)    (8, 3)  (12, 10)   (2, 4)   (13, 9)  (17, 8)   (16, 7)  (16, 10)   (14, 4)   (10, 7)  (10, 5)   (4, 8)   (4, 9)    (7, 1)    (3, 8)   (19, 6)    (9, 3)
job_12   (1, 9)    (1, 8)   (3, 5)   (0, 10)   (1, 10)   (2, 2)    (2, 5)  (12, 2)   (19, 3)   (17, 7)   (18, 1)   (2, 10)  (17, 5)   (8, 3)  (11, 3)    (3, 7)    (6, 7)   (16, 7)   (13, 2)
job_13  (17, 4)   (19, 2)  (8, 10)   (17, 1)   (15, 5)   (7, 5)   (16, 6)  (10, 2)   (16, 7)    (9, 7)    (6, 2)    (9, 1)  (15, 9)   (3, 6)   (1, 7)   (10, 8)   (18, 9)    (1, 3)    (5, 8)


Solution:
Machine 0: job_6_task_6   job_12_task_3  job_1_task_7   job_7_task_14  job_1_task_13  job_8_task_15  job_5_task_18  
           [37,39]        [39,49]        [63,66]        [91,92]        [103,107]      [118,124]      [137,146]      
Machine 1: job_12_task_0  job_6_task_2   job_12_task_1  job_9_task_4   job_4_task_6   job_8_task_7   job_12_task_4  job_10_task_10 job_9_task_12  job_9_task_13  job_13_task_14 job_5_task_14  job_13_task_17 
           [0,9]          [11,16]        [16,24]        [24,33]        [33,43]        [43,46]        [49,59]        [68,74]        [95,96]        [96,103]       [105,112]      [113,116]      [132,135]      
Machine 2: job_2_task_0   job_5_task_2   job_11_task_5  job_12_task_5  job_12_task_6  job_12_task_11 job_5_task_10  job_0_task_12  job_3_task_15  job_8_task_16  job_4_task_18  job_9_task_18  
           [0,10]         [37,38]        [54,58]        [59,61]        [61,66]        [83,93]        [93,96]        [98,104]       [118,121]      [124,133]      [133,137]      [137,145]      
Machine 3: job_8_task_0   job_11_task_0  job_3_task_5   job_10_task_2  job_5_task_0   job_8_task_5   job_12_task_2  job_10_task_8  job_1_task_8   job_5_task_6   job_5_task_7   job_3_task_10  job_2_task_9   job_6_task_14  job_13_task_13 job_7_task_16  job_7_task_17  job_12_task_15 job_11_task_16 
           [0,10]         [10,19]        [19,25]        [25,27]        [27,29]        [29,34]        [34,39]        [57,60]        [66,71]        [71,73]        [73,75]        [75,84]        [84,86]        [95,99]        [99,105]       [105,109]      [109,119]      [119,126]      [129,137]      
Machine 4: job_8_task_1   job_9_task_3   job_0_task_7   job_5_task_3   job_5_task_4   job_3_task_8   job_2_task_10  job_11_task_13 job_11_task_14 job_5_task_17  job_10_task_18 
           [11,17]        [19,22]        [40,46]        [46,52]        [52,56]        [59,65]        [86,96]        [111,119]      [119,128]      [128,137]      [137,140]      
Machine 5: job_2_task_3   job_11_task_1  job_5_task_1   job_2_task_5   job_9_task_7   job_10_task_7  job_8_task_8   job_2_task_6   job_6_task_11  job_10_task_12 job_6_task_16  job_9_task_16  job_3_task_17  job_2_task_16  job_13_task_18 
           [21,26]        [26,30]        [30,37]        [41,46]        [50,51]        [51,57]        [57,62]        [62,72]        [73,83]        [83,85]        [108,110]      [114,118]      [123,132]      [132,134]      [138,146]      
Machine 6: job_7_task_2   job_2_task_1   job_10_task_1  job_10_task_3  job_9_task_6   job_3_task_7   job_13_task_10 job_3_task_11  job_9_task_11  job_9_task_14  job_3_task_16  job_12_task_16 
           [6,7]          [10,19]        [19,22]        [27,36]        [40,50]        [50,59]        [80,82]        [84,85]        [85,95]        [103,106]      [121,123]      [126,133]      
Machine 7: job_6_task_0   job_4_task_7   job_10_task_5  job_13_task_5  job_7_task_8   job_8_task_13  job_11_task_15 job_1_task_18  
           [0,1]          [43,46]        [46,49]        [49,54]        [54,64]        [110,117]      [128,129]      [136,146]      
Machine 8: job_7_task_4   job_4_task_3   job_8_task_3   job_6_task_3   job_4_task_5   job_13_task_2  job_11_task_3  job_1_task_4   job_0_task_8   job_1_task_6   job_7_task_9   job_2_task_7   job_5_task_9   job_1_task_12  job_12_task_13 job_4_task_16  job_5_task_16  job_8_task_18  
           [9,18]         [18,20]        [20,21]        [21,29]        [29,31]        [31,41]        [41,44]        [44,46]        [46,54]        [54,63]        [64,73]        [73,79]        [84,89]        [97,103]       [103,106]      [116,125]      [125,127]      [135,141]      
Machine 9: job_7_task_5   job_3_task_6   job_10_task_4  job_6_task_8   job_4_task_9   job_0_task_11  job_13_task_9  job_7_task_10  job_13_task_11 job_6_task_13  job_6_task_15  job_10_task_15 job_5_task_15  job_9_task_17  job_10_task_17 job_3_task_18  job_11_task_18 
           [18,26]        [26,36]        [36,46]        [49,54]        [54,64]        [66,73]        [73,80]        [80,87]        [87,88]        [88,95]        [99,108]       [108,115]      [116,118]      [118,127]      [127,134]      [134,143]      [143,146]      
Machine 10: job_1_task_2   job_1_task_3   job_11_task_2  job_0_task_6   job_13_task_7  job_9_task_9   job_6_task_10  job_7_task_11  job_3_task_12  job_11_task_11 job_11_task_12 job_2_task_13  job_13_task_15 job_0_task_15  job_0_task_17  
           [11,19]        [20,30]        [30,37]        [37,40]        [60,62]        [62,68]        [68,73]        [87,89]        [89,98]        [99,106]       [106,111]      [112,115]      [115,123]      [123,127]      [129,135]      
Machine 11: job_0_task_0   job_8_task_4   job_6_task_4   job_5_task_8   job_10_task_13 job_8_task_11  job_8_task_12  job_0_task_13  job_12_task_14 job_0_task_14  job_7_task_18  job_0_task_18  job_2_task_18  
           [0,6]          [21,28]        [29,35]        [75,84]        [85,94]        [94,104]       [104,110]      [110,114]      [114,117]      [117,123]      [123,133]      [135,138]      [139,146]      
Machine 12: job_7_task_3   job_9_task_5   job_11_task_4  job_6_task_9   job_12_task_7  job_9_task_10  job_2_task_8   job_8_task_10  job_2_task_11  job_10_task_14 
           [7,9]          [33,40]        [44,54]        [54,64]        [66,68]        [68,76]        [79,84]        [84,94]        [96,99]        [99,105]       
Machine 13: job_3_task_0   job_6_task_1   job_4_task_4   job_11_task_6  job_4_task_10  job_10_task_11 job_1_task_10  job_7_task_13  job_7_task_15  job_4_task_12  job_1_task_15  job_1_task_16  job_0_task_16  job_1_task_17  job_12_task_18 
           [0,3]          [3,11]         [20,23]        [58,67]        [67,74]        [74,81]        [81,90]        [90,91]        [92,95]        [99,101]       [113,117]      [117,127]      [127,129]      [129,136]      [144,146]      
Machine 14: job_4_task_1   job_9_task_2   job_2_task_2   job_0_task_3   job_2_task_4   job_8_task_6   job_6_task_7   job_4_task_8   job_0_task_9   job_5_task_5   job_4_task_11  job_7_task_12  job_11_task_10 job_5_task_12  job_6_task_17  job_2_task_14  job_2_task_15  
           [3,13]         [13,19]        [19,21]        [21,27]        [27,36]        [36,42]        [42,49]        [49,54]        [54,60]        [60,67]        [74,80]        [89,90]        [95,99]        [101,104]      [110,120]      [120,122]      [122,132]      
Machine 15: job_7_task_0   job_3_task_2   job_13_task_4  job_10_task_6  job_9_task_8   job_10_task_9  job_13_task_12 job_4_task_15  
           [0,1]          [7,13]         [42,47]        [49,51]        [51,61]        [61,68]        [88,97]        [108,115]      
Machine 16: job_7_task_1   job_1_task_1   job_3_task_3   job_8_task_2   job_0_task_5   job_6_task_5   job_7_task_7   job_13_task_6  job_13_task_8  job_8_task_9   job_11_task_8  job_11_task_9  job_5_task_11  job_1_task_14  job_4_task_17  job_8_task_17  job_12_task_17 
           [1,6]          [6,11]         [13,18]        [18,20]        [33,35]        [35,37]        [37,43]        [54,60]        [62,69]        [69,78]        [78,85]        [85,95]        [96,101]       [107,113]      [125,131]      [133,135]      [137,144]      
Machine 17: job_4_task_0   job_3_task_1   job_10_task_0  job_3_task_4   job_13_task_0  job_7_task_6   job_13_task_3  job_0_task_10  job_11_task_7  job_12_task_9  job_12_task_12 job_4_task_13  job_4_task_14  job_9_task_15  job_3_task_14  job_10_task_16 
           [0,3]          [5,7]          [10,16]        [18,19]        [19,23]        [26,36]        [41,42]        [60,66]        [67,75]        [75,82]        [93,98]        [101,103]      [103,108]      [108,114]      [114,118]      [118,122]      
Machine 18: job_9_task_0   job_9_task_1   job_4_task_2   job_12_task_10 job_6_task_12  job_1_task_11  job_3_task_13  job_13_task_16 job_2_task_17  
           [0,1]          [1,10]         [13,14]        [82,83]        [83,87]        [90,97]        [98,107]       [123,132]      [134,139]      
Machine 19: job_1_task_0   job_0_task_1   job_0_task_2   job_13_task_1  job_0_task_4   job_1_task_5   job_3_task_9   job_12_task_8  job_1_task_9   job_2_task_12  job_5_task_13  job_8_task_14  job_6_task_18  job_11_task_17 
           [0,6]          [6,12]         [12,19]        [23,25]        [27,33]        [46,53]        [65,68]        [68,71]        [71,81]        [102,111]      [111,113]      [117,118]      [120,130]      [137,143]      
Optimal Schedule Length: 146.0
Total (Unoptimized Schedule Length): 1504
Statistics
  - conflicts: 0
  - branches : 0
  - wall time: 3.9136910800000004s