
Problem
         task_0   task_1   task_2   task_3    task_4    task_5   task_6   task_7    task_8   task_9  task_10  task_11  task_12   task_13
job_0    (6, 9)  (3, 10)   (9, 4)   (2, 3)    (0, 6)    (3, 5)   (7, 8)  (11, 5)  (11, 10)  (11, 6)   (2, 2)  (0, 10)  (9, 10)   (9, 10)
job_1    (7, 7)   (2, 1)   (7, 3)   (6, 3)    (0, 8)    (7, 1)   (5, 5)   (9, 2)    (7, 2)   (4, 8)   (6, 2)  (11, 5)  (2, 10)    (8, 2)
job_2    (6, 2)   (8, 2)   (2, 9)   (0, 5)    (8, 8)    (3, 1)   (7, 6)   (1, 1)    (8, 4)   (2, 4)   (0, 3)   (4, 1)  (11, 5)    (3, 2)
job_3    (2, 4)   (4, 8)   (3, 5)   (5, 9)    (6, 8)    (9, 3)   (7, 6)   (2, 3)   (11, 6)   (5, 2)   (3, 4)   (2, 2)   (6, 2)    (8, 5)
job_4    (1, 3)   (7, 7)   (2, 6)   (3, 7)    (5, 7)    (2, 6)  (10, 1)   (9, 1)    (6, 6)  (11, 1)   (6, 4)  (10, 9)   (4, 1)    (1, 9)
job_5    (4, 5)  (11, 3)   (7, 2)  (8, 10)    (4, 6)    (3, 3)   (9, 9)   (3, 9)    (5, 7)   (5, 5)  (7, 10)   (8, 6)  (11, 6)   (4, 10)
job_6    (7, 3)   (1, 1)   (8, 7)   (4, 7)   (11, 1)   (9, 10)   (5, 5)  (11, 8)    (1, 6)  (8, 10)   (5, 3)   (2, 1)   (6, 7)    (6, 3)
job_7    (1, 1)  (2, 10)  (11, 1)   (3, 2)    (0, 1)  (10, 10)   (5, 3)   (8, 7)    (6, 4)   (2, 4)   (6, 3)   (6, 2)   (8, 2)   (10, 8)
job_8    (0, 3)   (6, 2)   (0, 2)  (0, 10)    (9, 3)    (3, 3)   (8, 5)  (11, 9)    (2, 5)   (2, 8)   (1, 4)   (7, 6)   (5, 2)   (6, 10)
job_9    (3, 4)   (0, 2)   (2, 5)   (4, 8)  (11, 10)    (8, 6)  (10, 7)   (5, 1)    (6, 3)   (8, 6)  (10, 4)   (3, 3)   (7, 1)   (8, 10)
job_10  (5, 10)   (4, 1)   (3, 3)   (1, 1)    (1, 5)    (7, 9)   (0, 8)   (7, 7)    (6, 7)   (6, 8)   (8, 9)   (3, 2)   (8, 7)    (4, 6)
job_11  (1, 10)  (5, 10)  (9, 10)   (1, 9)    (0, 5)    (3, 2)   (8, 4)   (9, 6)    (5, 4)  (11, 4)   (9, 5)  (0, 10)   (3, 4)   (10, 8)
job_12   (1, 5)   (2, 8)   (8, 4)   (4, 4)    (4, 3)    (2, 4)   (7, 1)  (8, 10)   (11, 2)   (3, 5)   (0, 4)   (3, 5)   (8, 2)    (6, 3)
job_13   (2, 4)   (6, 6)  (9, 10)   (9, 7)   (11, 4)    (6, 8)   (3, 6)  (11, 9)    (5, 8)   (8, 1)   (8, 9)   (9, 1)   (5, 7)   (10, 7)
job_14   (3, 7)   (4, 1)   (6, 9)   (9, 1)    (6, 8)    (9, 3)   (4, 8)   (6, 8)   (11, 3)  (11, 6)   (7, 8)   (7, 9)   (9, 1)    (0, 6)
job_15  (11, 3)   (9, 3)   (7, 7)   (5, 7)    (2, 6)   (11, 1)  (11, 5)   (3, 5)   (10, 5)   (4, 1)   (5, 3)   (2, 5)   (6, 5)  (11, 10)
job_16   (0, 8)   (5, 6)   (6, 8)  (11, 1)    (9, 2)    (2, 1)   (9, 2)   (8, 6)   (11, 3)  (11, 2)  (11, 3)  (5, 10)   (9, 3)    (7, 1)
job_17   (6, 1)   (2, 6)   (1, 9)   (6, 9)    (0, 4)    (7, 2)   (2, 1)   (1, 5)    (0, 7)  (3, 10)   (9, 9)  (11, 7)   (5, 5)    (4, 8)


Solution:
Machine 0: job_8_task_0   job_9_task_1   job_16_task_0  job_8_task_2   job_8_task_3   job_7_task_4   job_10_task_6  job_0_task_4   job_17_task_4  job_2_task_3   job_1_task_4   job_11_task_4  job_17_task_8  job_0_task_11  job_2_task_10  job_12_task_10 job_11_task_11 job_14_task_13 
           [0,3]          [4,6]          [6,14]         [14,16]        [16,26]        [38,39]        [39,47]        [64,70]        [70,74]        [74,79]        [79,87]        [87,92]        [92,99]        [108,118]      [118,121]      [121,125]      [127,137]      [138,144]      
Machine 1: job_4_task_0   job_6_task_1   job_11_task_0  job_7_task_0   job_12_task_0  job_10_task_3  job_10_task_4  job_17_task_2  job_6_task_8   job_11_task_3  job_17_task_7  job_8_task_10  job_2_task_7   job_4_task_13  
           [0,3]          [3,4]          [4,14]         [14,15]        [15,20]        [24,25]        [25,30]        [47,56]        [67,73]        [73,82]        [82,87]        [93,97]        [100,101]      [138,147]      
Machine 2: job_13_task_0  job_9_task_2   job_3_task_0   job_7_task_1   job_15_task_4  job_12_task_1  job_1_task_1   job_16_task_5  job_17_task_1  job_12_task_5  job_4_task_2   job_0_task_3   job_2_task_2   job_8_task_8   job_17_task_6  job_4_task_5   job_8_task_9   job_15_task_11 job_7_task_9   job_3_task_7   job_0_task_10  job_6_task_11  job_2_task_9   job_3_task_11  job_1_task_12  
           [0,4]          [6,11]         [11,15]        [15,25]        [25,31]        [31,39]        [39,40]        [40,41]        [41,47]        [51,55]        [55,61]        [61,64]        [64,73]        [73,78]        [78,79]        [79,85]        [85,93]        [93,98]        [98,102]       [102,105]      [106,108]      [108,109]      [109,113]      [128,130]      [137,147]      
Machine 3: job_9_task_0   job_14_task_0  job_0_task_1   job_10_task_2  job_8_task_5   job_5_task_5   job_7_task_3   job_15_task_7  job_3_task_2   job_13_task_6  job_4_task_3   job_0_task_5   job_9_task_11  job_5_task_7   job_2_task_5   job_11_task_5  job_17_task_9  job_12_task_9  job_3_task_10  job_12_task_11 job_10_task_11 job_11_task_12 job_2_task_13  
           [0,4]          [4,11]         [11,21]        [21,24]        [30,33]        [33,36]        [36,38]        [38,43]        [43,48]        [57,63]        [63,70]        [70,75]        [75,78]        [79,88]        [91,92]        [92,94]        [99,109]       [114,119]      [124,128]      [128,133]      [136,138]      [138,142]      [142,144]      
Machine 4: job_5_task_0   job_10_task_1  job_9_task_3   job_14_task_1  job_6_task_3   job_5_task_4   job_3_task_1   job_12_task_3  job_12_task_4  job_14_task_6  job_15_task_9  job_1_task_9   job_5_task_13  job_2_task_11  job_4_task_12  job_17_task_13 job_10_task_13 
           [0,5]          [10,11]        [11,19]        [19,20]        [20,27]        [27,33]        [33,41]        [44,48]        [48,51]        [56,64]        [64,65]        [118,126]      [126,136]      [136,137]      [137,138]      [138,146]      [146,152]      
Machine 5: job_10_task_0  job_15_task_3  job_16_task_1  job_11_task_1  job_9_task_7   job_6_task_6   job_7_task_6   job_3_task_3   job_4_task_4   job_13_task_8  job_15_task_10 job_5_task_8   job_5_task_9   job_1_task_6   job_6_task_10  job_11_task_8  job_13_task_12 job_3_task_9   job_8_task_12  job_17_task_12 job_16_task_11 
           [0,10]         [13,20]        [20,26]        [26,36]        [42,43]        [53,58]        [58,61]        [61,70]        [70,77]        [77,85]        [85,88]        [88,95]        [95,100]       [100,105]      [105,108]      [111,115]      [115,122]      [122,124]      [124,126]      [132,137]      [137,147]      
Machine 6: job_0_task_0   job_8_task_1   job_13_task_1  job_2_task_0   job_17_task_0  job_14_task_2  job_16_task_2  job_14_task_4  job_9_task_8   job_13_task_5  job_17_task_3  job_14_task_7  job_1_task_3   job_3_task_4   job_10_task_8  job_7_task_8   job_4_task_8   job_7_task_10  job_7_task_11  job_10_task_9  job_4_task_10  job_6_task_12  job_1_task_10  job_15_task_12 job_8_task_13  job_3_task_12  job_12_task_13 job_6_task_13  
           [0,9]          [9,11]         [11,17]        [17,19]        [19,20]        [20,29]        [29,37]        [38,46]        [46,49]        [49,57]        [57,66]        [66,74]        [74,77]        [77,85]        [85,92]        [92,96]        [96,102]       [102,105]      [105,107]      [107,115]      [115,119]      [119,126]      [126,128]      [128,133]      [133,143]      [143,145]      [145,148]      [148,151]      
Machine 7: job_6_task_0   job_15_task_2  job_5_task_2   job_4_task_1   job_1_task_0   job_10_task_5  job_1_task_2   job_10_task_7  job_12_task_6  job_17_task_5  job_0_task_6   job_9_task_12  job_1_task_5   job_3_task_6   job_2_task_6   job_5_task_10  job_8_task_11  job_1_task_8   job_14_task_10 job_14_task_11 job_16_task_13 
           [0,3]          [6,13]         [13,15]        [15,22]        [22,29]        [30,39]        [40,43]        [47,54]        [55,56]        [74,76]        [76,84]        [84,85]        [87,88]        [88,94]        [94,100]       [100,110]      [110,116]      [116,118]      [118,126]      [126,135]      [151,152]      
Machine 8: job_6_task_2   job_5_task_3   job_2_task_1   job_9_task_5   job_8_task_6   job_12_task_2  job_16_task_7  job_9_task_9   job_12_task_7  job_7_task_7   job_6_task_9   job_2_task_4   job_13_task_9  job_13_task_10 job_11_task_6  job_2_task_8   job_7_task_12  job_5_task_11  job_9_task_13  job_10_task_10 job_12_task_12 job_10_task_12 job_3_task_13  job_1_task_13  
           [4,11]         [15,25]        [25,27]        [29,35]        [35,40]        [40,44]        [44,50]        [50,56]        [56,66]        [66,73]        [73,83]        [83,91]        [91,92]        [92,101]       [101,105]      [105,109]      [109,111]      [111,117]      [117,127]      [127,136]      [136,138]      [138,145]      [145,150]      [150,152]      
Machine 9: job_15_task_1  job_13_task_2  job_8_task_4   job_13_task_3  job_14_task_3  job_16_task_4  job_16_task_6  job_6_task_5   job_14_task_5  job_0_task_2   job_11_task_2  job_5_task_6   job_3_task_5   job_4_task_7   job_13_task_11 job_11_task_7  job_1_task_7   job_17_task_10 job_11_task_10 job_0_task_12  job_14_task_12 job_0_task_13  job_16_task_12 
           [3,6]          [17,27]        [27,30]        [30,37]        [37,38]        [38,40]        [41,43]        [43,53]        [53,56]        [56,60]        [60,70]        [70,79]        [85,88]        [88,89]        [101,102]      [105,111]      [111,113]      [113,122]      [122,127]      [127,137]      [137,138]      [138,148]      [148,151]      
Machine 10: job_9_task_6   job_7_task_5   job_15_task_8  job_9_task_10  job_4_task_6   job_7_task_13  job_4_task_11  job_13_task_13 job_11_task_13 
           [35,42]        [42,52]        [52,57]        [57,61]        [85,86]        [111,119]      [119,128]      [128,135]      [142,150]      
Machine 11: job_15_task_0  job_5_task_1   job_9_task_4   job_7_task_2   job_6_task_4   job_15_task_5  job_15_task_6  job_16_task_3  job_13_task_4  job_8_task_7   job_16_task_8  job_16_task_9  job_16_task_10 job_6_task_7   job_13_task_7  job_14_task_8  job_14_task_9  job_0_task_7   job_0_task_8   job_0_task_9   job_3_task_8   job_12_task_8  job_4_task_9   job_11_task_9  job_5_task_12  job_17_task_11 job_1_task_11  job_2_task_12  job_15_task_13 
           [0,3]          [5,8]          [19,29]        [29,30]        [30,31]        [31,32]        [32,37]        [37,38]        [38,42]        [42,51]        [51,54]        [54,56]        [56,59]        [59,67]        [67,76]        [76,79]        [79,85]        [85,90]        [90,100]       [100,106]      [106,112]      [112,114]      [114,115]      [115,119]      [119,125]      [125,132]      [132,137]      [137,142]      [142,152]      
Optimal Schedule Length: 152.0
Total (Unoptimized Schedule Length): 1312
Statistics
  - conflicts: 0
  - branches : 0
  - wall time: 0.333309173s