
Problem
          task_0    task_1    task_2    task_3    task_4   task_5   task_6   task_7   task_8   task_9   task_10  task_11   task_12  task_13  task_14
job_0    (13, 7)    (7, 6)    (2, 1)   (15, 5)   (12, 2)   (2, 8)   (9, 1)  (15, 1)   (3, 5)   (2, 1)    (6, 9)  (14, 6)   (17, 3)   (2, 5)  (16, 2)
job_1     (4, 4)   (17, 1)    (6, 6)    (4, 4)    (7, 3)   (5, 5)  (15, 3)  (16, 2)  (16, 4)   (2, 2)    (5, 4)   (3, 8)   (12, 4)   (8, 7)  (17, 5)
job_2    (17, 9)   (9, 10)    (6, 4)    (8, 4)    (8, 1)  (17, 8)   (4, 5)   (6, 9)  (6, 10)   (6, 9)   (15, 3)  (13, 8)    (0, 9)  (11, 1)   (7, 7)
job_3     (8, 5)    (4, 5)   (16, 8)    (9, 9)    (1, 4)  (14, 5)   (4, 5)  (13, 7)   (7, 8)  (12, 7)   (11, 3)  (3, 10)  (15, 10)   (0, 7)   (4, 4)
job_4    (14, 3)    (2, 8)   (12, 8)    (8, 9)    (8, 9)   (7, 6)  (15, 4)  (10, 2)  (13, 6)  (11, 9)   (11, 3)  (16, 6)   (8, 10)  (17, 5)  (10, 6)
job_5     (5, 6)    (7, 7)    (9, 3)    (9, 2)    (4, 2)  (11, 9)  (17, 7)   (9, 7)   (5, 4)   (6, 8)   (12, 4)  (12, 4)  (16, 10)   (3, 1)  (17, 1)
job_6    (16, 2)    (3, 2)   (10, 5)    (7, 3)   (4, 10)   (0, 5)   (0, 5)   (5, 8)   (7, 9)   (6, 4)  (11, 10)   (3, 9)    (9, 9)   (9, 1)   (3, 3)
job_7   (15, 10)   (13, 4)    (0, 9)   (12, 5)    (1, 3)   (8, 1)  (10, 1)   (9, 1)  (14, 6)  (14, 6)    (3, 9)  (14, 7)    (5, 8)   (4, 3)  (15, 4)
job_8    (10, 4)   (15, 6)    (0, 9)   (11, 5)   (11, 5)  (8, 10)  (12, 4)   (1, 3)  (15, 4)  (12, 4)   (16, 7)   (3, 6)   (17, 6)  (17, 8)  (13, 7)
job_9     (4, 8)   (13, 9)    (0, 2)    (1, 8)    (3, 8)   (9, 9)   (5, 8)   (2, 6)  (16, 7)   (1, 8)   (8, 10)   (7, 6)    (1, 1)   (2, 6)   (0, 6)
job_10   (15, 2)   (15, 8)    (6, 9)   (16, 4)    (7, 2)   (2, 4)  (11, 8)  (10, 5)  (15, 3)   (5, 4)   (11, 3)   (9, 2)    (2, 8)   (6, 9)  (13, 8)
job_11    (9, 7)  (11, 10)  (17, 10)    (6, 7)    (4, 4)  (10, 3)   (3, 5)  (10, 2)   (3, 6)   (8, 7)    (0, 2)   (4, 2)    (7, 8)  (15, 6)  (16, 9)
job_12   (9, 10)   (14, 8)    (6, 2)   (11, 8)   (13, 2)   (2, 2)  (13, 6)  (14, 5)   (2, 3)   (1, 3)   (9, 10)  (13, 6)   (10, 4)  (14, 9)   (0, 9)
job_13    (2, 2)   (14, 1)    (0, 7)    (5, 3)    (2, 8)  (6, 10)  (13, 9)   (3, 9)  (3, 10)   (0, 9)    (4, 9)   (8, 4)   (13, 7)  (7, 10)   (7, 1)
job_14    (6, 3)   (2, 10)    (5, 9)   (12, 7)   (10, 4)  (1, 10)  (12, 5)  (6, 10)  (14, 8)  (12, 7)    (5, 4)  (12, 4)   (10, 4)  (10, 1)   (4, 2)
job_15    (6, 4)   (11, 8)    (3, 9)    (3, 9)    (3, 8)  (5, 10)   (2, 6)   (0, 9)   (3, 3)   (3, 5)   (5, 10)   (3, 9)    (9, 9)   (3, 6)  (12, 2)
job_16    (6, 4)   (14, 4)   (16, 7)   (17, 6)   (15, 1)  (8, 10)   (4, 9)   (4, 8)   (6, 3)   (7, 4)   (12, 6)  (16, 5)   (10, 7)  (17, 4)   (1, 6)
job_17    (3, 5)    (7, 7)    (4, 3)  (11, 10)   (14, 7)   (4, 3)   (7, 7)   (9, 8)   (2, 6)   (7, 7)  (16, 10)  (13, 5)    (6, 6)  (13, 6)  (5, 10)
job_18   (13, 7)   (6, 10)    (7, 8)   (15, 9)   (10, 7)   (0, 7)  (17, 8)  (12, 5)  (16, 2)   (5, 1)   (12, 1)  (11, 9)   (11, 8)   (4, 8)  (11, 4)
job_19   (6, 10)   (16, 1)   (17, 2)    (7, 6)  (13, 10)   (6, 8)  (15, 3)   (3, 1)   (2, 8)  (11, 2)   (15, 7)   (4, 1)   (12, 9)   (2, 9)   (7, 4)


Solution:
Machine 0: job_13_task_2  job_8_task_2   job_9_task_2   job_7_task_2   job_6_task_5   job_6_task_6   job_18_task_5  job_15_task_7  job_13_task_9  job_11_task_10 job_9_task_14  job_2_task_12  job_3_task_13  job_12_task_14 
           [4,11]         [11,20]        [20,22]        [24,33]        [33,38]        [38,43]        [46,53]        [62,71]        [71,80]        [92,94]        [126,132]      [132,141]      [141,148]      [148,157]      
Machine 1: job_9_task_3   job_3_task_4   job_7_task_4   job_8_task_7   job_14_task_5  job_9_task_9   job_12_task_9  job_9_task_12  job_16_task_14 
           [22,30]        [31,35]        [38,41]        [57,60]        [60,70]        [88,96]        [96,99]        [112,113]      [152,158]      
Machine 2: job_13_task_0  job_4_task_1   job_13_task_4  job_14_task_1  job_0_task_2   job_0_task_5   job_15_task_6  job_17_task_8  job_10_task_5  job_12_task_5  job_9_task_7   job_12_task_8  job_0_task_9   job_19_task_8  job_1_task_9   job_10_task_12 job_9_task_13  job_19_task_13 job_0_task_13  
           [0,2]          [3,11]         [14,22]        [22,32]        [37,38]        [46,54]        [56,62]        [62,68]        [69,73]        [73,75]        [75,81]        [86,89]        [90,91]        [91,99]        [110,112]      [112,120]      [120,126]      [130,139]      [148,153]      
Machine 3: job_17_task_0  job_6_task_1   job_15_task_2  job_15_task_3  job_9_task_4   job_15_task_4  job_13_task_7  job_13_task_8  job_11_task_6  job_15_task_8  job_15_task_9  job_11_task_8  job_0_task_8   job_19_task_7  job_7_task_10  job_3_task_11  job_8_task_11  job_15_task_11 job_1_task_11  job_6_task_11  job_15_task_13 job_6_task_14  job_5_task_13  
           [0,5]          [5,7]          [12,21]        [21,30]        [30,38]        [38,46]        [46,55]        [55,65]        [65,70]        [71,74]        [74,79]        [79,85]        [85,90]        [90,91]        [91,100]       [100,110]      [110,116]      [116,125]      [125,133]      [133,142]      [142,148]      [152,155]      [155,156]      
Machine 4: job_9_task_0   job_3_task_1   job_17_task_2  job_1_task_0   job_6_task_4   job_5_task_4   job_17_task_5  job_3_task_6   job_2_task_6   job_11_task_4  job_16_task_6  job_1_task_3   job_16_task_7  job_13_task_10 job_11_task_11 job_19_task_11 job_18_task_13 job_7_task_13  job_3_task_14  job_14_task_14 
           [0,8]          [8,13]         [13,16]        [16,20]        [22,32]        [33,35]        [39,42]        [44,49]        [50,55]        [55,59]        [62,71]        [71,75]        [75,83]        [83,92]        [94,96]        [108,109]      [112,120]      [133,136]      [148,152]      [157,159]      
Machine 5: job_5_task_0   job_13_task_3  job_14_task_2  job_15_task_5  job_9_task_6   job_5_task_8   job_6_task_7   job_18_task_9  job_15_task_10 job_1_task_5   job_10_task_9  job_1_task_10  job_14_task_10 job_7_task_12  job_17_task_14 
           [0,6]          [11,14]        [32,41]        [46,56]        [56,64]        [67,71]        [71,79]        [79,80]        [80,90]        [90,95]        [95,99]        [112,116]      [121,125]      [125,133]      [151,161]      
Machine 6: job_15_task_0  job_14_task_0  job_18_task_1  job_16_task_0  job_2_task_2   job_13_task_5  job_19_task_0  job_11_task_3  job_12_task_2  job_10_task_2  job_1_task_2   job_2_task_7   job_19_task_5  job_2_task_8   job_14_task_7  job_2_task_9   job_6_task_9   job_16_task_8  job_5_task_9   job_0_task_10  job_17_task_12 job_10_task_13 
           [0,4]          [4,7]          [7,17]         [17,21]        [21,25]        [25,35]        [35,45]        [45,52]        [52,54]        [54,63]        [63,69]        [69,78]        [78,86]        [86,96]        [96,106]       [106,115]      [115,119]      [119,122]      [122,130]      [130,139]      [139,145]      [145,154]      
Machine 7: job_17_task_1  job_5_task_1   job_6_task_3   job_18_task_2  job_0_task_1   job_4_task_5   job_17_task_6  job_19_task_3  job_3_task_8   job_10_task_4  job_17_task_9  job_1_task_4   job_6_task_8   job_11_task_12 job_9_task_11  job_16_task_9  job_13_task_13 job_13_task_14 job_19_task_14 job_2_task_14  
           [5,12]         [12,19]        [19,22]        [22,30]        [31,37]        [37,43]        [43,50]        [52,58]        [58,66]        [67,69]        [69,76]        [76,79]        [79,88]        [96,104]       [106,112]      [122,126]      [126,136]      [136,137]      [139,143]      [143,150]      
Machine 8: job_3_task_0   job_4_task_3   job_4_task_4   job_2_task_3   job_2_task_4   job_8_task_5   job_16_task_5  job_7_task_5   job_11_task_9  job_13_task_11 job_9_task_10  job_4_task_12  job_1_task_13  
           [0,5]          [19,28]        [28,37]        [37,41]        [41,42]        [42,52]        [52,62]        [62,63]        [85,92]        [92,96]        [96,106]       [106,116]      [148,155]      
Machine 9: job_11_task_0  job_2_task_1   job_5_task_2   job_3_task_3   job_5_task_3   job_12_task_0  job_9_task_5   job_17_task_7  job_5_task_7   job_7_task_7   job_0_task_6   job_12_task_10 job_10_task_11 job_15_task_12 job_6_task_12  job_6_task_13  
           [0,7]          [9,19]         [19,22]        [22,31]        [31,33]        [33,43]        [43,52]        [52,60]        [60,67]        [67,68]        [68,69]        [99,109]       [109,111]      [125,134]      [142,151]      [151,152]      
Machine 10: job_8_task_0   job_6_task_2   job_18_task_4  job_4_task_7   job_14_task_4  job_11_task_5  job_7_task_6   job_11_task_7  job_10_task_7  job_12_task_12 job_4_task_14  job_16_task_12 job_14_task_12 job_14_task_13 
           [0,4]          [7,12]         [39,46]        [49,51]        [53,57]        [59,62]        [63,64]        [70,72]        [81,86]        [115,119]      [135,141]      [141,148]      [152,156]      [156,157]      
Machine 11: job_15_task_1  job_11_task_1  job_17_task_3  job_8_task_3   job_8_task_4   job_5_task_5   job_12_task_3  job_4_task_9   job_10_task_6  job_3_task_10  job_18_task_11 job_4_task_10  job_19_task_9  job_10_task_10 job_18_task_12 job_6_task_10  job_18_task_14 job_2_task_13  
           [4,12]         [12,22]        [22,32]        [32,37]        [37,42]        [42,51]        [54,62]        [62,71]        [73,81]        [81,84]        [84,93]        [93,96]        [99,101]       [101,104]      [104,112]      [119,129]      [129,133]      [141,142]      
Machine 12: job_4_task_2   job_7_task_3   job_0_task_4   job_14_task_3  job_8_task_6   job_8_task_9   job_18_task_7  job_3_task_9   job_18_task_10 job_14_task_6  job_14_task_9  job_19_task_12 job_16_task_10 job_5_task_10  job_5_task_11  job_1_task_12  job_14_task_11 job_15_task_14 
           [11,19]        [33,38]        [44,46]        [46,53]        [53,57]        [64,68]        [68,73]        [73,80]        [80,81]        [81,86]        [114,121]      [121,130]      [130,136]      [136,140]      [140,144]      [144,148]      [148,152]      [152,154]      
Machine 13: job_18_task_0  job_9_task_1   job_7_task_1   job_0_task_0   job_13_task_6  job_3_task_7   job_4_task_8   job_12_task_4  job_19_task_4  job_12_task_6  job_17_task_11 job_12_task_11 job_13_task_12 job_2_task_11  job_8_task_14  job_17_task_13 job_10_task_14 
           [0,7]          [8,17]         [20,24]        [24,31]        [35,44]        [49,56]        [56,62]        [62,64]        [64,74]        [75,81]        [98,103]       [109,115]      [115,122]      [122,130]      [130,137]      [145,151]      [154,162]      
Machine 14: job_4_task_0   job_13_task_1  job_16_task_1  job_17_task_4  job_3_task_5   job_12_task_1  job_7_task_8   job_7_task_9   job_12_task_7  job_14_task_8  job_7_task_11  job_12_task_13 job_0_task_11  
           [0,3]          [3,4]          [21,25]        [32,39]        [39,44]        [44,52]        [68,74]        [74,80]        [81,86]        [106,114]      [114,121]      [121,130]      [139,145]      
Machine 15: job_10_task_0  job_8_task_1   job_7_task_0   job_10_task_1  job_18_task_3  job_0_task_3   job_16_task_4  job_4_task_6   job_8_task_8   job_0_task_7   job_19_task_6  job_10_task_8  job_1_task_6   job_19_task_10 job_11_task_13 job_2_task_10  job_3_task_12  job_7_task_14  
           [0,2]          [4,10]         [10,20]        [20,28]        [30,39]        [39,44]        [44,45]        [45,49]        [60,64]        [69,70]        [86,89]        [89,92]        [95,98]        [101,108]      [108,114]      [115,118]      [118,128]      [136,140]      
Machine 16: job_6_task_0   job_3_task_2   job_16_task_2  job_19_task_1  job_10_task_3  job_8_task_10  job_18_task_8  job_9_task_8   job_17_task_10 job_4_task_11  job_1_task_7   job_1_task_8   job_11_task_14 job_16_task_11 job_5_task_12  job_0_task_14  
           [0,2]          [13,21]        [25,32]        [45,46]        [63,67]        [68,75]        [75,77]        [81,88]        [88,98]        [98,104]       [104,106]      [106,110]      [114,123]      [136,141]      [144,154]      [154,156]      
Machine 17: job_2_task_0   job_1_task_1   job_11_task_2  job_16_task_3  job_2_task_5   job_19_task_2  job_5_task_6   job_18_task_6  job_8_task_12  job_8_task_13  job_4_task_13  job_0_task_12  job_16_task_13 job_1_task_14  job_5_task_14  
           [0,9]          [20,21]        [22,32]        [32,38]        [42,50]        [50,52]        [52,59]        [59,67]        [116,122]      [122,130]      [130,135]      [145,148]      [148,152]      [155,160]      [160,161]      
Optimal Schedule Length: 162.0
Total (Unoptimized Schedule Length): 1746
Statistics
  - conflicts: 0
  - branches : 0
  - wall time: 0.07910974100000001s