
Problem
         task_0   task_1   task_2   task_3   task_4   task_5   task_6   task_7   task_8   task_9  task_10 task_11  task_12 task_13  task_14 task_15  task_16 task_17  task_18  task_19
job_0    (1, 5)   (5, 2)   (3, 3)   (1, 3)  (4, 10)   (2, 6)   (5, 4)  (2, 10)   (1, 5)   (2, 7)   (0, 1)  (0, 3)   (3, 7)  (1, 8)   (1, 8)  (5, 2)   (5, 7)  (5, 5)   (3, 7)   (4, 8)
job_1   (3, 10)   (4, 4)   (4, 1)   (0, 7)  (1, 10)   (1, 1)   (4, 9)   (1, 9)   (4, 3)   (1, 2)  (2, 10)  (1, 7)   (1, 8)  (0, 8)   (1, 8)  (2, 4)   (4, 2)  (5, 2)   (2, 1)   (1, 6)
job_2    (4, 7)   (5, 2)  (1, 10)   (1, 2)   (2, 2)   (0, 9)   (5, 6)   (0, 8)  (1, 10)  (5, 10)   (4, 2)  (4, 6)   (4, 4)  (1, 7)  (0, 10)  (2, 9)   (2, 4)  (0, 4)   (1, 6)   (1, 8)
job_3    (3, 2)   (3, 3)   (2, 9)   (1, 1)   (5, 2)   (0, 7)   (4, 9)  (4, 10)   (1, 5)   (3, 6)   (3, 8)  (0, 9)   (1, 8)  (4, 4)   (5, 2)  (2, 4)  (2, 10)  (3, 3)   (3, 5)   (2, 7)
job_4   (4, 10)   (2, 7)   (3, 6)   (4, 1)   (2, 2)   (3, 8)   (1, 9)   (5, 5)   (0, 3)   (1, 6)   (2, 4)  (1, 8)   (5, 7)  (0, 2)   (4, 8)  (2, 4)   (4, 6)  (1, 9)   (4, 2)  (3, 10)
job_5    (4, 5)   (5, 1)   (5, 9)   (0, 9)   (4, 8)   (4, 8)  (4, 10)   (1, 2)   (0, 3)   (2, 7)   (4, 8)  (1, 9)   (2, 6)  (2, 9)   (0, 4)  (4, 1)   (5, 9)  (4, 4)   (2, 6)   (3, 2)
job_6    (3, 1)   (4, 8)  (5, 10)   (1, 9)   (3, 8)   (0, 6)   (1, 9)   (3, 2)   (2, 8)  (1, 10)   (4, 1)  (1, 7)   (4, 9)  (3, 4)  (5, 10)  (2, 5)   (3, 1)  (5, 1)   (0, 8)  (2, 10)
job_7    (5, 3)   (0, 3)   (0, 2)   (2, 4)   (0, 7)   (3, 4)   (0, 3)   (1, 3)   (3, 9)   (4, 1)   (4, 3)  (4, 1)   (3, 9)  (5, 2)   (1, 4)  (3, 6)   (3, 3)  (2, 6)   (4, 4)  (2, 10)
job_8    (5, 7)  (5, 10)   (1, 7)   (4, 4)  (1, 10)   (2, 4)   (1, 3)   (1, 3)   (5, 8)   (3, 6)   (5, 2)  (1, 7)  (2, 10)  (2, 8)   (0, 1)  (1, 6)   (2, 7)  (2, 2)   (3, 5)   (4, 3)
job_9    (1, 9)   (4, 6)   (3, 6)   (0, 6)   (2, 2)  (4, 10)   (0, 5)   (0, 8)   (1, 7)   (5, 8)   (5, 2)  (0, 1)   (4, 7)  (1, 6)   (0, 1)  (2, 3)   (2, 4)  (2, 7)  (0, 10)   (1, 7)
job_10   (2, 1)   (1, 7)   (2, 9)  (2, 10)   (0, 8)   (4, 4)   (0, 7)   (5, 3)   (1, 6)   (1, 6)   (1, 6)  (5, 4)   (0, 4)  (3, 9)   (0, 7)  (2, 5)   (2, 2)  (4, 2)   (0, 9)   (5, 1)
job_11   (5, 6)   (3, 6)   (2, 4)   (0, 2)   (3, 7)   (5, 6)   (4, 9)   (4, 4)   (4, 7)   (1, 9)   (3, 1)  (2, 7)  (4, 10)  (0, 8)   (5, 7)  (2, 5)   (3, 6)  (3, 5)   (1, 8)   (3, 8)


Solution:
Machine 0: job_7_task_1   job_7_task_2   job_11_task_3  job_7_task_4   job_2_task_5   job_7_task_6   job_1_task_3   job_5_task_3   job_6_task_5   job_9_task_3   job_3_task_5   job_2_task_7   job_10_task_4  job_4_task_8   job_9_task_6   job_9_task_7   job_0_task_10  job_0_task_11  job_10_task_6  job_3_task_11  job_9_task_11  job_11_task_13 job_8_task_14  job_4_task_13  job_9_task_14  job_5_task_8   job_2_task_14  job_9_task_18  job_10_task_12 job_6_task_18  job_10_task_14 job_1_task_13  job_2_task_17  job_5_task_14  job_10_task_18 
           [9,12]         [12,14]        [19,21]        [23,30]        [30,39]        [39,42]        [42,49]        [49,58]        [59,65]        [65,71]        [71,78]        [78,86]        [86,94]        [100,103]      [103,108]      [108,116]      [123,124]      [124,127]      [146,153]      [153,162]      [172,173]      [173,181]      [192,193]      [196,198]      [201,202]      [210,213]      [217,227]      [227,237]      [237,241]      [244,252]      [252,259]      [259,267]      [267,271]      [290,294]      [305,314]      
Machine 1: job_9_task_0   job_0_task_0   job_2_task_2   job_2_task_3   job_6_task_3   job_10_task_1  job_3_task_3   job_7_task_7   job_0_task_3   job_1_task_4   job_1_task_5   job_8_task_2   job_6_task_6   job_8_task_4   job_4_task_6   job_2_task_8   job_8_task_6   job_8_task_7   job_0_task_8   job_11_task_9  job_4_task_9   job_3_task_8   job_1_task_7   job_6_task_9   job_9_task_8   job_1_task_9   job_8_task_11  job_10_task_8  job_7_task_14  job_4_task_11  job_10_task_9  job_9_task_13  job_6_task_11  job_5_task_7   job_2_task_13  job_10_task_10 job_1_task_11  job_0_task_13  job_3_task_12  job_1_task_12  job_0_task_14  job_5_task_11  job_1_task_14  job_8_task_15  job_4_task_17  job_11_task_18 job_2_task_18  job_2_task_19  job_9_task_19  job_1_task_19  
           [0,9]          [9,14]         [14,24]        [24,26]        [26,35]        [35,42]        [42,43]        [43,46]        [46,49]        [49,59]        [59,60]        [60,67]        [67,76]        [76,86]        [86,95]        [95,105]       [105,108]      [108,111]      [111,116]      [116,125]      [125,131]      [131,136]      [136,145]      [145,155]      [155,162]      [162,164]      [164,171]      [171,177]      [177,181]      [181,189]      [189,195]      [195,201]      [201,208]      [208,210]      [210,217]      [217,223]      [223,230]      [230,238]      [238,246]      [246,254]      [254,262]      [262,271]      [271,279]      [279,285]      [285,294]      [294,302]      [302,308]      [308,316]      [316,323]      [323,329]      
Machine 2: job_10_task_0  job_3_task_2   job_11_task_2  job_7_task_3   job_2_task_4   job_4_task_1   job_10_task_2  job_10_task_3  job_0_task_5   job_4_task_4   job_0_task_7   job_9_task_4   job_6_task_8   job_8_task_5   job_0_task_9   job_11_task_11 job_4_task_10  job_1_task_10  job_8_task_12  job_8_task_13  job_7_task_17  job_11_task_15 job_9_task_15  job_9_task_16  job_4_task_15  job_9_task_17  job_5_task_9   job_2_task_15  job_6_task_15  job_2_task_16  job_7_task_19  job_3_task_15  job_3_task_16  job_10_task_15 job_5_task_12  job_5_task_13  job_8_task_16  job_1_task_15  job_10_task_16 job_8_task_17  job_6_task_19  job_1_task_18  job_5_task_18  job_3_task_19  
           [0,1]          [6,15]         [15,19]        [19,23]        [26,28]        [30,37]        [42,51]        [51,61]        [62,68]        [68,70]        [72,82]        [82,84]        [84,92]        [92,96]        [116,123]      [130,137]      [137,141]      [164,174]      [174,184]      [184,192]      [192,198]      [198,203]      [203,206]      [206,210]      [210,214]      [214,221]      [221,228]      [228,237]      [237,242]      [242,246]      [246,256]      [256,260]      [260,270]      [270,275]      [275,281]      [281,290]      [290,297]      [297,301]      [301,303]      [303,305]      [305,315]      [315,316]      [316,322]      [322,329]      
Machine 3: job_6_task_0   job_3_task_0   job_3_task_1   job_11_task_1  job_1_task_0   job_11_task_4  job_7_task_5   job_9_task_2   job_0_task_2   job_4_task_2   job_6_task_4   job_7_task_8   job_4_task_5   job_6_task_7   job_8_task_9   job_11_task_10 job_0_task_12  job_3_task_9   job_3_task_10  job_7_task_12  job_7_task_15  job_7_task_16  job_11_task_16 job_11_task_17 job_6_task_13  job_6_task_16  job_10_task_13 job_3_task_17  job_3_task_18  job_0_task_18  job_4_task_19  job_8_task_18  job_11_task_19 job_5_task_19  
           [0,1]          [1,3]          [3,6]          [6,12]         [12,22]        [22,29]        [30,34]        [36,42]        [42,45]        [45,51]        [51,59]        [59,68]        [70,78]        [78,80]        [123,129]      [129,130]      [130,137]      [137,143]      [143,151]      [162,171]      [181,187]      [187,190]      [203,209]      [209,214]      [217,221]      [242,243]      [243,252]      [270,273]      [273,278]      [278,285]      [297,307]      [307,312]      [312,320]      [322,324]      
Machine 4: job_2_task_0   job_6_task_1   job_5_task_0   job_4_task_0   job_9_task_1   job_1_task_1   job_1_task_2   job_11_task_6  job_0_task_4   job_4_task_3   job_5_task_4   job_8_task_3   job_5_task_5   job_3_task_6   job_9_task_5   job_11_task_7  job_11_task_8  job_3_task_7   job_1_task_6   job_5_task_6   job_10_task_5  job_1_task_8   job_2_task_10  job_2_task_11  job_7_task_9   job_7_task_10  job_7_task_11  job_11_task_12 job_6_task_10  job_2_task_12  job_9_task_12  job_4_task_14  job_6_task_12  job_4_task_16  job_7_task_18  job_5_task_10  job_3_task_13  job_0_task_19  job_5_task_15  job_4_task_18  job_1_task_16  job_10_task_17 job_5_task_17  job_8_task_19  
           [0,7]          [7,15]         [15,20]        [20,30]        [30,36]        [36,40]        [40,41]        [43,52]        [52,62]        [62,63]        [63,71]        [71,75]        [75,83]        [83,92]        [92,102]       [102,106]      [106,113]      [113,123]      [123,132]      [132,142]      [142,146]      [146,149]      [149,151]      [151,157]      [157,158]      [158,161]      [161,162]      [162,172]      [172,173]      [173,177]      [177,184]      [198,206]      [208,217]      [217,223]      [223,227]      [228,236]      [246,250]      [285,293]      [294,295]      [295,297]      [301,303]      [303,305]      [305,309]      [312,315]      
Machine 5: job_11_task_0  job_7_task_0   job_2_task_1   job_6_task_2   job_5_task_1   job_5_task_2   job_0_task_1   job_11_task_5  job_8_task_0   job_8_task_1   job_2_task_6   job_3_task_4   job_0_task_6   job_4_task_7   job_2_task_9   job_8_task_8   job_8_task_10  job_10_task_7  job_9_task_9   job_9_task_10  job_7_task_13  job_11_task_14 job_4_task_12  job_6_task_14  job_10_task_11 job_6_task_17  job_3_task_14  job_0_task_15  job_0_task_16  job_0_task_17  job_5_task_16  job_1_task_17  job_10_task_19 
           [0,6]          [6,9]          [9,11]         [15,25]        [25,26]        [26,35]        [35,37]        [37,43]        [43,50]        [50,60]        [60,66]        [66,68]        [68,72]        [95,100]       [105,115]      [115,123]      [129,131]      [153,156]      [162,170]      [170,172]      [172,174]      [181,188]      [189,196]      [221,231]      [231,235]      [243,244]      [250,252]      [262,264]      [264,271]      [271,276]      [295,304]      [304,306]      [314,315]      
Optimal Schedule Length: 329.0
Total (Unoptimized Schedule Length): 1377
Statistics
  - conflicts: 0
  - branches : 0
  - wall time: 0.32079747200000003s