
Problem
        task_0   task_1   task_2   task_3   task_4   task_5   task_6   task_7   task_8   task_9  task_10  task_11 task_12  task_13  task_14  task_15  task_16
job_0   (3, 6)   (4, 4)   (2, 2)   (5, 1)   (2, 3)   (4, 5)   (1, 9)   (5, 4)   (1, 4)   (1, 7)   (2, 6)   (3, 8)  (1, 9)   (1, 7)   (0, 1)   (1, 5)   (1, 5)
job_1   (0, 4)   (3, 5)   (1, 8)   (2, 3)   (4, 5)   (5, 6)   (5, 4)   (0, 4)   (2, 5)   (2, 2)   (3, 8)   (3, 8)  (2, 8)   (3, 5)   (4, 7)   (5, 5)   (1, 5)
job_2   (5, 1)   (0, 2)   (5, 7)   (4, 8)   (2, 4)   (2, 9)   (1, 8)  (0, 10)   (1, 9)   (0, 9)   (2, 8)   (4, 9)  (2, 3)   (3, 6)   (4, 1)   (5, 5)   (5, 8)
job_3   (4, 2)   (5, 2)   (0, 9)   (0, 7)   (0, 2)   (1, 2)   (5, 2)   (5, 1)   (1, 6)   (3, 3)  (3, 10)   (5, 9)  (3, 6)   (5, 5)   (0, 3)   (5, 4)  (4, 10)
job_4   (3, 7)   (3, 7)   (2, 7)   (0, 5)   (2, 2)   (0, 2)   (1, 5)   (2, 7)   (4, 9)   (2, 3)   (3, 1)   (4, 1)  (4, 8)   (3, 3)   (0, 4)   (4, 1)  (2, 10)
job_5   (3, 6)   (0, 9)   (5, 3)  (3, 10)   (5, 6)   (4, 3)  (5, 10)   (5, 4)   (1, 8)   (3, 5)   (0, 1)   (3, 2)  (0, 1)   (1, 8)   (2, 5)   (5, 5)   (4, 9)
job_6   (0, 6)  (2, 10)   (0, 4)   (3, 6)   (2, 4)   (3, 5)   (0, 8)   (1, 7)   (1, 2)   (0, 6)   (3, 2)   (1, 4)  (0, 4)   (0, 8)   (5, 3)   (3, 3)  (4, 10)
job_7   (1, 5)   (0, 9)   (0, 9)   (1, 8)   (2, 5)   (5, 1)   (3, 2)   (5, 2)   (2, 1)   (0, 7)   (2, 4)   (5, 8)  (5, 2)   (5, 1)  (4, 10)   (0, 5)   (4, 2)
job_8   (4, 7)   (5, 8)   (4, 3)   (0, 1)   (5, 2)   (5, 2)   (1, 8)   (0, 5)   (4, 2)   (1, 8)   (4, 5)   (4, 9)  (1, 4)   (4, 7)   (1, 5)   (4, 4)   (2, 9)
job_9   (3, 4)   (0, 9)   (2, 1)   (5, 6)   (4, 2)   (0, 4)  (3, 10)   (3, 3)   (5, 8)   (0, 7)   (3, 1)   (1, 4)  (0, 5)   (1, 3)   (5, 6)   (4, 6)   (2, 8)
job_10  (5, 4)   (5, 9)   (0, 2)   (4, 8)   (4, 3)   (2, 5)   (4, 4)   (5, 9)   (2, 8)   (4, 2)  (0, 10)   (2, 8)  (4, 4)   (4, 6)   (5, 6)   (0, 1)   (0, 5)
job_11  (5, 9)   (1, 4)   (0, 8)   (1, 1)   (4, 8)   (1, 6)   (5, 6)   (5, 6)   (2, 1)   (2, 1)  (4, 10)   (3, 6)  (5, 9)   (0, 5)   (1, 9)   (5, 5)   (0, 6)
job_12  (0, 4)   (0, 2)   (2, 6)   (3, 5)   (5, 8)   (0, 4)   (4, 6)   (2, 3)  (4, 10)   (0, 5)   (3, 3)   (0, 9)  (3, 7)   (1, 7)   (1, 1)   (0, 5)   (3, 1)
job_13  (5, 4)   (5, 4)   (5, 5)   (2, 6)   (5, 6)  (4, 10)  (5, 10)   (5, 6)   (5, 4)  (0, 10)   (5, 4)   (4, 8)  (2, 1)  (0, 10)   (0, 6)   (0, 8)   (4, 1)
job_14  (4, 1)   (1, 2)   (3, 6)  (5, 10)   (4, 3)   (3, 8)  (1, 10)   (1, 1)  (1, 10)   (4, 1)   (5, 3)   (3, 3)  (1, 3)   (3, 4)   (0, 1)   (5, 9)   (2, 9)
job_15  (3, 4)   (1, 6)   (4, 6)   (4, 3)   (0, 4)   (2, 9)   (4, 3)   (3, 5)   (3, 5)   (3, 7)   (3, 6)   (1, 2)  (2, 5)   (5, 4)   (0, 8)   (1, 9)  (3, 10)
job_16  (2, 7)   (4, 1)   (2, 7)   (2, 2)   (2, 3)   (0, 7)  (1, 10)   (1, 7)   (3, 2)   (0, 6)   (1, 8)   (2, 4)  (5, 4)   (5, 8)   (5, 4)  (2, 10)   (2, 9)
job_17  (5, 3)   (2, 7)  (3, 10)   (3, 8)   (2, 1)  (3, 10)   (5, 3)   (0, 6)   (5, 8)   (0, 2)   (1, 5)   (4, 6)  (3, 9)  (1, 10)  (3, 10)   (0, 5)   (1, 4)
job_18  (2, 6)   (3, 6)   (5, 8)  (2, 10)   (5, 1)   (5, 6)   (0, 9)   (2, 5)   (4, 6)  (2, 10)   (3, 3)   (4, 1)  (1, 2)   (5, 1)   (1, 1)   (1, 9)   (5, 8)
job_19  (1, 5)   (0, 6)   (3, 7)   (2, 9)  (2, 10)   (1, 5)   (3, 5)   (5, 5)   (0, 6)   (5, 3)   (5, 3)  (4, 10)  (5, 9)   (2, 7)   (1, 8)   (1, 6)   (0, 5)


Solution:
Machine 0: job_1_task_0   job_2_task_1   job_19_task_1  job_6_task_0   job_5_task_1   job_12_task_0  job_11_task_2  job_9_task_1   job_12_task_1  job_10_task_2  job_15_task_4  job_6_task_2   job_7_task_1   job_3_task_2   job_16_task_5  job_8_task_3   job_3_task_3   job_2_task_7   job_7_task_2   job_9_task_5   job_17_task_7  job_3_task_4   job_12_task_5  job_4_task_3   job_8_task_7   job_4_task_5   job_19_task_8  job_1_task_7   job_6_task_6   job_18_task_6  job_16_task_9  job_17_task_9  job_2_task_9   job_12_task_9  job_12_task_11 job_13_task_9  job_10_task_10 job_6_task_9   job_9_task_9   job_7_task_9   job_5_task_10  job_13_task_13 job_5_task_12  job_6_task_12  job_9_task_12  job_15_task_14 job_11_task_13 job_6_task_13  job_14_task_14 job_13_task_14 job_3_task_14  job_4_task_14  job_17_task_15 job_13_task_15 job_0_task_14  job_7_task_15  job_10_task_15 job_19_task_16 job_11_task_16 job_12_task_15 job_10_task_16 
           [0,4]          [4,6]          [6,12]         [12,18]        [18,27]        [27,31]        [31,39]        [39,48]        [48,50]        [50,52]        [52,56]        [56,60]        [60,69]        [69,78]        [78,85]        [85,86]        [86,93]        [93,103]       [103,112]      [112,116]      [116,122]      [122,124]      [124,128]      [128,133]      [133,138]      [138,140]      [140,146]      [146,150]      [150,158]      [158,167]      [167,173]      [173,175]      [175,184]      [184,189]      [192,201]      [201,211]      [211,221]      [221,227]      [227,234]      [234,241]      [241,242]      [242,252]      [252,253]      [253,257]      [257,262]      [262,270]      [270,275]      [275,283]      [283,284]      [284,290]      [290,293]      [293,297]      [297,302]      [302,310]      [310,311]      [311,316]      [329,330]      [330,335]      [335,341]      [341,346]      [346,351]      
Machine 1: job_19_task_0  job_15_task_1  job_14_task_1  job_7_task_0   job_1_task_2   job_11_task_1  job_11_task_3  job_11_task_5  job_2_task_6   job_19_task_5  job_16_task_6  job_16_task_7  job_2_task_8   job_8_task_6   job_0_task_6   job_3_task_5   job_7_task_3   job_14_task_6  job_4_task_6   job_8_task_9   job_6_task_7   job_14_task_7  job_14_task_8  job_17_task_10 job_16_task_10 job_3_task_8   job_0_task_8   job_0_task_9   job_5_task_8   job_6_task_8   job_15_task_11 job_8_task_12  job_17_task_13 job_0_task_12  job_9_task_11  job_6_task_11  job_5_task_13  job_18_task_12 job_9_task_13  job_14_task_12 job_19_task_14 job_11_task_14 job_15_task_15 job_8_task_14  job_18_task_14 job_0_task_13  job_18_task_15 job_12_task_13 job_19_task_15 job_0_task_15  job_12_task_14 job_0_task_16  job_1_task_16  job_17_task_16 
           [0,5]          [5,11]         [11,13]        [13,18]        [18,26]        [26,30]        [39,40]        [48,54]        [65,73]        [80,85]        [85,95]        [95,102]       [103,112]      [112,120]      [120,129]      [129,131]      [131,139]      [139,149]      [149,154]      [154,162]      [162,169]      [169,170]      [170,180]      [180,185]      [185,193]      [193,199]      [199,203]      [203,210]      [210,218]      [218,220]      [220,222]      [222,226]      [226,236]      [236,245]      [245,249]      [249,253]      [253,261]      [261,263]      [263,266]      [266,269]      [269,277]      [277,286]      [286,295]      [295,300]      [300,301]      [301,308]      [308,317]      [317,324]      [324,330]      [330,335]      [335,336]      [336,341]      [341,346]      [346,350]      
Machine 2: job_16_task_0  job_17_task_1  job_18_task_0  job_16_task_2  job_19_task_3  job_13_task_3  job_2_task_4   job_6_task_1   job_2_task_5   job_16_task_3  job_16_task_4  job_19_task_4  job_12_task_2  job_17_task_4  job_0_task_2   job_1_task_3   job_9_task_2   job_15_task_5  job_0_task_4   job_18_task_3  job_10_task_5  job_4_task_2   job_6_task_4   job_4_task_4   job_12_task_7  job_7_task_4   job_1_task_8   job_1_task_9   job_4_task_7   job_18_task_7  job_10_task_8  job_11_task_8  job_11_task_9  job_18_task_9  job_2_task_10  job_16_task_11 job_4_task_9   job_1_task_12  job_0_task_10  job_10_task_11 job_7_task_8   job_15_task_12 job_2_task_12  job_13_task_12 job_7_task_10  job_19_task_13 job_5_task_14  job_16_task_15 job_16_task_16 job_9_task_16  job_14_task_16 job_4_task_16  job_8_task_16  
           [0,7]          [7,14]         [14,20]        [20,27]        [27,36]        [36,42]        [42,46]        [46,56]        [56,65]        [65,67]        [67,70]        [70,80]        [80,86]        [86,87]        [87,89]        [89,92]        [92,93]        [93,102]       [102,105]      [105,115]      [115,120]      [120,127]      [127,131]      [133,135]      [136,139]      [139,144]      [150,155]      [155,157]      [157,164]      [167,172]      [172,180]      [180,181]      [181,182]      [182,192]      [192,200]      [200,204]      [204,207]      [207,215]      [215,221]      [221,229]      [229,230]      [230,235]      [235,238]      [238,239]      [241,245]      [246,253]      [261,266]      [282,292]      [292,301]      [301,309]      [309,318]      [318,328]      [328,337]      
Machine 3: job_15_task_0  job_5_task_0   job_1_task_1   job_19_task_2  job_17_task_2  job_9_task_0   job_17_task_3  job_0_task_0   job_18_task_1  job_4_task_0   job_14_task_2  job_5_task_3   job_4_task_1   job_12_task_3  job_17_task_5  job_6_task_3   job_19_task_6  job_14_task_5  job_15_task_7  job_9_task_6   job_6_task_5   job_15_task_8  job_16_task_8  job_9_task_7   job_15_task_9  job_1_task_10  job_15_task_10 job_1_task_11  job_12_task_10 job_11_task_11 job_17_task_12 job_3_task_9   job_3_task_10  job_7_task_6   job_5_task_9   job_0_task_11  job_6_task_10  job_9_task_10  job_4_task_10  job_3_task_12  job_5_task_11  job_18_task_10 job_1_task_13  job_12_task_12 job_14_task_11 job_2_task_13  job_14_task_13 job_17_task_14 job_4_task_13  job_15_task_16 job_6_task_15  job_12_task_16 
           [0,4]          [4,10]         [10,15]        [15,22]        [22,32]        [32,36]        [36,44]        [44,50]        [50,56]        [56,63]        [63,69]        [69,79]        [79,86]        [86,91]        [91,101]       [101,107]      [107,112]      [112,120]      [120,125]      [125,135]      [135,140]      [140,145]      [145,147]      [147,150]      [150,157]      [157,165]      [165,171]      [171,179]      [189,192]      [192,198]      [198,207]      [207,210]      [210,220]      [220,222]      [222,227]      [227,235]      [235,237]      [237,238]      [238,239]      [239,245]      [245,247]      [247,250]      [250,255]      [255,262]      [262,265]      [265,271]      [271,275]      [275,285]      [285,288]      [295,305]      [309,312]      [346,347]      
Machine 4: job_8_task_0   job_16_task_1  job_14_task_0  job_3_task_0   job_15_task_2  job_2_task_3   job_15_task_3  job_11_task_4  job_0_task_1   job_10_task_3  job_13_task_5  job_8_task_2   job_10_task_4  job_14_task_4  job_1_task_4   job_9_task_4   job_15_task_6  job_0_task_5   job_10_task_6  job_5_task_5   job_12_task_6  job_8_task_8   job_12_task_8  job_8_task_10  job_4_task_8   job_18_task_8  job_11_task_10 job_17_task_11 job_10_task_9  job_8_task_11  job_19_task_11 job_14_task_9  job_2_task_11  job_13_task_11 job_8_task_13  job_4_task_11  job_4_task_12  job_18_task_11 job_10_task_12 job_10_task_13 job_1_task_14  job_2_task_14  job_9_task_15  job_7_task_14  job_8_task_15  job_4_task_15  job_6_task_16  job_3_task_16  job_5_task_16  job_7_task_16  job_13_task_16 
           [0,7]          [7,8]          [8,9]          [9,11]         [11,17]        [17,25]        [25,28]        [40,48]        [50,54]        [54,62]        [62,72]        [72,75]        [75,78]        [83,86]        [92,97]        [100,102]      [102,105]      [105,110]      [120,124]      [127,130]      [130,136]      [138,140]      [140,150]      [162,167]      [167,176]      [176,182]      [182,192]      [192,198]      [198,200]      [200,209]      [209,219]      [219,220]      [220,229]      [229,237]      [237,244]      [244,245]      [245,253]      [253,254]      [254,258]      [258,264]      [264,271]      [271,272]      [295,301]      [301,311]      [311,315]      [315,316]      [316,326]      [326,336]      [336,345]      [345,347]      [347,348]      
Machine 5: job_2_task_0   job_17_task_0  job_13_task_0  job_2_task_2   job_11_task_0  job_13_task_1  job_13_task_2  job_10_task_0  job_10_task_1  job_13_task_4  job_8_task_1   job_3_task_1   job_5_task_2   job_18_task_2  job_14_task_3  job_13_task_6  job_0_task_3   job_9_task_3   job_8_task_4   job_12_task_4  job_8_task_5   job_17_task_6  job_1_task_5   job_5_task_4   job_11_task_6  job_18_task_4  job_19_task_7  job_1_task_6   job_18_task_5  job_3_task_6   job_17_task_8  job_10_task_7  job_13_task_7  job_11_task_7  job_5_task_6   job_3_task_7   job_0_task_7   job_13_task_8  job_19_task_9  job_19_task_10 job_5_task_7   job_9_task_8   job_7_task_5   job_13_task_10 job_7_task_7   job_3_task_11  job_16_task_12 job_19_task_12 job_11_task_12 job_14_task_10 job_15_task_13 job_16_task_13 job_7_task_11  job_16_task_14 job_3_task_13  job_7_task_12  job_9_task_14  job_18_task_13 job_7_task_13  job_14_task_15 job_6_task_14  job_3_task_15  job_5_task_15  job_2_task_15  job_10_task_14 job_11_task_15 job_1_task_15  job_18_task_16 job_2_task_16  
           [0,1]          [1,4]          [4,8]          [8,15]         [15,24]        [24,28]        [28,33]        [33,37]        [37,46]        [46,52]        [52,60]        [60,62]        [62,65]        [65,73]        [73,83]        [83,93]        [93,94]        [94,100]       [100,102]      [102,110]      [110,112]      [112,115]      [115,121]      [121,127]      [127,133]      [133,134]      [134,139]      [139,143]      [143,149]      [149,151]      [151,159]      [159,168]      [168,174]      [174,180]      [180,190]      [190,191]      [191,195]      [195,199]      [199,202]      [202,205]      [205,209]      [209,217]      [217,218]      [218,222]      [222,224]      [224,233]      [233,237]      [237,246]      [246,255]      [255,258]      [258,262]      [262,270]      [270,278]      [278,282]      [282,287]      [287,289]      [289,295]      [295,296]      [296,297]      [297,306]      [306,309]      [309,313]      [313,318]      [318,323]      [323,329]      [329,334]      [334,339]      [339,347]      [347,355]      
Optimal Schedule Length: 355.0
Total (Unoptimized Schedule Length): 1864
Statistics
  - conflicts: 1
  - branches : 341
  - wall time: 0.216271508s