
Problem
         task_0  task_1  task_2   task_3   task_4   task_5   task_6   task_7   task_8  task_9 task_10 task_11  task_12  task_13  task_14  task_15
job_0    (2, 3)  (5, 7)  (5, 6)   (0, 1)   (3, 6)   (1, 8)   (3, 1)   (0, 2)   (1, 9)  (1, 3)  (1, 5)  (1, 4)   (1, 4)   (4, 7)   (1, 1)   (5, 8)
job_1    (4, 1)  (5, 5)  (3, 6)   (0, 1)   (4, 8)   (2, 8)   (1, 1)   (1, 2)   (0, 3)  (0, 3)  (2, 8)  (0, 2)  (4, 10)   (3, 8)   (1, 5)   (0, 8)
job_2    (4, 6)  (1, 5)  (2, 9)   (5, 6)  (3, 10)   (4, 1)   (0, 7)   (3, 4)   (5, 2)  (0, 1)  (4, 7)  (0, 5)   (4, 9)   (5, 8)   (2, 9)  (3, 10)
job_3    (4, 3)  (5, 1)  (4, 3)  (1, 10)   (4, 3)   (4, 9)   (0, 1)  (3, 10)   (2, 7)  (2, 2)  (4, 5)  (4, 4)   (0, 9)   (0, 2)   (1, 5)   (3, 1)
job_4    (1, 3)  (3, 9)  (2, 4)   (3, 1)   (4, 3)   (4, 9)   (4, 6)   (0, 5)   (2, 3)  (1, 9)  (1, 9)  (0, 9)   (4, 9)   (0, 3)   (5, 7)   (2, 2)
job_5    (2, 7)  (4, 3)  (3, 8)   (2, 4)   (5, 1)   (1, 2)   (5, 4)   (0, 2)   (2, 2)  (4, 5)  (3, 5)  (2, 9)   (0, 5)   (4, 7)   (4, 3)  (5, 10)
job_6    (5, 6)  (1, 8)  (3, 6)   (1, 2)   (4, 1)   (2, 6)   (1, 1)  (5, 10)   (2, 2)  (5, 7)  (2, 1)  (1, 2)   (5, 6)   (5, 5)   (0, 4)   (3, 2)
job_7    (3, 1)  (3, 4)  (4, 4)   (1, 3)   (4, 5)   (5, 1)   (0, 4)   (2, 7)   (1, 8)  (0, 9)  (1, 5)  (1, 9)   (5, 3)   (3, 2)   (4, 9)  (1, 10)
job_8    (2, 6)  (1, 2)  (1, 1)  (2, 10)   (0, 6)   (1, 5)  (2, 10)   (4, 3)   (4, 3)  (2, 6)  (5, 9)  (2, 2)   (0, 7)  (4, 10)   (2, 1)   (2, 1)
job_9    (2, 1)  (3, 7)  (1, 3)  (2, 10)  (4, 10)   (3, 4)   (5, 5)   (3, 2)   (1, 4)  (2, 9)  (2, 3)  (2, 4)   (2, 2)   (5, 4)   (1, 6)   (5, 8)
job_10   (2, 4)  (1, 7)  (0, 7)   (0, 8)   (3, 9)  (5, 10)  (5, 10)   (3, 6)  (2, 10)  (3, 5)  (4, 3)  (2, 4)  (2, 10)   (2, 7)  (0, 10)   (4, 6)
job_11   (2, 2)  (5, 7)  (4, 7)   (1, 3)   (3, 5)   (4, 6)   (1, 3)   (1, 3)   (1, 5)  (4, 5)  (1, 6)  (2, 1)   (3, 7)  (0, 10)   (1, 1)   (4, 6)
job_12  (3, 10)  (2, 3)  (3, 2)   (3, 5)   (3, 4)   (3, 2)   (1, 7)   (0, 1)   (0, 7)  (2, 2)  (1, 4)  (3, 5)   (0, 5)   (3, 8)   (5, 2)   (0, 8)
job_13   (2, 4)  (5, 4)  (2, 7)   (1, 8)   (3, 2)   (5, 2)   (3, 1)   (4, 8)  (1, 10)  (1, 3)  (3, 4)  (1, 7)  (2, 10)   (3, 4)   (4, 9)   (2, 5)


Solution:
Machine 0: job_10_task_2  job_10_task_3  job_7_task_6   job_4_task_7   job_1_task_3   job_8_task_4   job_2_task_6   job_3_task_6   job_0_task_3   job_4_task_11  job_7_task_9   job_5_task_7   job_4_task_13  job_2_task_9   job_1_task_8   job_1_task_9   job_0_task_7   job_12_task_7  job_2_task_11  job_12_task_8  job_1_task_11  job_8_task_12  job_1_task_15  job_11_task_13 job_5_task_12  job_12_task_12 job_3_task_12  job_6_task_14  job_3_task_13  job_10_task_14 job_12_task_15 
           [11,18]        [18,26]        [27,31]        [44,49]        [49,50]        [57,63]        [63,70]        [75,76]        [77,78]        [83,92]        [92,101]       [101,103]      [103,106]      [106,107]      [116,119]      [119,122]      [122,124]      [124,125]      [125,130]      [130,137]      [137,139]      [152,159]      [167,175]      [175,185]      [185,190]      [190,195]      [195,204]      [204,208]      [208,210]      [210,220]      [220,228]      
Machine 1: job_4_task_0   job_10_task_1  job_2_task_1   job_8_task_1   job_7_task_3   job_9_task_2   job_8_task_2   job_6_task_1   job_3_task_3   job_13_task_3  job_11_task_3  job_4_task_9   job_8_task_5   job_4_task_10  job_7_task_8   job_6_task_3   job_5_task_5   job_0_task_5   job_13_task_8  job_1_task_6   job_1_task_7   job_6_task_6   job_12_task_6  job_11_task_6  job_11_task_7  job_13_task_9  job_0_task_8   job_9_task_8   job_11_task_8  job_7_task_10  job_11_task_10 job_1_task_14  job_7_task_11  job_6_task_11  job_12_task_10 job_0_task_9   job_13_task_11 job_0_task_10  job_11_task_14 job_0_task_11  job_0_task_12  job_9_task_14  job_3_task_14  job_0_task_14  job_7_task_15  
           [0,3]          [4,11]         [11,16]        [16,18]        [18,21]        [21,24]        [24,25]        [25,33]        [33,43]        [43,51]        [54,57]        [60,69]        [69,74]        [74,83]        [83,91]        [91,93]        [93,95]        [95,103]       [103,113]      [113,114]      [114,116]      [116,117]      [117,124]      [124,127]      [127,130]      [130,133]      [133,142]      [142,146]      [146,151]      [151,156]      [156,162]      [162,167]      [167,176]      [176,178]      [178,182]      [182,185]      [185,192]      [192,197]      [197,198]      [198,202]      [202,206]      [206,212]      [212,217]      [217,218]      [218,228]      
Machine 2: job_10_task_0  job_13_task_0  job_9_task_0   job_8_task_0   job_4_task_2   job_2_task_2   job_13_task_2  job_11_task_0  job_5_task_0   job_0_task_0   job_8_task_3   job_4_task_8   job_9_task_3   job_12_task_1  job_7_task_7   job_1_task_5   job_5_task_3   job_10_task_8  job_6_task_5   job_8_task_6   job_5_task_8   job_10_task_11 job_1_task_10  job_6_task_8   job_8_task_9   job_10_task_12 job_8_task_11  job_9_task_9   job_6_task_10  job_11_task_11 job_3_task_8   job_3_task_9   job_12_task_9  job_5_task_11  job_9_task_10  job_9_task_11  job_9_task_12  job_13_task_12 job_10_task_13 job_2_task_14  job_4_task_15  job_8_task_14  job_8_task_15  job_13_task_15 
           [0,4]          [4,8]          [8,9]          [9,15]         [15,19]        [19,28]        [28,35]        [35,37]        [37,44]        [44,47]        [47,57]        [57,60]        [60,70]        [70,73]        [73,80]        [80,88]        [88,92]        [92,102]       [102,108]      [108,118]      [118,120]      [120,124]      [124,132]      [132,134]      [134,140]      [140,150]      [150,152]      [152,161]      [161,162]      [162,163]      [163,170]      [170,172]      [172,174]      [174,183]      [183,186]      [186,190]      [190,192]      [192,202]      [202,209]      [209,218]      [218,220]      [220,221]      [221,222]      [222,227]      
Machine 3: job_7_task_0   job_7_task_1   job_4_task_1   job_9_task_1   job_4_task_3   job_12_task_0  job_10_task_4  job_1_task_2   job_2_task_4   job_5_task_2   job_13_task_4  job_6_task_2   job_10_task_7  job_13_task_6  job_12_task_2  job_12_task_3  job_0_task_4   job_11_task_4  job_2_task_7   job_12_task_4  job_9_task_5   job_12_task_5  job_10_task_9  job_0_task_6   job_3_task_7   job_9_task_7   job_5_task_10  job_13_task_10 job_1_task_13  job_11_task_12 job_7_task_13  job_12_task_11 job_12_task_13 job_13_task_13 job_6_task_15  job_3_task_15  job_2_task_15  
           [0,1]          [1,5]          [5,14]         [14,21]        [21,22]        [22,32]        [32,41]        [41,47]        [47,57]        [57,65]        [65,67]        [67,73]        [73,79]        [79,80]        [80,82]        [82,87]        [87,93]        [93,98]        [98,102]       [102,106]      [106,110]      [110,112]      [112,117]      [117,118]      [118,128]      [128,130]      [130,135]      [135,139]      [150,158]      [163,170]      [179,181]      [182,187]      [195,203]      [203,207]      [208,210]      [217,218]      [218,228]      
Machine 4: job_2_task_0   job_1_task_0   job_7_task_2   job_3_task_0   job_3_task_2   job_7_task_4   job_4_task_4   job_4_task_5   job_4_task_6   job_5_task_1   job_11_task_2  job_1_task_4   job_2_task_5   job_3_task_4   job_3_task_5   job_9_task_4   job_13_task_7  job_6_task_4   job_4_task_12  job_11_task_5  job_2_task_10  job_10_task_10 job_5_task_9   job_8_task_7   job_8_task_8   job_2_task_12  job_1_task_12  job_11_task_9  job_8_task_13  job_3_task_10  job_3_task_11  job_7_task_14  job_5_task_13  job_5_task_14  job_11_task_15 job_0_task_13  job_13_task_14 job_10_task_15 
           [0,6]          [6,7]          [7,11]         [11,14]        [17,20]        [21,26]        [26,29]        [29,38]        [38,44]        [44,47]        [47,54]        [54,62]        [62,63]        [63,66]        [66,75]        [75,85]        [85,93]        [93,94]        [94,103]       [103,109]      [109,116]      [117,120]      [120,125]      [125,128]      [128,131]      [131,140]      [140,150]      [151,156]      [159,169]      [172,177]      [177,181]      [181,190]      [190,197]      [197,200]      [200,206]      [206,213]      [213,222]      [222,228]      
Machine 5: job_6_task_0   job_1_task_1   job_13_task_1  job_3_task_1   job_7_task_5   job_2_task_3   job_11_task_1  job_10_task_5  job_0_task_1   job_10_task_6  job_0_task_2   job_13_task_5  job_5_task_4   job_5_task_6   job_2_task_8   job_4_task_14  job_9_task_6   job_6_task_7   job_6_task_9   job_8_task_10  job_2_task_13  job_7_task_12  job_6_task_12  job_6_task_13  job_9_task_13  job_5_task_15  job_12_task_14 job_9_task_15  job_0_task_15  
           [0,6]          [7,12]         [12,16]        [16,17]        [26,27]        [28,34]        [37,44]        [44,54]        [54,61]        [61,71]        [71,77]        [77,79]        [92,93]        [95,99]        [102,104]      [106,113]      [113,118]      [118,128]      [134,141]      [141,150]      [150,158]      [176,179]      [179,185]      [185,190]      [192,196]      [200,210]      [210,212]      [212,220]      [220,228]      
Optimal Schedule Length: 228.0
Total (Unoptimized Schedule Length): 1169
Statistics
  - conflicts: 0
  - branches : 66
  - wall time: 0.30926616s