
Problem
          task_0    task_1   task_2    task_3    task_4    task_5   task_6   task_7    task_8   task_9   task_10   task_11  task_12  task_13   task_14   task_15
job_0     (9, 3)    (6, 9)   (3, 8)   (11, 1)    (0, 4)    (9, 3)   (4, 1)   (0, 6)    (5, 5)  (10, 2)    (9, 4)    (3, 5)   (9, 5)   (8, 9)    (8, 3)    (9, 1)
job_1     (6, 3)    (5, 8)  (14, 2)   (12, 3)   (12, 6)    (6, 9)   (3, 6)   (2, 6)    (1, 3)  (10, 7)    (2, 2)    (2, 3)  (11, 7)   (2, 6)    (1, 2)   (10, 2)
job_2     (2, 2)   (0, 10)   (2, 8)    (3, 8)    (8, 8)    (3, 6)   (4, 9)  (14, 6)   (12, 2)   (0, 9)  (13, 10)    (3, 4)  (13, 1)   (4, 9)    (7, 6)   (2, 10)
job_3    (9, 10)    (3, 3)   (9, 2)    (9, 6)    (2, 3)    (4, 9)   (9, 7)  (12, 9)  (10, 10)  (13, 6)   (3, 10)   (10, 7)  (10, 3)  (14, 4)    (4, 6)  (14, 10)
job_4     (1, 8)   (12, 6)  (11, 6)    (3, 1)    (5, 9)    (8, 8)   (5, 1)  (13, 8)   (10, 8)  (14, 3)    (5, 9)   (14, 6)   (3, 6)  (12, 9)    (7, 3)    (0, 7)
job_5     (8, 9)    (4, 1)  (11, 4)    (2, 4)    (7, 2)   (11, 4)  (11, 7)  (14, 7)    (6, 4)   (1, 5)  (12, 10)   (4, 10)  (2, 10)   (4, 6)    (7, 1)   (10, 2)
job_6     (2, 2)   (12, 7)   (4, 7)   (14, 8)  (14, 10)    (4, 4)   (4, 5)   (9, 2)   (10, 6)   (0, 6)    (4, 2)   (14, 7)  (11, 4)   (6, 8)  (10, 10)    (4, 5)
job_7     (4, 6)    (6, 2)   (7, 2)   (11, 8)    (8, 2)   (10, 8)   (6, 1)   (6, 8)    (3, 1)   (6, 3)   (14, 3)   (14, 7)   (9, 5)   (4, 2)   (4, 10)    (5, 9)
job_8   (13, 10)   (10, 4)  (11, 9)    (9, 7)   (10, 5)  (13, 10)   (8, 3)   (6, 8)    (3, 1)   (7, 2)    (6, 1)    (1, 9)   (0, 4)  (11, 8)   (8, 10)    (4, 3)
job_9     (1, 9)   (14, 8)   (3, 6)   (13, 6)    (5, 3)   (4, 10)  (13, 9)  (12, 3)    (8, 3)  (12, 3)   (10, 6)    (6, 3)  (11, 8)  (14, 5)    (8, 9)    (0, 4)
job_10   (13, 5)    (2, 3)   (6, 9)    (7, 8)    (9, 1)    (8, 2)  (11, 7)   (5, 4)   (12, 9)   (8, 1)    (9, 9)    (1, 2)  (11, 2)   (5, 6)   (13, 9)   (11, 2)
job_11    (7, 8)  (11, 10)   (4, 8)  (14, 10)    (4, 5)   (12, 9)  (10, 5)  (14, 6)   (10, 7)   (5, 3)    (2, 6)   (11, 5)   (8, 5)   (6, 8)    (8, 8)   (13, 3)
job_12   (8, 10)    (9, 2)  (10, 6)    (7, 2)   (12, 2)    (0, 1)  (11, 2)   (5, 6)   (12, 7)   (8, 7)   (3, 10)  (11, 10)   (6, 4)   (9, 3)    (0, 1)   (12, 9)
job_13   (10, 4)    (2, 8)   (9, 6)   (12, 7)    (2, 2)    (8, 3)  (10, 9)   (0, 4)  (12, 10)  (13, 4)    (6, 7)    (0, 8)   (4, 5)  (14, 8)    (3, 7)   (12, 9)
job_14   (14, 7)   (14, 4)  (11, 5)    (5, 3)   (10, 4)    (8, 9)   (7, 1)  (11, 4)    (0, 3)   (8, 5)    (4, 2)  (10, 10)  (10, 5)  (13, 9)   (11, 4)   (13, 6)
job_15    (5, 2)    (1, 2)   (3, 1)   (14, 6)    (7, 4)   (9, 10)   (9, 1)  (11, 7)   (12, 1)   (8, 6)   (14, 8)    (8, 3)  (12, 1)  (13, 2)    (6, 5)   (0, 10)
job_16    (9, 7)   (13, 4)   (6, 2)    (9, 2)    (3, 5)   (12, 5)   (0, 2)   (1, 2)    (1, 7)  (13, 1)   (14, 4)    (6, 4)  (14, 5)   (7, 6)    (5, 4)   (14, 3)


Solution:
Machine 0: job_2_task_1   job_0_task_4   job_12_task_5  job_0_task_7   job_16_task_6  job_13_task_7  job_14_task_8  job_13_task_11 job_6_task_9   job_2_task_9   job_8_task_12  job_12_task_14 job_15_task_15 job_4_task_15  job_9_task_15  
           [2,12]         [26,30]        [34,35]        [35,41]        [43,45]        [45,49]        [77,80]        [80,88]        [88,94]        [94,103]       [103,107]      [107,108]      [122,132]      [136,143]      [143,147]      
Machine 1: job_15_task_1  job_9_task_0   job_4_task_0   job_16_task_7  job_16_task_8  job_1_task_8   job_5_task_9   job_8_task_11  job_10_task_11 job_1_task_14  
           [2,4]          [4,13]         [13,21]        [45,47]        [47,54]        [56,59]        [88,93]        [93,102]       [102,104]      [126,128]      
Machine 2: job_2_task_0   job_6_task_0   job_13_task_1  job_10_task_1  job_13_task_4  job_2_task_2   job_3_task_4   job_1_task_7   job_5_task_3   job_1_task_10  job_1_task_11  job_11_task_10 job_1_task_13  job_5_task_12  job_2_task_15  
           [0,2]          [2,4]          [4,12]         [19,22]        [25,27]        [27,35]        [42,45]        [50,56]        [56,60]        [67,69]        [69,72]        [78,84]        [106,112]      [122,132]      [137,147]      
Machine 3: job_15_task_2  job_0_task_2   job_16_task_4  job_9_task_2   job_3_task_1   job_2_task_3   job_1_task_6   job_4_task_3   job_7_task_8   job_2_task_5   job_12_task_10 job_8_task_8   job_0_task_11  job_3_task_10  job_2_task_11  job_4_task_12  job_13_task_14 
           [5,6]          [12,20]        [20,25]        [25,31]        [31,34]        [36,44]        [44,50]        [51,52]        [59,60]        [66,72]        [79,89]        [89,90]        [93,98]        [103,113]      [113,117]      [117,123]      [127,134]      
Machine 4: job_7_task_0   job_6_task_2   job_11_task_2  job_5_task_1   job_0_task_6   job_11_task_4  job_9_task_5   job_3_task_5   job_6_task_5   job_6_task_6   job_2_task_6   job_7_task_13  job_14_task_10 job_7_task_14  job_6_task_10  job_13_task_12 job_5_task_11  job_2_task_13  job_8_task_15  job_3_task_14  job_5_task_13  job_6_task_15  
           [0,6]          [11,18]        [18,26]        [26,27]        [34,35]        [37,42]        [42,52]        [52,61]        [61,65]        [65,70]        [73,82]        [82,84]        [85,87]        [87,97]        [97,99]        [99,104]       [104,114]      [118,127]      [127,130]      [130,136]      [136,142]      [142,147]      
Machine 5: job_15_task_0  job_1_task_1   job_14_task_3  job_9_task_4   job_0_task_8   job_12_task_7  job_4_task_4   job_4_task_6   job_10_task_7  job_11_task_9  job_4_task_10  job_10_task_13 job_16_task_14 job_7_task_15  
           [0,2]          [3,11]         [23,26]        [38,41]        [41,46]        [46,52]        [52,61]        [70,71]        [71,75]        [75,78]        [96,105]       [113,119]      [119,123]      [123,132]      
Machine 6: job_1_task_0   job_0_task_1   job_7_task_1   job_16_task_2  job_10_task_2  job_1_task_5   job_7_task_6   job_7_task_7   job_7_task_9   job_16_task_11 job_13_task_10 job_8_task_7   job_5_task_8   job_8_task_10  job_12_task_12 job_11_task_13 job_9_task_11  job_15_task_14 job_6_task_13  
           [0,3]          [3,12]         [13,15]        [16,18]        [22,31]        [33,42]        [50,51]        [51,59]        [60,63]        [63,67]        [69,76]        [76,84]        [84,88]        [92,93]        [99,103]       [103,111]      [113,116]      [117,122]      [122,130]      
Machine 7: job_11_task_0  job_7_task_2   job_12_task_3  job_15_task_4  job_10_task_3  job_14_task_6  job_5_task_4   job_8_task_9   job_16_task_13 job_2_task_14  job_4_task_14  job_5_task_14  
           [0,8]          [15,17]        [20,22]        [28,32]        [35,43]        [52,53]        [60,62]        [90,92]        [106,112]      [127,133]      [133,136]      [142,143]      
Machine 8: job_12_task_0  job_5_task_0   job_13_task_5  job_7_task_4   job_14_task_5  job_10_task_5  job_2_task_4   job_4_task_5   job_8_task_6   job_12_task_9  job_14_task_9  job_10_task_9  job_15_task_9  job_11_task_12 job_9_task_8   job_15_task_11 job_0_task_13  job_8_task_14  job_11_task_14 job_9_task_14  job_0_task_14  
           [0,10]         [10,19]        [27,30]        [32,34]        [34,43]        [51,53]        [53,61]        [61,69]        [69,72]        [72,79]        [80,85]        [88,89]        [89,95]        [95,100]       [100,103]      [104,107]      [107,116]      [116,126]      [126,134]      [134,143]      [143,146]      
Machine 9: job_0_task_0   job_16_task_0  job_12_task_1  job_13_task_2  job_16_task_3  job_3_task_0   job_0_task_5   job_3_task_2   job_3_task_3   job_8_task_3   job_10_task_4  job_15_task_5  job_15_task_6  job_3_task_6   job_6_task_7   job_7_task_12  job_0_task_10  job_10_task_10 job_0_task_12  job_12_task_13 job_0_task_15  
           [0,3]          [3,10]         [10,12]        [12,18]        [18,20]        [20,30]        [31,34]        [34,36]        [36,42]        [42,49]        [49,50]        [50,60]        [60,61]        [61,68]        [70,72]        [75,80]        [80,84]        [89,98]        [98,103]       [103,106]      [146,147]      
Machine 10: job_13_task_0  job_8_task_1   job_12_task_2  job_14_task_4  job_13_task_6  job_7_task_5   job_0_task_9   job_8_task_4   job_11_task_6  job_1_task_9   job_11_task_8  job_6_task_8   job_4_task_8   job_3_task_8   job_14_task_11 job_9_task_10  job_3_task_11  job_3_task_12  job_14_task_12 job_6_task_14  job_1_task_15  job_5_task_15  
           [0,4]          [10,14]        [14,20]        [26,30]        [30,39]        [39,47]        [47,49]        [49,54]        [54,59]        [59,66]        [66,73]        [73,79]        [79,87]        [87,97]        [97,107]       [107,113]      [113,120]      [120,123]      [123,128]      [130,140]      [140,142]      [143,145]      
Machine 11: job_11_task_1  job_14_task_2  job_0_task_3   job_7_task_3   job_8_task_2   job_12_task_6  job_4_task_2   job_5_task_2   job_10_task_6  job_5_task_5   job_5_task_6   job_14_task_7  job_15_task_7  job_11_task_11 job_12_task_11 job_1_task_12  job_10_task_12 job_8_task_13  job_6_task_12  job_9_task_12  job_10_task_15 job_14_task_14 
           [8,18]         [18,23]        [23,24]        [24,32]        [32,41]        [42,44]        [44,50]        [50,54]        [55,62]        [62,66]        [66,73]        [73,77]        [77,84]        [84,89]        [89,99]        [99,106]       [106,108]      [108,116]      [116,120]      [120,128]      [132,134]      [137,141]      
Machine 12: job_6_task_1   job_1_task_3   job_13_task_3  job_12_task_4  job_1_task_4   job_16_task_5  job_4_task_1   job_11_task_5  job_13_task_8  job_12_task_8  job_3_task_7   job_10_task_8  job_15_task_8  job_9_task_7   job_2_task_8   job_5_task_10  job_9_task_9   job_15_task_12 job_12_task_15 job_4_task_13  job_13_task_15 
           [4,11]         [14,17]        [18,25]        [25,27]        [27,33]        [33,38]        [38,44]        [44,53]        [53,63]        [63,70]        [70,79]        [79,88]        [88,89]        [89,92]        [92,94]        [94,104]       [104,107]      [112,113]      [113,122]      [123,132]      [134,143]      
Machine 13: job_8_task_0   job_16_task_1  job_10_task_0  job_9_task_3   job_16_task_9  job_8_task_5   job_13_task_9  job_4_task_7   job_9_task_6   job_3_task_9   job_2_task_10  job_15_task_13 job_2_task_12  job_10_task_14 job_14_task_13 job_11_task_15 job_14_task_15 
           [0,10]         [10,14]        [14,19]        [32,38]        [54,55]        [55,65]        [65,69]        [71,79]        [79,88]        [97,103]       [103,113]      [115,117]      [117,118]      [119,128]      [128,137]      [137,140]      [141,147]      
Machine 14: job_14_task_0  job_14_task_1  job_1_task_2   job_9_task_1   job_15_task_3  job_11_task_3  job_6_task_3   job_6_task_4   job_16_task_10 job_11_task_7  job_7_task_10  job_7_task_11  job_5_task_7   job_2_task_7   job_16_task_12 job_4_task_9   job_15_task_10 job_6_task_11  job_4_task_11  job_13_task_13 job_3_task_13  job_9_task_13  job_16_task_15 job_3_task_15  
           [0,7]          [7,11]         [11,13]        [13,21]        [21,27]        [27,37]        [37,45]        [45,55]        [55,59]        [59,65]        [65,68]        [68,75]        [75,82]        [82,88]        [88,93]        [93,96]        [96,104]       [104,111]      [111,117]      [117,125]      [125,129]      [129,134]      [134,137]      [137,147]      
Optimal Schedule Length: 147.0
Total (Unoptimized Schedule Length): 1481
Statistics
  - conflicts: 0
  - branches : 0
  - wall time: 7.5941209700000005s