
Problem
          task_0    task_1    task_2   task_3   task_4   task_5   task_6    task_7    task_8    task_9  task_10  task_11   task_12  task_13  task_14  task_15  task_16   task_17   task_18
job_0    (2, 10)    (9, 6)    (7, 8)  (14, 5)   (0, 5)   (9, 4)   (6, 7)   (16, 8)   (11, 9)    (0, 8)   (2, 6)   (5, 4)   (13, 4)   (6, 4)   (9, 8)   (3, 5)   (7, 1)    (1, 5)    (0, 1)
job_1     (6, 6)   (11, 9)   (13, 1)   (8, 1)   (2, 4)   (4, 9)  (17, 5)    (7, 6)    (6, 2)    (7, 8)  (12, 1)   (7, 9)   (12, 7)   (6, 4)  (16, 3)   (2, 3)  (9, 10)   (17, 2)    (8, 5)
job_2    (10, 3)   (15, 7)   (10, 1)  (13, 1)  (14, 4)   (4, 7)   (5, 4)  (12, 10)   (13, 4)    (7, 8)  (11, 4)   (6, 2)   (6, 10)  (14, 9)  (16, 2)   (0, 9)   (3, 2)   (17, 8)   (15, 4)
job_3    (13, 8)   (12, 6)   (17, 9)   (2, 5)   (8, 9)   (2, 8)  (13, 7)    (7, 2)  (16, 10)   (16, 2)   (7, 3)   (7, 1)    (4, 5)   (9, 3)   (5, 6)   (1, 6)   (8, 8)   (13, 2)   (11, 3)
job_4     (1, 5)   (16, 6)   (0, 10)  (1, 10)  (0, 10)  (12, 1)   (7, 4)   (16, 7)   (16, 9)   (3, 10)   (4, 8)  (17, 5)    (3, 7)   (1, 9)  (11, 1)   (9, 2)  (13, 4)    (9, 8)  (14, 10)
job_5    (17, 6)  (12, 10)    (4, 9)  (11, 6)   (1, 9)   (4, 6)   (7, 4)   (15, 3)    (9, 6)    (8, 5)  (14, 2)  (12, 9)    (6, 1)  (17, 6)  (12, 5)  (12, 3)   (6, 5)    (5, 4)   (13, 9)
job_6     (3, 8)   (17, 5)  (12, 10)  (11, 7)   (4, 7)   (7, 2)   (0, 8)    (9, 6)    (3, 6)   (15, 5)   (9, 7)   (8, 8)  (16, 10)  (10, 6)   (9, 4)   (4, 2)  (11, 7)    (6, 1)    (0, 6)
job_7     (4, 8)   (11, 5)    (6, 3)   (6, 6)  (16, 9)   (2, 5)   (1, 3)   (12, 8)    (4, 6)    (6, 6)   (5, 4)   (5, 6)   (11, 7)   (7, 7)   (6, 1)  (12, 4)   (7, 1)   (17, 9)    (1, 2)
job_8    (14, 9)    (5, 2)   (12, 7)  (10, 2)   (8, 4)   (4, 6)  (10, 5)   (16, 2)    (4, 8)    (1, 7)  (6, 10)   (4, 3)   (11, 3)   (8, 8)   (7, 6)   (1, 6)   (5, 5)  (16, 10)   (12, 2)
job_9    (15, 4)    (1, 1)   (17, 2)   (5, 7)   (0, 6)  (10, 6)   (3, 6)   (17, 8)    (0, 6)    (6, 4)   (2, 2)  (13, 8)    (6, 4)   (3, 7)  (17, 1)  (13, 8)   (2, 1)   (0, 10)    (6, 6)
job_10    (4, 8)   (14, 3)    (4, 4)   (5, 5)  (15, 5)   (3, 4)   (0, 1)   (14, 9)   (1, 10)   (12, 3)   (2, 9)   (3, 2)    (1, 2)   (9, 5)   (8, 3)   (0, 9)   (8, 4)   (16, 2)    (8, 6)
job_11  (12, 10)   (12, 3)    (4, 3)  (14, 7)   (7, 2)   (3, 2)   (4, 5)   (17, 9)   (11, 8)   (11, 8)  (16, 6)  (10, 7)   (17, 6)  (15, 5)   (2, 3)   (0, 9)   (1, 2)    (8, 3)    (2, 4)
job_12   (17, 4)    (2, 3)   (13, 6)  (17, 6)  (13, 8)  (12, 7)   (8, 3)    (9, 2)    (5, 1)   (12, 4)  (11, 6)   (6, 4)   (12, 5)   (4, 8)   (2, 8)  (15, 7)   (1, 2)  (16, 10)    (8, 1)
job_13    (3, 4)    (7, 1)   (0, 10)  (17, 9)   (8, 6)  (8, 10)   (5, 6)   (1, 10)    (3, 1)  (16, 10)  (9, 10)  (17, 6)   (16, 1)  (15, 2)  (14, 9)  (10, 8)   (1, 3)    (5, 8)    (4, 9)
job_14   (13, 8)   (9, 10)   (13, 4)   (4, 5)   (3, 6)   (3, 1)   (0, 8)   (11, 9)    (9, 4)   (13, 1)   (1, 6)   (5, 9)    (0, 5)  (12, 6)  (5, 10)  (11, 9)   (7, 5)   (14, 9)   (17, 2)


Solution:
Machine 0: job_13_task_2  job_4_task_2   job_9_task_4   job_0_task_4   job_10_task_6  job_4_task_4   job_14_task_6  job_6_task_6   job_9_task_8   job_0_task_9   job_14_task_12 job_10_task_15 job_2_task_15  job_11_task_15 job_9_task_17  job_0_task_18  job_6_task_18  
           [5,15]         [15,25]        [25,31]        [31,36]        [36,37]        [37,47]        [47,55]        [59,67]        [67,73]        [73,81]        [86,91]        [91,100]       [116,125]      [125,134]      [137,147]      [147,148]      [148,154]      
Machine 1: job_4_task_0   job_9_task_1   job_4_task_3   job_5_task_4   job_10_task_8  job_13_task_7  job_7_task_6   job_14_task_10 job_10_task_12 job_8_task_9   job_4_task_13  job_8_task_15  job_3_task_15  job_13_task_16 job_11_task_16 job_12_task_16 job_0_task_17  job_7_task_18  
           [0,5]          [5,6]          [25,35]        [35,44]        [48,58]        [58,68]        [68,71]        [71,77]        [77,79]        [85,92]        [105,114]      [123,129]      [129,135]      [135,138]      [138,140]      [140,142]      [142,147]      [147,149]      
Machine 2: job_0_task_0   job_12_task_1  job_1_task_4   job_3_task_3   job_7_task_5   job_3_task_5   job_10_task_10 job_0_task_10  job_9_task_10  job_11_task_14 job_12_task_14 job_1_task_15  job_9_task_16  job_11_task_18 
           [0,10]         [12,15]        [17,21]        [39,44]        [44,49]        [53,61]        [62,71]        [81,87]        [94,96]        [122,125]      [125,133]      [133,136]      [136,137]      [147,151]      
Machine 3: job_13_task_0  job_6_task_0   job_10_task_5  job_14_task_4  job_14_task_5  job_11_task_5  job_9_task_6   job_13_task_8  job_10_task_11 job_4_task_9   job_6_task_8   job_4_task_12  job_9_task_13  job_2_task_16  job_0_task_15  
           [0,4]          [4,12]         [30,34]        [38,44]        [44,45]        [45,47]        [47,53]        [68,69]        [71,73]        [73,83]        [83,89]        [98,105]       [120,127]      [127,129]      [129,134]      
Machine 4: job_10_task_0  job_7_task_0   job_10_task_2  job_5_task_2   job_11_task_2  job_14_task_3  job_2_task_5   job_5_task_5   job_6_task_4   job_8_task_5   job_11_task_6  job_1_task_5   job_8_task_8   job_4_task_10  job_7_task_8   job_8_task_11  job_3_task_12  job_12_task_13 job_6_task_15  job_13_task_18 
           [0,8]          [8,16]         [16,20]        [20,29]        [29,32]        [32,37]        [37,44]        [44,50]        [50,57]        [57,63]        [63,68]        [68,77]        [77,85]        [85,93]        [93,99]        [103,106]      [106,111]      [117,125]      [138,140]      [146,155]      
Machine 5: job_9_task_3   job_8_task_1   job_10_task_3  job_2_task_6   job_13_task_6  job_12_task_8  job_14_task_11 job_0_task_11  job_14_task_14 job_7_task_10  job_7_task_11  job_3_task_14  job_8_task_16  job_5_task_17  job_13_task_17 
           [8,15]         [15,17]        [20,25]        [44,48]        [48,54]        [73,74]        [77,86]        [87,91]        [98,108]       [108,112]      [112,118]      [123,129]      [129,134]      [134,138]      [138,146]      
Machine 6: job_1_task_0   job_7_task_2   job_7_task_3   job_0_task_6   job_9_task_9   job_2_task_11  job_2_task_12  job_1_task_8   job_5_task_12  job_8_task_10  job_7_task_9   job_12_task_11 job_0_task_13  job_9_task_12  job_5_task_16  job_1_task_13  job_7_task_14  job_6_task_17  job_9_task_18  
           [0,6]          [21,24]        [24,30]        [41,48]        [73,77]        [77,79]        [79,89]        [89,91]        [91,92]        [92,102]       [102,108]      [108,112]      [112,116]      [116,120]      [120,125]      [125,129]      [132,133]      [147,148]      [148,154]      
Machine 7: job_13_task_1  job_0_task_2   job_11_task_4  job_4_task_6   job_5_task_6   job_6_task_5   job_2_task_9   job_3_task_7   job_1_task_7   job_1_task_9   job_3_task_10  job_3_task_11  job_1_task_11  job_8_task_14  job_7_task_13  job_0_task_16  job_7_task_16  job_14_task_16 
           [4,5]          [16,24]        [39,41]        [48,52]        [52,56]        [57,59]        [62,70]        [81,83]        [83,89]        [91,99]        [99,102]       [102,103]      [103,112]      [117,123]      [125,132]      [134,135]      [137,138]      [138,143]      
Machine 8: job_1_task_3   job_13_task_4  job_13_task_5  job_3_task_4   job_8_task_4   job_12_task_6  job_5_task_9   job_10_task_14 job_6_task_11  job_8_task_13  job_10_task_16 job_10_task_18 job_3_task_16  job_11_task_17 job_1_task_18  job_12_task_18 
           [16,17]        [26,32]        [32,42]        [44,53]        [53,57]        [68,71]        [71,76]        [84,87]        [101,109]      [109,117]      [124,128]      [130,136]      [136,144]      [144,147]      [149,154]      [154,155]      
Machine 9: job_0_task_1   job_14_task_1  job_0_task_5   job_5_task_8   job_14_task_8  job_12_task_7  job_6_task_7   job_10_task_13 job_13_task_10 job_6_task_10  job_3_task_13  job_4_task_15  job_0_task_14  job_4_task_17  job_6_task_14  job_1_task_16  
           [10,16]        [16,26]        [37,41]        [59,65]        [65,69]        [71,73]        [73,79]        [79,84]        [84,94]        [94,101]       [112,115]      [115,117]      [117,125]      [125,133]      [133,137]      [137,147]      
Machine 10: job_2_task_0   job_2_task_2   job_9_task_5   job_8_task_3   job_8_task_6   job_11_task_11 job_6_task_13  job_13_task_15 
           [0,3]          [11,12]        [32,38]        [47,49]        [63,68]        [104,111]      [121,127]      [127,135]      
Machine 11: job_1_task_1   job_7_task_1   job_5_task_3   job_6_task_3   job_14_task_7  job_0_task_8   job_2_task_10  job_11_task_8  job_11_task_9  job_12_task_10 job_8_task_12  job_4_task_14  job_7_task_12  job_14_task_15 job_6_task_16  job_3_task_18  
           [6,15]         [16,21]        [29,35]        [40,47]        [55,64]        [64,73]        [73,77]        [82,90]        [90,98]        [98,104]       [106,109]      [114,115]      [118,125]      [125,134]      [140,147]      [149,152]      
Machine 12: job_11_task_0  job_5_task_1   job_11_task_1  job_3_task_1   job_6_task_2   job_8_task_2   job_4_task_5   job_2_task_7   job_10_task_9  job_12_task_5  job_7_task_7   job_5_task_11  job_12_task_9  job_14_task_13 job_1_task_10  job_5_task_14  job_5_task_15  job_12_task_12 job_1_task_12  job_7_task_15  job_8_task_18  
           [0,10]         [10,20]        [21,24]        [24,30]        [30,40]        [40,47]        [47,48]        [48,58]        [58,61]        [61,68]        [71,79]        [79,88]        [88,92]        [92,98]        [99,100]       [104,109]      [109,112]      [112,117]      [117,124]      [133,137]      [144,146]      
Machine 13: job_14_task_0  job_2_task_3   job_1_task_2   job_3_task_0   job_14_task_2  job_12_task_2  job_12_task_4  job_2_task_8   job_14_task_9  job_3_task_6   job_0_task_12  job_9_task_11  job_4_task_16  job_9_task_15  job_5_task_18  job_3_task_17  
           [1,9]          [12,13]        [15,16]        [16,24]        [26,30]        [30,36]        [45,53]        [58,62]        [70,71]        [71,78]        [91,95]        [96,104]       [121,125]      [128,136]      [138,147]      [147,149]      
Machine 14: job_8_task_0   job_10_task_1  job_2_task_4   job_0_task_3   job_11_task_3  job_10_task_7  job_5_task_10  job_2_task_13  job_13_task_14 job_4_task_18  job_14_task_17 
           [0,9]          [13,16]        [16,20]        [24,29]        [32,39]        [39,48]        [76,78]        [96,105]       [113,122]      [133,143]      [143,152]      
Machine 15: job_9_task_0   job_2_task_1   job_10_task_4  job_5_task_7   job_6_task_9   job_13_task_13 job_11_task_13 job_12_task_15 job_2_task_18  
           [0,4]          [4,11]         [25,30]        [56,59]        [89,94]        [111,113]      [117,122]      [133,140]      [140,144]      
Machine 16: job_4_task_1   job_7_task_4   job_0_task_7   job_4_task_7   job_4_task_8   job_8_task_7   job_13_task_9  job_3_task_8   job_3_task_9   job_11_task_10 job_2_task_14  job_13_task_12 job_6_task_12  job_10_task_17 job_1_task_14  job_8_task_17  job_12_task_17 
           [5,11]         [30,39]        [48,56]        [56,63]        [63,72]        [72,74]        [74,84]        [84,94]        [94,96]        [98,104]       [108,110]      [110,111]      [111,121]      [128,130]      [130,133]      [134,144]      [144,154]      
Machine 17: job_5_task_0   job_9_task_2   job_12_task_0  job_6_task_1   job_13_task_3  job_3_task_2   job_12_task_3  job_9_task_7   job_11_task_7  job_1_task_6   job_4_task_11  job_5_task_13  job_13_task_11 job_11_task_12 job_9_task_14  job_2_task_17  job_7_task_17  job_1_task_17  job_14_task_18 
           [0,6]          [6,8]          [8,12]         [12,17]        [17,26]        [30,39]        [39,45]        [53,61]        [68,77]        [77,82]        [93,98]        [98,104]       [104,110]      [111,117]      [127,128]      [129,137]      [138,147]      [147,149]      [152,154]      
Optimal Schedule Length: 155.0
Total (Unoptimized Schedule Length): 1587
Statistics
  - conflicts: 0
  - branches : 270
  - wall time: 28.445946745s