
Problem
         task_0   task_1   task_2   task_3   task_4   task_5   task_6   task_7  task_8   task_9
job_0   (2, 10)  (1, 10)   (2, 5)   (2, 2)   (0, 5)   (1, 1)   (3, 1)   (2, 3)  (0, 6)   (2, 6)
job_1    (0, 3)   (0, 9)   (0, 1)   (0, 4)   (2, 5)   (3, 7)  (3, 10)  (1, 10)  (3, 5)   (1, 6)
job_2   (3, 10)   (3, 6)   (0, 4)   (1, 7)  (1, 10)  (2, 10)   (2, 9)   (1, 3)  (0, 7)  (2, 10)
job_3    (2, 5)   (1, 4)   (2, 6)   (2, 8)   (1, 7)   (1, 9)   (3, 2)   (3, 6)  (3, 3)   (3, 6)
job_4    (0, 6)   (1, 6)  (0, 10)  (0, 10)   (2, 5)   (1, 1)   (0, 8)   (1, 8)  (3, 2)   (0, 4)
job_5    (0, 2)   (1, 5)   (0, 6)   (0, 2)   (1, 4)   (1, 2)   (1, 7)   (3, 1)  (2, 5)   (0, 7)
job_6    (3, 1)   (2, 4)   (0, 2)  (1, 10)   (3, 2)  (3, 10)   (3, 4)   (3, 1)  (1, 8)   (1, 9)
job_7    (0, 8)   (3, 7)   (3, 4)   (1, 6)   (0, 8)   (1, 1)   (0, 3)   (0, 3)  (1, 2)   (0, 5)
job_8    (0, 9)   (1, 6)   (1, 7)   (2, 1)   (1, 6)   (1, 4)   (0, 1)   (1, 6)  (3, 5)   (1, 7)
job_9    (1, 2)   (1, 2)   (0, 9)   (1, 2)   (0, 7)   (1, 7)   (0, 7)   (0, 2)  (0, 8)   (3, 9)
job_10   (0, 5)   (1, 8)   (1, 5)   (1, 3)   (1, 9)   (2, 9)   (3, 2)   (0, 9)  (2, 3)   (0, 4)
job_11   (0, 3)   (3, 2)  (1, 10)   (1, 4)   (3, 8)   (2, 1)   (2, 6)   (2, 8)  (1, 6)  (1, 10)
job_12   (2, 8)   (2, 4)   (0, 8)   (2, 3)   (2, 7)   (3, 1)   (3, 1)   (1, 3)  (2, 9)   (0, 3)
job_13   (0, 9)   (1, 8)   (2, 6)   (0, 1)   (1, 7)   (0, 6)  (3, 10)   (0, 7)  (2, 4)   (1, 8)
job_14   (1, 1)   (3, 4)  (3, 10)   (1, 5)   (1, 7)   (1, 7)   (2, 9)   (3, 1)  (2, 1)   (0, 3)
job_15   (0, 6)   (2, 1)   (0, 9)  (3, 10)   (3, 6)  (1, 10)   (3, 3)   (3, 3)  (1, 9)   (0, 4)
job_16  (3, 10)   (1, 4)  (3, 10)   (3, 3)   (1, 8)   (0, 7)  (3, 10)   (2, 9)  (3, 3)  (1, 10)
job_17   (3, 8)   (2, 5)   (1, 6)   (2, 5)   (2, 6)   (0, 6)  (2, 10)   (2, 1)  (3, 5)   (0, 5)


Solution:
Machine 0: job_13_task_0  job_15_task_0  job_1_task_0   job_4_task_0   job_11_task_0  job_2_task_2   job_10_task_0  job_1_task_1   job_15_task_2  job_8_task_0   job_9_task_2   job_1_task_2   job_4_task_2   job_1_task_3   job_7_task_0   job_6_task_2   job_13_task_3  job_5_task_0   job_16_task_5  job_4_task_3   job_9_task_4   job_13_task_5  job_12_task_2  job_5_task_2   job_5_task_3   job_17_task_5  job_0_task_4   job_9_task_6   job_9_task_7   job_13_task_7  job_9_task_8   job_10_task_7  job_7_task_4   job_17_task_9  job_10_task_9  job_4_task_6   job_8_task_6   job_14_task_9  job_2_task_8   job_5_task_9   job_0_task_8   job_7_task_6   job_7_task_7   job_12_task_9  job_4_task_9   job_15_task_9  job_7_task_9   
           [0,9]          [9,15]         [15,18]        [18,24]        [24,27]        [27,31]        [31,36]        [36,45]        [45,54]        [54,63]        [63,72]        [72,73]        [73,83]        [83,87]        [87,95]        [95,97]        [97,98]        [98,100]       [100,107]      [107,117]      [117,124]      [124,130]      [130,138]      [138,144]      [144,146]      [146,152]      [152,157]      [157,164]      [164,166]      [166,173]      [173,181]      [181,190]      [190,198]      [198,203]      [203,207]      [207,215]      [215,216]      [230,233]      [233,240]      [245,252]      [258,264]      [264,267]      [267,270]      [272,275]      [275,279]      [281,285]      [320,325]      
Machine 1: job_9_task_0   job_9_task_1   job_14_task_0  job_3_task_1   job_13_task_1  job_0_task_1   job_16_task_1  job_2_task_3   job_4_task_1   job_10_task_1  job_11_task_2  job_2_task_4   job_16_task_4  job_10_task_2  job_17_task_2  job_11_task_3  job_8_task_1   job_6_task_3   job_9_task_3   job_13_task_4  job_10_task_3  job_5_task_1   job_8_task_2   job_10_task_4  job_14_task_3  job_9_task_5   job_3_task_4   job_8_task_4   job_15_task_5  job_7_task_3   job_14_task_4  job_5_task_4   job_3_task_5   job_4_task_5   job_8_task_5   job_5_task_5   job_14_task_5  job_1_task_7   job_2_task_7   job_5_task_6   job_8_task_7   job_0_task_5   job_6_task_8   job_11_task_8  job_12_task_7  job_7_task_5   job_4_task_7   job_15_task_8  job_11_task_9  job_16_task_9  job_6_task_9   job_13_task_9  job_7_task_8   job_8_task_9   job_1_task_9   
           [0,2]          [2,4]          [4,5]          [5,9]          [9,17]         [17,27]        [27,31]        [31,38]        [38,44]        [44,52]        [52,62]        [62,72]        [72,80]        [80,85]        [85,91]        [91,95]        [95,101]       [101,111]      [111,113]      [113,120]      [120,123]      [123,128]      [128,135]      [135,144]      [144,149]      [149,156]      [156,163]      [163,169]      [169,179]      [179,185]      [185,192]      [192,196]      [196,205]      [205,206]      [206,210]      [210,212]      [212,219]      [219,229]      [229,232]      [232,239]      [239,245]      [245,246]      [246,254]      [254,260]      [260,263]      [263,264]      [264,272]      [272,281]      [281,291]      [291,301]      [301,310]      [310,318]      [318,320]      [320,327]      [327,333]      
Machine 2: job_3_task_0   job_0_task_0   job_15_task_1  job_3_task_2   job_13_task_2  job_12_task_0  job_17_task_1  job_3_task_3   job_6_task_1   job_12_task_1  job_0_task_2   job_0_task_3   job_2_task_5   job_2_task_6   job_1_task_4   job_17_task_3  job_17_task_4  job_11_task_5  job_11_task_6  job_4_task_4   job_11_task_7  job_16_task_7  job_8_task_3   job_12_task_3  job_10_task_5  job_12_task_4  job_17_task_6  job_17_task_7  job_13_task_8  job_10_task_8  job_14_task_6  job_14_task_8  job_5_task_8   job_2_task_9   job_0_task_7   job_12_task_8  job_0_task_9   
           [0,5]          [5,15]         [15,16]        [16,22]        [22,28]        [28,36]        [36,41]        [41,49]        [49,53]        [53,57]        [57,62]        [62,64]        [72,82]        [82,91]        [91,96]        [96,101]       [101,107]      [110,111]      [111,117]      [117,122]      [122,130]      [133,142]      [142,143]      [143,146]      [146,155]      [155,162]      [162,172]      [172,173]      [173,177]      [190,193]      [219,228]      [229,230]      [240,245]      [245,255]      [255,258]      [263,272]      [272,278]      
Machine 3: job_2_task_0   job_16_task_0  job_2_task_1   job_17_task_0  job_16_task_2  job_11_task_1  job_6_task_0   job_16_task_3  job_14_task_1  job_15_task_3  job_14_task_2  job_15_task_4  job_7_task_1   job_11_task_4  job_1_task_5   job_6_task_4   job_7_task_2   job_16_task_6  job_6_task_5   job_1_task_6   job_13_task_6  job_6_task_6   job_6_task_7   job_10_task_6  job_12_task_5  job_12_task_6  job_16_task_8  job_17_task_8  job_15_task_6  job_15_task_7  job_9_task_9   job_3_task_6   job_3_task_7   job_3_task_8   job_3_task_9   job_14_task_7  job_1_task_8   job_5_task_7   job_8_task_8   job_0_task_6   job_4_task_8   
           [0,10]         [10,20]        [20,26]        [26,34]        [34,44]        [44,46]        [46,47]        [47,50]        [50,54]        [54,64]        [64,74]        [74,80]        [95,102]       [102,110]      [110,117]      [117,119]      [119,123]      [123,133]      [133,143]      [143,153]      [153,163]      [163,167]      [167,168]      [168,170]      [170,171]      [171,172]      [172,175]      [175,180]      [180,183]      [183,186]      [186,195]      [205,207]      [207,213]      [213,216]      [216,222]      [228,229]      [229,234]      [239,240]      [245,250]      [250,251]      [272,274]      
Optimal Schedule Length: 333.0
Total (Unoptimized Schedule Length): 1015
Statistics
  - conflicts: 1
  - branches : 181
  - wall time: 0.06965354800000001s