
Problem
         task_0   task_1   task_2   task_3  task_4  task_5   task_6   task_7   task_8  task_9  task_10 task_11  task_12  task_13 task_14
job_0    (7, 1)   (0, 4)   (4, 6)   (5, 3)  (5, 8)  (3, 2)   (2, 9)   (6, 5)   (5, 2)  (7, 9)   (1, 9)  (7, 5)   (4, 1)   (1, 4)  (7, 6)
job_1    (7, 1)   (5, 7)   (4, 5)  (2, 10)  (3, 9)  (3, 2)   (4, 6)   (1, 8)   (0, 4)  (8, 7)   (5, 8)  (1, 4)   (6, 4)  (5, 10)  (6, 4)
job_2    (5, 1)   (4, 4)   (1, 8)   (3, 5)  (7, 4)  (6, 8)   (6, 2)  (1, 10)   (7, 1)  (6, 2)   (5, 8)  (1, 2)   (8, 3)   (1, 3)  (8, 8)
job_3    (0, 9)   (8, 9)   (2, 6)   (1, 7)  (0, 3)  (8, 6)   (4, 2)   (2, 5)   (4, 6)  (5, 8)   (4, 5)  (2, 6)   (5, 7)  (3, 10)  (6, 1)
job_4    (5, 1)   (5, 7)  (3, 10)   (5, 6)  (1, 2)  (7, 6)   (1, 1)   (7, 6)   (1, 9)  (3, 5)   (4, 1)  (6, 3)   (1, 3)   (2, 7)  (2, 3)
job_5    (4, 8)   (0, 9)   (5, 1)  (4, 10)  (4, 8)  (4, 2)   (3, 5)  (7, 10)   (8, 6)  (1, 1)   (7, 9)  (6, 8)   (5, 9)   (2, 2)  (8, 3)
job_6    (8, 9)   (2, 6)   (1, 2)   (5, 2)  (4, 2)  (3, 6)   (4, 6)   (1, 3)   (3, 1)  (7, 2)  (2, 10)  (3, 5)   (5, 4)   (7, 3)  (1, 1)
job_7    (5, 4)   (6, 1)   (7, 6)   (0, 5)  (1, 3)  (0, 7)   (1, 6)   (7, 3)   (4, 8)  (5, 1)   (8, 2)  (2, 2)   (0, 3)   (7, 4)  (2, 3)
job_8   (6, 10)   (5, 8)   (2, 7)  (1, 10)  (1, 7)  (1, 8)   (5, 2)   (2, 7)   (1, 3)  (6, 8)   (6, 2)  (5, 9)   (4, 1)   (8, 5)  (4, 3)
job_9    (4, 5)   (4, 6)   (3, 7)  (1, 10)  (4, 2)  (3, 9)   (8, 2)  (7, 10)   (7, 6)  (3, 5)  (0, 10)  (5, 2)   (8, 6)   (1, 9)  (7, 2)
job_10   (0, 7)   (3, 8)   (7, 5)  (1, 10)  (2, 9)  (8, 3)  (8, 10)   (7, 6)   (6, 1)  (4, 4)   (2, 3)  (4, 8)   (6, 7)   (8, 9)  (8, 8)
job_11   (7, 4)   (8, 2)   (6, 9)   (0, 8)  (8, 4)  (5, 1)   (7, 9)   (8, 6)   (0, 1)  (8, 2)   (4, 2)  (5, 9)   (2, 5)   (4, 1)  (0, 1)
job_12   (1, 7)  (7, 10)   (4, 5)   (0, 5)  (7, 4)  (3, 9)   (6, 2)   (4, 6)   (8, 4)  (2, 6)   (2, 7)  (1, 7)   (0, 9)  (7, 10)  (6, 2)
job_13   (8, 5)  (5, 10)   (0, 3)   (7, 7)  (3, 8)  (3, 1)  (5, 10)   (0, 3)  (3, 10)  (6, 7)   (1, 4)  (0, 1)   (5, 8)   (8, 1)  (7, 2)
job_14   (0, 3)   (7, 1)   (7, 6)   (8, 8)  (7, 5)  (8, 3)   (8, 9)   (7, 8)   (8, 1)  (7, 8)   (4, 6)  (8, 7)  (7, 10)   (4, 1)  (6, 2)
job_15   (0, 2)  (2, 10)   (4, 6)   (1, 8)  (7, 8)  (7, 7)   (8, 7)   (2, 5)  (5, 10)  (2, 2)  (3, 10)  (5, 3)   (5, 2)   (3, 1)  (3, 5)
job_16   (6, 2)   (2, 6)   (5, 6)   (7, 7)  (3, 7)  (6, 5)   (1, 6)   (2, 8)   (6, 3)  (2, 7)   (1, 2)  (3, 6)   (6, 6)   (0, 3)  (5, 8)


Solution:
Machine 0: job_10_task_0  job_3_task_0   job_15_task_0  job_14_task_0  job_5_task_1   job_13_task_2  job_12_task_3  job_11_task_3  job_7_task_3   job_0_task_1   job_3_task_4   job_1_task_8   job_13_task_7  job_7_task_5   job_11_task_8  job_9_task_10  job_11_task_14 job_12_task_12 job_13_task_11 job_16_task_13 job_7_task_12  
           [0,7]          [7,16]         [16,18]        [18,21]        [21,30]        [30,33]        [33,38]        [38,46]        [46,51]        [51,55]        [61,64]        [108,112]      [112,115]      [115,122]      [122,123]      [136,146]      [158,159]      [159,168]      [178,179]      [179,182]      [192,195]      
Machine 1: job_12_task_0  job_6_task_2   job_10_task_3  job_9_task_3   job_15_task_3  job_3_task_3   job_8_task_3   job_2_task_2   job_8_task_4   job_16_task_6  job_8_task_5   job_1_task_7   job_4_task_4   job_7_task_4   job_2_task_7   job_4_task_6   job_5_task_9   job_6_task_7   job_7_task_6   job_8_task_8   job_4_task_8   job_12_task_11 job_1_task_11  job_16_task_10 job_0_task_10  job_13_task_10 job_2_task_11  job_4_task_12  job_9_task_13  job_2_task_13  job_0_task_13  job_6_task_14  
           [0,7]          [20,22]        [26,36]        [36,46]        [46,54]        [54,61]        [61,71]        [71,79]        [79,86]        [86,92]        [92,100]       [100,108]      [108,110]      [110,113]      [119,129]      [129,130]      [130,131]      [131,134]      [134,140]      [140,143]      [143,152]      [152,159]      [159,163]      [163,165]      [165,174]      [174,178]      [178,180]      [180,183]      [183,192]      [192,195]      [195,199]      [209,210]      
Machine 2: job_16_task_1  job_6_task_1   job_15_task_1  job_1_task_3   job_3_task_2   job_8_task_2   job_10_task_4  job_3_task_7   job_16_task_7  job_15_task_7  job_12_task_9  job_0_task_6   job_10_task_10 job_12_task_10 job_8_task_7   job_16_task_9  job_3_task_11  job_15_task_9  job_11_task_12 job_6_task_10  job_5_task_13  job_4_task_13  job_7_task_11  job_4_task_14  job_7_task_14  
           [2,8]          [14,20]        [20,30]        [30,40]        [40,46]        [46,53]        [53,62]        [80,85]        [92,100]       [100,105]      [105,111]      [111,120]      [120,123]      [123,130]      [130,137]      [137,144]      [144,150]      [150,152]      [152,157]      [166,176]      [176,178]      [183,190]      [190,192]      [192,195]      [200,203]      
Machine 3: job_10_task_1  job_9_task_2   job_1_task_4   job_4_task_2   job_12_task_5  job_16_task_4  job_9_task_5   job_1_task_5   job_13_task_4  job_13_task_5  job_5_task_6   job_2_task_3   job_0_task_5   job_6_task_5   job_13_task_8  job_9_task_9   job_6_task_8   job_15_task_10 job_4_task_9   job_16_task_11 job_3_task_13  job_6_task_11  job_15_task_13 job_15_task_14 
           [7,15]         [19,26]        [40,49]        [49,59]        [59,68]        [68,75]        [75,84]        [84,86]        [86,94]        [94,95]        [95,100]       [100,105]      [105,107]      [107,113]      [115,125]      [131,136]      [136,137]      [152,162]      [162,167]      [167,173]      [173,183]      [183,188]      [203,204]      [204,209]      
Machine 4: job_9_task_0   job_5_task_0   job_9_task_1   job_1_task_2   job_12_task_2  job_15_task_2  job_5_task_3   job_2_task_1   job_9_task_4   job_5_task_4   job_0_task_2   job_5_task_5   job_6_task_4   job_12_task_7  job_3_task_6   job_3_task_8   job_1_task_6   job_10_task_9  job_3_task_10  job_6_task_6   job_11_task_10 job_10_task_11 job_14_task_10 job_11_task_13 job_8_task_12  job_4_task_10  job_7_task_8   job_8_task_14  job_14_task_13 job_0_task_12  
           [0,5]          [5,13]         [13,19]        [19,24]        [24,29]        [30,36]        [36,46]        [46,50]        [50,52]        [52,60]        [60,66]        [66,68]        [68,70]        [70,76]        [78,80]        [85,91]        [91,97]        [97,101]       [101,106]      [113,119]      [127,129]      [129,137]      [146,152]      [157,158]      [166,167]      [167,168]      [169,177]      [177,180]      [180,181]      [194,195]      
Machine 5: job_7_task_0   job_4_task_0   job_1_task_1   job_13_task_1  job_8_task_1   job_5_task_2   job_16_task_2  job_2_task_0   job_4_task_1   job_6_task_3   job_11_task_5  job_4_task_3   job_0_task_3   job_0_task_4   job_3_task_9   job_13_task_6  job_15_task_8  job_1_task_10  job_8_task_6   job_11_task_11 job_0_task_8   job_2_task_10  job_9_task_11  job_3_task_12  job_8_task_11  job_5_task_12  job_1_task_13  job_7_task_9   job_13_task_12 job_15_task_11 job_6_task_12  job_15_task_12 job_16_task_14 
           [0,4]          [4,5]          [5,12]         [12,22]        [22,30]        [30,31]        [31,37]        [37,38]        [38,45]        [45,47]        [50,51]        [59,65]        [66,69]        [69,77]        [91,99]        [99,109]       [109,119]      [119,127]      [127,129]      [129,138]      [138,140]      [140,148]      [148,150]      [150,157]      [157,166]      [166,175]      [175,185]      [185,186]      [186,194]      [194,197]      [197,201]      [201,203]      [203,211]      
Machine 6: job_16_task_0  job_7_task_1   job_8_task_0   job_11_task_2  job_12_task_6  job_16_task_5  job_10_task_8  job_16_task_8  job_2_task_5   job_2_task_6   job_0_task_7   job_13_task_9  job_2_task_9   job_10_task_12 job_8_task_9   job_8_task_10  job_5_task_11  job_1_task_12  job_4_task_11  job_16_task_12 job_14_task_14 job_3_task_14  job_1_task_14  job_12_task_14 
           [0,2]          [4,5]          [5,15]         [16,25]        [68,70]        [75,80]        [95,96]        [100,103]      [109,117]      [117,119]      [120,125]      [125,132]      [138,140]      [140,147]      [147,155]      [155,157]      [157,165]      [165,169]      [169,172]      [173,179]      [181,183]      [183,184]      [185,189]      [189,191]      
Machine 7: job_11_task_0  job_1_task_0   job_7_task_2   job_12_task_1  job_10_task_2  job_14_task_1  job_14_task_2  job_13_task_3  job_16_task_3  job_0_task_0   job_12_task_4  job_14_task_4  job_15_task_4  job_15_task_5  job_14_task_7  job_11_task_6  job_10_task_7  job_9_task_7   job_2_task_4   job_5_task_7   job_4_task_5   job_9_task_8   job_4_task_7   job_2_task_8   job_14_task_9  job_5_task_10  job_0_task_9   job_6_task_9   job_7_task_7   job_14_task_12 job_12_task_13 job_0_task_11  job_9_task_14  job_7_task_13  job_0_task_14  job_6_task_13  job_13_task_14 
           [0,4]          [4,5]          [5,11]         [11,21]        [21,26]        [26,27]        [27,33]        [33,40]        [40,47]        [47,48]        [48,52]        [52,57]        [57,65]        [65,72]        [72,80]        [80,89]        [89,95]        [95,105]       [105,109]      [109,119]      [119,125]      [125,131]      [131,137]      [137,138]      [138,146]      [146,155]      [155,164]      [164,166]      [166,169]      [169,179]      [179,189]      [189,194]      [194,196]      [196,200]      [200,206]      [206,209]      [209,211]      
Machine 8: job_13_task_0  job_6_task_0   job_11_task_1  job_3_task_1   job_14_task_3  job_11_task_4  job_14_task_5  job_14_task_6  job_10_task_5  job_3_task_5   job_10_task_6  job_9_task_6   job_15_task_6  job_12_task_8  job_14_task_8  job_11_task_7  job_1_task_9   job_5_task_8   job_11_task_9  job_10_task_13 job_14_task_11 job_9_task_12  job_8_task_13  job_10_task_14 job_2_task_12  job_5_task_14  job_7_task_10  job_13_task_13 job_2_task_14  
           [0,5]          [5,14]         [14,16]        [16,25]        [33,41]        [46,50]        [57,60]        [60,69]        [69,72]        [72,78]        [78,88]        [88,90]        [90,97]        [97,101]       [101,102]      [102,108]      [112,119]      [119,125]      [125,127]      [147,156]      [156,163]      [163,169]      [169,174]      [174,182]      [182,185]      [185,188]      [188,190]      [194,195]      [195,203]      
Optimal Schedule Length: 211.0
Total (Unoptimized Schedule Length): 1365
Statistics
  - conflicts: 0
  - branches : 0
  - wall time: 0.20720771200000002s