
Problem
         task_0   task_1   task_2   task_3   task_4   task_5   task_6   task_7  task_8   task_9  task_10  task_11  task_12  task_13  task_14  task_15
job_0    (4, 8)  (3, 10)   (5, 4)  (0, 10)   (0, 1)   (1, 3)   (5, 2)   (6, 7)  (5, 2)   (1, 2)   (6, 5)  (3, 10)   (6, 8)  (0, 10)   (3, 3)   (5, 3)
job_1   (0, 10)   (6, 1)   (6, 5)   (2, 4)   (2, 4)   (0, 8)   (1, 6)   (4, 7)  (5, 9)   (2, 4)   (4, 1)   (1, 4)   (4, 8)   (4, 6)   (0, 6)  (2, 10)
job_2    (6, 3)   (5, 4)   (3, 8)   (1, 6)  (4, 10)   (0, 2)   (3, 2)  (4, 10)  (6, 1)   (1, 5)   (0, 3)   (6, 6)   (0, 6)   (3, 6)   (2, 3)   (5, 4)
job_3    (0, 6)   (1, 5)   (6, 9)   (4, 7)   (2, 5)  (3, 10)   (6, 6)   (6, 1)  (0, 9)   (5, 6)   (0, 5)   (4, 1)   (3, 1)   (6, 1)  (1, 10)   (3, 7)
job_4    (5, 9)   (3, 9)   (2, 9)   (0, 1)   (2, 6)   (0, 2)   (4, 8)   (2, 7)  (5, 8)   (0, 1)   (2, 4)   (6, 2)   (1, 3)   (0, 7)   (1, 1)   (4, 1)
job_5    (2, 2)   (5, 4)  (4, 10)   (5, 3)   (1, 9)   (2, 8)   (5, 9)   (1, 5)  (6, 6)   (6, 3)   (6, 5)   (0, 5)   (2, 4)   (3, 4)   (4, 3)   (6, 7)
job_6    (0, 4)   (6, 2)   (2, 8)   (2, 8)   (2, 5)   (3, 3)  (5, 10)   (3, 4)  (0, 8)   (5, 9)   (4, 6)   (5, 1)   (1, 5)   (2, 9)   (6, 5)   (6, 5)
job_7    (3, 6)   (1, 5)   (6, 9)   (5, 5)   (4, 7)   (5, 4)  (0, 10)   (3, 8)  (0, 5)   (1, 2)   (5, 5)   (0, 3)   (5, 7)  (6, 10)   (1, 2)   (5, 9)
job_8    (1, 5)   (6, 4)  (4, 10)   (5, 1)   (6, 9)   (0, 7)   (6, 7)   (3, 7)  (5, 2)   (4, 5)   (3, 3)  (1, 10)   (0, 3)   (2, 3)   (2, 7)   (4, 6)
job_9    (5, 9)  (4, 10)   (6, 7)   (4, 8)   (6, 2)   (1, 7)   (0, 6)   (4, 4)  (1, 6)   (3, 5)   (5, 4)   (4, 5)   (1, 1)   (1, 1)   (6, 7)   (1, 8)
job_10   (3, 6)   (1, 8)   (6, 5)   (6, 6)   (6, 3)   (5, 5)   (2, 7)   (3, 2)  (0, 1)  (4, 10)  (4, 10)   (4, 4)   (5, 7)   (3, 3)  (3, 10)   (4, 3)
job_11   (4, 3)   (3, 6)   (6, 7)   (4, 9)   (2, 2)   (2, 3)   (4, 7)   (4, 2)  (0, 4)   (2, 5)   (1, 2)   (5, 2)  (0, 10)   (0, 3)   (5, 4)   (4, 1)
job_12   (3, 3)  (3, 10)   (4, 5)   (0, 6)   (2, 9)   (5, 3)   (1, 2)  (6, 10)  (4, 1)   (5, 1)   (5, 9)   (2, 5)   (2, 3)   (1, 8)   (4, 4)   (1, 3)
job_13   (5, 3)  (2, 10)   (2, 5)   (1, 2)   (2, 4)   (6, 6)   (2, 3)   (6, 7)  (0, 5)  (2, 10)  (1, 10)  (0, 10)   (3, 6)   (3, 1)  (5, 10)   (0, 4)
job_14   (3, 3)   (0, 6)  (0, 10)   (0, 7)  (2, 10)  (2, 10)   (2, 7)   (0, 2)  (2, 1)   (5, 4)   (0, 7)   (1, 6)   (5, 7)   (4, 5)   (1, 8)   (0, 2)
job_15  (1, 10)   (6, 1)   (5, 4)   (3, 5)   (0, 5)   (6, 6)   (6, 1)   (2, 5)  (6, 6)   (5, 1)   (5, 7)   (0, 7)   (4, 5)   (4, 1)   (5, 8)  (0, 10)
job_16   (5, 1)   (4, 6)   (1, 8)   (4, 1)   (5, 8)   (4, 4)  (5, 10)  (5, 10)  (4, 6)  (4, 10)   (2, 6)  (3, 10)   (3, 1)   (4, 1)   (2, 7)   (5, 4)
job_17   (3, 2)   (4, 6)   (5, 9)   (0, 3)   (1, 5)   (3, 5)   (3, 6)   (4, 8)  (3, 5)  (6, 10)   (3, 7)   (6, 4)   (5, 1)   (6, 3)   (0, 8)   (4, 4)
job_18   (1, 9)  (2, 10)   (5, 2)   (2, 4)   (5, 4)   (2, 9)   (6, 6)   (6, 4)  (4, 7)   (6, 6)   (3, 8)   (4, 3)   (0, 3)   (4, 1)   (3, 9)  (6, 10)
job_19   (3, 8)   (0, 7)   (5, 7)   (4, 5)   (1, 8)  (4, 10)   (5, 9)   (4, 1)  (5, 3)   (3, 9)   (0, 4)   (2, 5)   (0, 7)   (6, 3)   (4, 9)   (2, 9)


Solution:
Machine 0: job_1_task_0   job_19_task_1  job_6_task_0   job_14_task_1  job_3_task_0   job_14_task_2  job_14_task_3  job_17_task_3  job_1_task_5   job_0_task_3   job_12_task_3  job_15_task_4  job_7_task_6   job_8_task_5   job_0_task_4   job_13_task_8  job_4_task_3   job_2_task_5   job_6_task_8   job_9_task_6   job_7_task_8   job_10_task_8  job_3_task_8   job_19_task_10 job_13_task_11 job_4_task_5   job_14_task_7  job_15_task_11 job_7_task_11  job_14_task_10 job_19_task_12 job_2_task_10  job_3_task_10  job_5_task_11  job_4_task_9   job_2_task_12  job_11_task_8  job_8_task_12  job_0_task_13  job_4_task_13  job_18_task_12 job_11_task_12 job_1_task_14  job_17_task_14 job_15_task_15 job_11_task_13 job_13_task_15 job_14_task_15 
           [0,10]         [10,17]        [17,21]        [21,27]        [27,33]        [33,43]        [43,50]        [50,53]        [53,61]        [73,83]        [83,89]        [89,94]        [94,104]       [104,111]      [111,112]      [112,117]      [117,118]      [118,120]      [120,128]      [128,134]      [134,139]      [139,140]      [140,149]      [151,155]      [155,165]      [165,167]      [167,169]      [172,179]      [179,182]      [182,189]      [189,196]      [196,199]      [199,204]      [204,209]      [209,210]      [210,216]      [216,220]      [220,223]      [223,233]      [233,240]      [240,243]      [243,253]      [253,259]      [259,267]      [267,277]      [277,280]      [280,284]      [286,288]      
Machine 1: job_18_task_0  job_8_task_0   job_7_task_1   job_16_task_2  job_10_task_1  job_3_task_1   job_15_task_0  job_13_task_3  job_19_task_4  job_5_task_4   job_17_task_4  job_2_task_3   job_1_task_6   job_9_task_5   job_0_task_5   job_5_task_7   job_12_task_6  job_7_task_9   job_13_task_10 job_0_task_9   job_9_task_8   job_2_task_9   job_14_task_11 job_8_task_11  job_1_task_11  job_7_task_14  job_11_task_10 job_4_task_12  job_6_task_12  job_4_task_14  job_9_task_12  job_9_task_13  job_12_task_13 job_9_task_15  job_3_task_14  job_14_task_14 job_12_task_15 
           [0,9]          [9,14]         [14,19]        [19,27]        [27,35]        [35,40]        [40,50]        [50,52]        [52,60]        [60,69]        [69,74]        [74,80]        [80,86]        [106,113]      [113,116]      [136,141]      [141,143]      [143,145]      [145,155]      [155,157]      [180,186]      [186,191]      [191,197]      [205,215]      [215,219]      [220,222]      [225,227]      [227,230]      [234,239]      [240,241]      [247,248]      [248,249]      [252,260]      [260,268]      [268,278]      [278,286]      [286,289]      
Machine 2: job_5_task_0   job_13_task_1  job_18_task_1  job_13_task_2  job_1_task_3   job_6_task_2   job_6_task_3   job_1_task_4   job_13_task_4  job_18_task_3  job_6_task_4   job_14_task_4  job_13_task_6  job_18_task_5  job_3_task_4   job_4_task_2   job_5_task_5   job_14_task_5  job_12_task_4  job_10_task_6  job_13_task_9  job_15_task_7  job_4_task_4   job_14_task_6  job_11_task_4  job_11_task_5  job_1_task_9   job_14_task_8  job_19_task_11 job_4_task_7   job_16_task_10 job_5_task_12  job_4_task_10  job_11_task_9  job_8_task_13  job_8_task_14  job_12_task_11 job_6_task_13  job_12_task_12 job_2_task_14  job_1_task_15  job_19_task_15 job_16_task_14 
           [0,2]          [3,13]         [13,23]        [23,28]        [28,32]        [32,40]        [40,48]        [48,52]        [52,56]        [56,60]        [60,65]        [65,75]        [75,78]        [78,87]        [87,92]        [92,101]       [101,109]      [109,119]      [119,128]      [128,135]      [135,145]      [145,150]      [150,156]      [156,163]      [163,165]      [165,168]      [168,172]      [172,173]      [173,178]      [178,185]      [197,203]      [209,213]      [213,217]      [220,225]      [225,228]      [228,235]      [235,240]      [240,249]      [249,252]      [252,255]      [259,269]      [269,278]      [278,285]      
Machine 3: job_19_task_0  job_7_task_0   job_14_task_0  job_10_task_0  job_17_task_0  job_12_task_0  job_0_task_1   job_12_task_1  job_4_task_1   job_2_task_2   job_6_task_5   job_15_task_3  job_11_task_1  job_17_task_5  job_17_task_6  job_3_task_5   job_7_task_7   job_6_task_7   job_8_task_7   job_2_task_6   job_10_task_7  job_17_task_8  job_19_task_9  job_13_task_12 job_18_task_10 job_0_task_11  job_9_task_9   job_17_task_10 job_13_task_13 job_8_task_10  job_16_task_11 job_5_task_13  job_16_task_12 job_2_task_13  job_0_task_14  job_10_task_13 job_10_task_14 job_18_task_14 job_3_task_12  job_3_task_15  
           [0,8]          [8,14]         [14,17]        [17,23]        [23,25]        [25,28]        [28,38]        [38,48]        [48,57]        [57,65]        [65,68]        [68,73]        [73,79]        [79,84]        [84,90]        [92,102]       [104,112]      [112,116]      [118,125]      [125,127]      [135,137]      [137,142]      [142,151]      [165,171]      [171,179]      [179,189]      [189,194]      [194,201]      [201,202]      [202,205]      [205,215]      [215,219]      [219,220]      [220,226]      [233,236]      [241,244]      [244,254]      [254,263]      [263,264]      [278,285]      
Machine 4: job_0_task_0   job_16_task_1  job_9_task_1   job_19_task_3  job_17_task_1  job_5_task_2   job_8_task_2   job_16_task_3  job_7_task_4   job_11_task_0  job_16_task_5  job_12_task_2  job_3_task_3   job_19_task_5  job_9_task_3   job_2_task_4   job_1_task_7   job_11_task_3  job_19_task_7  job_17_task_7  job_18_task_8  job_10_task_9  job_16_task_8  job_2_task_7   job_4_task_6   job_9_task_7   job_11_task_6  job_16_task_9  job_8_task_9   job_10_task_10 job_1_task_10  job_12_task_8  job_11_task_7  job_6_task_10  job_1_task_12  job_10_task_11 job_18_task_11 job_15_task_12 job_9_task_11  job_1_task_13  job_18_task_13 job_3_task_11  job_15_task_13 job_19_task_14 job_14_task_13 job_16_task_13 job_5_task_14  job_12_task_14 job_8_task_15  job_17_task_15 job_10_task_15 job_11_task_15 job_4_task_15  
           [0,8]          [8,14]         [14,24]        [24,29]        [29,35]        [35,45]        [45,55]        [55,56]        [56,63]        [63,66]        [66,70]        [70,75]        [75,82]        [82,92]        [92,100]       [100,110]      [110,117]      [117,126]      [126,127]      [127,135]      [135,142]      [142,152]      [152,158]      [158,168]      [168,176]      [176,180]      [180,187]      [187,197]      [197,202]      [202,212]      [212,213]      [213,214]      [214,216]      [216,222]      [222,230]      [230,234]      [234,237]      [237,242]      [242,247]      [247,253]      [253,254]      [254,255]      [255,256]      [256,265]      [265,270]      [270,271]      [271,274]      [274,278]      [278,284]      [284,288]      [288,291]      [291,292]      [292,293]      
Machine 5: job_13_task_0  job_16_task_0  job_9_task_0   job_5_task_1   job_19_task_2  job_4_task_0   job_7_task_3   job_17_task_2  job_18_task_2  job_2_task_1   job_5_task_3   job_16_task_4  job_15_task_2  job_8_task_3   job_0_task_2   job_18_task_4  job_7_task_5   job_16_task_6  job_10_task_5  job_6_task_6   job_19_task_6  job_16_task_7  job_0_task_6   job_5_task_6   job_12_task_5  job_19_task_8  job_1_task_8   job_0_task_8   job_6_task_9   job_8_task_8   job_15_task_9  job_15_task_10 job_7_task_10  job_14_task_9  job_3_task_9   job_7_task_12  job_4_task_8   job_9_task_10  job_14_task_12 job_13_task_14 job_12_task_9  job_12_task_10 job_6_task_11  job_10_task_12 job_11_task_11 job_17_task_12 job_7_task_15  job_0_task_15  job_15_task_14 job_2_task_15  job_11_task_14 job_16_task_15 
           [0,3]          [3,4]          [4,13]         [13,17]        [17,24]        [24,33]        [33,38]        [38,47]        [47,49]        [49,53]        [53,56]        [56,64]        [64,68]        [68,69]        [69,73]        [73,77]        [77,81]        [81,91]        [91,96]        [96,106]       [106,115]      [115,125]      [125,127]      [127,136]      [136,139]      [139,142]      [142,151]      [151,153]      [153,162]      [162,164]      [164,165]      [165,172]      [172,177]      [177,181]      [181,187]      [187,194]      [194,202]      [202,206]      [206,213]      [213,223]      [223,224]      [224,233]      [233,234]      [234,241]      [241,243]      [243,244]      [244,253]      [253,256]      [256,264]      [264,268]      [280,284]      [285,289]      
Machine 6: job_2_task_0   job_1_task_1   job_1_task_2   job_8_task_1   job_7_task_2   job_6_task_1   job_9_task_2   job_10_task_2  job_3_task_2   job_15_task_1  job_10_task_3  job_13_task_5  job_10_task_4  job_8_task_4   job_13_task_7  job_11_task_2  job_18_task_6  job_15_task_5  job_9_task_4   job_15_task_6  job_18_task_7  job_8_task_6   job_3_task_6   job_3_task_7   job_0_task_7   job_5_task_8   job_12_task_7  job_15_task_8  job_18_task_9  job_0_task_10  job_17_task_9  job_2_task_8   job_5_task_9   job_5_task_10  job_0_task_12  job_2_task_11  job_19_task_13 job_7_task_13  job_17_task_11 job_4_task_11  job_17_task_13 job_9_task_14  job_6_task_14  job_6_task_15  job_3_task_13  job_18_task_15 job_5_task_15  
           [0,3]          [10,11]        [11,16]        [16,20]        [20,29]        [29,31]        [31,38]        [38,43]        [43,52]        [52,53]        [53,59]        [59,65]        [65,68]        [69,78]        [78,85]        [85,92]        [92,98]        [98,104]       [104,106]      [106,107]      [107,111]      [111,118]      [118,124]      [124,125]      [127,134]      [141,147]      [147,157]      [157,163]      [163,169]      [169,174]      [174,184]      [184,185]      [185,188]      [188,193]      [193,201]      [201,207]      [207,210]      [210,220]      [220,224]      [224,226]      [244,247]      [249,256]      [256,261]      [261,266]      [266,267]      [267,277]      [277,284]      
Optimal Schedule Length: 293.0
Total (Unoptimized Schedule Length): 1775
Statistics
  - conflicts: 1
  - branches : 321
  - wall time: 0.16688108200000001s