
Problem
          task_0    task_1   task_2   task_3    task_4    task_5    task_6   task_7   task_8    task_9   task_10  task_11   task_12  task_13   task_14   task_15  task_16  task_17
job_0    (14, 4)   (12, 6)  (10, 7)   (1, 2)  (19, 10)    (6, 4)   (12, 1)   (5, 8)   (7, 2)   (16, 9)   (10, 5)   (5, 3)   (17, 7)   (7, 7)    (6, 3)  (12, 10)   (9, 8)  (11, 5)
job_1    (13, 6)    (0, 3)   (3, 8)  (16, 3)   (18, 6)    (0, 7)   (11, 1)  (19, 3)  (15, 3)    (4, 6)   (18, 7)   (7, 3)   (19, 3)  (7, 10)   (17, 9)    (4, 6)  (10, 3)  (11, 9)
job_2     (7, 3)   (19, 6)   (4, 1)   (5, 3)    (2, 6)    (7, 9)   (15, 2)   (7, 6)  (18, 6)    (6, 1)    (1, 7)   (2, 6)   (14, 5)  (15, 3)   (11, 7)   (11, 8)  (18, 4)   (1, 4)
job_3    (18, 4)  (15, 10)   (9, 6)  (12, 9)   (13, 7)   (16, 8)   (14, 1)  (11, 4)   (4, 4)    (4, 4)    (8, 1)   (4, 3)   (15, 1)   (9, 5)   (10, 6)   (14, 3)  (18, 6)   (2, 2)
job_4    (13, 3)   (10, 3)  (12, 8)  (8, 10)   (13, 6)    (3, 6)    (8, 1)  (12, 9)  (15, 6)  (16, 10)    (5, 7)   (1, 2)   (19, 3)   (7, 4)   (17, 1)   (17, 5)  (16, 1)  (13, 4)
job_5    (13, 7)  (12, 10)  (12, 4)   (2, 8)    (1, 8)    (0, 9)    (8, 9)  (16, 1)   (0, 6)    (3, 8)  (10, 10)   (2, 6)    (0, 8)   (9, 1)  (14, 10)    (0, 5)  (19, 5)  (19, 6)
job_6   (15, 10)    (0, 4)   (7, 7)  (10, 4)    (6, 8)    (6, 2)    (3, 8)  (10, 1)  (11, 9)    (0, 3)   (17, 9)   (9, 4)   (0, 10)   (0, 4)   (17, 7)    (9, 8)  (19, 1)  (18, 6)
job_7     (2, 9)   (19, 2)  (13, 2)   (6, 6)   (19, 5)    (2, 6)   (13, 5)   (4, 9)   (6, 3)    (8, 5)    (7, 9)  (14, 8)   (16, 6)  (17, 2)    (4, 3)   (18, 7)   (6, 5)   (2, 5)
job_8     (0, 9)    (4, 5)  (18, 4)   (2, 6)    (4, 8)    (9, 2)    (6, 2)   (6, 7)  (19, 6)    (9, 2)    (0, 3)  (14, 2)   (9, 10)  (11, 2)    (3, 3)    (4, 1)   (3, 1)  (18, 2)
job_9     (8, 3)    (7, 2)  (16, 5)  (16, 4)   (10, 3)    (2, 1)    (4, 1)  (17, 1)  (11, 1)    (2, 8)    (5, 2)  (15, 4)    (1, 9)   (1, 9)   (5, 10)   (11, 5)  (14, 7)  (15, 4)
job_10   (13, 9)    (5, 2)  (17, 2)   (2, 1)    (8, 1)   (14, 1)    (2, 2)  (19, 7)   (8, 3)    (6, 3)   (10, 1)   (7, 7)  (18, 10)   (8, 8)    (6, 3)    (2, 6)   (5, 1)   (5, 6)
job_11   (13, 9)   (9, 10)   (0, 6)  (12, 3)    (5, 3)    (3, 1)   (13, 2)  (12, 8)  (10, 9)   (19, 2)  (14, 10)   (9, 3)    (3, 8)  (16, 3)    (5, 2)   (15, 2)  (14, 7)   (9, 6)
job_12   (11, 3)   (12, 3)  (19, 8)  (11, 1)    (6, 2)   (18, 1)    (6, 7)   (5, 8)   (4, 6)   (17, 1)    (4, 1)   (1, 2)    (0, 3)  (16, 8)   (14, 4)   (14, 2)   (8, 3)   (9, 7)
job_13    (2, 9)    (8, 4)  (13, 1)   (0, 8)    (0, 6)    (5, 7)   (1, 10)  (11, 2)  (12, 8)  (18, 10)   (12, 9)   (2, 3)   (11, 6)  (3, 10)   (18, 9)   (3, 10)   (0, 7)   (9, 9)
job_14    (4, 4)    (6, 5)   (5, 9)  (13, 1)   (16, 7)    (5, 8)   (18, 5)  (18, 1)   (1, 3)    (1, 4)    (8, 1)   (7, 9)   (7, 10)  (13, 6)   (12, 6)   (18, 4)  (12, 6)   (2, 2)
job_15    (1, 5)    (1, 5)   (5, 1)  (15, 1)    (5, 5)  (10, 10)  (15, 10)  (5, 10)  (17, 4)    (9, 4)   (17, 1)  (18, 2)    (7, 4)  (19, 4)    (2, 2)   (10, 1)  (19, 8)  (16, 4)
job_16   (13, 5)    (4, 3)   (9, 1)  (1, 10)   (11, 1)    (7, 4)   (16, 3)  (17, 9)   (4, 7)   (16, 4)   (13, 5)  (14, 7)    (8, 4)   (5, 6)   (15, 9)   (3, 10)  (17, 4)   (7, 9)
job_17   (19, 1)   (17, 8)   (1, 5)  (12, 8)  (17, 10)   (14, 4)    (3, 9)  (12, 3)   (0, 9)    (5, 6)   (12, 7)   (0, 7)   (16, 9)   (5, 6)    (3, 1)    (5, 8)  (9, 10)   (5, 2)


Solution:
Machine 0: job_8_task_0   job_6_task_1   job_13_task_3  job_13_task_4  job_1_task_1   job_11_task_2  job_5_task_5   job_12_task_12 job_1_task_5   job_6_task_9   job_5_task_8   job_17_task_8  job_6_task_12  job_8_task_10  job_6_task_13  job_17_task_11 job_5_task_12  job_5_task_15  job_13_task_16 
           [0,9]          [10,14]        [19,27]        [27,33]        [33,36]        [36,42]        [43,52]        [52,55]        [56,63]        [63,66]        [66,72]        [72,81]        [83,93]        [93,96]        [96,100]       [100,107]      [107,115]      [129,134]      [134,141]      
Machine 1: job_15_task_0  job_15_task_1  job_16_task_3  job_17_task_2  job_0_task_3   job_5_task_4   job_12_task_11 job_13_task_6  job_14_task_8  job_14_task_9  job_2_task_10  job_9_task_12  job_9_task_13  job_4_task_11  job_2_task_17  
           [0,5]          [6,11]         [11,21]        [21,26]        [33,35]        [35,43]        [50,52]        [52,62]        [62,65]        [67,71]        [71,78]        [78,87]        [87,96]        [115,117]      [146,150]      
Machine 2: job_13_task_0  job_7_task_0   job_9_task_5   job_2_task_4   job_5_task_3   job_7_task_5   job_8_task_3   job_9_task_9   job_10_task_3  job_10_task_6  job_2_task_11  job_13_task_11 job_5_task_11  job_15_task_14 job_10_task_15 job_3_task_17  job_7_task_17  job_14_task_17 
           [0,9]          [11,20]        [20,21]        [21,27]        [27,35]        [39,45]        [45,51]        [51,59]        [60,61]        [63,65]        [78,84]        [93,96]        [100,106]      [128,130]      [135,141]      [141,143]      [143,148]      [148,150]      
Machine 3: job_1_task_2   job_6_task_6   job_11_task_5  job_17_task_6  job_4_task_5   job_5_task_9   job_11_task_12 job_13_task_13 job_16_task_15 job_17_task_14 job_13_task_15 job_8_task_14  job_8_task_16  
           [36,44]        [44,52]        [52,53]        [53,62]        [68,74]        [82,90]        [93,101]       [102,112]      [112,122]      [122,123]      [124,134]      [134,137]      [138,139]      
Machine 4: job_14_task_0  job_16_task_1  job_8_task_1   job_2_task_2   job_9_task_6   job_12_task_8  job_16_task_8  job_12_task_10 job_7_task_7   job_8_task_4   job_1_task_9   job_3_task_8   job_3_task_9   job_3_task_11  job_7_task_14  job_1_task_15  job_8_task_15  
           [0,4]          [5,8]          [9,14]         [17,18]        [27,28]        [36,42]        [42,49]        [49,50]        [50,59]        [59,67]        [74,80]        [80,84]        [84,88]        [89,92]        [128,131]      [131,137]      [137,138]      
Machine 5: job_14_task_2  job_2_task_3   job_15_task_2  job_15_task_4  job_12_task_7  job_13_task_5  job_10_task_1  job_11_task_4  job_14_task_5  job_0_task_7   job_9_task_10  job_15_task_7  job_17_task_9  job_0_task_11  job_16_task_13 job_9_task_14  job_11_task_14 job_4_task_10  job_17_task_13 job_17_task_15 job_10_task_16 job_10_task_17 job_17_task_17 
           [9,18]         [18,21]        [21,22]        [23,28]        [28,36]        [36,43]        [43,45]        [45,48]        [48,56]        [57,65]        [65,67]        [71,81]        [81,87]        [87,90]        [90,96]        [96,106]       [106,108]      [108,115]      [116,122]      [123,131]      [141,142]      [142,148]      [148,150]      
Machine 6: job_14_task_1  job_12_task_4  job_12_task_6  job_7_task_3   job_6_task_4   job_6_task_5   job_0_task_5   job_7_task_8   job_2_task_9   job_8_task_6   job_8_task_7   job_10_task_9  job_0_task_14  job_10_task_14 job_7_task_16  
           [4,9]          [18,20]        [21,28]        [28,34]        [34,42]        [42,44]        [49,53]        [59,62]        [68,69]        [69,71]        [71,78]        [78,81]        [106,109]      [117,120]      [138,143]      
Machine 7: job_2_task_0   job_9_task_1   job_6_task_2   job_16_task_5  job_2_task_5   job_2_task_7   job_0_task_8   job_7_task_10  job_14_task_11 job_10_task_11 job_1_task_11  job_15_task_12 job_0_task_13  job_1_task_13  job_14_task_12 job_4_task_13  job_16_task_17 
           [0,3]          [3,5]          [14,21]        [22,26]        [45,54]        [56,62]        [65,67]        [67,76]        [76,85]        [85,92]        [92,95]        [95,99]        [99,106]       [106,116]      [116,126]      [126,130]      [132,141]      
Machine 8: job_9_task_0   job_13_task_1  job_4_task_3   job_5_task_6   job_10_task_4  job_7_task_9   job_12_task_16 job_14_task_10 job_4_task_6   job_10_task_8  job_16_task_12 job_3_task_10  job_10_task_13 
           [0,3]          [9,13]         [42,52]        [52,61]        [61,62]        [62,67]        [69,72]        [72,73]        [74,75]        [75,78]        [80,84]        [88,89]        [109,117]      
Machine 9: job_16_task_2  job_11_task_1  job_3_task_2   job_8_task_5   job_12_task_17 job_6_task_11  job_8_task_9   job_15_task_9  job_11_task_11 job_3_task_13  job_8_task_12  job_6_task_15  job_5_task_13  job_11_task_17 job_0_task_16  job_17_task_16 job_13_task_17 
           [10,11]        [25,35]        [35,41]        [67,69]        [72,79]        [79,83]        [84,86]        [86,90]        [90,93]        [93,98]        [98,108]       [108,116]      [116,117]      [117,123]      [123,131]      [131,141]      [141,150]      
Machine 10: job_9_task_4   job_0_task_2   job_6_task_3   job_4_task_1   job_15_task_5  job_6_task_7   job_11_task_8  job_10_task_10 job_0_task_10  job_5_task_10  job_3_task_14  job_15_task_15 job_1_task_16  
           [14,17]        [20,27]        [27,31]        [31,34]        [34,44]        [52,53]        [63,72]        [81,82]        [82,87]        [90,100]       [100,106]      [130,131]      [137,140]      
Machine 11: job_12_task_0  job_12_task_3  job_16_task_4  job_9_task_8   job_6_task_8   job_13_task_7  job_1_task_6   job_3_task_7   job_13_task_12 job_9_task_15  job_8_task_13  job_2_task_14  job_2_task_15  job_0_task_17  job_1_task_17  
           [0,3]          [17,18]        [21,22]        [29,30]        [53,62]        [62,64]        [64,65]        [73,77]        [96,102]       [106,111]      [119,121]      [121,128]      [128,136]      [136,141]      [141,150]      
Machine 12: job_12_task_1  job_0_task_1   job_5_task_1   job_5_task_2   job_17_task_3  job_4_task_2   job_11_task_3  job_3_task_3   job_0_task_6   job_11_task_7  job_17_task_7  job_13_task_8  job_4_task_7   job_13_task_10 job_17_task_10 job_0_task_15  job_14_task_14 job_14_task_16 
           [3,6]          [6,12]         [12,22]        [22,26]        [26,34]        [34,42]        [42,45]        [45,54]        [54,55]        [55,63]        [63,66]        [66,74]        [75,84]        [84,93]        [93,100]       [109,119]      [132,138]      [142,148]      
Machine 13: job_16_task_0  job_5_task_0   job_4_task_0   job_13_task_2  job_11_task_0  job_7_task_2   job_1_task_0   job_14_task_3  job_10_task_0  job_7_task_6   job_11_task_6  job_3_task_4   job_4_task_4   job_16_task_10 job_14_task_13 job_4_task_17  
           [0,5]          [5,12]         [12,15]        [15,16]        [16,25]        [25,27]        [27,33]        [33,34]        [34,43]        [45,50]        [53,55]        [55,62]        [62,68]        [68,73]        [126,132]      [139,143]      
Machine 14: job_0_task_0   job_17_task_5  job_10_task_5  job_12_task_14 job_12_task_15 job_3_task_6   job_16_task_11 job_11_task_10 job_2_task_12  job_8_task_11  job_7_task_11  job_3_task_15  job_11_task_16 job_5_task_14  job_9_task_16  
           [0,4]          [48,52]        [62,63]        [63,67]        [67,69]        [72,73]        [73,80]        [80,90]        [90,95]        [96,98]        [98,106]       [106,109]      [110,117]      [117,127]      [127,134]      
Machine 15: job_6_task_0   job_3_task_1   job_15_task_3  job_15_task_6  job_2_task_6   job_9_task_11  job_1_task_8   job_4_task_8   job_3_task_12  job_16_task_14 job_11_task_15 job_2_task_13  job_9_task_17  
           [0,10]         [10,20]        [22,23]        [44,54]        [54,56]        [67,71]        [71,74]        [84,90]        [92,93]        [96,105]       [108,110]      [110,113]      [134,138]      
Machine 16: job_9_task_2   job_9_task_3   job_16_task_6  job_14_task_4  job_1_task_3   job_16_task_9  job_12_task_13 job_5_task_7   job_3_task_5   job_0_task_9   job_4_task_9   job_11_task_13 job_17_task_12 job_7_task_12  job_4_task_16  job_15_task_17 
           [5,10]         [10,14]        [26,29]        [40,47]        [47,50]        [50,54]        [55,63]        [63,64]        [64,72]        [72,81]        [90,100]       [103,106]      [107,116]      [116,122]      [138,139]      [139,143]      
Machine 17: job_17_task_1  job_9_task_7   job_16_task_7  job_17_task_4  job_12_task_9  job_10_task_2  job_6_task_10  job_15_task_8  job_15_task_10 job_0_task_12  job_6_task_14  job_1_task_14  job_7_task_13  job_16_task_16 job_4_task_14  job_4_task_15  
           [1,9]          [28,29]        [29,38]        [38,48]        [48,49]        [49,51]        [70,79]        [81,85]        [90,91]        [91,98]        [100,107]      [117,126]      [126,128]      [128,132]      [132,133]      [133,138]      
Machine 18: job_3_task_0   job_8_task_2   job_12_task_5  job_1_task_4   job_14_task_6  job_14_task_7  job_2_task_8   job_13_task_9  job_1_task_10  job_15_task_11 job_10_task_12 job_3_task_16  job_13_task_14 job_6_task_17  job_7_task_15  job_14_task_15 job_2_task_16  job_8_task_17  
           [0,4]          [14,18]        [20,21]        [50,56]        [56,61]        [61,62]        [62,68]        [74,84]        [84,91]        [93,95]        [99,109]       [109,115]      [115,124]      [124,130]      [131,138]      [138,142]      [142,146]      [146,148]      
Machine 19: job_17_task_0  job_2_task_1   job_12_task_2  job_7_task_1   job_7_task_4   job_0_task_4   job_1_task_7   job_10_task_7  job_11_task_9  job_8_task_8   job_1_task_12  job_4_task_12  job_6_task_16  job_15_task_13 job_15_task_16 job_5_task_16  job_5_task_17  
           [0,1]          [3,9]          [9,17]         [20,22]        [34,39]        [39,49]        [65,68]        [68,75]        [76,78]        [78,84]        [95,98]        [120,123]      [123,124]      [124,128]      [131,139]      [139,144]      [144,150]      
Optimal Schedule Length: 150.0
Total (Unoptimized Schedule Length): 1685
Statistics
  - conflicts: 0
  - branches : 0
  - wall time: 14.800688555s