
Problem
        task_0   task_1   task_2   task_3   task_4  task_5   task_6   task_7  task_8  task_9  task_10  task_11  task_12
job_0   (2, 6)   (1, 9)   (2, 1)   (0, 4)  (1, 10)  (0, 6)   (1, 8)   (0, 9)  (1, 9)  (0, 4)   (0, 6)   (2, 7)   (1, 2)
job_1   (2, 6)   (0, 8)   (0, 8)   (1, 2)   (0, 9)  (1, 5)   (1, 6)   (0, 9)  (1, 2)  (2, 2)   (0, 9)   (1, 5)   (1, 5)
job_2   (1, 5)   (1, 1)   (2, 9)   (0, 2)   (0, 9)  (1, 2)   (1, 6)   (1, 5)  (2, 5)  (0, 2)  (0, 10)   (1, 5)   (1, 3)
job_3   (2, 7)   (0, 6)   (1, 1)  (2, 10)   (2, 9)  (1, 8)   (1, 5)   (1, 4)  (2, 3)  (0, 2)   (2, 4)   (2, 2)   (0, 8)
job_4   (0, 6)   (2, 9)   (2, 9)  (0, 10)   (2, 7)  (1, 9)   (0, 6)   (1, 8)  (0, 8)  (1, 1)   (1, 1)   (0, 2)  (2, 10)
job_5   (0, 6)   (2, 7)  (0, 10)   (2, 4)   (1, 6)  (2, 6)   (1, 5)  (0, 10)  (2, 4)  (2, 7)   (0, 4)  (1, 10)   (2, 8)
job_6   (0, 7)   (2, 2)   (2, 6)   (2, 2)   (1, 9)  (0, 6)   (2, 1)  (1, 10)  (1, 2)  (0, 3)   (0, 2)   (2, 2)   (0, 1)
job_7   (0, 5)   (0, 1)   (0, 9)  (0, 10)   (1, 9)  (1, 8)   (2, 5)   (0, 3)  (0, 6)  (0, 2)   (0, 4)   (2, 6)   (0, 7)
job_8   (0, 8)   (1, 7)   (0, 6)   (2, 8)   (0, 1)  (1, 7)   (2, 6)   (1, 9)  (0, 6)  (0, 4)   (0, 3)   (1, 7)   (2, 7)
job_9   (1, 9)  (2, 10)   (2, 8)  (2, 10)   (1, 9)  (2, 3)   (2, 5)   (1, 8)  (2, 8)  (1, 4)   (2, 2)   (1, 2)   (0, 9)
job_10  (1, 4)   (0, 5)  (1, 10)   (2, 2)   (0, 8)  (1, 5)   (1, 5)   (1, 2)  (2, 4)  (1, 5)   (2, 4)   (2, 2)   (2, 7)
job_11  (0, 6)  (1, 10)   (0, 6)   (1, 7)   (1, 1)  (0, 3)   (1, 6)   (1, 4)  (1, 7)  (2, 3)   (2, 3)   (1, 2)   (1, 2)
job_12  (2, 8)  (0, 10)   (2, 2)   (0, 7)   (2, 8)  (1, 7)  (0, 10)   (1, 5)  (1, 2)  (1, 1)   (1, 2)  (0, 10)   (1, 8)
job_13  (1, 7)   (1, 3)   (1, 3)   (2, 7)   (2, 6)  (0, 3)   (1, 9)   (1, 1)  (1, 4)  (1, 1)   (1, 2)   (1, 6)   (2, 2)
job_14  (2, 8)   (2, 6)   (0, 1)  (2, 10)   (2, 4)  (2, 3)   (0, 5)   (1, 8)  (0, 6)  (2, 3)   (1, 5)   (0, 4)   (0, 4)
job_15  (0, 5)  (0, 10)   (2, 2)   (0, 9)   (2, 9)  (2, 7)   (0, 2)   (0, 3)  (1, 2)  (2, 7)  (2, 10)   (2, 4)   (2, 3)
job_16  (2, 1)   (1, 1)   (2, 2)   (2, 5)   (2, 7)  (2, 1)   (2, 1)   (0, 3)  (2, 1)  (0, 7)   (0, 3)  (1, 10)   (0, 2)
job_17  (1, 1)   (2, 5)  (1, 10)  (0, 10)   (1, 5)  (1, 6)   (0, 6)   (0, 3)  (0, 3)  (1, 8)   (1, 4)   (0, 4)   (2, 7)
job_18  (2, 7)   (2, 1)   (1, 4)   (2, 1)   (0, 8)  (1, 8)   (0, 6)   (1, 8)  (2, 4)  (2, 6)   (2, 5)   (2, 2)   (0, 9)
job_19  (1, 9)   (0, 5)   (2, 1)  (0, 10)   (1, 9)  (2, 6)   (2, 5)   (2, 1)  (0, 7)  (1, 1)   (0, 5)   (1, 8)   (0, 3)


Solution:
Machine 0: job_5_task_0   job_4_task_0   job_8_task_0   job_7_task_0   job_5_task_2   job_15_task_0  job_12_task_1  job_7_task_1   job_1_task_1   job_7_task_2   job_10_task_1  job_15_task_1  job_0_task_3   job_8_task_2   job_11_task_0  job_0_task_5   job_1_task_2   job_19_task_1  job_11_task_2  job_4_task_3   job_8_task_4   job_3_task_1   job_12_task_3  job_7_task_3   job_15_task_3  job_17_task_3  job_19_task_3  job_6_task_0   job_14_task_2  job_1_task_4   job_2_task_3   job_2_task_4   job_18_task_4  job_5_task_7   job_10_task_4  job_18_task_6  job_12_task_6  job_0_task_7   job_4_task_6   job_14_task_6  job_17_task_6  job_1_task_7   job_15_task_6  job_11_task_5  job_15_task_7  job_17_task_7  job_13_task_5  job_7_task_7   job_6_task_5   job_8_task_8   job_17_task_8  job_16_task_7  job_7_task_8   job_19_task_8  job_5_task_10  job_14_task_8  job_16_task_9  job_4_task_8   job_8_task_9   job_2_task_9   job_7_task_9   job_0_task_9   job_1_task_10  job_2_task_10  job_12_task_11 job_8_task_10  job_7_task_10  job_3_task_9   job_19_task_10 job_16_task_10 job_0_task_10  job_4_task_11  job_17_task_11 job_18_task_12 job_9_task_12  job_6_task_9   job_14_task_11 job_3_task_12  job_7_task_12  job_6_task_10  job_14_task_12 job_19_task_12 job_16_task_12 job_6_task_12  
           [0,6]          [6,12]         [12,20]        [20,25]        [25,35]        [35,40]        [40,50]        [50,51]        [51,59]        [59,68]        [68,73]        [73,83]        [83,87]        [87,93]        [93,99]        [99,105]       [105,113]      [113,118]      [118,124]      [124,134]      [134,135]      [135,141]      [141,148]      [148,158]      [158,167]      [167,177]      [177,187]      [187,194]      [194,195]      [195,204]      [204,206]      [206,215]      [215,223]      [223,233]      [233,241]      [241,247]      [247,257]      [257,266]      [266,272]      [272,277]      [277,283]      [283,292]      [292,294]      [294,297]      [297,300]      [300,303]      [303,306]      [306,309]      [309,315]      [315,321]      [321,324]      [324,327]      [327,333]      [333,340]      [340,344]      [344,350]      [350,357]      [357,365]      [365,369]      [369,371]      [371,373]      [373,377]      [377,386]      [386,396]      [396,406]      [406,409]      [409,413]      [413,415]      [415,420]      [420,423]      [423,429]      [429,431]      [431,435]      [435,444]      [444,453]      [453,456]      [456,460]      [460,468]      [468,475]      [475,477]      [477,481]      [481,484]      [484,486]      [486,487]      
Machine 1: job_9_task_0   job_0_task_1   job_17_task_0  job_19_task_0  job_8_task_1   job_2_task_0   job_10_task_0  job_13_task_0  job_17_task_2  job_2_task_1   job_13_task_1  job_13_task_2  job_18_task_2  job_10_task_2  job_5_task_4   job_0_task_4   job_11_task_1  job_0_task_6   job_9_task_4   job_11_task_3  job_5_task_6   job_8_task_5   job_3_task_2   job_1_task_3   job_4_task_5   job_11_task_4  job_7_task_4   job_7_task_5   job_12_task_5  job_17_task_4  job_19_task_4  job_3_task_5   job_16_task_1  job_17_task_5  job_1_task_5   job_1_task_6   job_2_task_5   job_2_task_6   job_18_task_5  job_8_task_7   job_6_task_4   job_10_task_5  job_18_task_7  job_9_task_7   job_2_task_7   job_4_task_7   job_14_task_7  job_10_task_6  job_3_task_6   job_12_task_7  job_0_task_8   job_11_task_6  job_15_task_8  job_13_task_6  job_10_task_7  job_12_task_8  job_1_task_8   job_3_task_7   job_17_task_9  job_12_task_9  job_11_task_7  job_12_task_10 job_6_task_7   job_10_task_9  job_5_task_11  job_19_task_9  job_9_task_9   job_11_task_8  job_13_task_7  job_17_task_10 job_13_task_8  job_4_task_9   job_8_task_11  job_4_task_10  job_14_task_10 job_16_task_11 job_13_task_9  job_9_task_11  job_19_task_11 job_6_task_8   job_13_task_10 job_1_task_11  job_2_task_11  job_13_task_11 job_12_task_12 job_1_task_12  job_11_task_11 job_2_task_12  job_0_task_12  job_11_task_12 
           [0,9]          [9,18]         [18,19]        [19,28]        [28,35]        [35,40]        [40,44]        [44,51]        [51,61]        [61,62]        [62,65]        [65,68]        [68,72]        [73,83]        [83,89]        [89,99]        [99,109]       [109,117]      [117,126]      [126,133]      [133,138]      [138,145]      [145,146]      [146,148]      [148,157]      [157,158]      [158,167]      [167,175]      [175,182]      [182,187]      [187,196]      [196,204]      [204,205]      [205,211]      [211,216]      [216,222]      [222,224]      [224,230]      [230,238]      [238,247]      [247,256]      [256,261]      [261,269]      [269,277]      [277,282]      [282,290]      [290,298]      [298,303]      [303,308]      [308,313]      [313,322]      [322,328]      [328,330]      [330,339]      [339,341]      [341,343]      [343,345]      [345,349]      [349,357]      [357,358]      [358,362]      [362,364]      [364,374]      [374,379]      [379,389]      [389,390]      [390,394]      [394,401]      [401,402]      [402,406]      [406,410]      [410,411]      [411,418]      [418,419]      [419,424]      [424,434]      [434,435]      [435,437]      [437,445]      [445,447]      [447,449]      [449,454]      [454,459]      [459,465]      [465,473]      [473,478]      [478,480]      [480,483]      [483,485]      [485,487]      
Machine 2: job_0_task_0   job_5_task_1   job_12_task_0  job_4_task_1   job_9_task_1   job_1_task_0   job_17_task_1  job_4_task_2   job_18_task_0  job_18_task_1  job_3_task_0   job_0_task_2   job_5_task_3   job_9_task_2   job_14_task_0  job_5_task_5   job_12_task_2  job_9_task_3   job_14_task_1  job_15_task_2  job_8_task_3   job_2_task_2   job_18_task_3  job_19_task_2  job_4_task_4   job_3_task_3   job_12_task_4  job_3_task_4   job_15_task_4  job_16_task_0  job_10_task_3  job_8_task_6   job_9_task_5   job_14_task_3  job_6_task_1   job_6_task_2   job_16_task_2  job_14_task_4  job_13_task_3  job_16_task_3  job_6_task_3   job_14_task_5  job_9_task_6   job_15_task_5  job_19_task_5  job_16_task_4  job_13_task_4  job_5_task_8   job_7_task_6   job_19_task_6  job_5_task_9   job_16_task_5  job_16_task_6  job_18_task_8  job_19_task_7  job_2_task_8   job_9_task_8   job_18_task_9  job_6_task_6   job_18_task_10 job_18_task_11 job_16_task_8  job_15_task_9  job_15_task_10 job_10_task_8  job_1_task_9   job_3_task_8   job_14_task_9  job_15_task_11 job_15_task_12 job_10_task_10 job_10_task_11 job_10_task_12 job_5_task_12  job_9_task_10  job_11_task_9  job_11_task_10 job_7_task_11  job_3_task_10  job_3_task_11  job_8_task_12  job_4_task_12  job_0_task_11  job_17_task_12 job_13_task_12 job_6_task_11  
           [0,6]          [6,13]         [13,21]        [21,30]        [30,40]        [40,46]        [46,51]        [51,60]        [60,67]        [67,68]        [68,75]        [75,76]        [76,80]        [80,88]        [88,96]        [96,102]       [102,104]      [104,114]      [114,120]      [120,122]      [122,130]      [130,139]      [139,140]      [140,141]      [141,148]      [148,158]      [158,166]      [166,175]      [175,184]      [184,185]      [185,187]      [187,193]      [193,196]      [196,206]      [206,208]      [208,214]      [214,216]      [216,220]      [220,227]      [227,232]      [232,234]      [234,237]      [237,242]      [242,249]      [249,255]      [255,262]      [262,268]      [268,272]      [272,277]      [277,282]      [282,289]      [289,290]      [290,291]      [291,295]      [295,296]      [296,301]      [301,309]      [309,315]      [315,316]      [316,321]      [321,323]      [327,328]      [330,337]      [337,347]      [347,351]      [351,353]      [353,356]      [356,359]      [359,363]      [363,366]      [379,383]      [383,385]      [385,392]      [392,400]      [400,402]      [402,405]      [405,408]      [413,419]      [419,423]      [423,425]      [425,432]      [432,442]      [442,449]      [449,456]      [465,467]      [477,479]      
Optimal Schedule Length: 487.0
Total (Unoptimized Schedule Length): 1409
Statistics
  - conflicts: 0
  - branches : 56
  - wall time: 1.0146296670000001s