
Problem
        task_0   task_1   task_2   task_3   task_4   task_5   task_6   task_7   task_8   task_9  task_10  task_11  task_12  task_13  task_14  task_15  task_16  task_17  task_18
job_0   (7, 6)  (6, 10)   (0, 8)   (4, 5)   (8, 9)   (8, 6)   (2, 7)   (4, 3)   (7, 4)   (4, 2)   (4, 9)   (9, 4)   (4, 4)   (4, 3)   (5, 4)   (1, 8)   (3, 4)  (9, 10)   (9, 5)
job_1   (9, 7)   (2, 9)  (3, 10)   (2, 5)   (8, 5)   (3, 8)   (3, 8)   (6, 2)   (6, 7)   (8, 4)   (3, 9)   (9, 4)   (0, 8)   (9, 1)   (7, 2)   (3, 8)   (7, 8)   (0, 6)   (9, 2)
job_2   (5, 5)   (0, 5)   (3, 1)   (3, 1)  (9, 10)   (6, 9)   (1, 8)   (5, 8)   (0, 9)   (0, 7)   (7, 5)   (3, 4)  (5, 10)  (5, 10)   (8, 7)  (2, 10)  (5, 10)  (1, 10)  (1, 10)
job_3   (6, 7)   (9, 2)   (2, 6)   (7, 9)   (5, 3)   (5, 2)   (0, 5)   (6, 8)   (4, 9)   (5, 8)   (7, 1)   (2, 9)   (4, 5)   (1, 1)   (4, 3)  (5, 10)   (5, 6)  (3, 10)  (2, 10)
job_4   (9, 3)   (9, 5)   (3, 2)   (4, 3)   (9, 8)   (1, 2)   (7, 9)   (9, 6)   (1, 1)   (4, 2)   (5, 6)   (7, 8)   (3, 8)  (3, 10)  (7, 10)   (3, 2)   (7, 9)   (1, 6)  (5, 10)
job_5   (2, 7)   (8, 4)   (3, 3)   (9, 1)   (7, 4)   (0, 9)  (0, 10)  (7, 10)   (4, 8)   (4, 7)   (9, 1)   (6, 6)   (8, 2)   (9, 9)  (3, 10)   (3, 8)   (9, 4)   (0, 6)  (8, 10)
job_6   (5, 1)   (0, 6)   (8, 6)   (2, 2)   (3, 2)   (6, 1)   (3, 4)   (0, 4)  (5, 10)   (9, 2)   (3, 3)   (9, 3)   (9, 1)   (6, 1)   (8, 3)   (5, 8)   (7, 1)   (0, 3)   (1, 6)
job_7   (4, 9)   (2, 8)  (2, 10)   (1, 4)   (9, 1)   (0, 9)   (5, 1)   (5, 7)   (4, 1)  (3, 10)   (0, 2)   (8, 1)   (9, 8)   (1, 7)   (0, 9)   (0, 5)   (0, 8)   (0, 6)   (3, 3)
job_8   (7, 1)   (1, 8)   (3, 8)   (9, 8)   (7, 4)   (1, 6)   (9, 5)   (1, 5)   (4, 1)  (2, 10)   (8, 3)   (5, 8)   (8, 4)   (3, 7)  (7, 10)   (8, 9)   (3, 1)   (0, 9)   (4, 5)
job_9   (4, 9)   (4, 4)   (3, 6)  (5, 10)  (4, 10)   (7, 2)   (0, 5)   (1, 6)   (1, 8)   (7, 9)   (8, 2)   (1, 8)   (4, 3)  (0, 10)   (9, 6)  (1, 10)   (1, 5)   (4, 3)   (6, 2)
job_10  (9, 4)   (4, 7)   (6, 7)   (8, 5)   (9, 1)   (6, 9)   (9, 2)   (5, 1)   (6, 1)  (2, 10)   (9, 5)  (1, 10)   (6, 4)   (6, 8)   (1, 2)  (9, 10)   (2, 2)   (8, 9)   (7, 6)
job_11  (6, 5)   (6, 6)   (5, 2)   (6, 9)   (4, 8)   (6, 3)   (6, 4)   (2, 6)   (2, 5)   (1, 4)   (1, 2)   (0, 2)   (6, 4)   (8, 1)   (2, 1)   (5, 6)   (0, 7)   (1, 1)   (5, 8)
job_12  (9, 9)   (9, 7)   (4, 2)   (8, 4)   (2, 8)   (1, 1)   (7, 8)  (1, 10)   (3, 6)   (8, 1)  (7, 10)  (0, 10)   (5, 3)   (0, 6)   (2, 7)   (5, 9)   (4, 2)   (2, 6)   (2, 1)
job_13  (8, 7)  (1, 10)   (1, 4)   (7, 2)   (9, 3)   (1, 2)   (4, 1)   (9, 2)   (1, 9)  (9, 10)   (6, 5)   (0, 8)   (6, 5)   (1, 1)   (7, 8)   (8, 1)   (3, 2)   (5, 5)   (0, 1)
job_14  (6, 3)   (2, 3)   (9, 9)   (3, 2)   (9, 5)   (3, 6)  (3, 10)   (9, 7)   (5, 3)   (1, 6)   (7, 2)   (7, 7)   (1, 5)   (3, 1)  (4, 10)   (0, 6)   (0, 4)   (9, 5)   (6, 6)
job_15  (1, 9)   (6, 9)   (3, 7)   (0, 3)   (4, 4)   (5, 2)   (0, 2)   (3, 4)   (0, 3)   (5, 9)  (0, 10)   (0, 6)   (1, 5)   (1, 6)   (3, 7)   (6, 9)   (4, 1)   (6, 9)   (8, 4)
job_16  (3, 1)   (5, 1)   (6, 1)   (6, 5)   (8, 2)   (0, 2)   (3, 2)   (6, 9)   (7, 5)   (6, 6)   (9, 2)   (2, 8)   (6, 2)   (2, 6)   (8, 7)   (8, 9)  (0, 10)   (9, 8)   (9, 1)
job_17  (3, 3)   (2, 5)   (0, 2)   (3, 7)   (7, 6)   (4, 3)   (5, 8)   (5, 8)   (8, 5)   (0, 5)   (4, 9)  (3, 10)   (2, 5)   (9, 4)   (8, 5)   (9, 8)   (2, 4)   (8, 5)   (1, 6)
job_18  (0, 8)  (0, 10)   (0, 6)   (7, 7)   (0, 6)   (3, 8)   (7, 7)   (4, 8)   (5, 9)   (0, 4)   (2, 8)   (1, 7)   (6, 7)   (2, 7)   (5, 1)   (3, 8)   (1, 6)   (8, 3)  (2, 10)
job_19  (0, 9)   (8, 2)   (6, 7)   (8, 1)   (0, 3)  (7, 10)   (4, 7)   (6, 1)   (7, 9)   (1, 5)   (5, 6)   (9, 6)   (4, 4)   (9, 5)   (5, 5)   (8, 6)   (3, 1)   (1, 4)   (9, 1)


Solution:
Machine 0: job_18_task_0  job_17_task_2  job_2_task_1   job_18_task_1  job_18_task_2  job_0_task_2   job_18_task_4  job_5_task_5   job_19_task_0  job_2_task_8   job_5_task_6   job_3_task_6   job_15_task_3  job_2_task_9   job_16_task_5  job_9_task_6   job_7_task_5   job_15_task_6  job_19_task_4  job_6_task_1   job_15_task_8  job_18_task_9  job_17_task_9  job_7_task_10  job_11_task_11 job_15_task_10 job_15_task_11 job_6_task_7   job_12_task_11 job_9_task_13  job_1_task_12  job_12_task_13 job_13_task_11 job_7_task_14  job_7_task_15  job_14_task_15 job_16_task_16 job_7_task_16  job_5_task_17  job_11_task_16 job_14_task_16 job_8_task_17  job_6_task_17  job_7_task_17  job_1_task_17  job_13_task_18 
           [0,8]          [8,10]         [10,15]        [15,25]        [25,31]        [31,39]        [39,45]        [45,54]        [54,63]        [63,72]        [72,82]        [82,87]        [87,90]        [90,97]        [97,99]        [99,104]       [104,113]      [113,115]      [115,118]      [118,124]      [124,127]      [127,131]      [131,136]      [136,138]      [138,140]      [140,150]      [150,156]      [156,160]      [160,170]      [170,180]      [180,188]      [188,194]      [194,202]      [202,211]      [211,216]      [216,222]      [222,232]      [232,240]      [240,246]      [246,253]      [253,257]      [257,266]      [266,269]      [269,275]      [275,281]      [281,282]      
Machine 1: job_8_task_1   job_13_task_1  job_13_task_2  job_15_task_0  job_2_task_6   job_7_task_3   job_4_task_5   job_8_task_5   job_12_task_5  job_8_task_7   job_4_task_8   job_12_task_7  job_13_task_5  job_11_task_9  job_9_task_7   job_9_task_8   job_11_task_10 job_10_task_11 job_13_task_8  job_18_task_11 job_9_task_11  job_10_task_14 job_15_task_12 job_14_task_9  job_19_task_9  job_3_task_13  job_7_task_13  job_14_task_12 job_15_task_13 job_0_task_15  job_9_task_15  job_2_task_17  job_18_task_16 job_13_task_13 job_4_task_17  job_9_task_16  job_2_task_18  job_17_task_18 job_11_task_17 job_19_task_17 job_6_task_18  
           [1,9]          [9,19]         [19,23]        [23,32]        [38,46]        [48,52]        [56,58]        [68,74]        [74,75]        [80,85]        [86,87]        [87,97]        [97,99]        [99,103]       [104,110]      [110,118]      [118,120]      [120,130]      [130,139]      [140,147]      [147,155]      [155,157]      [157,162]      [162,168]      [168,173]      [173,174]      [174,181]      [181,186]      [186,192]      [194,202]      [202,212]      [212,222]      [222,228]      [228,229]      [229,235]      [235,240]      [240,250]      [250,256]      [256,257]      [257,261]      [269,275]      
Machine 2: job_17_task_1  job_5_task_0   job_1_task_1   job_7_task_1   job_3_task_2   job_7_task_2   job_1_task_3   job_14_task_1  job_12_task_4  job_11_task_7  job_11_task_8  job_0_task_6   job_8_task_9   job_10_task_9  job_6_task_3   job_18_task_10 job_16_task_11 job_3_task_11  job_16_task_13 job_2_task_15  job_17_task_12 job_18_task_13 job_11_task_14 job_12_task_14 job_10_task_16 job_17_task_16 job_12_task_17 job_12_task_18 job_18_task_18 job_3_task_18  
           [3,8]          [8,15]         [15,24]        [24,32]        [32,38]        [38,48]        [48,53]        [55,58]        [62,70]        [70,76]        [76,81]        [84,91]        [91,101]       [105,115]      [130,132]      [132,140]      [143,151]      [153,162]      [162,168]      [168,178]      [178,183]      [183,190]      [190,191]      [194,201]      [207,209]      [219,223]      [223,229]      [229,230]      [235,245]      [245,255]      
Machine 3: job_17_task_0  job_16_task_0  job_17_task_3  job_2_task_2   job_2_task_3   job_9_task_2   job_5_task_2   job_4_task_2   job_1_task_2   job_8_task_2   job_18_task_5  job_1_task_5   job_1_task_6   job_14_task_3  job_15_task_2  job_14_task_5  job_14_task_6  job_16_task_6  job_2_task_11  job_12_task_8  job_15_task_7  job_7_task_9   job_4_task_12  job_6_task_4   job_1_task_10  job_6_task_6   job_17_task_11 job_4_task_13  job_8_task_13  job_5_task_14  job_14_task_13 job_15_task_14 job_6_task_10  job_5_task_15  job_4_task_15  job_18_task_15 job_1_task_15  job_3_task_17  job_0_task_16  job_8_task_16  job_19_task_16 job_13_task_16 job_7_task_18  
           [0,3]          [3,4]          [10,17]        [17,18]        [18,19]        [19,25]        [25,28]        [28,30]        [30,40]        [40,48]        [48,56]        [58,66]        [66,74]        [74,76]        [78,85]        [91,97]        [97,107]       [107,109]      [109,113]      [113,119]      [119,123]      [123,133]      [133,141]      [141,143]      [143,152]      [152,156]      [156,166]      [166,176]      [176,183]      [183,193]      [193,194]      [194,201]      [201,204]      [204,212]      [212,214]      [214,222]      [222,230]      [230,240]      [240,244]      [244,245]      [246,247]      [257,259]      [275,278]      
Machine 4: job_9_task_0   job_9_task_1   job_7_task_0   job_10_task_1  job_17_task_5  job_4_task_3   job_9_task_4   job_0_task_3   job_12_task_2  job_11_task_4  job_18_task_7  job_8_task_8   job_4_task_9   job_15_task_4  job_0_task_7   job_3_task_8   job_5_task_8   job_5_task_9   job_7_task_8   job_13_task_6  job_0_task_9   job_0_task_10  job_19_task_6  job_17_task_10 job_9_task_12  job_3_task_12  job_0_task_12  job_0_task_13  job_3_task_14  job_19_task_12 job_14_task_14 job_15_task_16 job_12_task_16 job_9_task_17  job_8_task_18  
           [0,9]          [9,13]         [13,22]        [22,29]        [29,32]        [32,35]        [35,45]        [45,50]        [50,52]        [52,60]        [63,71]        [85,86]        [87,89]        [90,94]        [94,97]        [97,106]       [106,114]      [114,121]      [121,122]      [122,123]      [123,125]      [125,134]      [134,141]      [141,150]      [155,158]      [162,167]      [167,171]      [171,174]      [174,177]      [186,190]      [194,204]      [210,211]      [220,222]      [240,243]      [266,271]      
Machine 5: job_2_task_0   job_16_task_1  job_6_task_0   job_9_task_3   job_11_task_2  job_17_task_6  job_2_task_7   job_3_task_4   job_3_task_5   job_17_task_7  job_18_task_8  job_4_task_10  job_15_task_5  job_10_task_7  job_8_task_11  job_7_task_6   job_7_task_7   job_2_task_12  job_15_task_9  job_3_task_9   job_2_task_13  job_14_task_8  job_6_task_8   job_12_task_12 job_19_task_10 job_3_task_15  job_0_task_14  job_2_task_16  job_18_task_14 job_3_task_16  job_12_task_15 job_6_task_15  job_11_task_15 job_19_task_14 job_4_task_18  job_11_task_18 job_13_task_17 
           [0,5]          [5,6]          [6,7]          [25,35]        [35,37]        [37,45]        [46,54]        [54,57]        [57,59]        [59,67]        [71,80]        [89,95]        [95,97]        [97,98]        [104,112]      [113,114]      [114,121]      [121,131]      [131,140]      [140,148]      [148,158]      [158,161]      [161,171]      [171,174]      [174,180]      [180,190]      [190,194]      [194,204]      [204,205]      [205,211]      [211,220]      [221,229]      [229,235]      [235,240]      [240,250]      [257,265]      [265,270]      
Machine 6: job_3_task_0   job_0_task_1   job_11_task_0  job_11_task_1  job_16_task_2  job_2_task_5   job_16_task_3  job_11_task_3  job_14_task_0  job_10_task_2  job_11_task_5  job_11_task_6  job_15_task_1  job_10_task_5  job_3_task_7   job_1_task_7   job_1_task_8   job_10_task_8  job_19_task_2  job_16_task_7  job_5_task_11  job_10_task_12 job_16_task_9  job_10_task_13 job_19_task_7  job_6_task_5   job_18_task_12 job_16_task_12 job_13_task_10 job_11_task_12 job_15_task_15 job_13_task_12 job_6_task_13  job_15_task_17 job_9_task_18  job_14_task_18 
           [0,7]          [7,17]         [17,22]        [22,28]        [28,29]        [29,38]        [38,43]        [43,52]        [52,55]        [55,62]        [62,65]        [65,69]        [69,78]        [78,87]        [87,95]        [95,97]        [97,104]       [104,105]      [105,112]      [112,121]      [122,128]      [130,134]      [134,140]      [140,148]      [148,149]      [149,150]      [150,157]      [157,159]      [161,166]      [166,170]      [201,210]      [210,215]      [215,216]      [216,225]      [243,245]      [264,270]      
Machine 7: job_8_task_0   job_0_task_0   job_17_task_4  job_13_task_3  job_18_task_3  job_5_task_4   job_3_task_3   job_9_task_5   job_18_task_6  job_8_task_4   job_4_task_6   job_12_task_6  job_5_task_7   job_2_task_10  job_4_task_11  job_0_task_8   job_19_task_5  job_16_task_8  job_9_task_9   job_12_task_10 job_3_task_10  job_19_task_8  job_14_task_10 job_14_task_11 job_4_task_14  job_8_task_14  job_1_task_14  job_4_task_16  job_10_task_18 job_6_task_16  job_1_task_16  job_13_task_14 
           [0,1]          [1,7]          [17,23]        [23,25]        [31,38]        [38,42]        [42,51]        [51,53]        [56,63]        [64,68]        [68,77]        [77,85]        [85,95]        [97,102]       [102,110]      [110,114]      [118,128]      [128,133]      [133,142]      [142,152]      [152,153]      [153,162]      [168,170]      [170,177]      [177,187]      [187,197]      [197,199]      [214,223]      [223,229]      [229,230]      [230,238]      [238,246]      
Machine 8: job_13_task_0  job_5_task_1   job_16_task_4  job_1_task_4   job_12_task_3  job_10_task_3  job_19_task_1  job_0_task_4   job_0_task_5   job_17_task_8  job_8_task_10  job_1_task_9   job_19_task_3  job_8_task_12  job_12_task_9  job_6_task_2   job_5_task_12  job_7_task_11  job_9_task_10  job_2_task_14  job_16_task_14 job_16_task_15 job_11_task_13 job_17_task_14 job_8_task_15  job_10_task_17 job_6_task_14  job_17_task_17 job_15_task_18 job_18_task_17 job_19_task_15 job_5_task_18  job_13_task_15 
           [0,7]          [15,19]        [43,45]        [53,58]        [58,62]        [62,67]        [67,69]        [69,78]        [78,84]        [84,89]        [101,104]      [104,108]      [112,113]      [113,117]      [119,120]      [124,130]      [130,132]      [138,139]      [142,144]      [158,165]      [168,175]      [175,184]      [184,185]      [190,195]      [197,206]      [209,218]      [218,221]      [223,228]      [228,232]      [232,235]      [240,246]      [246,256]      [256,257]      
Machine 9: job_1_task_0   job_4_task_0   job_4_task_1   job_10_task_0  job_2_task_4   job_3_task_1   job_5_task_3   job_12_task_0  job_12_task_1  job_4_task_4   job_8_task_3   job_14_task_2  job_10_task_4  job_7_task_4   job_8_task_6   job_4_task_7   job_14_task_4  job_10_task_6  job_13_task_4  job_14_task_7  job_10_task_10 job_5_task_10  job_13_task_7  job_5_task_13  job_16_task_10 job_7_task_12  job_13_task_9  job_0_task_11  job_1_task_11  job_6_task_9   job_19_task_11 job_17_task_13 job_1_task_13  job_9_task_14  job_10_task_15 job_6_task_11  job_6_task_12  job_17_task_15 job_19_task_13 job_5_task_16  job_16_task_17 job_16_task_18 job_0_task_17  job_0_task_18  job_14_task_17 job_19_task_18 job_1_task_18  
           [0,7]          [7,10]         [10,15]        [15,19]        [19,29]        [29,31]        [31,32]        [32,41]        [41,48]        [48,56]        [56,64]        [64,73]        [73,74]        [74,75]        [75,80]        [80,86]        [86,91]        [91,93]        [93,96]        [107,114]      [115,120]      [121,122]      [123,125]      [132,141]      [141,143]      [143,151]      [151,161]      [161,165]      [165,169]      [171,173]      [180,186]      [186,190]      [190,191]      [191,197]      [197,207]      [207,210]      [210,211]      [211,219]      [219,224]      [224,228]      [232,240]      [240,241]      [244,254]      [254,259]      [259,264]      [264,265]      [281,283]      
Optimal Schedule Length: 283.0
Total (Unoptimized Schedule Length): 2121
Statistics
  - conflicts: 50
  - branches : 505
  - wall time: 0.24148212400000002s