
Problem
        task_0   task_1  task_2   task_3   task_4   task_5   task_6   task_7   task_8   task_9  task_10
job_0   (1, 4)   (5, 6)  (1, 3)  (6, 10)   (0, 5)   (2, 8)   (3, 6)   (1, 4)   (3, 5)   (4, 8)   (1, 1)
job_1   (5, 1)   (6, 2)  (2, 1)   (6, 2)   (3, 2)   (4, 1)   (4, 3)   (5, 8)   (0, 3)   (0, 4)   (3, 8)
job_2   (1, 1)   (1, 2)  (6, 7)   (6, 7)   (0, 7)   (4, 1)   (5, 4)   (2, 3)   (0, 4)   (3, 5)   (6, 2)
job_3   (3, 2)   (6, 6)  (4, 7)   (6, 6)   (6, 8)   (3, 1)   (1, 2)  (3, 10)   (3, 5)  (2, 10)   (1, 2)
job_4   (2, 3)   (1, 2)  (3, 1)   (2, 7)   (5, 9)   (3, 1)   (6, 1)  (0, 10)  (2, 10)   (0, 2)   (0, 9)
job_5   (0, 7)   (3, 8)  (3, 9)  (5, 10)   (6, 1)   (0, 7)   (4, 6)   (2, 3)   (3, 2)   (1, 5)   (1, 9)
job_6   (5, 5)  (4, 10)  (3, 2)   (2, 5)   (3, 6)   (5, 2)   (6, 5)   (5, 9)   (1, 9)   (5, 3)   (1, 4)
job_7   (4, 4)   (4, 4)  (5, 7)   (3, 4)   (5, 2)   (3, 1)   (5, 2)   (5, 3)   (5, 8)   (0, 5)   (2, 4)
job_8   (2, 3)   (4, 7)  (6, 9)   (3, 8)   (3, 2)  (2, 10)   (5, 9)   (3, 1)   (3, 3)   (4, 9)   (4, 8)
job_9   (1, 1)   (5, 7)  (1, 4)   (0, 3)   (1, 1)   (3, 7)   (2, 1)   (5, 5)   (2, 9)   (4, 2)   (1, 7)
job_10  (0, 1)   (0, 4)  (6, 6)   (1, 2)   (3, 7)  (0, 10)   (2, 2)   (0, 9)   (3, 7)   (1, 3)   (5, 6)
job_11  (3, 9)   (4, 7)  (4, 6)   (5, 1)   (5, 8)  (2, 10)   (2, 5)   (1, 2)   (6, 9)   (1, 4)   (2, 8)
job_12  (0, 4)   (6, 2)  (3, 9)   (6, 8)   (6, 3)   (2, 2)   (5, 4)   (4, 1)   (5, 2)   (3, 1)   (6, 8)
job_13  (3, 7)   (6, 4)  (5, 6)   (3, 6)   (1, 5)   (5, 8)   (3, 8)   (4, 8)  (6, 10)   (2, 9)  (1, 10)
job_14  (3, 2)  (3, 10)  (1, 9)   (2, 3)   (0, 9)   (2, 9)  (6, 10)   (4, 1)   (4, 3)   (4, 9)   (6, 8)
job_15  (4, 9)   (6, 1)  (1, 7)   (2, 1)  (3, 10)   (0, 5)   (1, 4)   (3, 5)   (3, 2)   (5, 1)   (4, 5)
job_16  (0, 5)   (6, 6)  (5, 6)   (5, 4)   (0, 2)   (5, 7)   (2, 3)   (3, 7)   (5, 1)   (2, 4)   (0, 1)
job_17  (1, 3)   (3, 4)  (5, 8)   (0, 3)   (3, 8)   (0, 4)   (3, 9)   (5, 1)   (0, 1)   (6, 1)   (2, 5)
job_18  (3, 2)   (4, 7)  (6, 6)   (1, 3)   (0, 6)   (1, 4)   (3, 6)   (5, 9)   (5, 8)   (3, 1)  (0, 10)
job_19  (6, 6)   (3, 8)  (3, 9)   (0, 8)   (2, 7)   (2, 2)   (4, 3)   (0, 1)   (4, 4)   (5, 9)   (6, 8)


Solution:
Machine 0: job_5_task_0   job_10_task_0  job_10_task_1  job_16_task_0  job_12_task_0  job_14_task_4  job_0_task_4   job_9_task_3   job_18_task_4  job_19_task_3  job_5_task_5   job_2_task_4   job_16_task_4  job_10_task_5  job_17_task_3  job_19_task_7  job_10_task_7  job_2_task_8   job_4_task_7   job_15_task_5  job_4_task_9   job_4_task_10  job_17_task_5  job_1_task_8   job_1_task_9   job_7_task_9   job_17_task_8  job_18_task_10 job_16_task_10 
           [0,7]          [7,8]          [8,12]         [12,17]        [17,21]        [35,44]        [44,49]        [49,52]        [54,60]        [72,80]        [81,88]        [88,95]        [95,97]        [102,112]      [112,115]      [115,116]      [116,125]      [131,135]      [135,145]      [145,150]      [155,157]      [157,166]      [166,170]      [170,173]      [173,177]      [188,193]      [196,197]      [220,230]      [230,231]      
Machine 1: job_0_task_0   job_9_task_0   job_17_task_0  job_4_task_1   job_2_task_0   job_0_task_2   job_2_task_1   job_15_task_2  job_14_task_2  job_10_task_3  job_13_task_4  job_9_task_2   job_18_task_3  job_9_task_4   job_18_task_5  job_11_task_7  job_11_task_9  job_13_task_10 job_6_task_8   job_3_task_6   job_15_task_6  job_9_task_10  job_0_task_7   job_3_task_10  job_5_task_9   job_5_task_10  job_10_task_9  job_6_task_10  job_0_task_10  
           [0,4]          [4,5]          [5,8]          [8,10]         [10,11]        [11,14]        [14,16]        [16,23]        [23,32]        [32,34]        [34,39]        [39,43]        [51,54]        [54,55]        [60,64]        [77,79]        [109,113]      [128,138]      [143,152]      [152,154]      [154,158]      [169,176]      [176,180]      [194,196]      [196,201]      [201,210]      [210,213]      [213,217]      [217,218]      
Machine 2: job_8_task_0   job_4_task_0   job_15_task_3  job_14_task_3  job_14_task_5  job_0_task_5   job_11_task_5  job_11_task_6  job_4_task_3   job_6_task_3   job_19_task_4  job_1_task_2   job_19_task_5  job_5_task_7   job_8_task_5   job_10_task_6  job_16_task_6  job_13_task_9  job_2_task_7   job_11_task_10 job_12_task_5  job_9_task_6   job_4_task_8   job_9_task_8   job_3_task_9   job_7_task_10  job_17_task_10 job_16_task_9  
           [0,3]          [3,6]          [23,24]        [32,35]        [44,53]        [53,61]        [62,72]        [72,77]        [77,84]        [84,89]        [89,96]        [96,97]        [97,99]        [99,102]       [104,114]      [114,116]      [116,119]      [119,128]      [128,131]      [131,139]      [139,141]      [143,144]      [145,155]      [158,167]      [184,194]      [194,198]      [198,203]      [220,224]      
Machine 3: job_13_task_0  job_14_task_0  job_14_task_1  job_11_task_0  job_13_task_3  job_18_task_0  job_5_task_1   job_3_task_0   job_19_task_1  job_5_task_2   job_19_task_2  job_4_task_2   job_8_task_3   job_6_task_2   job_13_task_6  job_17_task_1  job_10_task_4  job_8_task_4   job_6_task_4   job_12_task_2  job_18_task_6  job_4_task_5   job_15_task_4  job_9_task_5   job_3_task_5   job_1_task_4   job_7_task_3   job_17_task_4  job_3_task_7   job_0_task_6   job_7_task_5   job_8_task_7   job_8_task_8   job_3_task_8   job_17_task_6  job_5_task_8   job_10_task_8  job_0_task_8   job_15_task_7  job_16_task_7  job_18_task_9  job_12_task_9  job_15_task_8  job_2_task_9   job_1_task_10  
           [0,7]          [7,9]          [9,19]         [19,28]        [28,34]        [34,36]        [36,44]        [44,46]        [46,54]        [54,63]        [63,72]        [72,73]        [73,81]        [81,83]        [83,91]        [91,95]        [95,102]       [102,104]      [104,110]      [110,119]      [119,125]      [125,126]      [126,136]      [136,143]      [143,144]      [144,146]      [146,150]      [150,158]      [158,168]      [168,174]      [174,175]      [175,176]      [176,179]      [179,184]      [184,193]      [193,195]      [195,202]      [202,207]      [207,212]      [212,219]      [219,220]      [220,221]      [221,223]      [223,228]      [228,236]      
Machine 4: job_15_task_0  job_8_task_1   job_6_task_1   job_7_task_0   job_11_task_1  job_18_task_1  job_11_task_2  job_7_task_1   job_3_task_2   job_5_task_6   job_13_task_7  job_19_task_6  job_14_task_7  job_14_task_8  job_2_task_5   job_14_task_9  job_19_task_8  job_1_task_5   job_1_task_6   job_9_task_9   job_8_task_9   job_8_task_10  job_12_task_7  job_0_task_9   job_15_task_10 
           [0,9]          [9,16]         [16,26]        [26,30]        [30,37]        [37,44]        [44,50]        [50,54]        [57,64]        [88,94]        [94,102]       [102,105]      [105,106]      [106,109]      [109,110]      [110,119]      [119,123]      [146,147]      [147,150]      [167,169]      [179,188]      [188,196]      [196,197]      [207,215]      [224,229]      
Machine 5: job_6_task_0   job_0_task_1   job_13_task_2  job_9_task_1   job_1_task_0   job_13_task_5  job_16_task_2  job_11_task_3  job_11_task_4  job_7_task_2   job_5_task_3   job_16_task_3  job_4_task_4   job_17_task_2  job_16_task_5  job_6_task_5   job_2_task_6   job_8_task_6   job_18_task_7  job_6_task_7   job_18_task_8  job_7_task_4   job_9_task_7   job_1_task_7   job_19_task_9  job_7_task_6   job_7_task_7   job_7_task_8   job_12_task_6  job_6_task_9   job_17_task_7  job_12_task_8  job_10_task_10 job_16_task_8  job_15_task_9  
           [0,5]          [5,11]         [11,17]        [17,24]        [24,25]        [39,47]        [47,53]        [53,54]        [54,62]        [62,69]        [69,79]        [79,83]        [84,93]        [95,103]       [103,110]      [110,112]      [112,116]      [116,125]      [125,134]      [134,143]      [143,151]      [151,153]      [153,158]      [158,166]      [166,175]      [175,177]      [177,180]      [180,188]      [188,192]      [192,195]      [195,196]      [197,199]      [213,219]      [219,220]      [223,224]      
Machine 6: job_19_task_0  job_13_task_1  job_15_task_1  job_10_task_2  job_8_task_2   job_0_task_3   job_16_task_1  job_12_task_1  job_18_task_2  job_3_task_1   job_2_task_2   job_3_task_3   job_3_task_4   job_1_task_1   job_5_task_4   job_2_task_3   job_14_task_6  job_1_task_3   job_11_task_8  job_13_task_8  job_6_task_6   job_12_task_3  job_4_task_6   job_12_task_4  job_14_task_10 job_19_task_10 job_17_task_9  job_12_task_10 job_2_task_10  
           [0,6]          [7,11]         [11,12]        [12,18]        [18,27]        [27,37]        [37,43]        [43,45]        [45,51]        [51,57]        [57,64]        [64,70]        [70,78]        [78,80]        [80,81]        [81,88]        [88,98]        [98,100]       [100,109]      [109,119]      [119,124]      [124,132]      [132,133]      [133,136]      [136,144]      [175,183]      [197,198]      [221,229]      [229,231]      
Optimal Schedule Length: 236.0
Total (Unoptimized Schedule Length): 1133
Statistics
  - conflicts: 0
  - branches : 0
  - wall time: 0.059794278000000006s