
Problem
         task_0   task_1  task_2  task_3   task_4   task_5   task_6   task_7  task_8   task_9  task_10 task_11 task_12  task_13  task_14
job_0    (0, 7)   (2, 1)  (2, 3)  (1, 9)   (0, 5)   (2, 3)   (0, 6)  (2, 10)  (0, 3)   (0, 6)  (1, 10)  (0, 1)  (1, 6)   (0, 8)   (2, 8)
job_1    (2, 1)   (0, 4)  (1, 9)  (1, 4)   (1, 7)   (0, 9)   (1, 2)   (0, 3)  (0, 1)   (2, 5)   (2, 2)  (2, 9)  (2, 7)   (2, 8)   (2, 3)
job_2    (0, 6)   (0, 1)  (1, 2)  (1, 7)   (0, 3)   (2, 2)   (1, 4)   (1, 7)  (0, 1)   (2, 7)   (0, 1)  (0, 2)  (1, 1)   (2, 8)   (1, 4)
job_3    (0, 8)  (0, 10)  (0, 1)  (0, 3)   (0, 5)   (2, 3)   (1, 5)   (2, 8)  (2, 8)   (1, 7)   (0, 3)  (1, 1)  (1, 1)   (0, 6)   (2, 2)
job_4    (2, 5)   (0, 7)  (2, 4)  (0, 1)   (1, 1)  (0, 10)   (0, 6)  (2, 10)  (1, 4)  (1, 10)   (1, 3)  (2, 9)  (1, 5)   (2, 6)   (0, 8)
job_5   (1, 10)   (2, 9)  (1, 9)  (2, 6)   (0, 6)   (0, 8)  (2, 10)   (1, 1)  (0, 8)   (1, 7)  (1, 10)  (1, 9)  (0, 7)   (1, 4)   (2, 6)
job_6    (0, 2)  (2, 10)  (2, 9)  (0, 8)  (2, 10)   (0, 9)   (0, 9)   (1, 4)  (1, 1)   (1, 4)   (0, 5)  (0, 3)  (2, 6)   (1, 4)   (2, 1)
job_7    (2, 6)   (1, 7)  (0, 7)  (2, 4)   (0, 4)   (0, 5)   (0, 2)   (1, 8)  (2, 9)   (2, 9)   (2, 7)  (2, 7)  (0, 6)   (2, 6)   (2, 7)
job_8    (0, 9)   (0, 5)  (1, 4)  (0, 3)  (2, 10)   (0, 6)   (0, 8)   (0, 9)  (0, 9)   (2, 7)   (1, 1)  (2, 9)  (2, 2)   (1, 2)  (1, 10)
job_9    (2, 3)   (2, 7)  (2, 9)  (2, 9)   (2, 6)   (1, 8)  (2, 10)   (2, 5)  (0, 5)   (2, 3)   (0, 9)  (2, 3)  (0, 4)   (0, 1)  (0, 10)
job_10   (0, 2)   (1, 1)  (0, 1)  (1, 3)   (2, 2)   (1, 9)   (0, 8)   (2, 2)  (1, 6)   (1, 2)   (1, 6)  (1, 4)  (1, 7)  (0, 10)   (1, 8)
job_11   (0, 3)   (1, 6)  (1, 3)  (0, 8)   (2, 7)   (1, 3)   (1, 9)   (2, 6)  (0, 1)   (2, 3)  (1, 10)  (0, 7)  (1, 2)   (1, 6)   (1, 6)
job_12   (0, 5)  (0, 10)  (2, 7)  (0, 5)   (0, 4)   (2, 6)   (1, 9)   (0, 2)  (2, 5)  (1, 10)   (2, 2)  (2, 2)  (1, 8)   (0, 4)   (1, 5)
job_13   (1, 2)   (1, 2)  (1, 4)  (0, 3)   (0, 9)   (1, 8)   (2, 7)   (0, 7)  (2, 3)   (1, 2)   (2, 1)  (2, 5)  (1, 9)   (0, 6)   (2, 7)
job_14   (0, 9)   (2, 3)  (2, 2)  (1, 1)   (1, 2)   (2, 3)   (1, 3)   (1, 7)  (1, 4)   (0, 3)  (1, 10)  (2, 1)  (1, 8)  (2, 10)   (2, 4)
job_15   (0, 1)   (2, 1)  (0, 6)  (2, 2)   (0, 9)   (0, 5)   (2, 8)   (2, 2)  (0, 2)   (2, 1)  (2, 10)  (0, 6)  (0, 9)   (2, 9)   (0, 2)


Solution:
Machine 0: job_8_task_0   job_0_task_0   job_6_task_0   job_8_task_1   job_12_task_0  job_4_task_1   job_7_task_2   job_11_task_0  job_12_task_1  job_8_task_3   job_5_task_4   job_15_task_0  job_4_task_3   job_1_task_1   job_10_task_0  job_3_task_0   job_7_task_4   job_5_task_5   job_14_task_0  job_15_task_2  job_10_task_2  job_11_task_3  job_13_task_3  job_7_task_5   job_0_task_4   job_6_task_3   job_13_task_4  job_8_task_5   job_15_task_4  job_3_task_1   job_12_task_3  job_7_task_6   job_11_task_8  job_12_task_4  job_0_task_6   job_8_task_6   job_2_task_0   job_15_task_5  job_3_task_2   job_10_task_6  job_3_task_3   job_2_task_1   job_5_task_8   job_3_task_4   job_8_task_7   job_15_task_8  job_1_task_5   job_12_task_7  job_6_task_5   job_0_task_8   job_2_task_4   job_13_task_7  job_8_task_8   job_1_task_7   job_1_task_8   job_0_task_9   job_6_task_6   job_14_task_9  job_9_task_8   job_15_task_11 job_2_task_8   job_0_task_11  job_15_task_12 job_9_task_10  job_4_task_5   job_4_task_6   job_11_task_11 job_7_task_12  job_6_task_10  job_10_task_13 job_5_task_12  job_2_task_10  job_0_task_13  job_2_task_11  job_9_task_12  job_6_task_11  job_3_task_10  job_13_task_13 job_9_task_13  job_9_task_14  job_12_task_13 job_4_task_14  job_3_task_13  job_15_task_14 
           [0,9]          [9,16]         [16,18]        [18,23]        [23,28]        [28,35]        [35,42]        [42,45]        [45,55]        [55,58]        [58,64]        [64,65]        [65,66]        [66,70]        [70,72]        [72,80]        [80,84]        [84,92]        [92,101]       [101,107]      [107,108]      [108,116]      [116,119]      [119,124]      [124,129]      [129,137]      [137,146]      [146,152]      [152,161]      [161,171]      [171,176]      [176,178]      [178,179]      [179,183]      [183,189]      [189,197]      [197,203]      [203,208]      [208,209]      [209,217]      [217,220]      [220,221]      [221,229]      [229,234]      [234,243]      [243,245]      [245,254]      [254,256]      [256,265]      [265,268]      [268,271]      [271,278]      [278,287]      [287,290]      [290,291]      [291,297]      [297,306]      [306,309]      [309,314]      [314,320]      [320,321]      [321,322]      [322,331]      [331,340]      [340,350]      [350,356]      [356,363]      [363,369]      [369,374]      [374,384]      [384,391]      [391,392]      [392,400]      [400,402]      [402,406]      [406,409]      [409,412]      [412,418]      [418,419]      [419,429]      [429,433]      [433,441]      [441,447]      [447,449]      
Machine 1: job_5_task_0   job_7_task_1   job_13_task_0  job_13_task_1  job_13_task_2  job_5_task_2   job_8_task_2   job_11_task_1  job_11_task_2  job_0_task_3   job_4_task_4   job_1_task_2   job_10_task_1  job_1_task_3   job_1_task_4   job_9_task_5   job_10_task_3  job_5_task_7   job_10_task_5  job_11_task_5  job_14_task_3  job_14_task_4  job_11_task_6  job_13_task_5  job_14_task_6  job_14_task_7  job_14_task_8  job_7_task_7   job_11_task_10 job_12_task_6  job_2_task_2   job_2_task_3   job_5_task_9   job_10_task_8  job_10_task_9  job_5_task_10  job_3_task_6   job_1_task_6   job_10_task_10 job_10_task_11 job_5_task_11  job_13_task_9  job_2_task_6   job_2_task_7   job_12_task_9  job_0_task_10  job_14_task_10 job_6_task_7   job_8_task_10  job_10_task_12 job_6_task_8   job_6_task_9   job_14_task_12 job_0_task_12  job_13_task_12 job_3_task_9   job_4_task_8   job_4_task_9   job_4_task_10  job_12_task_12 job_11_task_12 job_4_task_12  job_2_task_12  job_8_task_13  job_11_task_13 job_3_task_11  job_5_task_13  job_8_task_14  job_3_task_12  job_10_task_14 job_11_task_14 job_6_task_13  job_12_task_14 job_2_task_14  
           [0,10]         [10,17]        [17,19]        [19,21]        [21,25]        [25,34]        [34,38]        [45,51]        [51,54]        [59,68]        [68,69]        [70,79]        [79,80]        [80,84]        [84,91]        [110,118]      [118,121]      [122,123]      [124,133]      [134,137]      [137,138]      [138,140]      [140,149]      [149,157]      [162,165]      [165,172]      [172,176]      [178,186]      [186,196]      [196,205]      [221,223]      [223,230]      [230,237]      [237,243]      [243,245]      [245,255]      [255,260]      [260,262]      [262,268]      [268,272]      [272,281]      [281,283]      [283,287]      [287,294]      [294,304]      [304,314]      [314,324]      [324,328]      [328,329]      [329,336]      [336,337]      [337,341]      [341,349]      [349,355]      [355,364]      [364,371]      [371,375]      [375,385]      [385,388]      [388,396]      [396,398]      [398,403]      [403,404]      [404,406]      [406,412]      [412,413]      [413,417]      [417,427]      [427,428]      [428,436]      [436,442]      [442,446]      [446,451]      [451,455]      
Machine 2: job_7_task_0   job_9_task_0   job_4_task_0   job_5_task_1   job_9_task_1   job_6_task_1   job_5_task_3   job_9_task_2   job_0_task_1   job_0_task_2   job_4_task_2   job_1_task_0   job_7_task_3   job_9_task_3   job_6_task_2   job_8_task_4   job_15_task_1  job_12_task_2  job_9_task_4   job_15_task_3  job_5_task_6   job_10_task_4  job_14_task_1  job_11_task_4  job_14_task_2  job_9_task_6   job_0_task_5   job_6_task_4   job_14_task_5  job_11_task_7  job_13_task_6  job_9_task_7   job_11_task_9  job_12_task_5  job_0_task_7   job_7_task_8   job_15_task_6  job_7_task_9   job_7_task_10  job_10_task_7  job_15_task_7  job_7_task_11  job_3_task_5   job_15_task_9  job_15_task_10 job_12_task_8  job_3_task_7   job_3_task_8   job_13_task_8  job_2_task_5   job_13_task_10 job_13_task_11 job_8_task_9   job_1_task_9   job_1_task_10  job_1_task_11  job_12_task_10 job_1_task_12  job_9_task_9   job_14_task_11 job_2_task_9   job_8_task_11  job_12_task_11 job_9_task_11  job_8_task_12  job_1_task_13  job_4_task_7   job_14_task_13 job_7_task_13  job_7_task_14  job_4_task_11  job_14_task_14 job_1_task_14  job_4_task_13  job_6_task_12  job_2_task_13  job_15_task_13 job_0_task_14  job_13_task_14 job_5_task_14  job_3_task_14  job_6_task_14  
           [0,6]          [6,9]          [9,14]         [14,23]        [23,30]        [30,40]        [40,46]        [46,55]        [55,56]        [56,59]        [59,63]        [63,64]        [64,68]        [68,77]        [77,86]        [86,96]        [96,97]        [97,104]       [104,110]      [110,112]      [112,122]      [122,124]      [124,127]      [127,134]      [134,136]      [136,146]      [146,149]      [149,159]      [159,162]      [162,168]      [168,175]      [175,180]      [180,183]      [183,189]      [189,199]      [199,208]      [208,216]      [216,225]      [225,232]      [232,234]      [234,236]      [236,243]      [243,246]      [246,247]      [247,257]      [257,262]      [262,270]      [270,278]      [278,281]      [281,283]      [283,284]      [284,289]      [289,296]      [296,301]      [301,303]      [303,312]      [312,314]      [314,321]      [321,324]      [324,325]      [325,332]      [332,341]      [341,343]      [343,346]      [346,348]      [348,356]      [356,366]      [366,376]      [376,382]      [382,389]      [389,398]      [398,402]      [402,405]      [405,411]      [411,417]      [417,425]      [425,434]      [434,442]      [442,449]      [449,455]      [455,457]      [457,458]      
Optimal Schedule Length: 458.0
Total (Unoptimized Schedule Length): 1304
Statistics
  - conflicts: 0
  - branches : 0
  - wall time: 0.220742346s