
Problem
         task_0   task_1   task_2   task_3   task_4   task_5   task_6   task_7   task_8   task_9 task_10  task_11  task_12  task_13  task_14  task_15  task_16
job_0    (5, 4)   (4, 5)   (4, 4)   (2, 1)   (2, 2)   (4, 6)   (3, 3)   (0, 2)  (2, 10)   (0, 7)  (1, 1)   (1, 1)   (6, 6)   (1, 8)   (2, 9)   (4, 4)   (0, 1)
job_1    (6, 9)   (5, 5)   (3, 7)   (6, 4)   (0, 2)   (5, 4)   (6, 6)   (3, 9)   (5, 7)   (3, 1)  (4, 6)   (1, 3)  (1, 10)   (6, 6)   (1, 9)   (1, 6)   (2, 8)
job_2    (2, 9)   (2, 9)  (4, 10)   (3, 3)   (6, 4)   (1, 2)   (1, 2)   (2, 3)  (6, 10)   (3, 8)  (2, 3)   (0, 2)  (4, 10)   (3, 8)   (5, 7)   (1, 9)   (0, 3)
job_3    (6, 9)   (3, 2)   (6, 4)   (0, 8)   (6, 5)   (2, 6)  (4, 10)   (5, 9)   (3, 3)   (0, 6)  (5, 6)   (5, 6)   (4, 5)   (6, 8)   (4, 8)   (2, 5)   (0, 3)
job_4    (6, 6)   (6, 1)   (2, 1)   (0, 3)   (3, 7)   (3, 3)   (0, 7)   (1, 6)   (3, 4)   (6, 8)  (5, 3)   (5, 3)   (2, 9)   (6, 1)   (2, 6)  (2, 10)   (1, 6)
job_5    (0, 4)   (0, 2)   (6, 4)   (3, 5)   (2, 9)   (1, 2)   (3, 2)   (3, 8)   (5, 7)   (6, 6)  (2, 2)   (3, 8)   (3, 3)  (1, 10)   (2, 4)   (4, 5)   (0, 3)
job_6   (6, 10)   (0, 1)   (2, 2)   (2, 8)   (0, 1)   (4, 2)   (2, 9)   (2, 8)   (2, 2)   (5, 7)  (0, 5)  (0, 10)   (4, 2)   (1, 5)   (6, 7)   (2, 3)   (0, 2)
job_7    (3, 3)   (6, 2)   (5, 1)   (6, 5)   (5, 2)   (5, 3)   (6, 2)   (2, 7)   (5, 8)  (6, 10)  (5, 9)   (5, 1)   (2, 4)   (1, 4)   (4, 9)   (1, 6)   (1, 4)
job_8    (3, 8)   (4, 2)   (5, 1)   (1, 8)   (6, 1)   (2, 5)   (1, 2)   (3, 1)   (0, 8)   (3, 7)  (5, 9)   (4, 3)   (2, 2)   (3, 5)   (6, 1)  (2, 10)   (5, 9)
job_9    (3, 3)   (6, 9)   (5, 2)   (5, 7)   (0, 2)   (4, 1)   (5, 6)   (3, 3)   (0, 9)   (3, 5)  (2, 7)   (5, 8)   (1, 9)  (3, 10)   (4, 7)   (1, 8)  (6, 10)
job_10   (0, 1)   (2, 3)   (6, 7)   (4, 9)   (6, 6)   (1, 1)   (3, 8)   (4, 6)   (6, 7)   (6, 1)  (6, 9)   (4, 4)   (0, 7)   (4, 3)  (5, 10)   (2, 4)  (5, 10)
job_11   (1, 8)   (3, 1)   (5, 5)   (5, 6)   (2, 9)   (5, 6)   (0, 7)   (6, 4)   (2, 1)   (0, 6)  (1, 7)   (5, 2)   (4, 4)   (3, 1)   (6, 3)   (4, 6)   (5, 5)
job_12   (3, 7)   (4, 5)   (0, 8)   (3, 7)   (5, 4)  (3, 10)   (4, 2)   (3, 2)  (3, 10)   (2, 1)  (4, 7)  (6, 10)  (5, 10)   (4, 4)   (4, 5)   (6, 6)   (3, 8)
job_13   (5, 7)   (5, 6)   (1, 7)   (3, 8)   (2, 4)   (3, 7)   (3, 7)   (3, 7)  (2, 10)   (0, 8)  (4, 5)  (1, 10)   (1, 7)   (0, 3)  (2, 10)   (3, 5)   (1, 1)
job_14   (3, 6)   (2, 7)   (3, 6)  (6, 10)   (1, 8)   (1, 2)   (2, 4)   (5, 1)   (6, 6)   (5, 1)  (4, 9)  (4, 10)   (4, 6)   (2, 7)   (0, 8)   (6, 5)   (6, 4)
job_15   (4, 9)   (5, 8)   (4, 9)   (4, 8)  (1, 10)   (3, 7)   (0, 8)   (3, 4)  (3, 10)   (6, 1)  (6, 9)   (0, 7)   (3, 2)   (3, 9)   (4, 2)   (5, 2)   (2, 7)
job_16   (0, 3)  (4, 10)   (3, 9)   (2, 6)   (2, 2)   (4, 6)   (6, 4)   (2, 4)   (6, 5)  (1, 10)  (6, 4)   (4, 1)  (1, 10)  (1, 10)   (3, 8)   (2, 1)   (5, 8)
job_17   (0, 1)   (0, 6)   (3, 3)   (6, 5)   (4, 5)   (4, 3)   (5, 4)   (2, 1)   (2, 1)   (0, 1)  (5, 7)   (2, 9)   (3, 2)   (6, 5)   (3, 4)   (5, 4)   (4, 2)
job_18   (4, 4)   (6, 7)   (5, 6)   (5, 8)   (0, 4)   (2, 4)   (2, 9)  (5, 10)   (6, 1)   (0, 5)  (6, 6)   (0, 4)   (4, 5)   (2, 7)   (0, 4)   (0, 3)   (3, 3)
job_19  (2, 10)   (2, 5)   (4, 5)   (0, 9)   (0, 3)   (3, 1)   (1, 8)  (5, 10)   (5, 4)   (4, 4)  (1, 1)   (0, 5)   (4, 7)   (2, 3)   (5, 8)   (5, 7)   (6, 4)


Solution:
Machine 0: job_16_task_0  job_10_task_0  job_5_task_0   job_5_task_1   job_17_task_0  job_17_task_1  job_12_task_2  job_3_task_3   job_9_task_4   job_6_task_1   job_6_task_4   job_1_task_4   job_19_task_3  job_9_task_8   job_4_task_3   job_19_task_4  job_18_task_4  job_11_task_6  job_6_task_10  job_6_task_11  job_3_task_9   job_15_task_6  job_4_task_6   job_19_task_11 job_13_task_9  job_0_task_7   job_10_task_12 job_13_task_13 job_0_task_9   job_2_task_11  job_18_task_9  job_11_task_9  job_18_task_11 job_17_task_9  job_8_task_8   job_3_task_16  job_18_task_14 job_18_task_15 job_6_task_16  job_15_task_11 job_0_task_16  job_14_task_14 job_2_task_16  job_5_task_16  
           [0,3]          [3,4]          [4,8]          [8,10]         [10,11]        [11,17]        [24,32]        [32,40]        [40,42]        [48,49]        [59,60]        [70,72]        [72,81]        [81,90]        [90,93]        [93,96]        [96,100]       [100,107]      [108,113]      [113,123]      [123,129]      [129,137]      [137,144]      [144,149]      [149,157]      [167,169]      [169,176]      [179,182]      [182,189]      [189,191]      [191,196]      [196,202]      [202,206]      [206,207]      [207,215]      [215,218]      [218,222]      [222,225]      [225,227]      [236,243]      [279,280]      [282,290]      [290,293]      [294,297]      
Machine 1: job_11_task_0  job_13_task_2  job_15_task_4  job_14_task_4  job_8_task_3   job_10_task_5  job_2_task_5   job_2_task_6   job_14_task_5  job_19_task_6  job_5_task_5   job_8_task_6   job_6_task_13  job_19_task_10 job_16_task_9  job_4_task_7   job_13_task_11 job_13_task_12 job_9_task_12  job_16_task_12 job_16_task_13 job_11_task_10 job_0_task_10  job_0_task_11  job_1_task_11  job_1_task_12  job_7_task_13  job_9_task_15  job_13_task_16 job_0_task_13  job_1_task_14  job_5_task_13  job_1_task_15  job_2_task_15  job_7_task_15  job_4_task_16  job_7_task_16  
           [0,8]          [13,20]        [45,55]        [80,88]        [88,96]        [96,97]        [97,99]        [99,101]       [101,103]      [103,111]      [111,113]      [120,122]      [125,130]      [131,132]      [137,147]      [147,153]      [162,172]      [172,179]      [179,188]      [188,198]      [198,208]      [208,215]      [215,216]      [216,217]      [217,220]      [220,230]      [230,234]      [234,242]      [242,243]      [243,251]      [251,260]      [260,270]      [270,276]      [276,285]      [285,291]      [291,297]      [297,301]      
Machine 2: job_2_task_0   job_10_task_1  job_19_task_0  job_14_task_1  job_2_task_1   job_19_task_1  job_16_task_3  job_6_task_2   job_6_task_3   job_13_task_4  job_11_task_4  job_3_task_5   job_6_task_6   job_4_task_2   job_16_task_4  job_6_task_7   job_6_task_8   job_5_task_4   job_0_task_3   job_2_task_7   job_0_task_4   job_8_task_5   job_14_task_6  job_18_task_5  job_16_task_7  job_7_task_7   job_13_task_8  job_18_task_6  job_9_task_10  job_19_task_13 job_12_task_9  job_0_task_8   job_11_task_8  job_2_task_10  job_13_task_14 job_6_task_15  job_10_task_15 job_7_task_12  job_17_task_7  job_17_task_8  job_3_task_15  job_18_task_13 job_17_task_11 job_4_task_12  job_5_task_10  job_4_task_14  job_4_task_15  job_8_task_12  job_0_task_14  job_8_task_15  job_14_task_13 job_5_task_14  job_16_task_15 job_1_task_16  job_15_task_16 
           [0,9]          [9,12]         [12,22]        [22,29]        [29,38]        [38,43]        [43,49]        [49,51]        [51,59]        [59,63]        [63,72]        [72,78]        [78,87]        [87,88]        [88,90]        [90,98]        [98,100]       [100,109]      [109,110]      [110,113]      [113,115]      [115,120]      [120,124]      [124,128]      [128,132]      [132,139]      [139,149]      [149,158]      [158,165]      [165,168]      [168,169]      [169,179]      [179,180]      [180,183]      [183,193]      [193,196]      [196,200]      [200,204]      [204,205]      [205,206]      [206,211]      [211,218]      [218,227]      [227,236]      [236,238]      [238,244]      [244,254]      [254,256]      [256,265]      [265,275]      [275,282]      [282,286]      [286,287]      [287,295]      [295,302]      
Machine 3: job_9_task_0   job_12_task_0  job_14_task_0  job_3_task_1   job_8_task_0   job_13_task_3  job_16_task_2  job_1_task_2   job_11_task_1  job_14_task_2  job_12_task_3  job_13_task_5  job_7_task_0   job_9_task_7   job_12_task_5  job_2_task_3   job_5_task_3   job_4_task_4   job_19_task_5  job_13_task_6  job_15_task_5  job_3_task_8   job_10_task_6  job_4_task_5   job_13_task_7  job_1_task_7   job_9_task_9   job_12_task_7  job_12_task_8  job_0_task_6   job_17_task_2  job_5_task_6   job_2_task_9   job_5_task_7   job_8_task_7   job_15_task_7  job_4_task_8   job_15_task_8  job_1_task_9   job_9_task_13  job_8_task_9   job_16_task_14 job_17_task_12 job_13_task_15 job_5_task_11  job_2_task_13  job_5_task_12  job_8_task_13  job_15_task_12 job_17_task_14 job_15_task_13 job_11_task_13 job_12_task_16 job_18_task_16 
           [0,3]          [3,10]         [10,16]        [16,18]        [18,26]        [26,34]        [34,43]        [43,50]        [50,51]        [51,57]        [57,64]        [64,71]        [71,74]        [74,77]        [77,87]        [87,90]        [90,95]        [95,102]       [102,103]      [103,110]      [110,117]      [117,120]      [120,128]      [128,131]      [131,138]      [138,147]      [147,152]      [152,154]      [154,164]      [164,167]      [167,170]      [170,172]      [172,180]      [180,188]      [188,189]      [189,193]      [193,197]      [197,207]      [207,208]      [208,218]      [218,225]      [225,233]      [233,235]      [235,240]      [240,248]      [248,256]      [256,259]      [259,264]      [264,266]      [266,270]      [270,279]      [279,280]      [280,288]      [288,291]      
Machine 4: job_15_task_0  job_16_task_1  job_12_task_1  job_15_task_2  job_18_task_0  job_15_task_3  job_9_task_5   job_10_task_3  job_2_task_2   job_19_task_2  job_8_task_1   job_6_task_5   job_0_task_1   job_3_task_6   job_0_task_2   job_16_task_5  job_12_task_6  job_0_task_5   job_6_task_12  job_19_task_9  job_10_task_7  job_3_task_12  job_19_task_12 job_13_task_10 job_10_task_11 job_12_task_10 job_17_task_4  job_10_task_13 job_16_task_11 job_14_task_10 job_17_task_5  job_3_task_14  job_18_task_12 job_1_task_10  job_14_task_11 job_9_task_14  job_2_task_12  job_8_task_11  job_14_task_12 job_12_task_13 job_11_task_12 job_12_task_14 job_7_task_14  job_0_task_15  job_15_task_14 job_17_task_16 job_11_task_15 job_5_task_15  
           [0,9]          [9,19]         [19,24]        [24,33]        [33,37]        [37,45]        [45,46]        [46,55]        [55,65]        [65,70]        [70,72]        [72,74]        [74,79]        [79,89]        [89,93]        [93,99]        [99,101]       [115,121]      [123,125]      [127,131]      [131,137]      [142,147]      [149,156]      [157,162]      [162,166]      [169,176]      [176,181]      [181,184]      [184,185]      [185,194]      [194,197]      [197,205]      [206,211]      [211,217]      [217,227]      [227,234]      [234,244]      [244,247]      [247,253]      [253,257]      [257,261]      [261,266]      [266,275]      [275,279]      [279,281]      [281,283]      [283,289]      [289,294]      
Machine 5: job_13_task_0  job_13_task_1  job_15_task_1  job_9_task_2   job_9_task_3   job_1_task_1   job_0_task_0   job_9_task_6   job_11_task_2  job_11_task_3  job_18_task_2  job_12_task_4  job_18_task_3  job_1_task_5   job_8_task_2   job_11_task_5  job_3_task_7   job_6_task_9   job_7_task_2   job_19_task_7  job_7_task_4   job_19_task_8  job_7_task_5   job_3_task_10  job_3_task_11  job_7_task_8   job_1_task_8   job_14_task_7  job_18_task_7  job_9_task_11  job_14_task_9  job_7_task_10  job_10_task_14 job_7_task_11  job_17_task_6  job_5_task_8   job_17_task_10 job_4_task_10  job_4_task_11  job_12_task_12 job_8_task_10  job_11_task_11 job_19_task_14 job_19_task_15 job_2_task_14  job_10_task_16 job_17_task_15 job_8_task_16  job_15_task_15 job_16_task_16 job_11_task_16 
           [0,7]          [7,13]         [13,21]        [21,23]        [23,30]        [30,35]        [35,39]        [46,52]        [52,57]        [57,63]        [63,69]        [69,73]        [73,81]        [81,85]        [85,86]        [86,92]        [92,101]       [101,108]      [108,109]      [111,121]      [121,123]      [123,127]      [127,130]      [130,136]      [136,142]      [142,150]      [150,157]      [157,158]      [158,168]      [168,176]      [176,177]      [177,186]      [186,196]      [196,197]      [197,201]      [201,208]      [208,215]      [215,218]      [218,221]      [221,231]      [231,240]      [240,242]      [242,250]      [250,257]      [257,264]      [264,274]      [274,278]      [278,287]      [287,289]      [289,297]      [297,302]      
Machine 6: job_3_task_0   job_9_task_1   job_1_task_0   job_3_task_2   job_10_task_2  job_6_task_0   job_18_task_1  job_4_task_0   job_3_task_4   job_1_task_3   job_14_task_3  job_4_task_1   job_5_task_2   job_7_task_1   job_10_task_4  job_2_task_4   job_1_task_6   job_16_task_6  job_8_task_4   job_11_task_7  job_7_task_3   job_2_task_8   job_7_task_6   job_16_task_8  job_10_task_8  job_10_task_9  job_10_task_10 job_7_task_9   job_14_task_8  job_17_task_3  job_16_task_10 job_6_task_14  job_18_task_8  job_3_task_13  job_18_task_10 job_4_task_9   job_12_task_11 job_5_task_9   job_15_task_9  job_15_task_10 job_4_task_13  job_0_task_12  job_1_task_13  job_17_task_13 job_9_task_16  job_8_task_14  job_19_task_16 job_12_task_15 job_11_task_14 job_14_task_15 job_14_task_16 
           [0,9]          [9,18]         [18,27]        [27,31]        [31,38]        [38,48]        [48,55]        [55,61]        [61,66]        [66,70]        [70,80]        [80,81]        [81,85]        [85,87]        [87,93]        [93,97]        [97,103]       [103,107]      [107,108]      [108,112]      [112,117]      [117,127]      [130,132]      [132,137]      [137,144]      [144,145]      [145,154]      [154,164]      [164,170]      [170,175]      [175,179]      [179,186]      [186,187]      [187,195]      [196,202]      [202,210]      [210,220]      [220,226]      [226,227]      [227,236]      [236,237]      [237,243]      [243,249]      [249,254]      [254,264]      [264,265]      [265,269]      [269,275]      [280,283]      [290,295]      [295,299]      
Optimal Schedule Length: 302.0
Total (Unoptimized Schedule Length): 1856
Statistics
  - conflicts: 0
  - branches : 0
  - wall time: 0.8996732300000001s