
Problem
         task_0    task_1   task_2   task_3   task_4   task_5    task_6    task_7   task_8   task_9  task_10  task_11  task_12   task_13  task_14   task_15  task_16
job_0   (3, 10)   (12, 9)   (1, 3)   (2, 6)   (5, 7)   (3, 2)   (6, 10)    (8, 4)   (1, 4)   (1, 1)  (11, 8)  (7, 10)   (4, 2)    (3, 6)   (5, 9)   (10, 2)   (7, 2)
job_1   (10, 9)    (1, 2)  (10, 5)   (6, 5)   (1, 2)  (12, 2)    (8, 9)    (5, 4)   (0, 9)   (1, 3)   (0, 6)   (1, 5)  (10, 9)    (3, 1)   (4, 9)    (9, 8)   (2, 3)
job_2    (7, 7)   (5, 10)   (8, 8)   (3, 3)   (5, 1)   (8, 4)    (8, 9)   (2, 10)   (6, 3)   (0, 1)  (10, 4)  (8, 10)  (12, 9)   (12, 4)   (9, 3)   (12, 8)  (11, 6)
job_3   (12, 4)   (10, 5)  (11, 8)   (0, 6)   (7, 1)  (10, 7)    (9, 8)    (9, 4)   (7, 7)  (11, 7)   (2, 8)   (1, 3)   (5, 2)    (3, 2)   (1, 1)    (1, 4)  (8, 10)
job_4    (1, 5)   (11, 7)   (6, 7)   (8, 2)   (2, 4)  (12, 4)    (7, 1)    (1, 7)  (12, 5)   (4, 6)  (6, 10)  (10, 9)   (2, 5)   (10, 5)   (9, 9)   (12, 3)   (8, 5)
job_5    (4, 2)    (3, 6)   (9, 2)  (4, 10)   (9, 6)  (9, 10)    (9, 1)   (9, 10)   (6, 6)  (6, 10)   (2, 5)   (0, 3)   (7, 2)    (9, 5)   (2, 5)    (5, 3)   (5, 7)
job_6   (10, 8)    (4, 8)   (2, 3)   (5, 4)   (6, 2)   (0, 1)    (5, 3)    (1, 4)   (2, 9)   (4, 6)  (11, 6)   (3, 2)  (12, 7)  (12, 10)   (1, 8)    (6, 3)   (6, 6)
job_7   (12, 9)    (2, 4)  (3, 10)  (12, 2)   (4, 3)  (12, 9)    (8, 2)    (7, 3)   (4, 1)   (1, 1)  (12, 3)  (10, 3)  (1, 10)   (11, 8)   (9, 5)    (5, 9)   (8, 5)
job_8    (1, 1)   (12, 4)   (3, 7)   (9, 8)   (4, 4)  (1, 10)    (9, 9)    (6, 5)   (1, 6)   (3, 4)   (1, 1)  (11, 6)   (4, 2)    (0, 3)  (12, 5)   (2, 10)   (0, 2)
job_9   (10, 3)    (4, 9)   (1, 6)   (7, 9)   (5, 7)   (4, 2)    (6, 9)   (11, 5)   (2, 5)  (3, 10)  (10, 9)   (1, 7)   (2, 5)    (0, 4)  (5, 10)   (12, 4)  (12, 3)
job_10  (9, 10)    (3, 7)   (1, 9)  (5, 10)  (9, 10)   (3, 1)    (6, 1)  (11, 10)  (10, 7)   (1, 8)   (6, 9)  (11, 2)   (4, 6)   (10, 8)   (7, 7)    (0, 8)   (4, 7)
job_11   (4, 7)    (4, 4)   (5, 2)   (1, 6)   (7, 7)   (4, 7)   (10, 9)    (7, 9)   (6, 5)  (8, 10)   (6, 1)   (2, 3)  (10, 3)    (3, 5)   (2, 3)   (7, 10)   (1, 6)
job_12   (6, 8)    (9, 2)  (12, 8)   (9, 6)   (4, 5)   (4, 6)   (6, 10)    (7, 4)   (6, 5)  (3, 10)  (6, 10)  (6, 10)   (9, 7)   (10, 5)   (6, 3)    (6, 2)   (7, 4)
job_13   (1, 4)    (7, 6)  (4, 10)  (11, 3)  (0, 10)   (1, 5)   (2, 10)   (11, 3)   (7, 5)   (8, 6)  (10, 4)   (0, 6)   (1, 4)    (5, 6)  (6, 10)  (11, 10)   (9, 7)
job_14   (4, 5)   (11, 5)   (7, 9)  (12, 1)   (0, 4)   (3, 3)  (10, 10)    (4, 5)   (8, 5)   (5, 1)  (12, 2)   (1, 3)   (2, 9)    (4, 4)   (3, 4)    (5, 7)   (1, 9)
job_15  (12, 3)    (5, 6)   (1, 5)   (3, 7)   (6, 3)  (10, 5)    (6, 9)   (11, 8)   (2, 9)   (3, 9)  (12, 6)  (11, 8)   (9, 2)    (6, 9)   (7, 5)   (6, 10)   (0, 2)
job_16   (0, 4)  (11, 10)   (0, 9)   (0, 6)   (1, 9)   (7, 1)    (5, 4)    (8, 7)  (10, 2)  (7, 10)   (1, 8)   (9, 4)   (5, 9)    (0, 4)   (8, 6)    (2, 6)   (5, 6)


Solution:
Machine 0: job_16_task_0  job_16_task_2  job_16_task_3  job_13_task_4  job_3_task_3   job_14_task_4  job_1_task_8   job_1_task_10  job_6_task_5   job_2_task_9   job_13_task_11 job_16_task_13 job_9_task_13  job_5_task_11  job_8_task_13  job_10_task_15 job_8_task_16  job_15_task_16 
           [0,4]          [22,31]        [31,37]        [37,47]        [47,53]        [53,57]        [81,90]        [93,99]        [99,100]       [100,101]      [121,127]      [127,131]      [139,143]      [149,152]      [153,156]      [171,179]      [179,181]      [181,183]      
Machine 1: job_4_task_0   job_13_task_0  job_15_task_2  job_1_task_1   job_8_task_0   job_0_task_2   job_9_task_2   job_10_task_2  job_11_task_3  job_16_task_4  job_4_task_7   job_13_task_5  job_1_task_4   job_0_task_8   job_0_task_9   job_8_task_5   job_1_task_9   job_16_task_10 job_6_task_7   job_10_task_9  job_7_task_9   job_14_task_11 job_9_task_11  job_13_task_12 job_8_task_8   job_1_task_11  job_8_task_10  job_7_task_12  job_3_task_11  job_6_task_14  job_3_task_14  job_3_task_15  job_14_task_16 job_11_task_16 
           [0,5]          [5,9]          [9,14]         [14,16]        [16,17]        [19,22]        [22,28]        [28,37]        [37,43]        [43,52]        [52,59]        [59,64]        [64,66]        [66,70]        [70,71]        [77,87]        [90,93]        [98,106]       [106,110]      [110,118]      [118,119]      [119,122]      [122,129]      [129,133]      [133,139]      [139,144]      [144,145]      [145,155]      [155,158]      [158,166]      [166,167]      [167,171]      [171,180]      [181,187]      
Machine 2: job_0_task_3   job_4_task_4   job_7_task_1   job_15_task_8  job_13_task_6  job_2_task_7   job_9_task_8   job_6_task_2   job_4_task_12  job_6_task_8   job_14_task_12 job_9_task_12  job_3_task_10  job_5_task_10  job_11_task_11 job_16_task_15 job_5_task_14  job_11_task_14 job_8_task_15  job_1_task_16  
           [22,28]        [29,33]        [36,40]        [50,59]        [64,74]        [74,84]        [84,89]        [89,92]        [97,102]       [110,119]      [122,131]      [131,136]      [136,144]      [144,149]      [149,152]      [152,158]      [159,164]      [164,167]      [168,178]      [179,182]      
Machine 3: job_0_task_0   job_15_task_3  job_10_task_1  job_5_task_1   job_0_task_5   job_2_task_3   job_8_task_2   job_7_task_2   job_14_task_5  job_15_task_9  job_10_task_5  job_12_task_9  job_9_task_9   job_0_task_13  job_6_task_11  job_8_task_9   job_14_task_14 job_1_task_13  job_11_task_13 job_3_task_13  
           [0,10]         [14,21]        [21,28]        [28,34]        [35,37]        [37,40]        [40,47]        [47,57]        [57,60]        [60,69]        [69,70]        [72,82]        [89,99]        [118,124]      [137,139]      [139,143]      [143,147]      [153,154]      [156,161]      [162,164]      
Machine 4: job_11_task_0  job_5_task_0   job_11_task_1  job_9_task_1   job_13_task_2  job_14_task_0  job_12_task_4  job_12_task_5  job_9_task_5   job_5_task_3   job_11_task_5  job_4_task_9   job_8_task_4   job_6_task_1   job_7_task_4   job_14_task_7  job_7_task_8   job_0_task_12  job_6_task_9   job_14_task_13 job_10_task_12 job_8_task_12  job_1_task_14  job_10_task_16 
           [0,7]          [7,9]          [9,13]         [13,22]        [22,32]        [32,37]        [37,42]        [42,48]        [48,50]        [50,60]        [60,67]        [67,73]        [73,77]        [77,85]        [85,88]        [88,93]        [106,107]      [116,118]      [119,125]      [131,135]      [139,145]      [151,153]      [154,163]      [179,186]      
Machine 5: job_15_task_1  job_2_task_1   job_11_task_2  job_0_task_4   job_9_task_4   job_10_task_3  job_2_task_4   job_16_task_6  job_1_task_7   job_6_task_3   job_14_task_9  job_6_task_6   job_16_task_12 job_0_task_14  job_13_task_13 job_9_task_14  job_14_task_15 job_3_task_12  job_16_task_16 job_7_task_15  job_5_task_15  job_5_task_16  
           [3,9]          [9,19]         [19,21]        [28,35]        [37,44]        [44,54]        [54,55]        [64,68]        [77,81]        [92,96]        [98,99]        [100,103]      [113,122]      [124,133]      [133,139]      [143,153]      [153,160]      [160,162]      [162,168]      [168,177]      [177,180]      [180,187]      
Machine 6: job_12_task_0  job_4_task_2   job_15_task_4  job_1_task_3   job_15_task_6  job_0_task_6   job_12_task_6  job_9_task_6   job_12_task_8  job_10_task_6  job_4_task_10  job_12_task_10 job_2_task_8   job_6_task_4   job_5_task_8   job_11_task_8  job_8_task_7   job_12_task_11 job_10_task_10 job_5_task_9   job_11_task_10 job_15_task_13 job_13_task_14 job_15_task_15 job_12_task_14 job_6_task_15  job_12_task_15 job_6_task_16  
           [0,8]          [12,19]        [21,24]        [24,29]        [29,38]        [38,48]        [48,58]        [58,67]        [67,72]        [72,73]        [73,83]        [83,93]        [93,96]        [96,98]        [98,104]       [104,109]      [109,114]      [114,124]      [124,133]      [133,143]      [143,144]      [144,153]      [153,163]      [163,173]      [173,176]      [176,179]      [179,181]      [181,187]      
Machine 7: job_2_task_0   job_13_task_1  job_9_task_3   job_14_task_2  job_4_task_6   job_11_task_4  job_12_task_7  job_16_task_5  job_3_task_4   job_11_task_7  job_16_task_9  job_13_task_8  job_7_task_7   job_0_task_11  job_3_task_8   job_0_task_16  job_5_task_12  job_15_task_14 job_10_task_14 job_11_task_15 job_12_task_16 
           [0,7]          [9,15]         [28,37]        [42,51]        [51,52]        [52,59]        [59,63]        [63,64]        [64,65]        [79,88]        [88,98]        [98,103]       [103,106]      [106,116]      [117,124]      [136,138]      [152,154]      [154,159]      [164,171]      [171,181]      [181,185]      
Machine 8: job_2_task_2   job_4_task_3   job_0_task_7   job_2_task_5   job_2_task_6   job_1_task_6   job_16_task_7  job_14_task_8  job_7_task_6   job_13_task_9  job_2_task_11  job_11_task_9  job_16_task_14 job_4_task_16  job_3_task_16  job_7_task_16  
           [19,27]        [27,29]        [48,52]        [55,59]        [59,68]        [68,77]        [77,84]        [93,98]        [98,100]       [104,110]      [110,120]      [120,130]      [131,137]      [159,164]      [171,181]      [181,186]      
Machine 9: job_10_task_0  job_12_task_1  job_12_task_3  job_5_task_2   job_8_task_3   job_10_task_4  job_5_task_4   job_5_task_5   job_5_task_6   job_5_task_7   job_3_task_6   job_8_task_6   job_16_task_11 job_3_task_7   job_15_task_12 job_12_task_12 job_4_task_14  job_5_task_13  job_7_task_14  job_2_task_14  job_1_task_15  job_13_task_16 
           [0,10]         [10,12]        [27,33]        [34,36]        [47,55]        [55,65]        [65,71]        [71,81]        [81,82]        [82,92]        [92,100]       [100,109]      [109,113]      [113,117]      [117,119]      [124,131]      [131,140]      [154,159]      [163,168]      [168,171]      [171,179]      [179,186]      
Machine 10: job_1_task_0   job_9_task_0   job_3_task_1   job_1_task_2   job_15_task_5  job_6_task_0   job_14_task_6  job_11_task_6  job_3_task_5   job_16_task_8  job_4_task_11  job_10_task_8  job_2_task_10  job_9_task_10  job_13_task_10 job_4_task_13  job_7_task_11  job_0_task_15  job_12_task_13 job_1_task_12  job_11_task_12 job_10_task_13 
           [0,9]          [9,12]         [12,17]        [17,22]        [24,29]        [29,37]        [60,70]        [70,79]        [79,86]        [86,88]        [88,97]        [97,104]       [104,108]      [108,117]      [117,121]      [121,126]      [126,129]      [133,135]      [135,140]      [144,153]      [153,156]      [156,164]      
Machine 11: job_4_task_1   job_16_task_1  job_3_task_2   job_13_task_3  job_14_task_1  job_15_task_7  job_9_task_7   job_0_task_10  job_10_task_7  job_13_task_7  job_15_task_11 job_3_task_9   job_6_task_10  job_10_task_11 job_8_task_11  job_7_task_13  job_13_task_15 job_2_task_16  
           [5,12]         [12,22]        [22,30]        [32,35]        [37,42]        [42,50]        [67,72]        [72,80]        [80,90]        [90,93]        [93,101]       [124,131]      [131,137]      [137,139]      [145,151]      [155,163]      [163,173]      [180,186]      
Machine 12: job_15_task_0  job_3_task_0   job_0_task_1   job_12_task_2  job_7_task_0   job_8_task_1   job_4_task_5   job_14_task_3  job_7_task_3   job_4_task_8   job_1_task_5   job_15_task_10 job_7_task_5   job_14_task_10 job_7_task_10  job_2_task_12  job_6_task_12  job_6_task_13  job_4_task_15  job_2_task_13  job_8_task_14  job_9_task_15  job_2_task_15  job_9_task_16  
           [0,3]          [3,7]          [10,19]        [19,27]        [27,36]        [36,40]        [40,44]        [51,52]        [57,59]        [59,64]        [66,68]        [69,75]        [88,97]        [99,101]       [119,122]      [122,131]      [139,146]      [146,156]      [156,159]      [159,163]      [163,168]      [168,172]      [172,180]      [180,183]      
Optimal Schedule Length: 187.0
Total (Unoptimized Schedule Length): 1659
Statistics
  - conflicts: 0
  - branches : 0
  - wall time: 0.28432313800000003s