
Problem
        task_0   task_1  task_2   task_3   task_4  task_5   task_6   task_7   task_8   task_9 task_10  task_11  task_12  task_13 task_14  task_15  task_16  task_17
job_0   (0, 6)   (0, 6)  (0, 8)   (0, 9)   (0, 4)  (1, 1)   (1, 8)   (0, 1)   (2, 1)   (1, 1)  (2, 4)   (0, 1)   (1, 3)   (0, 1)  (0, 9)   (0, 5)   (0, 8)   (1, 6)
job_1   (2, 5)   (2, 1)  (2, 7)   (2, 2)   (2, 4)  (2, 6)   (2, 3)  (2, 10)   (2, 8)   (0, 3)  (0, 5)   (1, 8)   (0, 4)   (0, 4)  (1, 4)   (1, 9)  (0, 10)   (0, 7)
job_2   (1, 8)   (2, 6)  (2, 9)   (0, 2)   (1, 1)  (2, 9)   (1, 2)   (2, 3)   (1, 5)  (2, 10)  (2, 5)   (2, 6)   (2, 7)   (2, 5)  (0, 2)   (0, 2)   (2, 1)   (0, 8)
job_3   (2, 3)   (2, 2)  (0, 4)  (1, 10)   (2, 8)  (2, 8)   (1, 3)   (2, 6)   (1, 8)   (2, 9)  (0, 4)   (2, 7)   (1, 3)   (1, 2)  (1, 1)   (1, 2)   (2, 6)   (2, 8)
job_4   (0, 9)   (0, 9)  (2, 2)   (2, 6)   (1, 5)  (1, 5)   (1, 4)   (2, 2)   (0, 2)   (0, 5)  (2, 8)  (2, 10)  (1, 10)   (1, 5)  (0, 5)   (2, 2)   (1, 8)   (2, 2)
job_5   (1, 6)   (0, 2)  (0, 5)   (0, 2)   (1, 1)  (1, 5)  (2, 10)   (1, 8)   (2, 4)   (2, 2)  (1, 8)  (2, 10)  (0, 10)   (0, 5)  (1, 2)   (1, 3)   (0, 1)  (2, 10)
job_6   (0, 9)   (0, 4)  (2, 6)   (0, 4)   (2, 3)  (2, 5)   (2, 3)   (0, 8)   (2, 7)   (1, 5)  (0, 3)   (0, 5)   (1, 5)   (1, 4)  (1, 8)   (2, 9)   (2, 4)   (1, 9)
job_7   (0, 2)   (0, 3)  (2, 5)   (2, 9)  (0, 10)  (0, 1)   (1, 8)   (0, 1)   (1, 6)   (1, 2)  (2, 4)   (2, 1)  (2, 10)   (2, 9)  (1, 3)  (0, 10)   (2, 7)   (1, 5)
job_8   (0, 9)   (1, 2)  (1, 5)   (2, 6)   (0, 2)  (2, 9)   (2, 1)   (0, 3)   (2, 1)   (0, 7)  (2, 2)   (1, 6)   (0, 4)   (1, 6)  (0, 2)  (0, 10)   (2, 2)   (0, 6)
job_9   (1, 8)   (2, 7)  (1, 7)  (2, 10)   (2, 8)  (0, 3)  (1, 10)   (1, 7)   (0, 6)   (1, 9)  (1, 7)   (2, 1)   (2, 5)  (2, 10)  (0, 5)   (0, 1)   (2, 8)   (2, 6)
job_10  (0, 4)   (1, 4)  (2, 3)   (1, 9)   (0, 3)  (0, 9)   (2, 1)   (1, 5)   (1, 3)   (2, 8)  (2, 1)   (2, 8)   (1, 7)   (0, 1)  (2, 7)   (1, 7)   (1, 1)  (1, 10)
job_11  (0, 8)  (1, 10)  (0, 9)   (1, 5)   (2, 8)  (1, 5)   (0, 9)  (0, 10)   (1, 1)   (2, 9)  (0, 4)   (0, 9)   (2, 7)   (0, 7)  (0, 4)   (1, 1)   (1, 8)   (0, 9)
job_12  (0, 1)   (0, 1)  (2, 4)   (1, 7)   (2, 3)  (1, 4)   (1, 5)   (0, 4)   (1, 4)   (0, 4)  (2, 6)   (1, 1)   (1, 1)   (1, 4)  (0, 7)   (1, 4)   (0, 6)   (1, 8)
job_13  (0, 6)   (2, 9)  (2, 3)   (2, 6)   (2, 1)  (1, 5)   (0, 4)  (1, 10)  (0, 10)   (0, 8)  (0, 3)   (2, 5)   (2, 7)   (1, 4)  (2, 2)   (1, 1)   (2, 8)   (0, 6)
job_14  (1, 8)   (1, 3)  (2, 9)   (1, 3)   (2, 7)  (0, 3)   (0, 4)   (2, 6)   (2, 9)  (2, 10)  (2, 4)   (2, 5)  (2, 10)   (0, 2)  (2, 7)   (0, 3)   (2, 7)  (1, 10)
job_15  (0, 9)   (0, 1)  (1, 9)   (0, 3)   (2, 5)  (2, 4)   (0, 5)   (0, 7)   (1, 8)   (1, 1)  (1, 7)   (0, 6)   (2, 8)   (2, 5)  (0, 4)   (1, 9)   (2, 5)   (2, 4)
job_16  (2, 1)  (1, 10)  (0, 5)   (1, 9)   (0, 4)  (2, 7)   (0, 7)   (0, 1)   (0, 7)   (2, 9)  (1, 9)   (2, 4)   (2, 2)   (1, 4)  (0, 9)   (1, 4)   (0, 8)   (1, 4)


Solution:
Machine 0: job_11_task_0  job_6_task_0   job_15_task_0  job_11_task_2  job_4_task_0   job_13_task_0  job_7_task_0   job_7_task_1   job_16_task_2  job_6_task_1   job_15_task_1  job_10_task_0  job_4_task_1   job_3_task_2   job_5_task_1   job_5_task_2   job_8_task_0   job_6_task_3   job_0_task_0   job_5_task_3   job_15_task_3  job_14_task_5  job_16_task_4  job_9_task_5   job_11_task_6  job_14_task_6  job_7_task_4   job_0_task_1   job_12_task_0  job_12_task_1  job_10_task_4  job_0_task_2   job_11_task_7  job_2_task_3   job_16_task_6  job_15_task_6  job_13_task_6  job_10_task_5  job_7_task_5   job_15_task_7  job_0_task_3   job_6_task_7   job_16_task_7  job_8_task_4   job_16_task_8  job_7_task_7   job_9_task_8   job_13_task_8  job_1_task_9   job_0_task_4   job_4_task_8   job_4_task_9   job_1_task_10  job_12_task_7  job_13_task_9  job_11_task_10 job_6_task_10  job_11_task_11 job_6_task_11  job_15_task_11 job_0_task_7   job_1_task_12  job_13_task_10 job_8_task_7   job_12_task_9  job_1_task_13  job_8_task_9   job_1_task_16  job_3_task_10  job_1_task_17  job_10_task_13 job_5_task_12  job_5_task_13  job_14_task_13 job_0_task_11  job_4_task_14  job_8_task_12  job_0_task_13  job_0_task_14  job_11_task_13 job_12_task_14 job_11_task_14 job_8_task_14  job_0_task_15  job_8_task_15  job_7_task_15  job_16_task_14 job_9_task_14  job_9_task_15  job_12_task_16 job_0_task_16  job_15_task_14 job_14_task_15 job_16_task_16 job_5_task_16  job_11_task_17 job_2_task_14  job_2_task_15  job_13_task_17 job_2_task_17  job_8_task_17  
           [0,8]          [8,17]         [17,26]        [26,35]        [35,44]        [44,50]        [50,52]        [52,55]        [55,60]        [60,64]        [64,65]        [65,69]        [69,78]        [78,82]        [82,84]        [84,89]        [89,98]        [98,102]       [102,108]      [108,110]      [110,113]      [113,116]      [116,120]      [120,123]      [123,132]      [132,136]      [136,146]      [146,152]      [152,153]      [153,154]      [154,157]      [157,165]      [165,175]      [175,177]      [177,184]      [184,189]      [189,193]      [193,202]      [202,203]      [203,210]      [210,219]      [219,227]      [227,228]      [228,230]      [230,237]      [237,238]      [238,244]      [244,254]      [254,257]      [257,261]      [261,263]      [263,268]      [268,273]      [273,277]      [277,285]      [285,289]      [289,292]      [292,301]      [301,306]      [306,312]      [312,313]      [313,317]      [317,320]      [320,323]      [323,327]      [327,331]      [344,351]      [374,384]      [384,388]      [388,395]      [407,408]      [408,418]      [418,423]      [423,425]      [425,426]      [426,431]      [431,435]      [435,436]      [436,445]      [445,452]      [452,459]      [459,463]      [463,465]      [465,470]      [470,480]      [480,490]      [490,499]      [499,504]      [504,505]      [505,511]      [511,519]      [519,523]      [523,526]      [526,534]      [534,535]      [535,544]      [547,549]      [549,551]      [570,576]      [602,610]      [610,616]      
Machine 1: job_9_task_0   job_11_task_1  job_14_task_0  job_9_task_2   job_16_task_1  job_14_task_1  job_11_task_3  job_5_task_0   job_2_task_0   job_14_task_3  job_15_task_2  job_16_task_3  job_10_task_1  job_3_task_3   job_11_task_5  job_8_task_1   job_8_task_2   job_5_task_4   job_5_task_5   job_10_task_3  job_9_task_6   job_4_task_4   job_4_task_5   job_9_task_7   job_4_task_6   job_11_task_8  job_13_task_5  job_2_task_4   job_13_task_7  job_12_task_3  job_7_task_6   job_5_task_7   job_15_task_8  job_3_task_6   job_15_task_9  job_7_task_8   job_9_task_9   job_2_task_6   job_7_task_9   job_12_task_5  job_10_task_7  job_12_task_6  job_10_task_8  job_6_task_9   job_0_task_5   job_15_task_10 job_0_task_6   job_1_task_11  job_3_task_8   job_2_task_8   job_12_task_8  job_5_task_10  job_16_task_10 job_9_task_10  job_6_task_12  job_6_task_13  job_1_task_14  job_6_task_14  job_1_task_15  job_4_task_12  job_10_task_12 job_4_task_13  job_0_task_9   job_8_task_11  job_0_task_12  job_5_task_14  job_12_task_11 job_12_task_12 job_12_task_13 job_8_task_13  job_5_task_15  job_12_task_15 job_11_task_15 job_11_task_16 job_7_task_14  job_16_task_13 job_16_task_15 job_3_task_12  job_3_task_13  job_13_task_13 job_3_task_14  job_3_task_15  job_12_task_17 job_15_task_15 job_10_task_15 job_10_task_16 job_10_task_17 job_13_task_15 job_0_task_17  job_14_task_17 job_16_task_17 job_6_task_17  job_4_task_16  job_7_task_17  
           [0,8]          [8,18]         [18,26]        [26,33]        [33,43]        [43,46]        [46,51]        [51,57]        [57,65]        [65,68]        [68,77]        [77,86]        [86,90]        [90,100]       [100,105]      [105,107]      [107,112]      [112,113]      [113,118]      [118,127]      [127,137]      [137,142]      [142,147]      [147,154]      [154,158]      [175,176]      [176,181]      [181,182]      [193,203]      [203,210]      [210,218]      [218,226]      [226,234]      [234,237]      [237,238]      [238,244]      [244,253]      [253,255]      [255,257]      [257,261]      [261,266]      [266,271]      [271,274]      [274,279]      [279,280]      [280,287]      [287,295]      [295,303]      [303,311]      [311,316]      [316,320]      [320,328]      [328,337]      [337,344]      [344,349]      [349,353]      [353,357]      [357,365]      [365,374]      [390,400]      [400,407]      [407,412]      [412,413]      [421,427]      [427,430]      [430,432]      [432,433]      [433,434]      [434,438]      [438,444]      [444,447]      [459,463]      [463,464]      [464,472]      [472,475]      [477,481]      [499,503]      [503,506]      [506,508]      [508,512]      [512,513]      [513,515]      [515,523]      [523,532]      [532,539]      [539,540]      [540,550]      [550,551]      [551,557]      [557,567]      [567,571]      [582,591]      [591,599]      [599,604]      
Machine 2: job_16_task_0  job_1_task_0   job_1_task_1   job_3_task_0   job_9_task_1   job_1_task_2   job_3_task_1   job_1_task_3   job_1_task_4   job_1_task_5   job_9_task_3   job_14_task_2  job_13_task_1  job_7_task_2   job_11_task_4  job_6_task_2   job_14_task_4  job_9_task_4   job_7_task_3   job_13_task_2  job_10_task_2  job_2_task_1   job_4_task_2   job_13_task_3  job_4_task_3   job_6_task_4   job_15_task_4  job_2_task_2   job_1_task_6   job_6_task_5   job_16_task_5  job_3_task_4   job_13_task_4  job_15_task_5  job_14_task_7  job_5_task_6   job_12_task_2  job_1_task_7   job_6_task_6   job_8_task_3   job_3_task_5   job_14_task_8  job_2_task_5   job_1_task_8   job_12_task_4  job_10_task_6  job_4_task_7   job_6_task_8   job_8_task_5   job_11_task_9  job_14_task_9  job_3_task_7   job_5_task_8   job_2_task_7   job_16_task_9  job_5_task_9   job_8_task_6   job_10_task_9  job_4_task_10  job_7_task_10  job_14_task_10 job_8_task_8   job_2_task_9   job_7_task_11  job_14_task_11 job_7_task_12  job_10_task_10 job_3_task_9   job_4_task_11  job_10_task_11 job_5_task_11  job_0_task_8   job_14_task_12 job_8_task_10  job_0_task_10  job_12_task_10 job_9_task_11  job_2_task_10  job_11_task_12 job_16_task_11 job_9_task_12  job_15_task_12 job_7_task_13  job_13_task_11 job_16_task_12 job_2_task_11  job_9_task_13  job_3_task_11  job_13_task_12 job_15_task_13 job_14_task_14 job_10_task_14 job_2_task_12  job_6_task_15  job_2_task_13  job_13_task_14 job_14_task_16 job_3_task_16  job_13_task_16 job_9_task_16  job_6_task_16  job_4_task_15  job_7_task_16  job_5_task_17  job_2_task_16  job_15_task_16 job_8_task_16  job_3_task_17  job_9_task_17  job_15_task_17 job_4_task_17  
           [0,1]          [1,6]          [6,7]          [7,10]         [10,17]        [17,24]        [24,26]        [26,28]        [28,32]        [32,38]        [38,48]        [48,57]        [57,66]        [66,71]        [71,79]        [79,85]        [85,92]        [92,100]       [100,109]      [109,112]      [112,115]      [115,121]      [121,123]      [123,129]      [129,135]      [135,138]      [138,143]      [143,152]      [152,155]      [155,160]      [160,167]      [167,175]      [175,176]      [176,180]      [180,186]      [186,196]      [196,200]      [200,210]      [210,213]      [213,219]      [219,227]      [227,236]      [236,245]      [245,253]      [253,256]      [256,257]      [257,259]      [259,266]      [266,275]      [275,284]      [284,294]      [294,300]      [300,304]      [304,307]      [307,316]      [316,318]      [318,319]      [319,327]      [327,335]      [335,339]      [339,343]      [343,344]      [344,354]      [354,355]      [355,360]      [360,370]      [370,371]      [371,380]      [380,390]      [390,398]      [398,408]      [408,409]      [409,419]      [419,421]      [421,425]      [425,431]      [431,432]      [432,437]      [437,444]      [444,448]      [448,453]      [453,461]      [461,470]      [470,475]      [475,477]      [477,483]      [483,493]      [493,500]      [500,507]      [507,512]      [512,519]      [519,526]      [526,533]      [533,542]      [542,547]      [547,549]      [549,556]      [556,562]      [562,570]      [570,578]      [578,582]      [582,584]      [584,591]      [591,601]      [601,602]      [602,607]      [607,609]      [609,617]      [617,623]      [623,627]      [627,629]      
Optimal Schedule Length: 629.0
Total (Unoptimized Schedule Length): 1658
Statistics
  - conflicts: 0
  - branches : 117
  - wall time: 0.279134581s