
Problem
         task_0   task_1   task_2  task_3   task_4   task_5  task_6   task_7   task_8   task_9
job_0    (0, 1)   (3, 6)  (0, 10)  (3, 4)  (0, 10)   (1, 8)  (3, 5)   (2, 5)   (3, 6)   (3, 4)
job_1    (2, 3)   (2, 4)   (1, 8)  (1, 2)   (3, 3)   (2, 9)  (0, 9)   (1, 7)   (3, 6)   (3, 6)
job_2    (3, 2)   (1, 4)   (0, 9)  (1, 4)   (1, 4)   (0, 2)  (1, 9)   (0, 9)   (3, 6)   (1, 8)
job_3    (1, 8)   (3, 4)  (3, 10)  (2, 4)   (1, 1)   (1, 6)  (1, 8)   (1, 4)   (0, 9)   (0, 7)
job_4    (3, 2)   (3, 2)   (0, 3)  (0, 8)   (2, 8)   (0, 4)  (0, 3)   (1, 6)   (3, 5)   (2, 5)
job_5    (1, 4)   (0, 6)   (0, 8)  (3, 6)   (1, 6)   (3, 5)  (3, 1)   (1, 5)   (0, 1)   (1, 3)
job_6   (3, 10)   (3, 9)   (3, 3)  (2, 6)   (2, 4)   (3, 5)  (1, 5)   (3, 1)   (0, 8)   (2, 2)
job_7    (0, 8)   (0, 7)   (2, 9)  (1, 5)   (3, 4)   (0, 4)  (2, 5)   (0, 5)   (2, 9)   (2, 7)
job_8    (0, 8)  (2, 10)   (3, 2)  (2, 3)   (2, 8)  (3, 10)  (0, 3)   (3, 3)   (3, 9)   (2, 1)
job_9    (3, 9)   (2, 4)  (2, 10)  (3, 2)   (3, 7)   (0, 8)  (1, 9)   (1, 2)   (2, 7)   (3, 1)
job_10   (3, 6)   (0, 2)   (2, 5)  (2, 8)   (0, 7)   (1, 5)  (0, 7)   (3, 2)   (1, 3)   (2, 1)
job_11   (0, 1)   (1, 8)   (0, 9)  (1, 8)   (0, 6)   (1, 5)  (1, 6)   (0, 6)   (3, 3)   (2, 3)
job_12   (1, 6)   (0, 8)   (0, 5)  (1, 4)   (3, 5)   (0, 6)  (3, 1)   (1, 6)   (3, 9)   (1, 5)
job_13  (2, 10)   (3, 8)   (2, 6)  (0, 9)   (2, 9)   (2, 9)  (3, 7)   (1, 1)   (1, 6)   (0, 1)
job_14   (3, 7)   (2, 6)   (0, 7)  (1, 6)   (2, 5)  (1, 10)  (0, 5)   (2, 8)  (1, 10)   (2, 4)
job_15   (1, 2)   (3, 3)   (3, 5)  (3, 7)   (3, 4)   (0, 5)  (1, 6)   (3, 3)   (2, 4)  (2, 10)
job_16   (1, 9)   (2, 9)   (3, 4)  (1, 7)   (1, 3)   (1, 4)  (1, 8)   (2, 9)   (0, 5)   (1, 6)
job_17   (1, 1)   (0, 1)   (1, 1)  (0, 4)   (3, 7)   (1, 1)  (2, 4)   (2, 7)   (1, 5)   (3, 5)
job_18   (2, 5)   (0, 8)   (3, 7)  (0, 1)   (3, 9)   (0, 4)  (0, 8)  (1, 10)   (3, 9)   (2, 2)


Solution:
Machine 0: job_7_task_0   job_0_task_0   job_8_task_0   job_18_task_1  job_11_task_0  job_14_task_2  job_7_task_1   job_0_task_2   job_2_task_2   job_12_task_1  job_11_task_2  job_18_task_3  job_10_task_1  job_4_task_2   job_12_task_2  job_5_task_1   job_4_task_3   job_0_task_4   job_17_task_1  job_5_task_2   job_2_task_5   job_18_task_5  job_17_task_3  job_11_task_4  job_7_task_5   job_13_task_3  job_18_task_6  job_15_task_5  job_1_task_6   job_14_task_6  job_12_task_5  job_9_task_5   job_10_task_4  job_4_task_5   job_2_task_7   job_7_task_7   job_4_task_6   job_8_task_6   job_3_task_8   job_10_task_6  job_11_task_7  job_16_task_8  job_6_task_8   job_3_task_9   job_5_task_8   job_13_task_9  
           [0,8]          [8,9]          [9,17]         [17,25]        [25,26]        [26,33]        [33,40]        [40,50]        [50,59]        [59,67]        [67,76]        [76,77]        [77,79]        [79,82]        [82,87]        [87,93]        [93,101]       [101,111]      [111,112]      [112,120]      [120,122]      [122,126]      [126,130]      [130,136]      [136,140]      [140,149]      [149,157]      [157,162]      [162,171]      [171,176]      [176,182]      [182,190]      [190,197]      [197,201]      [201,210]      [210,215]      [215,218]      [218,221]      [221,230]      [230,237]      [237,243]      [243,248]      [248,256]      [256,263]      [263,264]      [264,265]      
Machine 1: job_16_task_0  job_3_task_0   job_12_task_0  job_15_task_0  job_2_task_1   job_11_task_1  job_1_task_2   job_14_task_3  job_5_task_0   job_1_task_3   job_17_task_0  job_3_task_4   job_2_task_3   job_2_task_4   job_7_task_3   job_16_task_3  job_11_task_3  job_14_task_5  job_12_task_3  job_16_task_4  job_3_task_5   job_16_task_5  job_16_task_6  job_17_task_2  job_0_task_5   job_2_task_6   job_3_task_6   job_11_task_5  job_17_task_5  job_3_task_7   job_5_task_4   job_15_task_6  job_18_task_7  job_1_task_7   job_12_task_7  job_9_task_6   job_10_task_5  job_11_task_6  job_6_task_6   job_4_task_7   job_14_task_8  job_9_task_7   job_17_task_8  job_5_task_7   job_13_task_7  job_2_task_9   job_13_task_8  job_16_task_9  job_12_task_9  job_10_task_8  job_5_task_9   
           [0,9]          [9,17]         [17,23]        [23,25]        [25,29]        [29,37]        [37,45]        [45,51]        [51,55]        [55,57]        [57,58]        [58,59]        [59,63]        [63,67]        [67,72]        [72,79]        [79,87]        [87,97]        [97,101]       [101,104]      [104,110]      [110,114]      [114,122]      [122,123]      [123,131]      [131,140]      [140,148]      [148,153]      [153,154]      [154,158]      [158,164]      [164,170]      [170,180]      [180,187]      [187,193]      [193,202]      [202,207]      [207,213]      [213,218]      [218,224]      [224,234]      [234,236]      [236,241]      [241,246]      [246,247]      [247,255]      [255,261]      [261,267]      [267,272]      [272,275]      [275,278]      
Machine 2: job_13_task_0  job_18_task_0  job_14_task_1  job_1_task_0   job_16_task_1  job_1_task_1   job_9_task_1   job_8_task_1   job_3_task_3   job_7_task_2   job_9_task_2   job_14_task_4  job_10_task_2  job_10_task_3  job_8_task_3   job_8_task_4   job_4_task_4   job_1_task_5   job_13_task_2  job_6_task_3   job_16_task_7  job_7_task_6   job_6_task_4   job_13_task_4  job_17_task_6  job_13_task_5  job_17_task_7  job_14_task_7  job_0_task_7   job_15_task_8  job_15_task_9  job_7_task_8   job_7_task_9   job_18_task_9  job_4_task_9   job_9_task_8   job_14_task_9  job_8_task_9   job_11_task_9  job_6_task_9   job_10_task_9  
           [0,10]         [10,15]        [15,21]        [21,24]        [24,33]        [33,37]        [37,41]        [41,51]        [51,55]        [55,64]        [64,74]        [74,79]        [79,84]        [84,92]        [92,95]        [95,103]       [103,111]      [111,120]      [121,127]      [127,133]      [133,142]      [142,147]      [147,151]      [151,160]      [160,164]      [164,173]      [173,180]      [180,188]      [188,193]      [193,197]      [197,207]      [215,224]      [224,231]      [231,233]      [233,238]      [238,245]      [245,249]      [249,250]      [253,256]      [256,258]      [275,276]      
Machine 3: job_14_task_0  job_9_task_0   job_0_task_1   job_2_task_0   job_3_task_1   job_3_task_2   job_18_task_2  job_15_task_1  job_4_task_0   job_16_task_2  job_10_task_0  job_6_task_0   job_4_task_1   job_15_task_2  job_6_task_1   job_0_task_3   job_8_task_2   job_18_task_4  job_1_task_4   job_15_task_3  job_9_task_3   job_13_task_1  job_6_task_2   job_7_task_4   job_9_task_4   job_15_task_4  job_12_task_4  job_17_task_4  job_5_task_3   job_8_task_5   job_6_task_5   job_0_task_6   job_15_task_7  job_5_task_5   job_12_task_6  job_13_task_6  job_1_task_8   job_12_task_8  job_18_task_8  job_2_task_8   job_8_task_7   job_6_task_7   job_5_task_6   job_4_task_8   job_0_task_8   job_8_task_8   job_10_task_7  job_11_task_8  job_1_task_9   job_17_task_9  job_0_task_9   job_9_task_9   
           [0,7]          [7,16]         [16,22]        [22,24]        [24,28]        [28,38]        [38,45]        [45,48]        [48,50]        [50,54]        [54,60]        [60,70]        [70,72]        [72,77]        [77,86]        [86,90]        [90,92]        [92,101]       [101,104]      [104,111]      [111,113]      [113,121]      [121,124]      [124,128]      [128,135]      [135,139]      [139,144]      [144,151]      [151,157]      [157,167]      [167,172]      [172,177]      [177,180]      [180,185]      [185,186]      [186,193]      [193,199]      [199,208]      [208,217]      [217,223]      [223,226]      [226,227]      [227,228]      [228,233]      [233,239]      [239,248]      [248,250]      [250,253]      [253,259]      [259,264]      [264,268]      [268,269]      
Optimal Schedule Length: 278.0
Total (Unoptimized Schedule Length): 1059
Statistics
  - conflicts: 0
  - branches : 0
  - wall time: 0.08506353400000001s