
Problem
         task_0   task_1   task_2    task_3    task_4   task_5   task_6   task_7   task_8    task_9   task_10 task_11  task_12  task_13
job_0    (4, 7)  (10, 6)   (1, 9)  (10, 10)    (6, 8)   (0, 8)   (7, 1)   (2, 7)  (7, 10)    (4, 3)  (10, 10)  (7, 3)  (6, 10)   (3, 7)
job_1    (6, 4)   (8, 3)   (4, 8)   (10, 8)    (1, 4)   (8, 6)   (3, 5)   (3, 8)   (6, 5)    (7, 5)    (0, 2)  (3, 3)   (5, 7)   (0, 5)
job_2    (6, 6)   (5, 8)   (9, 2)    (1, 8)    (4, 5)   (3, 9)   (5, 9)   (6, 6)   (2, 9)    (7, 4)    (1, 8)  (5, 6)   (1, 8)   (6, 4)
job_3    (0, 4)   (3, 8)   (6, 7)    (1, 4)    (8, 3)   (7, 8)   (1, 6)   (8, 8)   (8, 9)  (10, 10)    (2, 6)  (5, 1)   (8, 2)   (2, 9)
job_4    (8, 1)   (9, 2)   (0, 7)   (10, 5)  (10, 10)  (9, 10)   (3, 1)   (0, 6)   (8, 5)    (8, 3)    (7, 7)  (2, 5)   (9, 4)   (4, 3)
job_5    (1, 2)   (1, 7)   (1, 1)    (6, 6)    (1, 2)   (4, 2)   (4, 5)   (7, 5)   (1, 5)    (7, 3)    (0, 2)  (1, 3)  (8, 10)   (4, 4)
job_6   (1, 10)   (4, 4)   (7, 9)    (0, 6)   (3, 10)   (8, 1)  (10, 7)   (0, 9)   (3, 6)   (10, 3)    (5, 6)  (9, 8)   (0, 3)   (5, 8)
job_7    (4, 2)  (10, 2)   (3, 7)    (5, 4)    (5, 5)   (1, 9)  (9, 10)   (0, 9)   (1, 2)   (0, 10)    (6, 6)  (4, 7)   (9, 9)   (7, 9)
job_8    (5, 2)   (2, 8)   (8, 4)    (3, 3)    (9, 1)   (5, 3)   (0, 5)  (2, 10)   (8, 1)    (1, 2)    (4, 9)  (8, 2)  (10, 4)   (5, 6)
job_9    (7, 3)   (4, 4)   (1, 3)   (10, 4)    (3, 7)  (1, 10)   (4, 3)   (8, 8)  (10, 8)    (9, 6)  (10, 10)  (3, 4)   (9, 5)   (3, 4)
job_10   (7, 6)   (1, 3)   (3, 9)    (3, 6)    (9, 6)   (2, 2)  (5, 10)   (7, 9)   (6, 2)    (9, 1)   (10, 7)  (1, 5)   (4, 6)   (8, 5)
job_11   (5, 9)   (0, 3)  (8, 10)    (7, 7)    (1, 7)   (3, 8)  (3, 10)   (8, 6)   (5, 6)    (4, 3)   (5, 10)  (5, 6)   (8, 7)  (5, 10)
job_12   (2, 5)   (7, 7)   (0, 2)   (10, 3)    (4, 2)  (10, 4)   (3, 4)   (2, 4)   (2, 9)    (7, 1)    (4, 2)  (4, 4)  (9, 10)   (1, 8)
job_13   (5, 5)   (1, 8)   (5, 4)    (5, 5)    (5, 1)   (1, 5)   (3, 6)   (4, 3)   (4, 7)    (7, 2)   (10, 5)  (1, 9)   (0, 1)   (4, 2)
job_14   (2, 6)   (6, 9)   (5, 4)    (9, 3)    (6, 6)   (5, 6)   (8, 5)   (8, 8)   (9, 6)    (2, 7)   (10, 9)  (1, 8)   (0, 5)   (0, 1)
job_15  (10, 3)   (9, 3)   (3, 8)    (5, 3)    (4, 2)   (2, 4)  (10, 6)   (7, 4)   (5, 3)    (5, 1)    (1, 5)  (7, 2)   (7, 5)   (2, 8)
job_16   (5, 3)   (1, 1)   (4, 6)    (6, 7)   (10, 2)  (9, 10)  (10, 7)   (2, 8)   (7, 9)    (0, 5)    (3, 2)  (0, 4)   (8, 9)  (3, 10)
job_17   (6, 6)   (2, 9)   (8, 1)    (2, 3)    (2, 6)   (0, 8)   (0, 7)   (6, 9)   (2, 7)   (10, 7)   (7, 10)  (9, 5)   (4, 4)   (1, 7)


Solution:
Machine 0: job_3_task_0   job_4_task_2   job_11_task_1  job_12_task_2  job_6_task_3   job_17_task_5  job_17_task_6  job_0_task_5   job_7_task_7   job_6_task_7   job_16_task_9  job_8_task_6   job_7_task_9   job_4_task_7   job_16_task_11 job_1_task_10  job_14_task_12 job_14_task_13 job_6_task_12  job_5_task_10  job_1_task_13  job_13_task_12 
           [0,4]          [4,11]         [11,14]        [18,20]        [27,33]        [34,42]        [42,49]        [53,61]        [61,70]        [70,79]        [79,84]        [94,99]        [99,109]       [109,115]      [121,125]      [131,133]      [133,138]      [138,139]      [143,146]      [147,149]      [149,154]      [161,162]      
Machine 1: job_6_task_0   job_10_task_1  job_16_task_1  job_0_task_2   job_2_task_3   job_9_task_2   job_11_task_4  job_7_task_5   job_3_task_3   job_13_task_1  job_5_task_0   job_1_task_4   job_9_task_5   job_3_task_6   job_13_task_5  job_5_task_1   job_5_task_2   job_7_task_8   job_2_task_10  job_5_task_4   job_15_task_10 job_2_task_12  job_14_task_11 job_17_task_13 job_8_task_9   job_5_task_8   job_10_task_11 job_5_task_11  job_13_task_11 job_12_task_13 
           [0,10]         [10,13]        [13,14]        [14,23]        [23,31]        [31,34]        [34,41]        [41,50]        [50,54]        [54,62]        [62,64]        [64,68]        [68,78]        [78,84]        [84,89]        [89,96]        [96,97]        [97,99]        [99,107]       [107,109]      [109,114]      [114,122]      [122,130]      [130,137]      [137,139]      [139,144]      [144,149]      [149,152]      [152,161]      [161,169]      
Machine 2: job_14_task_0  job_12_task_0  job_17_task_1  job_17_task_3  job_17_task_4  job_8_task_1   job_15_task_5  job_16_task_7  job_17_task_8  job_0_task_7   job_10_task_5  job_14_task_9  job_2_task_8   job_12_task_7  job_12_task_8  job_8_task_7   job_3_task_10  job_4_task_11  job_3_task_13  job_15_task_13 
           [0,6]          [6,11]         [12,21]        [25,28]        [28,34]        [34,42]        [43,47]        [54,62]        [62,69]        [69,76]        [76,78]        [78,85]        [85,94]        [94,98]        [98,107]       [107,117]      [129,135]      [140,145]      [145,154]      [154,162]      
Machine 3: job_3_task_1   job_15_task_2  job_7_task_2   job_10_task_2  job_6_task_4   job_2_task_5   job_10_task_3  job_9_task_4   job_11_task_5  job_11_task_6  job_8_task_3   job_12_task_6  job_13_task_6  job_4_task_6   job_6_task_8   job_1_task_6   job_1_task_7   job_16_task_10 job_1_task_11  job_16_task_13 job_0_task_13  job_9_task_11  job_9_task_13  
           [4,12]         [12,20]        [20,27]        [27,36]        [36,46]        [46,55]        [55,61]        [61,68]        [68,76]        [76,86]        [86,89]        [89,93]        [93,99]        [99,100]       [100,106]      [106,111]      [111,119]      [119,121]      [133,136]      [136,146]      [146,153]      [153,157]      [162,166]      
Machine 4: job_0_task_0   job_7_task_0   job_9_task_1   job_6_task_1   job_16_task_2  job_12_task_4  job_1_task_2   job_2_task_4   job_15_task_4  job_9_task_6   job_0_task_9   job_13_task_7  job_13_task_8  job_11_task_9  job_5_task_5   job_5_task_6   job_7_task_11  job_17_task_12 job_12_task_10 job_12_task_11 job_8_task_10  job_10_task_12 job_4_task_13  job_5_task_13  job_13_task_13 
           [0,7]          [7,9]          [9,13]         [13,17]        [17,23]        [23,25]        [28,36]        [36,41]        [41,43]        [78,81]        [86,89]        [99,102]       [102,109]      [109,112]      [112,114]      [114,119]      [119,126]      [126,130]      [130,132]      [132,136]      [139,148]      [149,155]      [157,160]      [162,166]      [166,168]      
Machine 5: job_11_task_0  job_16_task_0  job_2_task_1   job_8_task_0   job_14_task_2  job_15_task_3  job_7_task_3   job_7_task_4   job_14_task_5  job_13_task_0  job_13_task_2  job_2_task_6   job_13_task_3  job_13_task_4  job_10_task_6  job_8_task_5   job_15_task_8  job_11_task_8  job_15_task_9  job_2_task_11  job_11_task_10 job_6_task_10  job_11_task_11 job_3_task_11  job_1_task_12  job_11_task_13 job_6_task_13  job_8_task_13  
           [0,9]          [9,12]         [12,20]        [20,22]        [22,26]        [26,29]        [29,33]        [33,38]        [38,44]        [44,49]        [62,66]        [66,75]        [75,80]        [80,81]        [81,91]        [91,94]        [94,97]        [97,103]       [103,104]      [107,113]      [113,123]      [123,129]      [129,135]      [135,136]      [136,143]      [143,153]      [153,161]      [161,167]      
Machine 6: job_2_task_0   job_17_task_0  job_14_task_1  job_1_task_0   job_16_task_3  job_14_task_4  job_3_task_2   job_0_task_4   job_17_task_7  job_2_task_7   job_5_task_3   job_10_task_8  job_7_task_10  job_1_task_8   job_2_task_13  job_0_task_12  
           [0,6]          [6,12]         [12,21]        [21,25]        [25,32]        [32,38]        [38,45]        [45,53]        [53,62]        [75,81]        [97,103]       [107,109]      [109,115]      [119,124]      [124,128]      [128,138]      
Machine 7: job_9_task_0   job_10_task_0  job_12_task_1  job_6_task_2   job_11_task_3  job_3_task_5   job_0_task_6   job_16_task_8  job_0_task_8   job_15_task_7  job_2_task_9   job_10_task_7  job_17_task_10 job_12_task_9  job_0_task_11  job_5_task_7   job_1_task_9   job_13_task_9  job_4_task_10  job_15_task_11 job_5_task_9   job_15_task_12 job_7_task_13  
           [0,3]          [3,9]          [11,18]        [18,27]        [27,34]        [57,65]        [65,66]        [66,75]        [76,86]        [86,90]        [94,98]        [98,107]       [107,117]      [117,118]      [118,121]      [121,126]      [126,131]      [131,133]      [133,140]      [140,142]      [144,147]      [147,152]      [152,161]      
Machine 8: job_4_task_0   job_11_task_2  job_17_task_2  job_1_task_1   job_8_task_2   job_6_task_5   job_14_task_6  job_3_task_4   job_14_task_7  job_1_task_5   job_9_task_7   job_11_task_7  job_3_task_7   job_3_task_8   job_4_task_8   job_4_task_9   job_8_task_8   job_16_task_12 job_11_task_12 job_3_task_12  job_8_task_11  job_5_task_12  job_10_task_13 
           [0,1]          [14,24]        [24,25]        [25,28]        [42,46]        [46,47]        [47,52]        [54,57]        [57,65]        [68,74]        [81,89]        [89,95]        [95,103]       [103,112]      [115,120]      [120,123]      [123,124]      [125,134]      [135,142]      [142,144]      [148,150]      [152,162]      [162,167]      
Machine 9: job_4_task_1   job_15_task_1  job_2_task_2   job_14_task_3  job_16_task_5  job_7_task_6   job_10_task_4  job_14_task_8  job_4_task_5   job_8_task_4   job_9_task_9   job_10_task_9  job_17_task_11 job_7_task_12  job_6_task_11  job_12_task_12 job_4_task_12  job_9_task_12  
           [1,3]          [3,6]          [20,22]        [26,29]        [35,45]        [50,60]        [61,67]        [67,73]        [73,83]        [89,90]        [107,113]      [113,114]      [117,122]      [126,135]      [135,143]      [143,153]      [153,157]      [157,162]      
Machine 10: job_15_task_0  job_0_task_1   job_7_task_1   job_4_task_3   job_12_task_3  job_0_task_3   job_16_task_4  job_9_task_3   job_1_task_3   job_16_task_6  job_6_task_6   job_4_task_4   job_12_task_5  job_15_task_6  job_17_task_9  job_0_task_10  job_9_task_8   job_6_task_9   job_14_task_10 job_3_task_9   job_10_task_10 job_13_task_10 job_9_task_10  job_8_task_12  
           [0,3]          [7,13]         [13,15]        [15,20]        [20,23]        [23,33]        [33,35]        [35,39]        [39,47]        [47,54]        [54,61]        [61,71]        [71,75]        [75,81]        [81,88]        [89,99]        [99,107]       [107,110]      [110,119]      [119,129]      [129,136]      [136,141]      [141,151]      [151,155]      
Optimal Schedule Length: 169.0
Total (Unoptimized Schedule Length): 1414
Statistics
  - conflicts: 0
  - branches : 0
  - wall time: 0.106700047s