
Problem
         task_0  task_1   task_2   task_3   task_4  task_5  task_6  task_7   task_8   task_9  task_10 task_11  task_12  task_13  task_14
job_0    (2, 4)  (2, 8)   (2, 8)   (3, 9)   (2, 4)  (0, 1)  (1, 9)  (3, 2)   (3, 5)   (5, 8)   (1, 2)  (5, 3)   (4, 5)   (0, 6)   (4, 1)
job_1   (4, 10)  (0, 3)   (0, 4)   (1, 3)  (4, 10)  (3, 9)  (4, 3)  (2, 3)   (5, 8)   (5, 9)  (2, 10)  (4, 4)   (1, 8)   (2, 7)   (1, 9)
job_2    (3, 6)  (5, 6)   (1, 1)   (4, 3)   (0, 8)  (3, 2)  (5, 1)  (4, 8)   (2, 9)   (1, 3)   (0, 3)  (2, 7)   (5, 9)   (0, 6)   (3, 8)
job_3    (2, 4)  (4, 8)   (0, 5)   (3, 1)   (2, 8)  (3, 9)  (1, 4)  (3, 8)   (1, 6)   (0, 2)   (4, 3)  (2, 2)   (0, 5)   (3, 6)  (5, 10)
job_4    (3, 2)  (2, 8)   (0, 5)   (1, 4)   (3, 5)  (4, 5)  (0, 1)  (2, 1)   (4, 8)   (0, 3)   (1, 8)  (4, 6)  (1, 10)   (3, 3)   (3, 6)
job_5    (1, 7)  (3, 1)   (1, 4)  (4, 10)   (5, 7)  (3, 4)  (0, 6)  (0, 8)   (2, 3)   (2, 4)   (5, 2)  (4, 8)   (0, 9)   (5, 8)  (4, 10)
job_6    (5, 6)  (0, 3)   (2, 4)   (3, 1)   (1, 6)  (2, 7)  (1, 5)  (4, 7)   (3, 2)   (0, 6)   (2, 9)  (4, 1)   (1, 1)   (0, 2)   (3, 4)
job_7    (1, 8)  (0, 9)   (2, 6)   (4, 7)   (2, 8)  (1, 5)  (5, 6)  (1, 5)   (3, 8)   (1, 7)   (1, 4)  (5, 9)   (1, 9)   (0, 8)   (2, 7)
job_8    (4, 5)  (3, 6)   (0, 1)   (1, 3)   (0, 6)  (3, 7)  (2, 4)  (5, 1)   (2, 7)   (5, 8)   (2, 9)  (2, 3)   (2, 7)   (2, 5)   (1, 5)
job_9   (3, 10)  (0, 1)   (0, 6)   (3, 1)   (4, 5)  (1, 6)  (5, 3)  (2, 1)  (3, 10)   (5, 8)   (3, 6)  (1, 9)   (2, 2)   (3, 5)   (2, 5)
job_10   (2, 1)  (4, 7)   (4, 8)  (1, 10)   (1, 6)  (0, 3)  (1, 2)  (2, 4)   (3, 8)  (5, 10)   (5, 4)  (3, 2)   (5, 3)   (2, 2)   (0, 8)
job_11   (1, 3)  (5, 6)   (4, 6)   (3, 4)   (4, 7)  (3, 9)  (2, 8)  (3, 3)   (5, 3)   (1, 9)   (5, 5)  (3, 4)   (2, 9)   (1, 9)   (4, 2)
job_12   (4, 3)  (2, 1)   (3, 4)   (0, 7)   (2, 3)  (5, 2)  (2, 8)  (5, 1)   (5, 7)   (0, 7)  (4, 10)  (4, 3)   (5, 7)  (2, 10)   (4, 7)
job_13   (5, 5)  (0, 6)   (5, 5)  (0, 10)   (4, 7)  (5, 6)  (0, 4)  (1, 1)   (3, 7)  (3, 10)   (1, 2)  (2, 8)   (4, 2)   (3, 8)   (4, 5)
job_14   (1, 9)  (3, 4)   (5, 9)   (4, 5)   (5, 1)  (4, 3)  (2, 8)  (4, 9)   (2, 5)   (5, 2)   (3, 3)  (3, 3)   (5, 8)   (2, 9)  (5, 10)
job_15   (4, 4)  (4, 6)   (5, 8)   (5, 8)   (4, 3)  (3, 2)  (2, 2)  (0, 9)   (1, 3)   (5, 7)   (2, 7)  (3, 6)   (4, 6)   (5, 1)   (4, 3)
job_16   (2, 5)  (3, 6)   (0, 1)   (1, 7)   (2, 3)  (4, 2)  (5, 9)  (3, 5)   (5, 5)   (1, 4)   (1, 1)  (3, 5)   (0, 9)   (5, 5)   (5, 1)
job_17   (3, 6)  (4, 3)  (2, 10)   (0, 7)   (0, 7)  (5, 4)  (2, 3)  (0, 3)  (3, 10)   (2, 4)   (4, 9)  (3, 1)   (3, 2)   (5, 4)   (1, 2)


Solution:
Machine 0: job_13_task_1  job_7_task_1   job_1_task_1   job_1_task_2   job_12_task_3  job_13_task_3  job_3_task_2   job_9_task_1   job_9_task_2   job_8_task_2   job_4_task_2   job_8_task_4   job_6_task_1   job_16_task_2  job_5_task_6   job_5_task_7   job_17_task_3  job_2_task_4   job_17_task_4  job_10_task_5  job_12_task_9  job_0_task_5   job_13_task_6  job_4_task_6   job_15_task_7  job_17_task_7  job_4_task_9   job_2_task_10  job_5_task_12  job_3_task_9   job_3_task_12  job_6_task_9   job_7_task_13  job_16_task_12 job_2_task_13  job_6_task_13  job_0_task_13  job_10_task_14 
           [5,11]         [11,20]        [20,23]        [23,27]        [27,34]        [34,44]        [44,49]        [49,50]        [50,56]        [56,57]        [57,62]        [62,68]        [68,71]        [71,72]        [77,83]        [83,91]        [91,98]        [98,106]       [106,113]      [113,116]      [116,123]      [123,124]      [128,132]      [138,139]      [141,150]      [153,156]      [156,159]      [170,173]      [173,182]      [182,184]      [201,206]      [206,212]      [212,220]      [220,229]      [235,241]      [248,250]      [262,268]      [268,276]      
Machine 1: job_7_task_0   job_5_task_0   job_14_task_0  job_11_task_0  job_1_task_3   job_5_task_2   job_2_task_2   job_7_task_5   job_8_task_3   job_7_task_7   job_4_task_3   job_16_task_3  job_10_task_3  job_10_task_4  job_3_task_6   job_9_task_5   job_6_task_4   job_7_task_9   job_13_task_7  job_10_task_6  job_0_task_6   job_7_task_10  job_11_task_9  job_6_task_6   job_15_task_8  job_2_task_9   job_3_task_8   job_4_task_10  job_13_task_10 job_1_task_12  job_16_task_9  job_7_task_12  job_16_task_10 job_9_task_11  job_4_task_12  job_0_task_10  job_11_task_13 job_6_task_12  job_17_task_14 job_1_task_14  job_8_task_14  
           [0,8]          [8,15]         [15,24]        [24,27]        [27,30]        [30,34]        [34,35]        [48,53]        [57,60]        [60,65]        [65,69]        [72,79]        [87,97]        [97,103]       [103,107]      [115,121]      [121,127]      [127,134]      [134,135]      [135,137]      [137,146]      [146,150]      [150,159]      [159,164]      [164,167]      [167,170]      [170,176]      [176,184]      [184,186]      [186,194]      [194,198]      [198,207]      [207,208]      [208,217]      [217,227]      [227,229]      [229,238]      [247,248]      [257,259]      [263,272]      [272,277]      
Machine 2: job_3_task_0   job_10_task_0  job_0_task_0   job_0_task_1   job_12_task_1  job_16_task_0  job_7_task_2   job_4_task_1   job_12_task_4  job_7_task_4   job_0_task_2   job_3_task_4   job_12_task_6  job_6_task_2   job_0_task_4   job_17_task_2  job_16_task_4  job_8_task_6   job_5_task_8   job_8_task_8   job_1_task_7   job_14_task_6  job_11_task_6  job_5_task_9   job_2_task_8   job_15_task_6  job_9_task_7   job_4_task_7   job_6_task_5   job_17_task_6  job_10_task_7  job_14_task_8  job_1_task_10  job_8_task_10  job_2_task_11  job_17_task_9  job_15_task_10 job_3_task_11  job_13_task_11 job_8_task_11  job_11_task_12 job_14_task_13 job_8_task_12  job_6_task_10  job_12_task_13 job_1_task_13  job_9_task_12  job_10_task_13 job_8_task_13  job_7_task_14  job_9_task_14  
           [0,4]          [4,5]          [5,9]          [9,17]         [17,18]        [18,23]        [23,29]        [29,37]        [37,40]        [40,48]        [48,56]        [56,64]        [64,72]        [72,76]        [76,80]        [80,90]        [90,93]        [93,97]        [97,100]       [100,107]      [107,110]      [110,118]      [118,126]      [126,130]      [130,139]      [139,141]      [141,142]      [142,143]      [143,150]      [150,153]      [153,157]      [157,162]      [162,172]      [172,181]      [181,188]      [188,192]      [192,199]      [199,201]      [201,209]      [209,212]      [212,221]      [221,230]      [230,237]      [237,246]      [246,256]      [256,263]      [263,265]      [265,267]      [267,272]      [272,279]      [279,284]      
Machine 3: job_2_task_0   job_9_task_0   job_5_task_1   job_4_task_0   job_12_task_2  job_17_task_0  job_14_task_1  job_8_task_1   job_16_task_1  job_3_task_3   job_1_task_5   job_9_task_3   job_0_task_3   job_11_task_3  job_5_task_5   job_4_task_4   job_8_task_5   job_3_task_5   job_11_task_5  job_2_task_5   job_7_task_8   job_6_task_3   job_3_task_7   job_11_task_7  job_16_task_7  job_15_task_5  job_13_task_8  job_9_task_8   job_13_task_9  job_10_task_8  job_17_task_8  job_14_task_10 job_0_task_7   job_14_task_11 job_0_task_8   job_9_task_10  job_6_task_8   job_11_task_11 job_15_task_11 job_16_task_11 job_3_task_13  job_17_task_11 job_13_task_13 job_17_task_12 job_4_task_13  job_4_task_14  job_10_task_11 job_2_task_14  job_6_task_14  job_9_task_13  
           [0,6]          [6,16]         [16,17]        [17,19]        [19,23]        [23,29]        [29,33]        [33,39]        [39,45]        [49,50]        [50,59]        [59,60]        [60,69]        [69,73]        [73,77]        [77,82]        [82,89]        [89,98]        [98,107]       [107,109]      [109,117]      [117,118]      [118,126]      [126,129]      [129,134]      [134,136]      [136,143]      [143,153]      [153,163]      [163,171]      [171,181]      [181,184]      [184,186]      [186,189]      [189,194]      [194,200]      [200,202]      [202,206]      [206,212]      [212,217]      [217,223]      [223,224]      [224,232]      [232,234]      [234,237]      [237,243]      [243,245]      [245,253]      [253,257]      [265,270]      
Machine 4: job_1_task_0   job_12_task_0  job_8_task_0   job_10_task_1  job_3_task_1   job_7_task_3   job_1_task_4   job_5_task_3   job_11_task_2  job_15_task_0  job_15_task_1  job_17_task_1  job_10_task_2  job_11_task_4  job_2_task_3   job_14_task_3  job_16_task_5  job_1_task_6   job_14_task_5  job_9_task_4   job_13_task_4  job_2_task_7   job_15_task_4  job_4_task_5   job_14_task_7  job_4_task_8   job_12_task_10 job_5_task_11  job_6_task_7   job_1_task_11  job_12_task_11 job_3_task_10  job_4_task_11  job_17_task_10 job_13_task_12 job_15_task_12 job_13_task_14 job_11_task_14 job_6_task_11  job_5_task_14  job_0_task_12  job_12_task_14 job_0_task_14  job_15_task_14 
           [0,10]         [10,13]        [13,18]        [18,25]        [25,33]        [33,40]        [40,50]        [50,60]        [60,66]        [66,70]        [70,76]        [76,79]        [79,87]        [87,94]        [94,97]        [97,102]       [102,104]      [104,107]      [107,110]      [110,115]      [115,122]      [122,130]      [130,133]      [133,138]      [138,147]      [147,155]      [155,165]      [165,173]      [173,180]      [180,184]      [184,187]      [187,190]      [190,196]      [196,205]      [209,211]      [212,218]      [232,237]      [238,240]      [246,247]      [247,257]      [257,262]      [262,269]      [269,270]      [278,281]      
Machine 5: job_13_task_0  job_6_task_0   job_13_task_2  job_2_task_1   job_11_task_1  job_14_task_2  job_12_task_5  job_7_task_6   job_5_task_4   job_12_task_7  job_12_task_8  job_15_task_2  job_15_task_3  job_8_task_7   job_14_task_4  job_16_task_6  job_1_task_8   job_2_task_6   job_13_task_5  job_9_task_6   job_1_task_9   job_17_task_5  job_11_task_8  job_5_task_10  job_8_task_9   job_9_task_9   job_14_task_9  job_15_task_9  job_7_task_11  job_16_task_8  job_11_task_10 job_10_task_9  job_14_task_12 job_0_task_9   job_12_task_12 job_2_task_12  job_10_task_10 job_5_task_13  job_0_task_11  job_10_task_12 job_17_task_13 job_14_task_14 job_3_task_14  job_15_task_13 job_16_task_13 job_16_task_14 
           [0,5]          [5,11]         [11,16]        [16,22]        [27,33]        [33,42]        [42,44]        [53,59]        [60,67]        [72,73]        [73,80]        [80,88]        [88,96]        [97,98]        [102,103]      [104,113]      [113,121]      [121,122]      [122,128]      [128,131]      [131,140]      [140,144]      [144,147]      [147,149]      [149,157]      [157,165]      [165,167]      [167,174]      [174,183]      [183,188]      [188,193]      [193,203]      [203,211]      [211,219]      [219,226]      [226,235]      [235,239]      [239,247]      [247,250]      [250,253]      [253,257]      [257,267]      [267,277]      [277,278]      [278,283]      [283,284]      
Optimal Schedule Length: 284.0
Total (Unoptimized Schedule Length): 1464
Statistics
  - conflicts: 0
  - branches : 41
  - wall time: 0.34684910700000005s