
Problem
         task_0   task_1   task_2   task_3   task_4   task_5   task_6   task_7   task_8  task_9 task_10  task_11  task_12  task_13  task_14 task_15  task_16
job_0    (2, 2)   (2, 5)  (2, 10)   (0, 5)   (2, 9)   (2, 1)   (3, 3)   (3, 7)   (0, 6)  (0, 7)  (3, 3)   (0, 1)   (0, 7)   (1, 8)   (0, 9)  (1, 4)   (2, 2)
job_1    (2, 6)   (0, 1)   (3, 6)   (3, 7)   (3, 3)   (3, 5)   (2, 2)   (3, 1)   (2, 9)  (3, 2)  (1, 1)   (1, 4)   (2, 4)   (1, 4)   (0, 5)  (2, 8)  (1, 10)
job_2    (3, 6)   (0, 3)   (0, 1)   (2, 9)   (3, 4)   (1, 8)   (1, 6)   (3, 9)   (3, 5)  (0, 4)  (0, 3)   (0, 6)   (1, 1)   (0, 1)   (2, 7)  (3, 9)   (0, 5)
job_3    (2, 8)   (2, 3)   (0, 7)   (1, 9)   (3, 6)  (2, 10)  (2, 10)   (3, 2)   (1, 2)  (3, 6)  (2, 6)   (0, 8)   (2, 3)  (0, 10)   (1, 8)  (2, 7)  (1, 10)
job_4    (0, 4)   (1, 5)   (0, 7)  (1, 10)   (0, 4)   (2, 3)   (0, 8)   (0, 9)   (2, 3)  (3, 4)  (1, 2)   (3, 4)   (3, 4)   (1, 3)   (3, 7)  (1, 3)  (2, 10)
job_5    (3, 8)  (3, 10)   (2, 4)   (0, 5)  (3, 10)   (0, 7)   (1, 1)  (0, 10)   (2, 2)  (2, 7)  (0, 7)   (3, 8)   (3, 4)   (3, 3)   (3, 3)  (2, 1)   (1, 2)
job_6    (2, 6)   (0, 4)   (1, 6)   (1, 4)   (1, 1)   (2, 3)  (0, 10)   (0, 7)  (1, 10)  (3, 2)  (2, 5)   (1, 7)   (3, 2)   (1, 9)   (2, 8)  (1, 9)  (3, 10)
job_7    (1, 7)   (1, 4)   (3, 6)   (0, 7)   (3, 9)   (3, 3)   (0, 2)   (2, 9)   (2, 4)  (3, 1)  (3, 1)   (0, 4)   (0, 3)   (1, 5)   (1, 2)  (1, 3)   (3, 6)
job_8    (1, 5)   (1, 8)   (0, 5)   (2, 5)   (2, 1)   (3, 9)   (3, 3)   (3, 2)   (2, 5)  (0, 5)  (1, 5)   (1, 2)   (1, 7)   (1, 1)   (1, 9)  (3, 1)   (2, 4)
job_9    (0, 5)  (3, 10)   (1, 2)   (2, 3)   (3, 4)   (0, 6)   (1, 4)   (1, 6)   (3, 8)  (1, 6)  (0, 6)   (0, 8)   (0, 9)   (2, 5)   (2, 9)  (1, 7)   (2, 1)
job_10  (0, 10)   (0, 2)   (0, 5)   (1, 4)   (2, 2)   (1, 6)   (3, 1)   (0, 7)  (3, 10)  (3, 1)  (2, 2)   (2, 5)  (1, 10)   (2, 8)   (2, 5)  (2, 3)   (0, 3)
job_11   (1, 6)   (1, 9)   (2, 6)   (2, 3)   (2, 8)   (2, 3)   (3, 9)  (1, 10)   (1, 1)  (2, 5)  (1, 8)   (3, 4)  (0, 10)   (1, 8)   (2, 5)  (1, 9)   (1, 4)
job_12   (3, 7)   (3, 2)   (1, 3)   (3, 5)   (2, 1)   (2, 7)   (2, 7)   (0, 3)   (1, 5)  (2, 4)  (3, 7)   (1, 9)   (2, 1)   (2, 2)   (0, 1)  (3, 7)   (1, 7)
job_13   (1, 1)   (2, 7)  (2, 10)   (3, 9)   (3, 9)   (3, 7)   (2, 9)  (0, 10)   (2, 7)  (0, 6)  (0, 6)  (2, 10)   (3, 5)   (3, 6)  (2, 10)  (0, 9)  (2, 10)
job_14   (2, 5)   (2, 7)   (2, 6)   (1, 1)   (0, 5)   (2, 5)   (3, 9)   (1, 2)   (2, 7)  (1, 2)  (1, 5)   (0, 3)   (0, 7)   (1, 5)   (1, 7)  (3, 8)   (0, 5)
job_15  (1, 10)   (2, 4)   (0, 6)   (1, 5)   (3, 7)   (1, 2)   (0, 4)   (1, 1)   (1, 4)  (2, 2)  (0, 9)   (3, 4)   (3, 3)   (2, 2)   (2, 1)  (1, 6)   (1, 1)


Solution:
Machine 0: job_9_task_0   job_4_task_0   job_10_task_0  job_10_task_1  job_4_task_2   job_3_task_2   job_6_task_1   job_2_task_1   job_2_task_2   job_10_task_2  job_8_task_2   job_13_task_7  job_9_task_5   job_6_task_6   job_6_task_7   job_1_task_1   job_0_task_3   job_4_task_4   job_9_task_10  job_14_task_4  job_9_task_11  job_5_task_3   job_9_task_12  job_5_task_5   job_13_task_9  job_13_task_10 job_7_task_3   job_4_task_6   job_15_task_2  job_10_task_7  job_4_task_7   job_15_task_6  job_7_task_6   job_12_task_7  job_14_task_11 job_0_task_8   job_14_task_12 job_11_task_12 job_5_task_7   job_0_task_9   job_3_task_11  job_8_task_9   job_15_task_10 job_2_task_9   job_3_task_13  job_2_task_10  job_0_task_11  job_0_task_12  job_2_task_11  job_5_task_10  job_7_task_11  job_1_task_14  job_2_task_13  job_7_task_12  job_13_task_15 job_12_task_14 job_0_task_14  job_14_task_16 job_2_task_16  job_10_task_16 
           [0,5]          [5,9]          [9,19]         [19,21]        [21,28]        [28,35]        [35,39]        [39,42]        [42,43]        [43,48]        [63,68]        [70,80]        [80,86]        [86,96]        [96,103]       [103,104]      [104,109]      [111,115]      [115,121]      [121,126]      [126,134]      [134,139]      [139,148]      [149,156]      [156,162]      [162,168]      [168,175]      [175,183]      [183,189]      [189,196]      [196,205]      [205,209]      [209,211]      [212,215]      [215,218]      [218,224]      [224,231]      [231,241]      [241,251]      [251,258]      [258,266]      [266,271]      [271,280]      [280,284]      [284,294]      [294,297]      [297,298]      [298,305]      [305,311]      [311,318]      [318,322]      [322,327]      [327,328]      [328,331]      [331,340]      [340,341]      [341,350]      [350,355]      [360,365]      [390,393]      
Machine 1: job_13_task_0  job_11_task_0  job_11_task_1  job_4_task_1   job_9_task_2   job_8_task_0   job_7_task_0   job_3_task_3   job_6_task_2   job_6_task_3   job_6_task_4   job_8_task_1   job_15_task_0  job_4_task_3   job_12_task_2  job_9_task_6   job_9_task_7   job_7_task_1   job_10_task_3  job_9_task_9   job_6_task_8   job_14_task_3  job_2_task_5   job_2_task_6   job_11_task_7  job_11_task_8  job_5_task_6   job_3_task_8   job_10_task_5  job_6_task_11  job_14_task_7  job_6_task_13  job_15_task_3  job_11_task_10 job_15_task_5  job_14_task_9  job_14_task_10 job_15_task_7  job_15_task_8  job_12_task_8  job_6_task_15  job_4_task_10  job_14_task_13 job_14_task_14 job_11_task_13 job_1_task_10  job_1_task_11  job_4_task_13  job_11_task_15 job_11_task_16 job_8_task_10  job_1_task_13  job_8_task_11  job_12_task_11 job_3_task_14  job_10_task_12 job_2_task_12  job_8_task_12  job_0_task_13  job_8_task_13  job_8_task_14  job_7_task_13  job_4_task_15  job_7_task_14  job_3_task_16  job_7_task_15  job_1_task_16  job_9_task_15  job_12_task_16 job_0_task_15  job_15_task_15 job_15_task_16 job_5_task_16  
           [0,1]          [1,7]          [7,16]         [16,21]        [21,23]        [23,28]        [28,35]        [35,44]        [44,50]        [50,54]        [54,55]        [55,63]        [63,73]        [73,83]        [83,86]        [86,90]        [90,96]        [96,100]       [100,104]      [104,110]      [110,120]      [120,121]      [130,138]      [138,144]      [144,154]      [154,155]      [156,157]      [157,159]      [166,172]      [172,179]      [179,181]      [181,190]      [190,195]      [195,203]      [203,205]      [205,207]      [207,212]      [212,213]      [213,217]      [217,222]      [222,231]      [231,233]      [233,238]      [238,245]      [245,253]      [253,254]      [254,258]      [258,261]      [261,270]      [270,274]      [274,279]      [279,283]      [283,285]      [285,294]      [294,302]      [302,312]      [312,313]      [313,320]      [320,328]      [328,329]      [329,338]      [338,343]      [343,346]      [346,348]      [348,358]      [358,361]      [361,371]      [371,378]      [378,385]      [385,389]      [389,395]      [395,396]      [396,398]      
Machine 2: job_3_task_0   job_13_task_1  job_13_task_2  job_3_task_1   job_6_task_0   job_11_task_2  job_0_task_0   job_14_task_0  job_11_task_3  job_0_task_1   job_6_task_5   job_9_task_3   job_13_task_6  job_11_task_4  job_3_task_5   job_1_task_0   job_0_task_2   job_14_task_1  job_14_task_2  job_2_task_3   job_11_task_5  job_5_task_2   job_3_task_6   job_13_task_8  job_0_task_4   job_14_task_5  job_10_task_4  job_12_task_4  job_6_task_10  job_4_task_5   job_15_task_1  job_12_task_5  job_11_task_9  job_8_task_3   job_0_task_5   job_8_task_4   job_14_task_8  job_12_task_6  job_6_task_14  job_4_task_8   job_1_task_6   job_13_task_11 job_1_task_8   job_12_task_9  job_3_task_10  job_15_task_9  job_11_task_14 job_8_task_8   job_1_task_12  job_3_task_12  job_5_task_8   job_10_task_10 job_5_task_9   job_7_task_7   job_10_task_11 job_7_task_8   job_13_task_14 job_9_task_13  job_10_task_13 job_12_task_12 job_12_task_13 job_3_task_15  job_9_task_14  job_2_task_14  job_1_task_15  job_10_task_14 job_15_task_13 job_13_task_16 job_4_task_16  job_15_task_14 job_10_task_15 job_8_task_16  job_9_task_16  job_5_task_15  job_0_task_16  
           [0,8]          [8,15]         [15,25]        [25,28]        [28,34]        [34,40]        [40,42]        [42,47]        [47,50]        [50,55]        [55,58]        [58,61]        [61,70]        [70,78]        [78,88]        [88,94]        [94,104]       [104,111]      [111,117]      [117,126]      [126,129]      [129,133]      [133,143]      [143,150]      [150,159]      [159,164]      [164,166]      [166,167]      [167,172]      [172,175]      [175,179]      [179,186]      [186,191]      [191,196]      [196,197]      [197,198]      [198,205]      [205,212]      [212,220]      [220,223]      [223,225]      [225,235]      [235,244]      [244,248]      [248,254]      [254,256]      [256,261]      [261,266]      [266,270]      [270,273]      [273,275]      [275,277]      [277,284]      [284,293]      [293,298]      [298,302]      [302,312]      [312,317]      [317,325]      [325,326]      [326,328]      [328,335]      [335,344]      [344,351]      [351,359]      [359,364]      [364,366]      [366,376]      [376,386]      [386,387]      [387,390]      [390,394]      [394,395]      [395,396]      [396,398]      
Machine 3: job_5_task_0   job_9_task_1   job_2_task_0   job_5_task_1   job_13_task_3  job_13_task_4  job_13_task_5  job_3_task_4   job_12_task_0  job_12_task_1  job_9_task_4   job_12_task_3  job_9_task_8   job_1_task_2   job_1_task_3   job_1_task_4   job_1_task_5   job_2_task_4   job_11_task_6  job_5_task_4   job_7_task_2   job_3_task_7   job_6_task_9   job_3_task_9   job_14_task_6  job_10_task_6  job_6_task_12  job_7_task_4   job_7_task_5   job_15_task_4  job_0_task_6   job_0_task_7   job_8_task_5   job_11_task_11 job_4_task_9   job_8_task_6   job_1_task_7   job_4_task_11  job_8_task_7   job_10_task_8  job_1_task_9   job_4_task_12  job_13_task_12 job_2_task_7   job_10_task_9  job_2_task_8   job_0_task_10  job_12_task_10 job_14_task_15 job_13_task_13 job_6_task_16  job_7_task_9   job_7_task_10  job_4_task_14  job_5_task_11  job_15_task_11 job_15_task_12 job_5_task_12  job_5_task_13  job_5_task_14  job_8_task_15  job_12_task_15 job_2_task_15  job_7_task_16  
           [0,8]          [8,18]         [18,24]        [24,34]        [34,43]        [43,52]        [52,59]        [59,65]        [65,72]        [72,74]        [74,78]        [86,91]        [96,104]       [104,110]      [110,117]      [117,120]      [120,125]      [126,130]      [130,139]      [139,149]      [149,155]      [155,157]      [157,159]      [159,165]      [165,174]      [174,175]      [179,181]      [181,190]      [190,193]      [195,202]      [202,205]      [205,212]      [212,221]      [221,225]      [225,229]      [229,232]      [232,233]      [233,237]      [237,239]      [239,249]      [249,251]      [251,255]      [255,260]      [260,269]      [269,270]      [270,275]      [275,278]      [278,285]      [285,293]      [293,299]      [299,309]      [309,310]      [310,311]      [311,318]      [318,326]      [326,330]      [330,333]      [333,337]      [337,340]      [340,343]      [343,344]      [344,351]      [351,360]      [361,367]      
Optimal Schedule Length: 398.0
Total (Unoptimized Schedule Length): 1467
Statistics
  - conflicts: 0
  - branches : 39
  - wall time: 3.469761146s