
Problem
         task_0   task_1   task_2   task_3  task_4   task_5   task_6   task_7   task_8   task_9  task_10 task_11  task_12  task_13  task_14  task_15 task_16
job_0   (1, 10)   (0, 3)   (6, 3)   (4, 7)  (2, 9)   (8, 4)   (2, 7)   (1, 4)   (0, 3)   (0, 4)   (6, 5)  (1, 1)  (0, 10)  (3, 10)   (0, 4)   (2, 4)  (6, 8)
job_1    (1, 7)   (0, 4)   (3, 9)  (7, 10)  (7, 8)   (4, 6)   (6, 6)   (8, 7)   (7, 2)  (8, 10)   (3, 2)  (6, 6)   (8, 4)   (7, 2)   (1, 6)   (0, 8)  (8, 6)
job_2    (0, 5)   (6, 4)   (3, 9)   (5, 8)  (3, 5)   (5, 5)  (3, 10)   (2, 7)   (0, 2)  (2, 10)   (4, 1)  (3, 5)   (1, 9)   (3, 3)   (5, 2)   (6, 3)  (1, 4)
job_3    (6, 1)   (1, 7)   (6, 8)   (2, 3)  (6, 7)  (8, 10)   (8, 6)   (5, 6)   (0, 8)   (7, 5)   (0, 1)  (0, 6)   (4, 7)   (6, 9)   (7, 9)   (6, 6)  (5, 6)
job_4    (0, 1)   (8, 2)   (5, 9)   (8, 5)  (3, 8)   (1, 2)   (2, 3)   (5, 6)   (1, 5)   (7, 4)   (5, 4)  (0, 6)  (7, 10)   (5, 2)   (4, 9)   (0, 8)  (8, 5)
job_5    (4, 3)   (0, 6)   (4, 1)   (4, 9)  (1, 3)   (1, 9)   (2, 8)   (5, 3)   (3, 5)   (5, 2)   (6, 1)  (0, 6)   (7, 8)   (1, 6)  (6, 10)  (6, 10)  (8, 7)
job_6    (7, 8)   (0, 4)   (4, 5)   (5, 1)  (0, 8)   (6, 8)   (1, 5)   (5, 2)   (8, 3)  (2, 10)   (5, 2)  (2, 6)   (0, 9)   (6, 7)   (4, 1)   (8, 3)  (1, 3)
job_7    (4, 7)   (3, 2)   (3, 7)   (5, 2)  (3, 9)   (5, 6)   (8, 2)   (6, 1)   (4, 2)   (7, 3)   (6, 3)  (1, 1)   (5, 4)   (0, 9)   (1, 2)  (5, 10)  (0, 8)
job_8    (0, 2)   (6, 2)   (8, 4)   (1, 5)  (1, 2)   (6, 9)   (3, 3)   (1, 2)  (1, 10)  (7, 10)   (1, 1)  (2, 9)   (2, 8)   (1, 4)   (6, 4)   (1, 3)  (6, 8)
job_9    (8, 8)   (5, 3)   (5, 9)   (4, 4)  (0, 9)   (2, 5)   (7, 3)  (4, 10)   (3, 2)   (2, 7)   (2, 1)  (5, 8)   (0, 4)   (8, 7)  (0, 10)   (4, 7)  (1, 6)
job_10   (6, 6)   (1, 7)  (2, 10)   (0, 2)  (4, 2)  (0, 10)   (4, 2)   (7, 2)   (1, 9)   (2, 9)  (0, 10)  (4, 8)   (1, 8)   (5, 2)   (1, 1)  (8, 10)  (6, 3)
job_11   (4, 1)   (0, 4)   (0, 1)   (6, 3)  (1, 9)   (1, 3)   (6, 3)   (7, 9)   (4, 4)   (3, 8)   (5, 5)  (3, 7)   (3, 7)   (3, 3)   (6, 3)   (7, 8)  (8, 7)
job_12  (0, 10)   (6, 2)   (2, 3)   (2, 9)  (7, 8)  (6, 10)  (4, 10)   (2, 5)   (6, 3)   (7, 5)   (6, 3)  (4, 6)   (3, 4)   (8, 9)   (4, 9)   (3, 6)  (1, 6)
job_13   (1, 7)  (5, 10)   (8, 5)   (3, 6)  (2, 6)   (2, 7)  (7, 10)   (2, 7)   (6, 2)   (4, 6)   (0, 1)  (0, 1)   (2, 9)   (8, 4)   (3, 7)   (0, 1)  (3, 7)
job_14   (3, 5)   (0, 2)   (3, 7)   (3, 9)  (1, 8)   (1, 9)   (8, 4)   (8, 3)  (6, 10)   (4, 9)   (0, 2)  (5, 4)   (4, 2)   (6, 5)   (5, 6)   (8, 2)  (0, 2)
job_15   (7, 9)   (2, 5)   (5, 1)   (1, 4)  (4, 5)   (3, 2)  (6, 10)   (6, 6)   (7, 4)   (3, 2)   (1, 7)  (7, 8)   (0, 6)   (7, 1)   (5, 9)  (3, 10)  (4, 1)


Solution:
Machine 0: job_8_task_0   job_4_task_0   job_12_task_0  job_5_task_1   job_2_task_0   job_11_task_1  job_14_task_1  job_11_task_2  job_0_task_1   job_1_task_1   job_6_task_1   job_9_task_4   job_10_task_3  job_6_task_4   job_10_task_5  job_3_task_8   job_4_task_11  job_3_task_10  job_3_task_11  job_7_task_13  job_5_task_11  job_10_task_10 job_9_task_12  job_0_task_8   job_0_task_9   job_13_task_10 job_2_task_8   job_13_task_11 job_9_task_14  job_14_task_10 job_15_task_12 job_0_task_12  job_6_task_12  job_13_task_15 job_0_task_14  job_1_task_15  job_4_task_15  job_7_task_16  job_14_task_16 
           [0,2]          [2,3]          [3,13]         [13,19]        [19,24]        [24,28]        [28,30]        [30,31]        [31,34]        [34,38]        [38,42]        [42,51]        [51,53]        [53,61]        [61,71]        [71,79]        [79,85]        [85,86]        [86,92]        [92,101]       [101,107]      [107,117]      [117,121]      [121,124]      [124,128]      [128,129]      [129,131]      [131,132]      [132,142]      [142,144]      [144,150]      [150,160]      [160,169]      [169,170]      [170,174]      [174,182]      [182,190]      [190,198]      [198,200]      
Machine 1: job_3_task_1   job_10_task_1  job_0_task_0   job_1_task_0   job_5_task_4   job_4_task_5   job_13_task_0  job_8_task_3   job_8_task_4   job_15_task_3  job_5_task_5   job_4_task_8   job_7_task_11  job_11_task_4  job_10_task_8  job_11_task_5  job_14_task_4  job_14_task_5  job_6_task_6   job_0_task_7   job_8_task_7   job_5_task_13  job_15_task_10 job_8_task_8   job_0_task_11  job_10_task_12 job_8_task_10  job_10_task_14 job_2_task_12  job_7_task_14  job_1_task_14  job_8_task_13  job_9_task_16  job_8_task_15  job_12_task_16 job_2_task_16  job_6_task_16  
           [1,8]          [8,15]         [15,25]        [26,33]        [33,36]        [36,38]        [38,45]        [45,50]        [50,52]        [52,56]        [56,65]        [65,70]        [70,71]        [73,82]        [82,91]        [91,94]        [94,102]       [102,111]      [111,116]      [116,120]      [120,122]      [122,128]      [128,135]      [135,145]      [145,146]      [146,154]      [155,156]      [156,157]      [157,166]      [166,168]      [168,174]      [174,178]      [178,184]      [184,187]      [187,193]      [193,197]      [197,200]      
Machine 2: job_15_task_1  job_3_task_3   job_12_task_2  job_12_task_3  job_10_task_2  job_4_task_6   job_0_task_4   job_9_task_5   job_0_task_6   job_5_task_6   job_13_task_4  job_12_task_7  job_13_task_5  job_10_task_9  job_9_task_9   job_9_task_10  job_13_task_7  job_2_task_7   job_6_task_9   job_13_task_12 job_2_task_9   job_6_task_11  job_8_task_11  job_8_task_12  job_0_task_15  
           [9,14]         [16,19]        [19,22]        [22,31]        [31,41]        [41,44]        [44,53]        [53,58]        [58,65]        [65,73]        [73,79]        [79,84]        [84,91]        [91,100]       [100,107]      [107,108]      [108,115]      [115,122]      [122,132]      [132,141]      [141,151]      [151,157]      [157,166]      [166,174]      [177,181]      
Machine 3: job_14_task_0  job_7_task_1   job_7_task_2   job_7_task_4   job_4_task_4   job_14_task_2  job_1_task_2   job_2_task_2   job_15_task_5  job_13_task_3  job_14_task_3  job_8_task_6   job_2_task_4   job_9_task_8   job_5_task_8   job_2_task_6   job_1_task_10  job_12_task_12 job_11_task_9  job_15_task_9  job_11_task_11 job_11_task_12 job_13_task_14 job_2_task_11  job_11_task_13 job_0_task_13  job_2_task_13  job_12_task_15 job_15_task_15 job_13_task_16 
           [0,5]          [7,9]          [9,16]         [19,28]        [28,36]        [36,43]        [43,52]        [56,65]        [65,67]        [67,73]        [73,82]        [82,85]        [86,91]        [91,93]        [93,98]        [98,108]       [108,110]      [110,114]      [118,126]      [126,128]      [131,138]      [138,145]      [145,152]      [152,157]      [157,160]      [160,170]      [170,173]      [173,179]      [179,189]      [189,196]      
Machine 4: job_7_task_0   job_5_task_0   job_11_task_0  job_5_task_2   job_5_task_3   job_9_task_3   job_0_task_3   job_7_task_8   job_6_task_2   job_10_task_4  job_15_task_4  job_12_task_6  job_10_task_6  job_1_task_5   job_9_task_7   job_3_task_12  job_12_task_11 job_11_task_8  job_13_task_9  job_10_task_11 job_14_task_9  job_12_task_14 job_2_task_10  job_14_task_12 job_9_task_15  job_4_task_14  job_6_task_14  job_15_task_16 
           [0,7]          [7,10]         [10,11]        [19,20]        [20,29]        [29,33]        [37,44]        [44,46]        [46,51]        [53,55]        [56,61]        [61,71]        [71,73]        [73,79]        [79,89]        [92,99]        [100,106]      [114,118]      [118,124]      [124,132]      [132,141]      [141,150]      [151,152]      [152,154]      [154,161]      [173,182]      [182,183]      [189,190]      
Machine 5: job_4_task_2   job_9_task_1   job_7_task_3   job_9_task_2   job_15_task_2  job_7_task_5   job_4_task_7   job_6_task_3   job_13_task_1  job_3_task_7   job_4_task_10  job_2_task_3   job_7_task_12  job_5_task_7   job_2_task_5   job_5_task_9   job_9_task_11  job_6_task_7   job_11_task_10 job_6_task_10  job_14_task_11 job_10_task_13 job_15_task_14 job_14_task_14 job_4_task_13  job_2_task_14  job_7_task_15  job_3_task_16  
           [5,14]         [14,17]        [17,19]        [19,28]        [28,29]        [29,35]        [44,50]        [51,52]        [52,62]        [65,71]        [74,78]        [78,86]        [86,90]        [90,93]        [93,98]        [98,100]       [108,116]      [116,118]      [126,131]      [132,134]      [144,148]      [154,156]      [156,165]      [165,171]      [171,173]      [173,175]      [175,185]      [185,191]      
Machine 6: job_3_task_0   job_10_task_0  job_3_task_2   job_12_task_1  job_8_task_1   job_3_task_4   job_2_task_1   job_11_task_3  job_0_task_2   job_7_task_7   job_12_task_5  job_7_task_10  job_8_task_5   job_6_task_5   job_15_task_6  job_1_task_6   job_12_task_8  job_15_task_7  job_11_task_6  job_12_task_10 job_5_task_10  job_3_task_13  job_1_task_11  job_13_task_8  job_14_task_8  job_5_task_14  job_0_task_10  job_5_task_15  job_3_task_15  job_14_task_13 job_11_task_14 job_10_task_16 job_6_task_13  job_2_task_15  job_8_task_14  job_0_task_16  job_8_task_16  
           [0,1]          [1,7]          [8,16]         [16,18]        [18,20]        [20,27]        [27,31]        [31,34]        [34,37]        [37,38]        [39,49]        [49,52]        [52,61]        [61,69]        [69,79]        [79,85]        [85,88]        [88,94]        [94,97]        [97,100]       [100,101]      [101,110]      [110,116]      [116,118]      [118,128]      [128,138]      [138,143]      [143,153]      [153,159]      [159,164]      [164,167]      [167,170]      [170,177]      [177,180]      [180,184]      [184,192]      [192,200]      
Machine 7: job_15_task_0  job_6_task_0   job_12_task_4  job_7_task_9   job_1_task_3   job_1_task_4   job_4_task_9   job_9_task_6   job_10_task_7  job_3_task_9   job_12_task_9  job_1_task_8   job_13_task_6  job_11_task_7  job_5_task_12  job_15_task_8  job_3_task_14  job_15_task_11 job_8_task_9   job_15_task_13 job_4_task_12  job_1_task_13  job_11_task_15 
           [0,9]          [9,17]         [31,39]        [46,49]        [52,62]        [62,70]        [70,74]        [74,77]        [77,79]        [80,85]        [88,93]        [93,95]        [95,105]       [105,114]      [114,122]      [122,126]      [126,135]      [135,143]      [145,155]      [155,156]      [156,166]      [166,168]      [168,176]      
Machine 8: job_4_task_1   job_9_task_0   job_4_task_3   job_8_task_2   job_7_task_6   job_3_task_5   job_3_task_6   job_0_task_5   job_13_task_2  job_1_task_7   job_1_task_9   job_14_task_6  job_14_task_7  job_6_task_8   job_9_task_13  job_12_task_13 job_1_task_12  job_13_task_13 job_10_task_15 job_5_task_16  job_14_task_15 job_11_task_16 job_6_task_15  job_1_task_16  job_4_task_16  
           [3,5]          [5,13]         [14,19]        [20,24]        [35,37]        [37,47]        [47,53]        [53,57]        [62,67]        [85,92]        [95,105]       [111,115]      [115,118]      [118,121]      [121,128]      [128,137]      [137,141]      [141,145]      [157,167]      [167,174]      [174,176]      [176,183]      [183,186]      [189,195]      [195,200]      
Optimal Schedule Length: 200.0
Total (Unoptimized Schedule Length): 1503
Statistics
  - conflicts: 0
  - branches : 0
  - wall time: 47.945579841000004s