
Problem
         task_0   task_1   task_2  task_3   task_4   task_5   task_6   task_7   task_8   task_9  task_10  task_11  task_12
job_0    (0, 3)   (0, 1)   (2, 2)  (1, 4)  (0, 10)   (0, 2)   (1, 7)   (2, 6)   (0, 2)   (1, 9)  (1, 10)   (1, 1)   (1, 3)
job_1    (1, 8)   (1, 7)  (0, 10)  (0, 8)  (1, 10)  (0, 10)   (0, 6)   (1, 1)  (0, 10)  (2, 10)   (2, 5)   (2, 6)   (2, 2)
job_2    (2, 3)   (0, 5)   (2, 4)  (0, 2)   (1, 8)   (2, 7)   (1, 9)   (1, 2)   (0, 2)   (1, 8)   (0, 6)   (1, 8)   (0, 9)
job_3   (0, 10)  (0, 10)   (1, 5)  (1, 7)   (2, 8)   (2, 1)   (1, 8)   (0, 4)   (0, 6)   (1, 9)   (1, 1)   (2, 9)  (0, 10)
job_4   (2, 10)   (2, 1)   (0, 3)  (1, 6)   (0, 2)   (1, 3)   (2, 5)   (1, 6)   (2, 7)   (0, 2)   (1, 3)   (0, 2)   (0, 2)
job_5    (0, 1)   (0, 2)   (0, 7)  (2, 6)   (2, 9)   (2, 5)   (2, 5)   (1, 5)   (0, 8)  (0, 10)   (1, 2)  (1, 10)   (0, 9)
job_6    (2, 4)   (2, 8)   (0, 5)  (0, 7)   (0, 7)   (0, 4)   (1, 1)   (2, 7)   (1, 4)   (0, 2)  (0, 10)   (1, 6)   (1, 2)
job_7    (0, 4)   (0, 1)   (1, 7)  (2, 1)  (2, 10)   (0, 4)   (2, 3)  (0, 10)   (2, 8)   (2, 2)  (1, 10)   (1, 3)   (1, 6)
job_8   (1, 10)   (0, 8)   (1, 1)  (2, 1)   (2, 1)   (2, 5)  (0, 10)   (2, 6)   (1, 6)   (2, 8)   (1, 9)   (1, 5)   (2, 1)
job_9    (2, 1)   (1, 1)   (2, 7)  (1, 7)   (1, 8)   (2, 9)   (2, 7)   (1, 1)   (0, 8)   (2, 8)   (2, 7)   (0, 7)   (2, 6)
job_10   (1, 4)   (1, 5)  (0, 10)  (0, 1)   (1, 8)  (0, 10)  (2, 10)   (1, 3)   (1, 1)   (2, 8)   (2, 1)  (0, 10)   (0, 3)
job_11   (1, 2)   (0, 2)   (1, 2)  (0, 3)   (0, 2)   (0, 6)   (1, 7)  (1, 10)  (1, 10)  (0, 10)   (2, 1)   (2, 8)   (0, 5)
job_12   (1, 2)   (0, 8)   (2, 2)  (2, 4)   (1, 5)   (0, 7)   (2, 8)   (1, 7)   (0, 3)   (1, 3)   (0, 1)   (0, 6)   (2, 5)
job_13   (1, 9)   (1, 2)  (1, 10)  (2, 7)   (0, 3)   (0, 7)  (2, 10)   (1, 1)   (1, 1)   (0, 7)   (0, 3)   (2, 3)   (0, 2)
job_14   (1, 2)  (0, 10)   (0, 8)  (2, 8)   (2, 7)   (0, 9)   (0, 3)  (0, 10)   (1, 1)   (0, 3)   (1, 6)   (1, 4)   (2, 2)
job_15   (1, 3)   (2, 2)   (0, 6)  (1, 6)   (0, 9)   (0, 5)   (0, 5)   (0, 1)   (0, 2)  (2, 10)   (1, 1)   (0, 9)   (0, 1)


Solution:
Machine 0: job_3_task_0   job_5_task_0   job_5_task_1   job_3_task_1   job_1_task_2   job_5_task_2   job_14_task_1  job_2_task_1   job_7_task_0   job_1_task_3   job_11_task_1  job_7_task_1   job_10_task_2  job_11_task_3  job_2_task_3   job_14_task_2  job_8_task_1   job_0_task_0   job_11_task_4  job_12_task_1  job_0_task_1   job_11_task_5  job_10_task_3  job_6_task_2   job_15_task_2  job_6_task_3   job_1_task_5   job_0_task_4   job_7_task_5   job_10_task_5  job_8_task_6   job_6_task_4   job_15_task_4  job_4_task_2   job_0_task_5   job_1_task_6   job_12_task_5  job_3_task_7   job_5_task_8   job_7_task_7   job_14_task_5  job_13_task_4  job_6_task_5   job_9_task_8   job_3_task_8   job_15_task_5  job_13_task_5  job_2_task_8   job_1_task_8   job_4_task_4   job_5_task_9   job_14_task_6  job_15_task_6  job_14_task_7  job_0_task_8   job_15_task_7  job_11_task_9  job_15_task_8  job_2_task_10  job_6_task_9   job_12_task_8  job_6_task_10  job_14_task_9  job_13_task_9  job_9_task_11  job_10_task_11 job_12_task_10 job_12_task_11 job_15_task_11 job_3_task_12  job_4_task_9   job_2_task_12  job_5_task_12  job_13_task_10 job_11_task_12 job_4_task_11  job_10_task_12 job_13_task_12 job_4_task_12  job_15_task_12 
           [0,10]         [10,11]        [11,13]        [13,23]        [23,33]        [33,40]        [40,50]        [50,55]        [55,59]        [59,67]        [67,69]        [69,70]        [70,80]        [80,83]        [83,85]        [85,93]        [93,101]       [101,104]      [104,106]      [106,114]      [114,115]      [115,121]      [121,122]      [122,127]      [127,133]      [133,140]      [140,150]      [150,160]      [160,164]      [164,174]      [174,184]      [184,191]      [191,200]      [200,203]      [203,205]      [205,211]      [211,218]      [218,222]      [222,230]      [230,240]      [240,249]      [249,252]      [252,256]      [256,264]      [264,270]      [270,275]      [275,282]      [282,284]      [284,294]      [294,296]      [296,306]      [306,309]      [309,314]      [314,324]      [324,326]      [326,327]      [327,337]      [337,339]      [339,345]      [345,347]      [347,350]      [350,360]      [360,363]      [363,370]      [370,377]      [377,387]      [387,388]      [388,394]      [394,403]      [403,413]      [413,415]      [415,424]      [424,433]      [433,436]      [436,441]      [441,443]      [443,446]      [446,448]      [448,450]      [450,451]      
Machine 1: job_1_task_0   job_1_task_1   job_9_task_1   job_10_task_0  job_14_task_0  job_8_task_0   job_10_task_1  job_11_task_0  job_3_task_2   job_9_task_3   job_13_task_0  job_3_task_3   job_12_task_0  job_11_task_2  job_7_task_2   job_9_task_4   job_15_task_0  job_1_task_4   job_2_task_4   job_13_task_1  job_13_task_2  job_0_task_3   job_10_task_4  job_8_task_2   job_11_task_6  job_15_task_3  job_3_task_6   job_12_task_4  job_5_task_7   job_2_task_6   job_11_task_7  job_9_task_7   job_2_task_7   job_11_task_8  job_8_task_8   job_10_task_7  job_4_task_3   job_0_task_6   job_1_task_7   job_10_task_8  job_8_task_10  job_8_task_11  job_12_task_7  job_7_task_10  job_6_task_6   job_7_task_11  job_7_task_12  job_3_task_9   job_6_task_8   job_3_task_10  job_2_task_9   job_13_task_7  job_13_task_8  job_4_task_5   job_5_task_10  job_4_task_7   job_5_task_11  job_14_task_8  job_0_task_9   job_0_task_10  job_2_task_11  job_12_task_9  job_15_task_10 job_0_task_11  job_0_task_12  job_6_task_11  job_14_task_10 job_14_task_11 job_6_task_12  job_4_task_10  
           [0,8]          [8,15]         [15,16]        [16,20]        [20,22]        [22,32]        [32,37]        [37,39]        [39,44]        [44,51]        [51,60]        [60,67]        [67,69]        [69,71]        [71,78]        [78,86]        [86,89]        [89,99]        [99,107]       [107,109]      [109,119]      [119,123]      [123,131]      [131,132]      [132,139]      [139,145]      [145,153]      [153,158]      [158,163]      [163,172]      [172,182]      [182,183]      [183,185]      [185,195]      [195,201]      [201,204]      [204,210]      [210,217]      [217,218]      [218,219]      [219,228]      [228,233]      [233,240]      [250,260]      [260,261]      [261,264]      [264,270]      [270,279]      [279,283]      [283,284]      [284,292]      [293,294]      [294,295]      [296,299]      [306,308]      [308,314]      [314,324]      [324,325]      [326,335]      [335,345]      [345,353]      [353,356]      [356,357]      [357,358]      [358,361]      [361,367]      [367,373]      [373,377]      [377,379]      [415,418]      
Machine 2: job_9_task_0   job_2_task_0   job_6_task_0   job_6_task_1   job_9_task_2   job_4_task_0   job_4_task_1   job_5_task_3   job_5_task_4   job_2_task_2   job_5_task_5   job_5_task_6   job_3_task_4   job_3_task_5   job_7_task_3   job_7_task_4   job_15_task_1  job_9_task_5   job_14_task_3  job_2_task_5   job_0_task_2   job_12_task_2  job_12_task_3  job_14_task_4  job_9_task_6   job_8_task_3   job_8_task_4   job_8_task_5   job_13_task_3  job_7_task_6   job_10_task_6  job_8_task_7   job_8_task_9   job_0_task_7   job_12_task_6  job_10_task_9  job_10_task_10 job_7_task_8   job_7_task_9   job_8_task_12  job_6_task_7   job_9_task_9   job_9_task_10  job_13_task_6  job_3_task_11  job_4_task_6   job_1_task_9   job_4_task_8   job_1_task_10  job_1_task_11  job_1_task_12  job_11_task_10 job_11_task_11 job_15_task_9  job_9_task_12  job_14_task_12 job_12_task_12 job_13_task_11 
           [0,1]          [1,4]          [4,8]          [8,16]         [16,23]        [23,33]        [33,34]        [40,46]        [46,55]        [55,59]        [59,64]        [64,69]        [69,77]        [77,78]        [78,79]        [79,89]        [89,91]        [91,100]       [100,108]      [108,115]      [115,117]      [117,119]      [119,123]      [123,130]      [130,137]      [137,138]      [138,139]      [139,144]      [144,151]      [164,167]      [174,184]      [184,190]      [201,209]      [217,223]      [223,231]      [231,239]      [239,240]      [240,248]      [248,250]      [250,251]      [261,268]      [268,276]      [276,283]      [283,293]      [293,302]      [302,307]      [307,317]      [317,324]      [324,329]      [329,335]      [335,337]      [337,338]      [338,346]      [346,356]      [377,383]      [383,385]      [394,399]      [436,439]      
Optimal Schedule Length: 451.0
Total (Unoptimized Schedule Length): 1130
Statistics
  - conflicts: 1
  - branches : 209
  - wall time: 0.053563835000000004s