
Problem
         task_0   task_1   task_2   task_3  task_4   task_5   task_6   task_7   task_8   task_9  task_10  task_11  task_12  task_13 task_14  task_15  task_16  task_17  task_18
job_0   (6, 10)   (0, 7)   (5, 7)   (3, 4)  (6, 6)   (5, 7)   (1, 5)   (4, 6)   (7, 2)   (4, 9)   (6, 6)   (7, 7)   (1, 7)   (5, 5)  (0, 6)   (7, 2)  (2, 10)   (3, 2)   (5, 5)
job_1    (5, 1)  (0, 10)   (2, 8)   (6, 5)  (4, 8)   (2, 3)   (6, 7)   (0, 6)   (2, 4)   (1, 2)  (1, 10)   (6, 4)  (3, 10)   (5, 8)  (2, 2)   (1, 8)   (0, 3)   (3, 1)   (6, 9)
job_2    (7, 8)   (2, 2)  (6, 10)   (5, 4)  (6, 7)   (1, 3)   (0, 6)  (3, 10)  (0, 10)  (1, 10)   (7, 2)   (5, 8)   (7, 9)   (4, 2)  (6, 2)   (4, 8)   (1, 2)   (4, 4)   (5, 9)
job_3    (0, 1)   (1, 2)   (4, 9)  (0, 10)  (6, 6)   (7, 7)   (7, 4)   (0, 3)   (0, 4)  (3, 10)   (0, 2)   (4, 2)   (1, 4)   (0, 7)  (3, 6)   (4, 7)   (0, 3)   (5, 5)   (5, 3)
job_4    (1, 8)   (3, 7)   (0, 1)   (0, 5)  (4, 9)   (3, 1)   (3, 4)   (0, 4)   (5, 5)   (0, 7)   (7, 4)   (3, 9)   (5, 1)   (1, 5)  (2, 8)   (7, 7)   (2, 2)  (3, 10)   (6, 6)
job_5    (5, 9)   (6, 7)   (0, 3)  (7, 10)  (2, 6)   (6, 8)   (6, 9)   (4, 1)   (3, 2)   (6, 2)   (4, 3)   (4, 1)   (5, 6)   (0, 7)  (6, 7)   (1, 4)   (2, 5)   (3, 8)   (1, 3)
job_6   (4, 10)   (3, 6)   (7, 8)   (5, 4)  (2, 7)   (3, 3)   (0, 4)   (0, 6)   (2, 5)  (5, 10)   (1, 6)  (1, 10)   (0, 3)   (4, 3)  (2, 5)   (0, 8)   (7, 5)   (0, 6)   (7, 4)
job_7    (5, 4)   (3, 3)   (5, 1)   (7, 4)  (5, 1)   (7, 4)   (2, 4)   (1, 6)   (5, 3)   (6, 4)   (3, 7)   (3, 5)   (5, 9)   (1, 2)  (1, 3)   (1, 8)   (4, 1)  (0, 10)   (2, 9)
job_8    (0, 1)   (6, 4)  (5, 10)   (4, 9)  (7, 5)   (5, 7)   (5, 1)   (2, 1)  (6, 10)   (5, 8)   (5, 6)   (1, 1)   (6, 8)   (2, 8)  (5, 3)   (2, 7)   (0, 3)   (3, 7)   (5, 2)
job_9    (2, 3)  (7, 10)   (2, 6)   (5, 7)  (4, 2)   (0, 1)   (7, 7)   (1, 5)   (2, 8)   (1, 7)  (0, 10)   (6, 6)   (7, 1)   (3, 8)  (0, 3)   (4, 1)   (4, 3)   (2, 7)   (0, 5)
job_10   (5, 5)   (2, 2)   (7, 5)   (5, 7)  (6, 4)   (0, 3)   (2, 1)   (5, 9)   (1, 5)   (1, 8)   (6, 2)   (1, 5)   (6, 1)   (2, 5)  (7, 1)   (3, 7)  (6, 10)   (5, 6)   (6, 6)
job_11   (5, 2)   (2, 7)   (4, 8)   (1, 2)  (0, 1)   (0, 7)   (4, 2)   (4, 6)   (4, 9)   (5, 5)   (1, 6)   (4, 8)   (2, 4)  (5, 10)  (2, 1)  (3, 10)   (7, 8)   (4, 9)  (6, 10)
job_12   (0, 1)   (2, 6)  (6, 10)   (7, 5)  (4, 4)   (2, 5)  (2, 10)   (3, 6)   (6, 6)  (5, 10)   (2, 7)  (5, 10)   (2, 6)   (3, 5)  (4, 6)   (7, 8)   (7, 8)   (3, 6)   (0, 8)
job_13  (6, 10)  (7, 10)   (7, 7)   (7, 4)  (3, 2)  (1, 10)   (1, 3)   (1, 4)   (2, 5)   (0, 4)   (0, 8)   (6, 8)   (4, 7)   (1, 8)  (1, 3)   (2, 7)   (0, 5)   (4, 5)   (1, 1)


Solution:
Machine 0: job_12_task_0  job_3_task_0   job_1_task_1   job_0_task_1   job_4_task_2   job_4_task_3   job_3_task_3   job_11_task_4  job_8_task_0   job_11_task_5  job_9_task_5   job_4_task_7   job_2_task_6   job_5_task_2   job_4_task_9   job_2_task_8   job_6_task_6   job_13_task_9  job_6_task_7   job_3_task_7   job_3_task_8   job_9_task_10  job_1_task_7   job_3_task_10  job_13_task_10 job_10_task_5  job_9_task_14  job_3_task_13  job_6_task_12  job_0_task_14  job_9_task_18  job_3_task_16  job_12_task_18 job_5_task_13  job_6_task_15  job_13_task_16 job_8_task_16  job_7_task_17  job_1_task_16  job_6_task_17  
           [0,1]          [1,2]          [2,12]         [12,19]        [19,20]        [20,25]        [25,35]        [35,36]        [36,37]        [37,44]        [44,45]        [45,49]        [54,60]        [60,63]        [63,70]        [70,80]        [80,84]        [85,89]        [89,95]        [96,99]        [99,103]       [103,113]      [113,119]      [119,121]      [121,129]      [129,132]      [132,135]      [135,142]      [142,145]      [149,155]      [155,160]      [160,163]      [163,171]      [173,180]      [180,188]      [190,195]      [197,200]      [200,210]      [210,213]      [213,219]      
Machine 1: job_4_task_0   job_3_task_1   job_11_task_3  job_7_task_7   job_2_task_5   job_13_task_5  job_13_task_6  job_13_task_7  job_9_task_7   job_0_task_6   job_2_task_9   job_9_task_9   job_4_task_13  job_11_task_10 job_6_task_10  job_6_task_11  job_3_task_12  job_1_task_9   job_8_task_11  job_0_task_12  job_10_task_8  job_10_task_9  job_1_task_10  job_10_task_11 job_13_task_13 job_13_task_14 job_7_task_13  job_7_task_14  job_7_task_15  job_5_task_15  job_2_task_16  job_1_task_15  job_13_task_18 job_5_task_18  
           [0,8]          [8,10]         [27,29]        [38,44]        [51,54]        [59,69]        [69,72]        [72,76]        [76,81]        [81,86]        [86,96]        [96,103]       [103,108]      [108,114]      [114,120]      [120,130]      [130,134]      [134,136]      [136,137]      [137,144]      [144,149]      [149,157]      [157,167]      [167,172]      [172,180]      [180,183]      [183,185]      [185,188]      [188,196]      [196,200]      [200,202]      [202,210]      [210,211]      [213,216]      
Machine 2: job_9_task_0   job_12_task_1  job_11_task_1  job_10_task_1  job_2_task_1   job_9_task_2   job_1_task_2   job_7_task_6   job_12_task_5  job_12_task_6  job_6_task_4   job_13_task_8  job_1_task_5   job_9_task_8   job_8_task_7   job_6_task_8   job_12_task_10 job_4_task_14  job_5_task_4   job_12_task_12 job_4_task_16  job_1_task_8   job_10_task_6  job_11_task_12 job_9_task_17  job_8_task_13  job_11_task_14 job_0_task_16  job_6_task_14  job_10_task_13 job_13_task_15 job_8_task_15  job_1_task_14  job_5_task_16  job_7_task_18  
           [0,3]          [3,9]          [9,16]         [16,18]        [18,20]        [20,26]        [26,34]        [34,38]        [50,55]        [55,65]        [70,77]        [77,82]        [82,85]        [85,93]        [95,96]        [96,101]       [101,108]      [108,116]      [116,122]      [122,128]      [128,130]      [130,134]      [134,135]      [135,139]      [143,150]      [150,158]      [159,160]      [160,170]      [170,175]      [175,180]      [183,190]      [190,197]      [197,199]      [200,205]      [210,219]      
Machine 3: job_7_task_1   job_4_task_1   job_6_task_1   job_0_task_3   job_4_task_5   job_4_task_6   job_13_task_4  job_2_task_7   job_12_task_7  job_6_task_5   job_4_task_11  job_7_task_10  job_7_task_11  job_3_task_9   job_9_task_13  job_12_task_13 job_4_task_17  job_3_task_14  job_5_task_8   job_12_task_17 job_11_task_15 job_1_task_12  job_10_task_15 job_0_task_17  job_5_task_17  job_1_task_17  job_8_task_17  
           [5,8]          [8,15]         [15,21]        [30,34]        [40,41]        [41,45]        [57,59]        [60,70]        [70,76]        [77,80]        [81,90]        [96,103]       [103,108]      [108,118]      [120,128]      [128,133]      [133,143]      [143,149]      [149,151]      [155,161]      [161,171]      [171,181]      [181,188]      [188,190]      [205,213]      [213,214]      [214,221]      
Machine 4: job_6_task_0   job_3_task_2   job_11_task_2  job_4_task_4   job_9_task_4   job_11_task_6  job_12_task_4  job_11_task_7  job_11_task_8  job_8_task_3   job_1_task_4   job_0_task_7   job_0_task_9   job_11_task_11 job_3_task_11  job_12_task_14 job_9_task_15  job_9_task_16  job_5_task_7   job_6_task_13  job_3_task_15  job_5_task_10  job_5_task_11  job_13_task_12 job_2_task_13  job_2_task_15  job_11_task_17 job_7_task_16  job_13_task_17 job_2_task_17  
           [0,10]         [10,19]        [19,27]        [31,40]        [40,42]        [44,46]        [46,50]        [50,56]        [56,65]        [65,74]        [74,82]        [89,95]        [97,106]       [114,122]      [122,124]      [133,139]      [139,140]      [140,143]      [143,144]      [145,148]      [149,156]      [158,161]      [161,162]      [162,169]      [176,178]      [180,188]      [189,198]      [198,199]      [199,204]      [204,208]      
Machine 5: job_1_task_0   job_7_task_0   job_11_task_0  job_10_task_0  job_7_task_2   job_5_task_0   job_7_task_4   job_0_task_2   job_9_task_3   job_2_task_3   job_10_task_3  job_8_task_2   job_4_task_8   job_7_task_8   job_6_task_3   job_0_task_5   job_11_task_9  job_8_task_5   job_8_task_6   job_12_task_9  job_4_task_12  job_6_task_9   job_12_task_11 job_8_task_9   job_8_task_10  job_10_task_7  job_0_task_13  job_11_task_13 job_2_task_11  job_5_task_12  job_7_task_12  job_8_task_14  job_1_task_13  job_3_task_17  job_10_task_17 job_0_task_18  job_2_task_18  job_3_task_18  job_8_task_18  
           [0,1]          [1,5]          [5,7]          [7,12]         [12,13]        [13,22]        [22,23]        [23,30]        [30,37]        [37,41]        [41,48]        [48,58]        [58,63]        [63,66]        [66,70]        [70,77]        [77,82]        [82,89]        [89,90]        [90,100]       [100,101]      [101,111]      [111,121]      [121,129]      [129,135]      [135,144]      [144,149]      [149,159]      [159,167]      [167,173]      [173,182]      [182,185]      [185,193]      [193,198]      [198,204]      [204,209]      [209,218]      [218,221]      [221,223]      
Machine 6: job_0_task_0   job_13_task_0  job_2_task_2   job_12_task_2  job_8_task_1   job_2_task_4   job_5_task_1   job_0_task_4   job_1_task_3   job_3_task_4   job_12_task_8  job_1_task_6   job_7_task_9   job_8_task_8   job_0_task_10  job_9_task_11  job_10_task_4  job_5_task_5   job_5_task_6   job_8_task_12  job_13_task_11 job_5_task_9   job_4_task_18  job_10_task_10 job_1_task_11  job_10_task_12 job_2_task_14  job_5_task_14  job_10_task_16 job_11_task_18 job_10_task_18 job_1_task_18  
           [0,10]         [10,20]        [20,30]        [30,40]        [40,44]        [44,51]        [52,59]        [62,68]        [68,73]        [73,79]        [79,85]        [85,92]        [92,96]        [97,107]       [107,113]      [113,119]      [119,123]      [123,131]      [131,140]      [140,148]      [148,156]      [156,158]      [158,164]      [164,166]      [167,171]      [172,173]      [178,180]      [180,187]      [188,198]      [198,208]      [208,214]      [214,223]      
Machine 7: job_2_task_0   job_9_task_1   job_7_task_3   job_10_task_2  job_7_task_5   job_13_task_1  job_12_task_3  job_13_task_2  job_13_task_3  job_6_task_2   job_9_task_6   job_4_task_10  job_8_task_4   job_3_task_5   job_3_task_6   job_0_task_8   job_2_task_10  job_5_task_3   job_9_task_12  job_4_task_15  job_0_task_11  job_12_task_15 job_12_task_16 job_0_task_15  job_2_task_12  job_10_task_14 job_11_task_16 job_6_task_16  job_6_task_18  
           [0,8]          [8,18]         [18,22]        [22,27]        [27,31]        [31,41]        [41,46]        [46,53]        [53,57]        [58,66]        [66,73]        [73,77]        [77,82]        [84,91]        [91,95]        [95,97]        [103,105]      [105,115]      [119,120]      [120,127]      [127,134]      [139,147]      [147,155]      [155,157]      [167,176]      [180,181]      [181,189]      [199,204]      [219,223]      
Optimal Schedule Length: 223.0
Total (Unoptimized Schedule Length): 1484
Statistics
  - conflicts: 0
  - branches : 0
  - wall time: 6.556678431000001s