
Problem
         task_0   task_1   task_2   task_3   task_4   task_5  task_6   task_7   task_8  task_9  task_10  task_11  task_12 task_13 task_14  task_15  task_16  task_17
job_0    (4, 7)   (3, 7)   (4, 2)   (2, 7)   (5, 5)   (4, 2)  (3, 5)   (5, 7)   (3, 8)  (0, 7)   (5, 5)   (2, 2)   (5, 9)  (4, 9)  (5, 4)   (0, 8)   (1, 1)   (1, 2)
job_1    (3, 2)   (4, 3)   (3, 6)   (1, 7)   (2, 4)   (0, 1)  (3, 7)   (5, 2)   (1, 1)  (2, 8)   (2, 5)   (3, 8)   (5, 1)  (5, 3)  (4, 2)   (1, 1)   (2, 1)   (1, 3)
job_2    (5, 8)   (1, 5)  (2, 10)   (4, 6)   (5, 7)   (3, 2)  (4, 9)  (0, 10)   (3, 5)  (3, 9)   (4, 3)   (0, 1)   (3, 1)  (1, 7)  (2, 2)   (2, 5)   (0, 5)   (2, 9)
job_3    (4, 9)   (3, 5)   (3, 5)   (2, 7)   (3, 5)   (0, 8)  (1, 1)   (3, 7)   (0, 2)  (5, 3)   (4, 3)   (0, 8)   (4, 7)  (1, 3)  (2, 1)   (4, 8)   (0, 9)  (4, 10)
job_4    (5, 7)   (3, 6)   (5, 6)   (3, 9)   (2, 2)   (2, 2)  (1, 2)   (2, 6)   (1, 4)  (5, 6)   (3, 3)   (1, 3)   (3, 1)  (3, 1)  (5, 8)   (1, 5)  (2, 10)   (3, 9)
job_5    (2, 8)   (2, 4)  (1, 10)   (4, 5)   (1, 9)   (2, 3)  (2, 4)   (5, 9)   (2, 4)  (4, 3)   (1, 7)   (3, 1)   (1, 7)  (3, 7)  (3, 2)   (3, 6)   (2, 4)   (0, 1)
job_6    (2, 5)  (5, 10)   (5, 4)   (2, 2)  (0, 10)  (4, 10)  (3, 2)   (2, 6)   (0, 3)  (5, 7)   (3, 5)   (1, 6)  (2, 10)  (4, 6)  (4, 3)   (5, 2)   (5, 6)   (4, 8)
job_7    (5, 7)   (3, 3)   (3, 5)   (5, 3)  (0, 10)   (2, 2)  (3, 2)   (0, 9)   (5, 2)  (1, 6)   (4, 6)   (5, 9)   (0, 7)  (2, 4)  (4, 4)   (5, 6)   (0, 9)   (3, 9)
job_8   (2, 10)   (4, 1)   (5, 2)   (4, 7)   (3, 6)   (2, 6)  (5, 3)   (4, 2)   (1, 6)  (4, 8)  (5, 10)   (4, 5)   (4, 9)  (1, 7)  (5, 1)   (0, 7)   (1, 5)   (3, 7)
job_9   (5, 10)   (5, 9)   (3, 7)   (1, 3)   (1, 7)   (4, 3)  (2, 2)   (0, 4)   (3, 3)  (3, 9)   (5, 1)   (5, 8)   (4, 6)  (4, 1)  (1, 7)   (5, 4)   (2, 5)   (0, 4)
job_10   (0, 2)   (1, 8)   (5, 6)   (5, 3)  (3, 10)   (0, 9)  (2, 7)   (4, 9)   (5, 2)  (0, 6)   (4, 5)   (4, 1)   (5, 7)  (4, 2)  (5, 4)   (3, 4)   (3, 8)  (5, 10)
job_11   (2, 7)   (2, 8)   (1, 7)   (5, 2)   (5, 2)   (5, 5)  (3, 5)   (4, 4)   (2, 9)  (2, 3)   (5, 9)   (4, 6)   (2, 8)  (4, 5)  (4, 7)  (3, 10)   (2, 8)   (4, 1)
job_12   (3, 3)   (5, 5)   (1, 2)  (4, 10)   (2, 5)   (5, 6)  (4, 4)   (4, 3)   (2, 2)  (0, 7)   (0, 2)   (2, 8)  (1, 10)  (4, 2)  (0, 5)   (3, 4)   (1, 6)   (2, 8)
job_13  (1, 10)   (0, 4)   (3, 8)   (5, 3)   (3, 7)   (0, 1)  (2, 7)   (5, 9)  (4, 10)  (2, 4)   (5, 9)   (2, 6)   (5, 5)  (2, 1)  (4, 5)   (0, 1)   (3, 8)   (5, 5)
job_14   (1, 8)   (3, 9)   (1, 2)   (0, 7)   (0, 2)   (3, 6)  (0, 8)   (3, 5)   (1, 7)  (5, 6)   (3, 7)  (5, 10)  (5, 10)  (3, 3)  (1, 5)  (0, 10)   (3, 8)   (0, 4)
job_15  (0, 10)   (3, 6)   (0, 6)   (5, 6)   (5, 5)   (3, 1)  (1, 9)   (0, 9)   (0, 9)  (2, 4)   (2, 7)  (0, 10)   (0, 8)  (0, 6)  (2, 7)   (1, 2)   (5, 7)   (0, 2)
job_16  (1, 10)   (2, 7)   (4, 4)   (5, 2)   (4, 4)   (1, 7)  (3, 3)   (2, 8)   (3, 1)  (2, 4)   (3, 8)   (4, 1)   (2, 9)  (1, 2)  (3, 5)  (0, 10)   (5, 4)  (5, 10)
job_17   (4, 5)   (0, 3)   (1, 5)   (1, 7)   (3, 8)   (4, 5)  (2, 2)   (0, 9)   (1, 3)  (3, 4)   (3, 7)   (2, 3)   (3, 8)  (5, 8)  (2, 8)  (1, 10)   (4, 4)   (5, 3)
job_18   (0, 7)   (4, 6)   (2, 4)   (2, 3)  (2, 10)   (4, 9)  (2, 6)   (2, 5)   (3, 4)  (5, 6)  (4, 10)  (5, 10)   (3, 9)  (3, 3)  (1, 2)   (2, 5)   (4, 2)  (5, 10)


Solution:
Machine 0: job_15_task_0  job_18_task_0  job_10_task_0  job_17_task_1  job_14_task_3  job_15_task_2  job_13_task_1  job_14_task_4  job_14_task_6  job_7_task_4   job_6_task_4   job_10_task_5  job_13_task_5  job_15_task_7  job_15_task_8  job_3_task_5   job_7_task_7   job_17_task_7  job_2_task_7   job_3_task_8   job_6_task_8   job_12_task_9  job_9_task_7   job_0_task_9   job_3_task_11  job_12_task_10 job_1_task_5   job_10_task_9  job_15_task_11 job_7_task_12  job_15_task_12 job_15_task_13 job_2_task_11  job_12_task_14 job_14_task_15 job_16_task_15 job_3_task_16  job_2_task_16  job_14_task_17 job_7_task_16  job_8_task_15  job_13_task_15 job_0_task_15  job_5_task_17  job_9_task_17  job_15_task_17 
           [0,10]         [10,17]        [17,19]        [19,22]        [22,29]        [29,35]        [35,39]        [39,41]        [49,57]        [68,78]        [78,88]        [88,97]        [100,101]      [102,111]      [111,120]      [120,128]      [128,137]      [137,146]      [146,156]      [156,158]      [158,161]      [177,184]      [184,188]      [188,195]      [195,203]      [203,205]      [205,206]      [206,212]      [212,222]      [222,229]      [229,237]      [237,243]      [243,244]      [244,249]      [265,275]      [275,285]      [285,294]      [294,299]      [309,313]      [313,322]      [322,329]      [329,330]      [330,338]      [338,339]      [342,346]      [375,377]      
Machine 1: job_14_task_0  job_13_task_0  job_14_task_2  job_10_task_1  job_16_task_0  job_2_task_1   job_17_task_2  job_11_task_2  job_17_task_3  job_12_task_2  job_5_task_2   job_15_task_6  job_16_task_5  job_14_task_8  job_5_task_4   job_9_task_3   job_8_task_8   job_9_task_4   job_3_task_6   job_7_task_9   job_17_task_8  job_4_task_6   job_1_task_3   job_4_task_8   job_6_task_11  job_12_task_12 job_5_task_10  job_16_task_13 job_3_task_13  job_8_task_13  job_4_task_11  job_1_task_8   job_14_task_14 job_2_task_13  job_5_task_12  job_18_task_14 job_9_task_14  job_15_task_15 job_17_task_15 job_4_task_15  job_12_task_16 job_8_task_16  job_0_task_16  job_0_task_17  job_1_task_15  job_1_task_17  
           [0,8]          [8,18]         [18,20]        [20,28]        [28,38]        [38,43]        [43,48]        [48,55]        [55,62]        [65,67]        [78,88]        [93,102]       [107,114]      [114,121]      [121,130]      [130,133]      [133,139]      [139,146]      [146,147]      [147,153]      [153,156]      [159,161]      [162,169]      [171,175]      [210,216]      [216,226]      [226,233]      [233,235]      [235,238]      [238,245]      [246,249]      [258,259]      [260,265]      [265,272]      [272,279]      [279,281]      [281,288]      [288,290]      [292,302]      [302,307]      [307,313]      [329,334]      [338,339]      [339,341]      [341,342]      [343,346]      
Machine 2: job_11_task_0  job_6_task_0   job_8_task_0   job_11_task_1  job_18_task_2  job_18_task_3  job_5_task_0   job_2_task_2   job_18_task_4  job_16_task_1  job_6_task_3   job_5_task_1   job_3_task_3   job_0_task_3   job_8_task_5   job_7_task_5   job_12_task_4  job_18_task_6  job_13_task_6  job_17_task_6  job_18_task_7  job_11_task_8  job_10_task_6  job_4_task_4   job_16_task_7  job_6_task_7   job_4_task_5   job_5_task_5   job_11_task_9  job_4_task_7   job_5_task_6   job_12_task_8  job_9_task_6   job_15_task_9  job_16_task_9  job_15_task_10 job_1_task_4   job_17_task_11 job_13_task_9  job_12_task_11 job_5_task_8   job_16_task_12 job_11_task_12 job_6_task_12  job_0_task_11  job_7_task_13  job_13_task_11 job_3_task_14  job_15_task_14 job_1_task_9   job_1_task_10  job_2_task_14  job_2_task_15  job_17_task_14 job_18_task_15 job_11_task_16 job_2_task_17  job_13_task_13 job_4_task_16  job_12_task_17 job_5_task_16  job_9_task_16  job_1_task_16  
           [0,7]          [7,12]         [12,22]        [22,30]        [30,34]        [34,37]        [37,45]        [45,55]        [55,65]        [65,72]        [72,74]        [74,78]        [78,85]        [85,92]        [92,98]        [98,100]       [100,105]      [105,111]      [111,118]      [118,120]      [120,125]      [125,134]      [134,141]      [141,143]      [143,151]      [151,157]      [157,159]      [159,162]      [162,165]      [165,171]      [171,175]      [175,177]      [177,179]      [179,183]      [183,187]      [187,194]      [194,198]      [198,201]      [201,205]      [205,213]      [213,217]      [217,226]      [226,234]      [234,244]      [244,246]      [246,250]      [250,256]      [256,257]      [257,264]      [264,272]      [272,277]      [277,279]      [279,284]      [284,292]      [292,297]      [297,305]      [305,314]      [314,315]      [315,325]      [325,333]      [333,337]      [337,342]      [342,343]      
Machine 3: job_12_task_0  job_1_task_0   job_14_task_1  job_15_task_1  job_7_task_1   job_7_task_2   job_3_task_1   job_0_task_1   job_14_task_5  job_13_task_2  job_3_task_2   job_4_task_1   job_8_task_4   job_10_task_4  job_17_task_4  job_15_task_5  job_13_task_4  job_11_task_6  job_14_task_7  job_3_task_4   job_9_task_2   job_7_task_6   job_4_task_3   job_2_task_5   job_0_task_6   job_16_task_6  job_6_task_6   job_18_task_8  job_3_task_7   job_1_task_2   job_14_task_10 job_17_task_9  job_0_task_8   job_16_task_8  job_17_task_10 job_16_task_10 job_9_task_8   job_2_task_8   job_6_task_10  job_9_task_9   job_1_task_6   job_2_task_9   job_17_task_12 job_4_task_10  job_18_task_12 job_4_task_12  job_4_task_13  job_14_task_13 job_2_task_12  job_16_task_14 job_5_task_11  job_18_task_13 job_11_task_15 job_5_task_13  job_1_task_11  job_12_task_15 job_5_task_14  job_14_task_16 job_10_task_15 job_10_task_16 job_5_task_15  job_7_task_17  job_13_task_16 job_4_task_17  job_8_task_17  
           [0,3]          [3,5]          [8,17]         [17,23]        [23,26]        [26,31]        [31,36]        [36,43]        [43,49]        [49,57]        [57,62]        [62,68]        [68,74]        [74,84]        [84,92]        [92,93]        [93,100]       [100,105]      [105,110]      [110,115]      [115,122]      [122,124]      [124,133]      [133,135]      [135,140]      [140,143]      [143,145]      [145,149]      [149,156]      [156,162]      [162,169]      [169,173]      [173,181]      [181,182]      [182,189]      [189,197]      [197,200]      [200,205]      [205,210]      [210,219]      [219,226]      [226,235]      [235,243]      [243,246]      [246,255]      [255,256]      [256,257]      [257,260]      [260,261]      [261,266]      [266,267]      [267,270]      [270,280]      [280,287]      [287,295]      [295,299]      [299,301]      [301,309]      [309,313]      [313,321]      [321,327]      [327,336]      [336,344]      [344,353]      [353,360]      
Machine 4: job_17_task_0  job_3_task_0   job_0_task_0   job_18_task_1  job_8_task_1   job_1_task_1   job_0_task_2   job_8_task_3   job_2_task_3   job_18_task_5  job_16_task_2  job_12_task_3  job_6_task_5   job_17_task_5  job_16_task_4  job_5_task_3   job_11_task_7  job_0_task_5   job_8_task_7   job_12_task_6  job_12_task_7  job_2_task_6   job_8_task_9   job_10_task_7  job_9_task_5   job_7_task_10  job_13_task_8  job_18_task_10 job_3_task_10  job_11_task_11 job_16_task_11 job_8_task_11  job_3_task_12  job_10_task_10 job_5_task_9   job_10_task_11 job_8_task_12  job_12_task_13 job_11_task_13 job_2_task_10  job_11_task_14 job_6_task_13  job_7_task_14  job_3_task_15  job_10_task_13 job_6_task_14  job_9_task_12  job_9_task_13  job_0_task_13  job_18_task_16 job_3_task_17  job_17_task_16 job_13_task_14 job_11_task_17 job_6_task_17  job_1_task_14  
           [0,5]          [5,14]         [14,21]        [21,27]        [27,28]        [28,31]        [43,45]        [49,56]        [56,62]        [65,74]        [74,78]        [78,88]        [88,98]        [98,103]       [103,107]      [107,112]      [112,116]      [117,119]      [120,122]      [126,130]      [130,133]      [135,144]      [144,152]      [152,161]      [161,164]      [164,170]      [170,180]      [180,190]      [190,193]      [193,199]      [199,200]      [200,205]      [205,212]      [212,217]      [217,220]      [220,221]      [221,230]      [230,232]      [234,239]      [239,242]      [242,249]      [249,255]      [255,259]      [259,267]      [267,269]      [269,272]      [273,279]      [279,280]      [290,299]      [299,301]      [301,311]      [311,315]      [315,320]      [320,321]      [330,338]      [338,340]      
Machine 5: job_2_task_0   job_7_task_0   job_6_task_1   job_9_task_0   job_10_task_2  job_15_task_3  job_8_task_2   job_6_task_2   job_4_task_0   job_12_task_1  job_7_task_3   job_10_task_3  job_15_task_4  job_11_task_3  job_9_task_1   job_11_task_4  job_13_task_3  job_11_task_5  job_16_task_3  job_4_task_2   job_2_task_4   job_0_task_4   job_8_task_6   job_12_task_5  job_14_task_9  job_13_task_7  job_7_task_8   job_0_task_7   job_18_task_9  job_8_task_10  job_11_task_10 job_6_task_9   job_3_task_9   job_5_task_7   job_14_task_11 job_10_task_8  job_7_task_11  job_4_task_9   job_18_task_11 job_0_task_10  job_13_task_10 job_14_task_12 job_9_task_10  job_1_task_7   job_10_task_12 job_9_task_11  job_17_task_13 job_0_task_12  job_4_task_14  job_10_task_14 job_13_task_12 job_7_task_15  job_8_task_14  job_6_task_15  job_0_task_14  job_16_task_16 job_6_task_16  job_9_task_15  job_1_task_12  job_1_task_13  job_10_task_17 job_18_task_17 job_16_task_17 job_15_task_16 job_13_task_17 job_17_task_17 
           [0,8]          [8,15]         [15,25]        [25,35]        [35,41]        [41,47]        [47,49]        [49,53]        [53,60]        [60,65]        [65,68]        [68,71]        [71,76]        [76,78]        [78,87]        [87,89]        [89,92]        [92,97]        [97,99]        [99,105]       [105,112]      [112,117]      [117,120]      [120,126]      [126,132]      [132,141]      [141,143]      [143,150]      [150,156]      [156,166]      [166,175]      [175,182]      [182,185]      [185,194]      [194,204]      [204,206]      [206,215]      [215,221]      [221,231]      [231,236]      [236,245]      [245,255]      [255,256]      [256,258]      [258,265]      [265,273]      [273,281]      [281,290]      [290,298]      [298,302]      [302,307]      [307,313]      [313,314]      [314,316]      [316,320]      [320,324]      [324,330]      [330,334]      [334,335]      [335,338]      [338,348]      [348,358]      [358,368]      [368,375]      [375,380]      [380,383]      
Optimal Schedule Length: 383.0
Total (Unoptimized Schedule Length): 1901
Statistics
  - conflicts: 0
  - branches : 0
  - wall time: 0.16341907900000002s