
Problem
         task_0   task_1    task_2   task_3   task_4   task_5   task_6   task_7   task_8   task_9  task_10  task_11   task_12  task_13  task_14   task_15   task_16
job_0    (7, 4)   (7, 6)   (10, 5)   (4, 1)   (5, 9)   (8, 7)   (3, 1)   (8, 1)  (0, 10)  (7, 10)   (9, 2)   (1, 9)    (6, 2)   (9, 4)   (4, 7)    (2, 4)  (10, 10)
job_1   (11, 1)   (6, 9)   (10, 6)   (2, 6)  (11, 1)   (3, 6)  (11, 5)   (2, 2)   (7, 3)   (9, 1)   (7, 8)  (11, 1)    (0, 6)  (7, 10)   (8, 7)    (6, 8)    (2, 6)
job_2   (5, 10)  (11, 5)    (8, 8)   (3, 8)   (0, 2)   (6, 1)   (3, 6)   (2, 7)   (9, 6)   (3, 1)   (3, 6)   (3, 7)    (5, 9)   (2, 5)   (4, 5)    (0, 7)    (4, 7)
job_3   (11, 5)   (6, 5)    (6, 3)   (6, 7)   (4, 3)  (5, 10)   (4, 9)  (11, 9)   (1, 8)   (2, 3)  (10, 5)   (2, 9)    (2, 5)   (0, 1)  (6, 10)    (7, 2)    (6, 3)
job_4    (0, 1)   (3, 2)    (6, 7)   (8, 4)   (2, 8)  (10, 7)   (1, 6)   (1, 5)   (3, 9)   (1, 8)   (7, 1)   (1, 4)   (5, 10)   (2, 1)   (6, 4)    (9, 9)   (10, 6)
job_5    (2, 6)   (4, 8)    (6, 9)   (8, 7)  (11, 4)   (1, 8)  (10, 8)   (9, 2)  (1, 10)  (7, 10)   (9, 9)  (11, 8)    (3, 8)   (4, 5)   (9, 4)   (11, 5)    (7, 2)
job_6    (6, 7)   (7, 7)    (4, 7)   (1, 6)  (11, 7)   (7, 3)   (6, 3)   (7, 7)   (0, 1)   (2, 7)   (1, 5)   (6, 5)    (0, 5)   (7, 4)   (1, 9)    (3, 4)    (6, 1)
job_7    (7, 4)   (2, 6)   (1, 10)  (8, 10)   (5, 4)   (8, 8)   (1, 5)   (1, 8)   (3, 6)   (7, 8)   (2, 7)   (7, 5)    (0, 7)   (7, 1)   (1, 3)    (4, 4)   (11, 4)
job_8    (3, 4)   (8, 7)  (11, 10)   (2, 7)   (6, 1)   (8, 8)   (2, 8)   (1, 8)   (5, 5)   (7, 2)   (7, 3)  (11, 3)    (7, 7)   (8, 1)   (3, 9)    (2, 7)    (2, 3)
job_9    (7, 3)   (1, 3)    (2, 2)   (9, 4)  (10, 4)   (8, 1)  (2, 10)   (8, 5)   (0, 7)   (8, 2)  (0, 10)   (3, 6)    (1, 1)   (7, 4)   (4, 6)    (6, 6)    (8, 7)
job_10   (2, 4)   (2, 1)    (7, 5)  (2, 10)   (2, 3)  (11, 6)   (7, 6)  (10, 3)  (1, 10)  (10, 8)  (11, 9)   (0, 7)   (4, 10)  (11, 1)   (9, 2)    (5, 6)   (8, 10)
job_11   (4, 6)   (2, 3)   (8, 10)   (3, 3)  (7, 10)  (2, 10)   (9, 9)   (0, 8)  (10, 9)   (2, 8)   (2, 9)   (1, 6)   (11, 2)  (10, 8)   (5, 2)  (10, 10)    (7, 4)
job_12   (9, 6)   (7, 9)    (7, 4)  (2, 10)  (9, 10)   (5, 8)   (6, 7)   (7, 8)  (3, 10)  (10, 6)   (7, 7)   (5, 7)  (10, 10)   (7, 4)   (1, 8)    (0, 8)   (7, 10)
job_13   (9, 2)   (9, 8)    (6, 3)   (2, 6)  (1, 10)   (5, 9)   (5, 1)   (4, 2)  (11, 6)   (5, 5)   (0, 3)   (1, 9)    (5, 1)  (11, 7)   (7, 3)    (1, 6)    (0, 4)
job_14   (8, 8)   (5, 2)  (11, 10)   (8, 7)   (5, 4)   (7, 1)   (3, 2)   (9, 2)   (9, 1)   (0, 1)   (5, 4)   (2, 2)   (1, 10)   (3, 2)   (1, 2)   (11, 8)   (10, 4)
job_15   (9, 4)   (8, 6)    (4, 1)   (6, 3)   (4, 5)  (2, 10)   (0, 7)   (9, 7)   (1, 9)   (3, 4)  (8, 10)  (10, 7)    (2, 1)   (7, 3)   (6, 6)    (9, 7)    (1, 2)
job_16   (0, 6)   (2, 9)    (3, 5)   (4, 6)   (3, 4)   (5, 8)   (1, 7)   (4, 5)   (5, 2)   (2, 5)   (3, 8)  (10, 2)    (4, 6)   (4, 1)   (6, 2)   (2, 10)    (3, 6)


Solution:
Machine 0: job_4_task_0   job_16_task_0  job_2_task_4   job_11_task_7  job_15_task_6  job_13_task_10 job_6_task_8   job_0_task_8   job_9_task_8   job_10_task_11 job_9_task_10  job_14_task_9  job_1_task_12  job_6_task_12  job_7_task_12  job_3_task_13  job_12_task_15 job_2_task_15  job_13_task_16 
           [0,1]          [1,7]          [54,56]        [74,82]        [88,95]        [104,107]      [110,111]      [111,121]      [121,128]      [128,135]      [135,145]      [145,146]      [151,157]      [175,180]      [186,193]      [193,194]      [194,202]      [202,209]      [215,219]      
Machine 1: job_7_task_2   job_9_task_1   job_13_task_4  job_5_task_5   job_16_task_6  job_6_task_3   job_5_task_8   job_7_task_6   job_7_task_7   job_10_task_8  job_4_task_6   job_4_task_7   job_13_task_11 job_15_task_8  job_8_task_7   job_3_task_8   job_4_task_9   job_0_task_11  job_4_task_11  job_6_task_10  job_11_task_11 job_12_task_14 job_14_task_12 job_9_task_12  job_7_task_14  job_14_task_14 job_6_task_14  job_13_task_15 job_15_task_16 
           [15,25]        [29,32]        [35,45]        [45,53]        [53,60]        [60,66]        [66,76]        [76,81]        [81,89]        [89,99]        [99,105]       [105,110]      [110,119]      [119,128]      [128,136]      [136,144]      [144,152]      [152,161]      [161,165]      [165,170]      [170,176]      [176,184]      [184,194]      [194,195]      [195,198]      [198,200]      [200,209]      [209,215]      [215,217]      
Machine 2: job_5_task_0   job_11_task_1  job_7_task_1   job_10_task_0  job_10_task_1  job_16_task_1  job_13_task_3  job_12_task_3  job_10_task_3  job_11_task_5  job_10_task_4  job_4_task_4   job_9_task_2   job_15_task_5  job_8_task_3   job_1_task_3   job_9_task_6   job_2_task_7   job_8_task_6   job_1_task_7   job_11_task_9  job_11_task_10 job_16_task_9  job_6_task_9   job_3_task_9   job_15_task_12 job_7_task_10  job_3_task_11  job_14_task_11 job_2_task_13  job_3_task_12  job_4_task_13  job_0_task_15  job_16_task_15 job_8_task_15  job_1_task_16  job_8_task_16  
           [0,6]          [6,9]          [9,15]         [15,19]        [19,20]        [20,29]        [29,35]        [35,45]        [45,55]        [55,65]        [65,68]        [68,76]        [76,78]        [78,88]        [88,95]        [95,101]       [101,111]      [111,118]      [118,126]      [126,128]      [128,136]      [136,145]      [145,150]      [150,157]      [157,160]      [160,161]      [161,168]      [168,177]      [177,179]      [179,184]      [184,189]      [189,190]      [190,194]      [194,204]      [204,211]      [211,217]      [217,220]      
Machine 3: job_8_task_0   job_4_task_1   job_11_task_3  job_16_task_2  job_16_task_4  job_2_task_3   job_2_task_6   job_12_task_8  job_0_task_6   job_1_task_5   job_4_task_8   job_14_task_6  job_7_task_8   job_2_task_9   job_2_task_10  job_15_task_9  job_2_task_11  job_5_task_12  job_16_task_10 job_9_task_11  job_8_task_14  job_14_task_13 job_16_task_16 job_6_task_15  
           [0,4]          [4,6]          [25,28]        [29,34]        [40,44]        [46,54]        [57,63]        [90,100]       [100,101]      [102,108]      [110,119]      [119,121]      [121,127]      [127,128]      [128,134]      [134,138]      [138,145]      [145,153]      [153,161]      [161,167]      [182,191]      [194,196]      [204,210]      [210,214]      
Machine 4: job_11_task_0  job_5_task_1   job_15_task_2  job_16_task_3  job_15_task_4  job_3_task_4   job_0_task_3   job_6_task_2   job_13_task_7  job_16_task_7  job_3_task_6   job_10_task_12 job_5_task_13  job_16_task_12 job_0_task_14  job_16_task_13 job_2_task_14  job_9_task_14  job_7_task_15  job_2_task_16  
           [0,6]          [6,14]         [31,32]        [34,40]        [42,47]        [49,52]        [52,53]        [53,60]        [62,64]        [64,69]        [93,102]       [135,145]      [153,158]      [163,169]      [169,176]      [176,177]      [184,189]      [200,206]      [206,210]      [210,217]      
Machine 5: job_2_task_0   job_14_task_1  job_16_task_5  job_13_task_5  job_13_task_6  job_7_task_4   job_12_task_5  job_0_task_4   job_3_task_5   job_14_task_4  job_16_task_8  job_13_task_9  job_12_task_11 job_13_task_12 job_8_task_8   job_2_task_12  job_14_task_10 job_10_task_15 job_4_task_12  job_11_task_14 
           [0,10]         [10,12]        [44,52]        [52,61]        [61,62]        [62,66]        [66,74]        [74,83]        [83,93]        [93,97]        [97,99]        [99,104]       [117,124]      [124,125]      [136,141]      [145,154]      [154,158]      [158,164]      [165,175]      [186,188]      
Machine 6: job_3_task_1   job_4_task_2   job_5_task_2   job_13_task_2  job_3_task_2   job_6_task_0   job_15_task_3  job_3_task_3   job_2_task_5   job_1_task_1   job_12_task_6  job_6_task_6   job_8_task_4   job_0_task_12  job_15_task_14 job_6_task_11  job_16_task_14 job_1_task_15  job_4_task_14  job_3_task_14  job_9_task_15  job_6_task_16  job_3_task_16  
           [5,10]         [10,17]        [17,26]        [26,29]        [29,32]        [32,39]        [39,42]        [42,49]        [56,57]        [57,66]        [74,81]        [93,96]        [96,97]        [161,163]      [164,170]      [170,175]      [177,179]      [181,189]      [190,194]      [194,204]      [206,212]      [214,215]      [216,219]      
Machine 7: job_7_task_0   job_0_task_0   job_12_task_1  job_12_task_2  job_10_task_2  job_9_task_0   job_11_task_4  job_0_task_1   job_6_task_1   job_10_task_6  job_12_task_7  job_6_task_5   job_5_task_9   job_6_task_7   job_12_task_10 job_14_task_5  job_0_task_9   job_1_task_8   job_7_task_9   job_1_task_10  job_8_task_9   job_4_task_10  job_8_task_10  job_12_task_13 job_15_task_13 job_1_task_13  job_8_task_12  job_7_task_11  job_6_task_13  job_13_task_14 job_7_task_13  job_5_task_16  job_9_task_13  job_11_task_16 job_12_task_16 job_3_task_15  
           [0,4]          [4,8]          [8,17]         [17,21]        [21,26]        [26,29]        [29,39]        [39,45]        [45,52]        [76,82]        [82,90]        [90,93]        [93,103]       [103,110]      [110,117]      [117,118]      [121,131]      [131,134]      [134,142]      [142,150]      [150,152]      [152,153]      [153,156]      [156,160]      [161,164]      [164,174]      [174,181]      [181,186]      [186,190]      [190,193]      [193,194]      [194,196]      [196,200]      [200,204]      [204,214]      [214,216]      
Machine 8: job_14_task_0  job_8_task_1   job_11_task_2  job_15_task_1  job_5_task_3   job_2_task_2   job_4_task_3   job_7_task_3   job_14_task_3  job_7_task_5   job_0_task_5   job_9_task_5   job_8_task_5   job_0_task_7   job_9_task_7   job_9_task_9   job_15_task_10 job_10_task_16 job_1_task_14  job_8_task_13  job_9_task_16  
           [0,8]          [8,15]         [15,25]        [25,31]        [31,38]        [38,46]        [46,50]        [50,60]        [60,67]        [67,75]        [83,90]        [90,91]        [97,105]       [105,106]      [111,116]      [128,130]      [138,148]      [164,174]      [174,181]      [181,182]      [212,219]      
Machine 9: job_12_task_0  job_15_task_0  job_13_task_0  job_13_task_1  job_12_task_4  job_5_task_7   job_11_task_6  job_9_task_3   job_15_task_7  job_5_task_10  job_2_task_8   job_14_task_7  job_14_task_8  job_0_task_10  job_1_task_9   job_10_task_14 job_5_task_14  job_0_task_13  job_15_task_15 job_4_task_15  
           [0,6]          [6,10]         [10,12]        [12,20]        [45,55]        [61,63]        [65,74]        [78,82]        [95,102]       [103,112]      [118,124]      [124,126]      [126,127]      [131,133]      [134,135]      [146,148]      [158,162]      [163,167]      [170,177]      [194,203]      
Machine 10: job_0_task_2   job_5_task_6   job_1_task_2   job_4_task_5   job_10_task_7  job_9_task_4   job_11_task_8  job_12_task_9  job_10_task_9  job_12_task_12 job_15_task_11 job_16_task_11 job_3_task_10  job_11_task_13 job_11_task_15 job_0_task_16  job_14_task_16 job_4_task_16  
           [45,50]        [53,61]        [66,72]        [76,83]        [83,86]        [86,90]        [90,99]        [100,106]      [106,114]      [124,134]      [148,155]      [161,163]      [163,168]      [178,186]      [188,198]      [198,208]      [208,212]      [212,218]      
Machine 11: job_3_task_0   job_1_task_0   job_2_task_1   job_8_task_2   job_14_task_2  job_5_task_4   job_13_task_8  job_10_task_5  job_6_task_4   job_1_task_4   job_3_task_7   job_1_task_6   job_10_task_10 job_5_task_11  job_13_task_13 job_10_task_13 job_1_task_11  job_8_task_11  job_5_task_15  job_11_task_12 job_14_task_15 job_7_task_16  
           [0,5]          [5,6]          [10,15]        [15,25]        [25,35]        [38,42]        [64,70]        [70,76]        [76,83]        [101,102]      [102,111]      [111,116]      [116,125]      [125,133]      [133,140]      [145,146]      [150,151]      [156,159]      [162,167]      [176,178]      [200,208]      [210,214]      
Optimal Schedule Length: 220.0
Total (Unoptimized Schedule Length): 1631
Statistics
  - conflicts: 0
  - branches : 7
  - wall time: 0.37371940000000003s