
Problem
         task_0    task_1    task_2   task_3   task_4    task_5    task_6   task_7   task_8   task_9  task_10   task_11   task_12  task_13  task_14  task_15  task_16  task_17
job_0    (2, 4)    (7, 8)  (13, 10)  (12, 5)   (4, 9)    (1, 9)    (1, 3)   (9, 4)  (15, 4)   (9, 5)   (6, 6)    (9, 7)    (0, 1)  (14, 4)  (14, 8)   (6, 4)  (11, 3)   (4, 2)
job_1   (11, 6)    (4, 2)    (3, 4)   (9, 2)   (6, 4)   (14, 5)    (4, 7)  (14, 5)   (5, 3)  (12, 8)  (16, 2)    (4, 7)   (15, 1)   (2, 8)   (2, 1)  (13, 2)   (4, 1)  (16, 5)
job_2   (16, 8)  (16, 10)   (3, 10)  (15, 3)  (13, 1)   (3, 10)    (7, 5)  (13, 2)   (6, 6)   (2, 3)   (2, 2)    (4, 5)  (14, 10)   (3, 3)  (11, 3)   (4, 9)   (4, 5)   (4, 6)
job_3    (4, 8)    (9, 9)    (7, 6)  (12, 8)  (16, 6)   (14, 6)    (8, 4)   (2, 6)  (16, 4)  (12, 2)  (2, 10)   (10, 1)    (3, 4)  (12, 3)   (3, 4)  (14, 2)  (11, 9)   (1, 2)
job_4   (16, 1)    (5, 6)   (10, 2)  (11, 7)   (8, 9)  (10, 10)    (1, 9)   (7, 4)  (14, 4)   (0, 3)  (10, 9)   (11, 4)   (12, 1)   (3, 2)   (3, 5)   (2, 3)  (15, 5)  (11, 7)
job_5    (9, 2)    (2, 2)   (16, 6)   (9, 2)   (2, 4)    (9, 1)   (15, 9)   (7, 4)   (5, 1)   (5, 9)   (7, 7)  (16, 10)    (8, 3)   (3, 2)   (9, 3)   (1, 9)  (11, 6)  (13, 7)
job_6   (10, 9)    (7, 9)   (15, 8)   (3, 9)  (15, 5)    (1, 9)   (14, 1)  (16, 9)  (9, 10)   (3, 9)  (10, 7)   (10, 1)   (11, 9)  (13, 6)  (10, 5)   (6, 8)   (9, 6)   (4, 9)
job_7    (7, 8)    (2, 8)   (11, 3)  (10, 5)   (9, 1)   (5, 10)  (14, 10)  (1, 10)  (13, 9)  (11, 9)   (9, 6)    (2, 8)    (5, 4)   (7, 8)   (3, 8)  (13, 6)  (14, 4)  (13, 4)
job_8    (0, 5)    (8, 7)    (8, 1)   (9, 8)   (9, 7)   (11, 4)    (2, 3)   (6, 9)   (9, 4)  (16, 3)  (15, 9)    (6, 7)   (11, 9)  (10, 4)   (2, 5)   (0, 4)  (14, 9)   (2, 1)
job_9    (3, 2)   (11, 2)    (8, 2)  (14, 5)   (8, 7)    (2, 2)   (10, 8)   (2, 8)  (15, 9)  (12, 1)   (1, 8)    (5, 3)    (8, 6)   (2, 7)   (1, 5)   (6, 6)   (3, 6)   (1, 2)
job_10  (13, 1)  (13, 10)    (2, 7)  (13, 5)  (2, 10)    (1, 3)    (0, 9)   (4, 3)   (8, 1)  (15, 5)   (4, 3)    (5, 4)   (11, 9)   (2, 9)  (11, 6)  (16, 8)   (6, 3)   (1, 6)
job_11   (5, 6)    (2, 1)    (1, 1)   (5, 9)   (0, 6)    (6, 6)   (12, 6)  (10, 6)  (6, 10)   (7, 6)   (0, 3)   (12, 2)    (7, 7)   (8, 7)  (16, 3)   (4, 9)  (14, 3)   (2, 4)
job_12   (6, 4)    (6, 2)   (12, 8)  (16, 7)  (12, 6)   (11, 8)    (8, 1)   (1, 2)   (5, 3)   (1, 6)  (15, 8)    (3, 9)    (9, 8)  (15, 7)  (15, 7)   (3, 9)   (9, 9)  (13, 9)
job_13   (7, 1)    (6, 6)   (14, 7)   (6, 8)  (5, 10)    (2, 6)    (4, 4)   (5, 4)  (4, 10)  (13, 6)   (6, 7)   (11, 5)    (9, 8)  (16, 5)  (10, 1)  (14, 7)   (0, 7)   (7, 1)
job_14  (10, 9)  (10, 10)   (8, 10)   (3, 4)   (7, 3)   (10, 9)    (4, 8)   (4, 4)   (8, 9)   (6, 8)   (0, 4)   (10, 1)    (3, 1)   (6, 5)  (12, 3)  (10, 5)  (10, 2)  (5, 10)


Solution:
Machine 0: job_8_task_0   job_11_task_4  job_10_task_6  job_11_task_10 job_4_task_9   job_14_task_10 job_8_task_15  job_0_task_12  job_13_task_16 
           [0,5]          [17,23]        [41,50]        [59,62]        [95,98]        [98,102]       [107,111]      [114,115]      [140,147]      
Machine 1: job_11_task_2  job_12_task_7  job_10_task_5  job_12_task_9  job_6_task_5   job_7_task_7   job_0_task_5   job_0_task_6   job_4_task_6   job_9_task_10  job_5_task_15  job_9_task_14  job_3_task_17  job_9_task_17  job_10_task_17 
           [7,8]          [36,38]        [38,41]        [41,47]        [47,56]        [56,66]        [66,75]        [75,78]        [78,87]        [88,96]        [102,111]      [123,128]      [138,140]      [140,142]      [142,148]      
Machine 2: job_0_task_0   job_5_task_1   job_11_task_1  job_7_task_1   job_10_task_2  job_5_task_4   job_10_task_4  job_9_task_5   job_8_task_6   job_13_task_5  job_9_task_7   job_3_task_7   job_2_task_9   job_2_task_10  job_3_task_10  job_7_task_11  job_8_task_14  job_10_task_13 job_9_task_13  job_1_task_13  job_1_task_14  job_8_task_17  job_4_task_15  job_11_task_17 
           [0,4]          [4,6]          [6,7]          [8,16]         [16,23]        [23,27]        [28,38]        [38,40]        [48,51]        [51,57]        [57,65]        [67,73]        [73,76]        [76,78]        [79,89]        [94,102]       [102,107]      [107,116]      [116,123]      [123,131]      [131,132]      [132,133]      [133,136]      [136,140]      
Machine 3: job_9_task_0   job_1_task_2   job_6_task_3   job_2_task_2   job_14_task_3  job_2_task_5   job_12_task_11 job_6_task_9   job_5_task_13  job_3_task_12  job_3_task_14  job_2_task_13  job_14_task_12 job_12_task_15 job_7_task_14  job_4_task_13  job_4_task_14  job_9_task_16  
           [0,2]          [10,14]        [26,35]        [35,45]        [46,50]        [50,60]        [67,76]        [76,85]        [90,92]        [94,98]        [101,105]      [105,108]      [108,109]      [109,118]      [118,126]      [126,128]      [128,133]      [134,140]      
Machine 4: job_3_task_0   job_1_task_1   job_1_task_6   job_0_task_4   job_10_task_7  job_13_task_6  job_10_task_10 job_14_task_6  job_14_task_7  job_13_task_8  job_2_task_11  job_1_task_11  job_11_task_15 job_2_task_15  job_2_task_16  job_2_task_17  job_1_task_16  job_6_task_17  job_0_task_17  
           [0,8]          [8,10]         [32,39]        [43,52]        [52,55]        [57,61]        [61,64]        [64,72]        [72,76]        [76,86]        [86,91]        [91,98]        [100,109]      [113,122]      [122,127]      [127,133]      [134,135]      [137,146]      [146,148]      
Machine 5: job_11_task_0  job_11_task_3  job_4_task_1   job_7_task_5   job_12_task_8  job_13_task_4  job_5_task_8   job_5_task_9   job_1_task_8   job_10_task_11 job_13_task_7  job_9_task_11  job_7_task_12  job_14_task_17 
           [0,6]          [8,17]         [22,28]        [28,38]        [38,41]        [41,51]        [51,52]        [52,61]        [61,64]        [64,68]        [68,72]        [96,99]        [102,106]      [124,134]      
Machine 6: job_12_task_0  job_12_task_1  job_13_task_1  job_1_task_4   job_11_task_5  job_13_task_3  job_11_task_8  job_8_task_7   job_2_task_8   job_8_task_11  job_14_task_9  job_13_task_10 job_0_task_10  job_14_task_13 job_6_task_15  job_9_task_15  job_0_task_15  job_10_task_16 
           [0,4]          [4,6]          [9,15]         [19,23]        [23,29]        [29,37]        [43,53]        [53,62]        [67,73]        [78,85]        [85,93]        [93,100]       [100,106]      [109,114]      [117,125]      [128,134]      [134,138]      [138,141]      
Machine 7: job_7_task_0   job_13_task_0  job_6_task_1   job_0_task_1   job_3_task_2   job_5_task_7   job_14_task_4  job_11_task_9  job_2_task_6   job_5_task_10  job_11_task_12 job_4_task_7   job_7_task_13  job_13_task_17 
           [0,8]          [8,9]          [9,18]         [18,26]        [26,32]        [37,41]        [50,53]        [53,59]        [60,65]        [65,72]        [72,79]        [87,91]        [106,114]      [147,148]      
Machine 8: job_8_task_1   job_8_task_2   job_9_task_2   job_9_task_4   job_12_task_6  job_14_task_2  job_4_task_4   job_10_task_8  job_3_task_6   job_14_task_8  job_5_task_12  job_11_task_13 job_9_task_12  
           [5,12]         [12,13]        [13,15]        [27,34]        [35,36]        [36,46]        [46,55]        [55,56]        [63,67]        [76,85]        [87,90]        [90,97]        [99,105]       
Machine 9: job_5_task_0   job_3_task_1   job_1_task_3   job_5_task_3   job_7_task_4   job_5_task_5   job_8_task_3   job_8_task_4   job_8_task_8   job_6_task_8   job_12_task_12 job_0_task_7   job_7_task_10  job_0_task_9   job_5_task_14  job_0_task_11  job_13_task_12 job_12_task_16 job_6_task_16  
           [0,2]          [8,17]         [17,19]        [19,21]        [25,26]        [27,28]        [28,36]        [36,43]        [62,66]        [66,76]        [76,84]        [84,88]        [88,94]        [94,99]        [99,102]       [107,114]      [114,122]      [122,131]      [131,137]      
Machine 10: job_6_task_0   job_14_task_0  job_7_task_3   job_14_task_1  job_4_task_2   job_11_task_7  job_9_task_6   job_14_task_5  job_4_task_5   job_6_task_10  job_3_task_11  job_6_task_11  job_8_task_13  job_14_task_11 job_4_task_10  job_6_task_14  job_14_task_15 job_14_task_16 job_13_task_14 
           [0,9]          [9,18]         [20,25]        [25,35]        [35,37]        [37,43]        [43,51]        [53,62]        [62,72]        [86,93]        [93,94]        [94,95]        [95,99]        [102,103]      [103,112]      [112,117]      [117,122]      [122,124]      [127,128]      
Machine 11: job_1_task_0   job_9_task_1   job_7_task_2   job_12_task_5  job_4_task_3   job_8_task_5   job_10_task_12 job_7_task_9   job_8_task_12  job_6_task_12  job_13_task_11 job_2_task_14  job_5_task_16  job_4_task_11  job_10_task_14 job_3_task_16  job_0_task_16  job_4_task_17  
           [0,6]          [6,8]          [16,19]        [27,35]        [37,44]        [44,48]        [68,77]        [77,86]        [86,95]        [96,105]       [105,110]      [110,113]      [113,119]      [119,123]      [123,129]      [129,138]      [138,141]      [141,148]      
Machine 12: job_12_task_2  job_12_task_4  job_11_task_6  job_0_task_3   job_3_task_3   job_11_task_11 job_1_task_9   job_3_task_9   job_9_task_9   job_3_task_13  job_14_task_14 job_4_task_12  
           [6,14]         [21,27]        [29,35]        [38,43]        [43,51]        [62,64]        [64,72]        [77,79]        [87,88]        [98,101]       [114,117]      [123,124]      
Machine 13: job_10_task_0  job_10_task_1  job_10_task_3  job_0_task_2   job_2_task_4   job_2_task_7   job_7_task_8   job_13_task_9  job_6_task_13  job_5_task_17  job_7_task_15  job_1_task_15  job_12_task_17 job_7_task_17  
           [0,1]          [1,11]         [23,28]        [28,38]        [48,49]        [65,67]        [67,76]        [86,92]        [105,111]      [119,126]      [126,132]      [132,134]      [134,143]      [144,148]      
Machine 14: job_13_task_2  job_9_task_3   job_1_task_5   job_7_task_6   job_1_task_7   job_6_task_6   job_3_task_5   job_4_task_8   job_2_task_12  job_3_task_15  job_11_task_16 job_8_task_16  job_0_task_13  job_0_task_14  job_13_task_15 job_7_task_16  
           [15,22]        [22,27]        [27,32]        [38,48]        [48,53]        [56,57]        [57,63]        [91,95]        [95,105]       [105,107]      [109,112]      [112,121]      [121,125]      [125,133]      [133,140]      [140,144]      
Machine 15: job_6_task_2   job_5_task_6   job_6_task_4   job_2_task_3   job_12_task_10 job_10_task_9  job_8_task_10  job_9_task_8   job_0_task_8   job_12_task_13 job_1_task_12  job_12_task_14 job_4_task_16  
           [18,26]        [28,37]        [37,42]        [45,48]        [48,56]        [56,61]        [69,78]        [78,87]        [88,92]        [92,99]        [99,100]       [100,107]      [136,141]      
Machine 16: job_2_task_0   job_5_task_2   job_12_task_3  job_4_task_0   job_2_task_1   job_3_task_4   job_6_task_7   job_8_task_9   job_3_task_8   job_5_task_11  job_1_task_10  job_11_task_14 job_13_task_13 job_10_task_15 job_1_task_17  
           [0,8]          [8,14]         [14,21]        [21,22]        [22,32]        [51,57]        [57,66]        [66,69]        [73,77]        [77,87]        [87,89]        [97,100]       [122,127]      [129,137]      [137,142]      
Optimal Schedule Length: 148.0
Total (Unoptimized Schedule Length): 1498
Statistics
  - conflicts: 0
  - branches : 0
  - wall time: 2.318824106s