
Problem
         task_0   task_1    task_2    task_3   task_4   task_5   task_6   task_7   task_8   task_9  task_10  task_11   task_12  task_13  task_14  task_15
job_0    (1, 6)   (3, 3)   (12, 5)   (10, 1)   (8, 7)   (8, 5)  (12, 4)  (12, 8)   (4, 5)  (13, 1)   (5, 9)   (3, 3)    (3, 9)  (13, 4)   (7, 5)  (11, 5)
job_1    (5, 9)   (0, 3)    (1, 3)    (5, 8)  (11, 6)   (7, 4)   (8, 4)   (1, 3)   (0, 6)  (10, 3)   (5, 2)   (7, 5)    (9, 5)  (12, 7)   (8, 8)   (1, 9)
job_2    (3, 8)  (10, 9)    (4, 5)    (1, 5)   (1, 4)  (12, 8)   (6, 2)  (10, 5)  (7, 10)   (1, 7)   (6, 5)  (11, 5)   (4, 10)  (13, 8)   (3, 3)   (0, 8)
job_3   (4, 10)   (0, 6)  (11, 10)    (9, 1)   (1, 8)   (8, 9)  (10, 8)  (10, 4)   (8, 1)   (8, 8)  (11, 1)   (3, 8)    (5, 3)   (0, 9)   (2, 6)   (6, 5)
job_4   (12, 2)   (8, 9)    (2, 1)    (6, 1)  (0, 10)  (11, 2)  (11, 4)  (12, 2)   (2, 3)   (7, 5)   (6, 3)   (9, 3)  (13, 10)   (2, 9)   (0, 1)   (7, 4)
job_5    (4, 5)   (3, 9)    (0, 6)    (2, 4)   (4, 4)  (10, 3)   (6, 8)  (8, 10)   (3, 5)   (2, 8)  (6, 10)   (2, 5)   (11, 8)   (6, 8)   (5, 7)   (7, 2)
job_6    (0, 8)   (0, 9)    (4, 5)    (8, 8)  (10, 2)  (12, 6)  (2, 10)   (8, 7)   (9, 7)  (11, 3)  (13, 1)   (6, 2)    (4, 9)   (3, 9)   (5, 6)  (12, 4)
job_7    (4, 6)   (6, 3)    (8, 1)    (8, 6)   (3, 3)  (10, 2)  (11, 1)   (9, 5)  (13, 7)  (9, 10)   (2, 7)   (5, 8)    (6, 8)   (8, 7)   (8, 7)  (12, 4)
job_8   (11, 2)   (6, 5)    (1, 7)    (8, 1)  (11, 2)   (1, 3)   (9, 7)   (7, 4)  (12, 4)   (1, 5)   (9, 8)  (11, 1)   (12, 1)   (0, 4)   (4, 4)  (4, 10)
job_9   (13, 3)  (13, 5)    (0, 7)  (12, 10)   (0, 6)   (4, 4)  (10, 2)   (7, 9)   (3, 4)   (5, 4)  (13, 6)   (6, 8)    (1, 5)   (6, 9)   (3, 6)  (11, 8)
job_10   (7, 5)  (10, 1)   (12, 6)    (7, 9)   (9, 6)  (12, 9)   (4, 7)  (11, 3)  (13, 6)   (6, 8)  (13, 5)   (3, 8)   (11, 3)   (9, 8)   (7, 8)   (4, 1)
job_11   (7, 9)   (0, 8)    (7, 7)    (9, 8)   (6, 1)   (2, 1)  (10, 2)  (2, 10)   (0, 5)   (7, 8)  (12, 4)   (2, 1)    (1, 8)  (13, 3)   (1, 2)  (7, 10)
job_12   (2, 4)   (2, 3)    (1, 6)    (6, 4)   (3, 1)   (2, 3)   (4, 9)   (4, 8)   (8, 8)  (11, 5)   (3, 7)   (9, 8)   (13, 7)  (10, 2)   (9, 7)   (6, 9)
job_13   (1, 8)   (1, 6)    (4, 3)  (13, 10)  (12, 8)  (12, 8)   (1, 9)   (1, 3)  (13, 4)   (8, 1)  (11, 1)  (11, 6)    (1, 8)   (3, 4)  (0, 10)   (9, 7)
job_14   (8, 9)   (6, 1)   (3, 10)    (9, 4)   (0, 2)  (13, 9)   (1, 9)   (5, 4)   (5, 6)   (5, 6)   (9, 1)   (1, 9)    (3, 5)   (1, 7)   (8, 9)   (7, 7)
job_15   (5, 1)   (0, 7)   (11, 1)    (0, 7)   (5, 5)  (10, 1)  (13, 6)  (10, 3)   (1, 7)   (1, 3)   (4, 7)   (0, 9)    (0, 6)  (10, 4)  (11, 8)   (6, 7)
job_16  (13, 1)   (5, 7)    (3, 3)    (6, 3)  (13, 5)   (2, 6)   (9, 5)  (2, 10)  (11, 1)  (10, 5)  (12, 9)  (11, 3)    (1, 1)  (13, 8)  (12, 9)   (8, 1)
job_17  (13, 1)  (10, 4)    (5, 1)   (2, 10)   (0, 5)  (13, 4)   (4, 4)   (4, 9)   (2, 2)   (7, 5)  (12, 1)  (13, 1)   (11, 5)  (12, 6)   (9, 5)  (10, 7)
job_18   (5, 5)   (6, 6)    (1, 1)    (5, 8)  (12, 1)  (11, 4)  (11, 2)   (3, 2)   (2, 4)  (12, 9)   (6, 1)   (1, 9)    (0, 5)   (2, 2)  (13, 7)   (6, 6)


Solution:
Machine 0: job_6_task_0   job_9_task_2   job_6_task_1   job_5_task_2   job_11_task_1  job_14_task_4  job_1_task_1   job_15_task_1  job_9_task_4   job_15_task_3  job_3_task_1   job_4_task_4   job_17_task_4  job_11_task_8  job_1_task_8   job_8_task_13  job_15_task_11 job_15_task_12 job_18_task_12 job_4_task_14  job_3_task_13  job_13_task_14 job_2_task_15  
           [0,8]          [8,15]         [15,24]        [24,30]        [30,38]        [38,40]        [40,43]        [43,50]        [50,56]        [56,63]        [63,69]        [69,79]        [79,84]        [93,98]        [100,106]      [106,110]      [113,122]      [122,128]      [128,133]      [133,134]      [137,146]      [147,157]      [157,165]      
Machine 1: job_0_task_0   job_13_task_0  job_13_task_1  job_8_task_2   job_2_task_3   job_2_task_4   job_8_task_5   job_12_task_2  job_1_task_2   job_18_task_2  job_14_task_6  job_8_task_9   job_2_task_9   job_13_task_6  job_13_task_7  job_3_task_4   job_15_task_8  job_1_task_7   job_15_task_9  job_14_task_11 job_9_task_12  job_16_task_12 job_18_task_11 job_14_task_13 job_13_task_12 job_11_task_12 job_11_task_14 job_1_task_15  
           [0,6]          [6,14]         [14,20]        [20,27]        [27,32]        [32,36]        [36,39]        [39,45]        [45,48]        [48,49]        [49,58]        [58,63]        [63,70]        [70,79]        [79,82]        [82,90]        [90,97]        [97,100]       [100,103]      [103,112]      [112,117]      [117,118]      [118,127]      [127,134]      [134,142]      [142,150]      [153,155]      [155,164]      
Machine 2: job_12_task_0  job_12_task_1  job_4_task_2   job_17_task_3  job_5_task_3   job_16_task_5  job_12_task_5  job_16_task_7  job_6_task_6   job_11_task_5  job_5_task_9   job_11_task_7  job_5_task_11  job_4_task_8   job_18_task_8  job_7_task_10  job_17_task_8  job_11_task_11 job_4_task_13  job_18_task_13 job_3_task_14  
           [0,4]          [4,7]          [19,20]        [23,33]        [33,37]        [40,46]        [51,54]        [54,64]        [64,74]        [74,75]        [75,83]        [83,93]        [93,98]        [98,101]       [101,105]      [105,112]      [112,114]      [118,119]      [122,131]      [133,135]      [146,152]      
Machine 3: job_2_task_0   job_0_task_1   job_5_task_1   job_16_task_2  job_14_task_2  job_7_task_4   job_12_task_4  job_5_task_8   job_9_task_8   job_12_task_10 job_18_task_7  job_10_task_11 job_0_task_11  job_14_task_12 job_0_task_12  job_3_task_11  job_6_task_13  job_13_task_13 job_9_task_14  job_2_task_14  
           [0,8]          [8,11]         [11,20]        [20,23]        [23,33]        [33,36]        [50,51]        [68,73]        [81,85]        [90,97]        [97,99]        [99,107]       [109,112]      [112,117]      [117,126]      [126,134]      [134,143]      [143,147]      [147,153]      [153,156]      
Machine 4: job_5_task_0   job_7_task_0   job_2_task_2   job_13_task_2  job_3_task_0   job_5_task_4   job_6_task_2   job_10_task_6  job_12_task_6  job_9_task_5   job_12_task_7  job_17_task_6  job_0_task_8   job_17_task_7  job_15_task_10 job_2_task_12  job_6_task_12  job_8_task_14  job_10_task_15 job_8_task_15  
           [0,5]          [5,11]         [17,22]        [22,25]        [25,35]        [37,41]        [41,46]        [46,53]        [54,63]        [63,67]        [67,75]        [88,92]        [92,97]        [97,106]       [106,113]      [113,123]      [123,132]      [132,136]      [137,138]      [138,148]      
Machine 5: job_1_task_0   job_15_task_0  job_16_task_1  job_18_task_0  job_17_task_2  job_1_task_3   job_18_task_3  job_15_task_4  job_14_task_7  job_14_task_8  job_14_task_9  job_9_task_9   job_0_task_10  job_7_task_11  job_1_task_10  job_5_task_14  job_3_task_12  job_6_task_14  
           [0,9]          [9,10]         [10,17]        [17,22]        [22,23]        [48,56]        [56,64]        [64,69]        [69,73]        [73,79]        [79,85]        [85,89]        [100,109]      [112,120]      [120,122]      [122,129]      [134,137]      [143,149]      
Machine 6: job_8_task_1   job_14_task_1  job_7_task_1   job_4_task_3   job_18_task_1  job_16_task_3  job_2_task_6   job_12_task_3  job_5_task_6   job_11_task_4  job_10_task_9  job_2_task_10  job_5_task_10  job_9_task_11  job_6_task_11  job_4_task_10  job_5_task_13  job_18_task_10 job_7_task_12  job_9_task_13  job_12_task_15 job_15_task_15 job_18_task_15 job_3_task_15  
           [2,7]          [9,10]         [11,14]        [20,21]        [22,28]        [28,31]        [44,46]        [46,50]        [50,58]        [64,65]        [65,73]        [73,78]        [83,93]        [95,103]       [103,105]      [106,109]      [109,117]      [117,118]      [120,128]      [128,137]      [137,146]      [146,153]      [153,159]      [159,164]      
Machine 7: job_10_task_0  job_10_task_3  job_11_task_0  job_11_task_2  job_8_task_7   job_2_task_8   job_1_task_5   job_9_task_7   job_4_task_9   job_11_task_9  job_17_task_9  job_1_task_11  job_10_task_14 job_5_task_15  job_0_task_14  job_14_task_15 job_4_task_15  job_11_task_15 
           [0,5]          [12,21]        [21,30]        [38,45]        [46,50]        [51,61]        [62,66]        [72,81]        [101,106]      [106,114]      [114,119]      [122,127]      [129,137]      [137,139]      [139,144]      [144,151]      [151,155]      [155,165]      
Machine 8: job_14_task_0  job_4_task_1   job_7_task_2   job_7_task_3   job_0_task_4   job_8_task_3   job_0_task_5   job_6_task_3   job_5_task_7   job_1_task_6   job_12_task_8  job_6_task_7   job_3_task_5   job_13_task_9  job_3_task_8   job_3_task_9   job_7_task_13  job_14_task_14 job_16_task_15 job_1_task_14  job_7_task_14  
           [0,9]          [10,19]        [19,20]        [20,26]        [26,33]        [33,34]        [34,39]        [46,54]        [58,68]        [68,72]        [75,83]        [83,90]        [90,99]        [99,100]       [111,112]      [112,120]      [128,135]      [135,144]      [144,145]      [146,154]      [154,161]      
Machine 9: job_10_task_4  job_14_task_3  job_8_task_6   job_16_task_6  job_7_task_7   job_11_task_3  job_7_task_9   job_3_task_3   job_8_task_10  job_14_task_10 job_6_task_8   job_12_task_11 job_4_task_11  job_12_task_14 job_10_task_13 job_1_task_12  job_17_task_14 job_13_task_15 
           [21,27]        [33,37]        [39,46]        [46,51]        [51,56]        [56,64]        [69,79]        [79,80]        [80,88]        [88,89]        [90,97]        [97,105]       [109,112]      [114,121]      [121,129]      [129,134]      [152,157]      [157,164]      
Machine 10: job_10_task_1  job_2_task_1   job_0_task_3   job_17_task_1  job_7_task_5   job_5_task_5   job_2_task_7   job_6_task_4   job_16_task_9  job_9_task_6   job_15_task_5  job_11_task_6  job_15_task_7  job_3_task_6   job_3_task_7   job_12_task_13 job_1_task_9   job_15_task_13 job_17_task_15 
           [5,6]          [8,17]         [17,18]        [18,22]        [36,38]        [41,44]        [46,51]        [54,56]        [65,70]        [70,72]        [72,73]        [75,77]        [79,82]        [99,107]       [107,111]      [112,114]      [114,117]      [128,132]      [157,164]      
Machine 11: job_8_task_0   job_8_task_4   job_7_task_6   job_15_task_2  job_10_task_7  job_1_task_4   job_16_task_8  job_3_task_2   job_4_task_5   job_4_task_6   job_12_task_9  job_18_task_5  job_18_task_6  job_8_task_11  job_6_task_9   job_5_task_12  job_2_task_11  job_16_task_11 job_10_task_12 job_13_task_10 job_3_task_10  job_13_task_11 job_15_task_14 job_17_task_12 job_0_task_15  job_9_task_15  
           [0,2]          [34,36]        [38,39]        [50,51]        [53,56]        [56,62]        [64,65]        [69,79]        [79,81]        [81,85]        [85,90]        [90,94]        [94,96]        [96,97]        [97,100]       [100,108]      [108,113]      [113,116]      [116,119]      [119,120]      [120,121]      [121,127]      [132,140]      [140,145]      [145,150]      [153,161]      
Machine 12: job_4_task_0   job_10_task_2  job_0_task_2   job_9_task_3   job_10_task_5  job_2_task_5   job_13_task_4  job_8_task_8   job_6_task_5   job_13_task_5  job_18_task_4  job_16_task_10 job_0_task_6   job_0_task_7   job_4_task_7   job_8_task_12  job_18_task_9  job_11_task_10 job_17_task_10 job_16_task_14 job_1_task_13  job_17_task_13 job_6_task_15  job_7_task_15  
           [0,2]          [6,12]         [12,17]        [17,27]        [27,36]        [36,44]        [44,52]        [52,56]        [56,62]        [62,70]        [70,71]        [71,80]        [80,84]        [84,92]        [92,94]        [97,98]        [105,114]      [114,118]      [119,120]      [130,139]      [139,146]      [146,152]      [152,156]      [161,165]      
Machine 13: job_9_task_0   job_9_task_1   job_16_task_0  job_17_task_0  job_13_task_3  job_16_task_4  job_14_task_5  job_10_task_8  job_7_task_8   job_15_task_6  job_10_task_10 job_17_task_5  job_9_task_10  job_13_task_8  job_0_task_9   job_6_task_10  job_12_task_12 job_4_task_12  job_16_task_13 job_0_task_13  job_17_task_11 job_2_task_13  job_18_task_14 job_11_task_13 
           [0,3]          [3,8]          [8,9]          [9,10]         [25,35]        [35,40]        [40,49]        [56,62]        [62,69]        [73,79]        [79,84]        [84,88]        [89,95]        [95,99]        [99,100]       [100,101]      [105,112]      [112,122]      [122,130]      [130,134]      [134,135]      [135,143]      [143,150]      [150,153]      
Optimal Schedule Length: 165.0
Total (Unoptimized Schedule Length): 1646
Statistics
  - conflicts: 0
  - branches : 29
  - wall time: 0.89619625s