
Problem
         task_0   task_1   task_2   task_3   task_4   task_5   task_6   task_7   task_8   task_9  task_10 task_11 task_12  task_13  task_14  task_15 task_16
job_0    (2, 2)   (8, 1)   (1, 6)   (6, 2)   (7, 4)   (8, 3)   (2, 8)   (9, 2)   (3, 1)   (3, 1)   (6, 1)  (2, 2)  (0, 3)   (5, 4)   (7, 8)   (2, 2)  (6, 7)
job_1   (4, 10)   (6, 2)   (8, 7)   (0, 4)   (6, 2)   (2, 7)  (3, 10)   (1, 4)  (0, 10)   (7, 3)   (7, 2)  (8, 4)  (3, 1)   (0, 1)   (4, 8)  (9, 10)  (9, 3)
job_2    (8, 9)  (3, 10)   (0, 9)   (7, 2)   (8, 4)   (2, 2)  (7, 10)  (9, 10)   (3, 9)  (9, 10)   (3, 5)  (0, 5)  (6, 5)   (3, 8)   (4, 9)   (8, 9)  (2, 6)
job_3    (0, 1)   (1, 7)   (5, 2)   (8, 6)   (4, 4)  (7, 10)  (1, 10)   (1, 1)   (9, 1)   (0, 7)  (4, 10)  (9, 2)  (9, 8)   (8, 3)   (1, 3)   (4, 4)  (3, 4)
job_4    (7, 5)   (5, 5)   (1, 8)   (3, 8)   (2, 9)   (5, 4)   (0, 4)   (9, 6)   (2, 6)   (2, 1)   (1, 7)  (9, 3)  (2, 1)   (6, 3)   (4, 9)   (9, 2)  (7, 9)
job_5   (0, 10)   (0, 5)  (2, 10)   (7, 5)   (2, 1)   (9, 5)   (4, 4)   (5, 5)   (7, 5)   (7, 3)   (2, 2)  (6, 6)  (4, 7)   (8, 7)   (0, 3)   (5, 2)  (7, 9)
job_6    (1, 7)   (1, 1)   (5, 7)   (0, 1)  (0, 10)   (8, 4)   (3, 4)   (2, 1)   (7, 8)   (5, 2)   (2, 3)  (4, 4)  (6, 7)   (2, 9)   (2, 8)   (8, 7)  (0, 7)
job_7    (9, 8)   (8, 5)   (0, 9)   (5, 1)   (2, 4)   (2, 2)  (3, 10)   (9, 2)   (4, 3)   (3, 6)   (6, 1)  (7, 9)  (6, 2)   (6, 7)   (7, 5)   (1, 3)  (8, 6)
job_8    (4, 9)   (2, 2)   (0, 8)   (6, 1)   (2, 4)   (2, 8)   (0, 7)   (9, 9)  (2, 10)   (5, 7)   (5, 5)  (9, 1)  (8, 8)   (3, 6)   (3, 6)   (9, 8)  (7, 4)
job_9    (8, 5)   (1, 4)   (2, 6)   (4, 8)   (3, 8)   (0, 3)   (5, 9)   (4, 7)   (4, 7)   (1, 1)   (0, 1)  (9, 1)  (5, 7)   (3, 9)   (3, 6)  (6, 10)  (6, 9)
job_10   (0, 1)   (1, 5)   (7, 5)   (7, 2)  (6, 10)  (3, 10)   (3, 7)   (5, 1)   (9, 5)   (0, 3)   (0, 6)  (0, 1)  (2, 4)  (1, 10)   (7, 7)   (4, 7)  (3, 4)
job_11   (3, 7)   (3, 5)   (3, 7)   (5, 8)   (4, 5)  (8, 10)   (7, 3)   (9, 8)   (1, 5)   (0, 8)   (9, 1)  (2, 4)  (8, 7)   (7, 1)  (8, 10)   (5, 9)  (1, 1)
job_12  (0, 10)  (0, 10)   (5, 5)   (5, 3)  (7, 10)   (4, 6)  (0, 10)   (4, 2)   (8, 9)   (5, 7)   (7, 4)  (6, 2)  (8, 7)   (5, 7)   (8, 5)   (4, 1)  (5, 5)
job_13   (7, 8)   (3, 3)   (4, 1)   (0, 4)   (4, 9)   (7, 4)   (2, 2)   (2, 2)   (3, 5)   (4, 3)   (5, 5)  (7, 5)  (2, 6)   (0, 9)   (3, 8)   (8, 9)  (1, 1)
job_14   (2, 3)   (0, 6)   (7, 4)   (0, 4)   (1, 9)   (3, 6)   (2, 4)   (5, 5)   (4, 4)   (0, 9)   (4, 4)  (5, 8)  (6, 7)   (5, 9)   (4, 9)   (3, 8)  (9, 5)
job_15   (4, 1)  (6, 10)   (2, 6)  (2, 10)   (4, 9)   (5, 1)   (3, 6)  (8, 10)   (3, 1)   (0, 3)   (0, 8)  (8, 4)  (5, 3)   (8, 8)  (6, 10)   (6, 5)  (7, 6)
job_16   (7, 6)   (8, 7)   (2, 7)   (8, 7)   (1, 5)   (3, 5)   (1, 3)   (2, 5)   (7, 5)   (6, 2)   (2, 4)  (5, 1)  (5, 8)   (5, 5)   (2, 6)   (1, 7)  (8, 9)
job_17   (0, 7)   (5, 8)   (4, 4)   (6, 7)   (4, 4)   (5, 1)   (5, 1)  (1, 10)   (0, 6)   (6, 9)   (0, 8)  (1, 4)  (3, 1)   (0, 4)   (5, 2)  (1, 10)  (7, 5)
job_18  (8, 10)  (2, 10)   (5, 2)   (3, 4)   (2, 6)   (0, 5)   (9, 6)   (2, 1)   (2, 7)   (8, 1)   (8, 1)  (5, 2)  (1, 1)   (6, 1)   (1, 1)   (4, 5)  (5, 4)


Solution:
Machine 0: job_12_task_0  job_14_task_1  job_12_task_1  job_2_task_2   job_8_task_2   job_14_task_3  job_17_task_0  job_5_task_0   job_10_task_0  job_3_task_0   job_5_task_1   job_6_task_3   job_6_task_4   job_8_task_6   job_13_task_3  job_9_task_5   job_7_task_2   job_1_task_3   job_4_task_6   job_12_task_6  job_15_task_9  job_11_task_9  job_14_task_9  job_17_task_8  job_2_task_11  job_15_task_10 job_3_task_9   job_9_task_10  job_10_task_9  job_10_task_10 job_10_task_11 job_1_task_8   job_17_task_10 job_18_task_5  job_0_task_12  job_17_task_13 job_1_task_13  job_13_task_13 job_5_task_14  job_6_task_16  
           [0,10]         [10,16]        [16,26]        [26,35]        [35,43]        [43,47]        [47,54]        [54,64]        [64,65]        [65,66]        [66,71]        [71,72]        [72,82]        [82,89]        [89,93]        [93,96]        [96,105]       [105,109]      [109,113]      [113,123]      [123,126]      [126,134]      [134,143]      [143,149]      [149,154]      [154,162]      [162,169]      [169,170]      [170,173]      [173,179]      [179,180]      [180,190]      [190,198]      [198,203]      [203,206]      [206,210]      [210,211]      [211,220]      [220,223]      [223,230]      
Machine 1: job_6_task_0   job_6_task_1   job_4_task_2   job_9_task_1   job_14_task_4  job_16_task_4  job_10_task_1  job_3_task_1   job_16_task_6  job_0_task_2   job_17_task_7  job_11_task_8  job_3_task_6   job_3_task_7   job_9_task_9   job_1_task_7   job_4_task_10  job_11_task_16 job_16_task_15 job_10_task_13 job_17_task_11 job_7_task_15  job_17_task_15 job_3_task_14  job_18_task_12 job_18_task_14 job_13_task_16 
           [0,7]          [7,8]          [10,18]        [18,22]        [47,56]        [56,61]        [65,70]        [70,77]        [77,80]        [80,86]        [86,96]        [96,101]       [103,113]      [113,114]      [123,124]      [129,133]      [150,157]      [171,172]      [181,188]      [188,198]      [198,202]      [202,205]      [212,222]      [222,225]      [225,226]      [228,229]      [237,238]      
Machine 2: job_14_task_0  job_0_task_0   job_8_task_1   job_15_task_2  job_15_task_3  job_9_task_2   job_16_task_2  job_4_task_4   job_2_task_5   job_8_task_4   job_8_task_5   job_14_task_6  job_18_task_1  job_5_task_2   job_16_task_7  job_5_task_4   job_8_task_8   job_13_task_6  job_13_task_7  job_1_task_5   job_7_task_4   job_7_task_5   job_16_task_10 job_4_task_8   job_11_task_11 job_5_task_10  job_0_task_6   job_4_task_9   job_6_task_7   job_13_task_12 job_4_task_12  job_6_task_10  job_18_task_4  job_16_task_14 job_10_task_12 job_6_task_13  job_0_task_11  job_6_task_14  job_2_task_16  job_18_task_7  job_18_task_8  job_0_task_15  
           [0,3]          [3,5]          [10,12]        [12,18]        [18,28]        [28,34]        [34,41]        [41,50]        [50,52]        [52,56]        [56,64]        [64,68]        [68,78]        [78,88]        [88,93]        [93,94]        [98,108]       [108,110]      [110,112]      [112,119]      [119,123]      [123,125]      [125,129]      [129,135]      [135,139]      [139,141]      [141,149]      [149,150]      [150,151]      [151,157]      [160,161]      [162,165]      [165,171]      [175,181]      [181,185]      [185,194]      [194,196]      [196,204]      [204,210]      [210,211]      [211,218]      [222,224]      
Machine 3: job_11_task_0  job_11_task_1  job_2_task_1   job_11_task_2  job_4_task_3   job_13_task_1  job_15_task_6  job_9_task_4   job_14_task_5  job_16_task_5  job_2_task_8   job_15_task_8  job_18_task_3  job_10_task_5  job_6_task_6   job_10_task_6  job_13_task_8  job_1_task_6   job_7_task_6   job_2_task_10  job_7_task_9   job_8_task_13  job_0_task_8   job_0_task_9   job_8_task_14  job_2_task_13  job_9_task_13  job_9_task_14  job_17_task_12 job_1_task_12  job_14_task_15 job_10_task_16 job_13_task_14 job_3_task_16  
           [0,7]          [7,12]         [12,22]        [22,29]        [29,37]        [37,40]        [43,49]        [49,57]        [57,63]        [63,68]        [72,81]        [81,82]        [83,87]        [87,97]        [97,101]       [101,108]      [112,117]      [119,129]      [129,139]      [139,144]      [144,150]      [150,156]      [156,157]      [157,158]      [158,164]      [166,174]      [189,198]      [198,204]      [204,205]      [205,206]      [207,215]      [215,219]      [220,228]      [229,233]      
Machine 4: job_15_task_0  job_8_task_0   job_1_task_0   job_15_task_4  job_9_task_3   job_13_task_2  job_11_task_4  job_12_task_5  job_17_task_2  job_17_task_4  job_14_task_8  job_3_task_4   job_13_task_4  job_9_task_7   job_5_task_6   job_9_task_8   job_13_task_9  job_12_task_7  job_7_task_8   job_14_task_10 job_5_task_12  job_6_task_11  job_4_task_14  job_2_task_14  job_3_task_10  job_12_task_15 job_14_task_14 job_10_task_15 job_1_task_14  job_3_task_15  job_18_task_15 
           [0,1]          [1,10]         [10,20]        [28,37]        [37,45]        [45,46]        [46,51]        [52,58]        [62,66]        [73,77]        [77,81]        [85,89]        [93,102]       [105,112]      [112,116]      [116,123]      [123,126]      [126,128]      [141,144]      [144,148]      [148,155]      [165,169]      [169,178]      [178,187]      [187,197]      [197,198]      [198,207]      [207,214]      [214,222]      [225,229]      [229,234]      
Machine 5: job_4_task_1   job_6_task_2   job_12_task_2  job_11_task_3  job_12_task_3  job_15_task_5  job_4_task_5   job_17_task_1  job_14_task_7  job_3_task_2   job_17_task_5  job_17_task_6  job_18_task_2  job_9_task_6   job_7_task_3   job_10_task_7  job_8_task_9   job_8_task_10  job_5_task_7   job_13_task_10 job_16_task_11 job_16_task_12 job_12_task_9  job_16_task_13 job_14_task_11 job_6_task_9   job_11_task_15 job_15_task_12 job_12_task_13 job_9_task_12  job_14_task_13 job_12_task_16 job_0_task_13  job_17_task_14 job_18_task_11 job_5_task_15  job_18_task_16 
           [5,10]         [10,17]        [26,31]        [31,39]        [39,42]        [42,43]        [50,54]        [54,62]        [68,73]        [77,79]        [79,80]        [80,81]        [81,83]        [96,105]       [105,106]      [108,109]      [109,116]      [116,121]      [121,126]      [126,131]      [131,132]      [132,140]      [140,147]      [147,152]      [152,160]      [160,162]      [162,171]      [171,174]      [175,182]      [182,189]      [189,198]      [198,203]      [206,210]      [210,212]      [222,224]      [224,226]      [234,238]      
Machine 6: job_15_task_1  job_1_task_1   job_8_task_3   job_17_task_3  job_10_task_4  job_0_task_3   job_1_task_4   job_16_task_9  job_5_task_11  job_17_task_9  job_12_task_11 job_7_task_10  job_2_task_12  job_4_task_13  job_6_task_12  job_14_task_12 job_7_task_12  job_0_task_10  job_7_task_13  job_15_task_14 job_15_task_15 job_9_task_15  job_9_task_16  job_18_task_13 job_0_task_16  
           [1,11]         [20,22]        [43,44]        [66,73]        [77,87]        [87,89]        [109,111]      [116,118]      [141,147]      [149,158]      [158,160]      [160,161]      [161,166]      [166,169]      [169,176]      [176,183]      [183,185]      [185,186]      [186,193]      [193,203]      [203,208]      [208,218]      [218,227]      [227,228]      [228,235]      
Machine 7: job_4_task_0   job_16_task_0  job_13_task_0  job_14_task_2  job_2_task_3   job_12_task_4  job_2_task_6   job_11_task_6  job_10_task_2  job_10_task_3  job_5_task_3   job_3_task_5   job_13_task_5  job_0_task_4   job_16_task_8  job_5_task_8   job_5_task_9   job_13_task_11 job_11_task_13 job_12_task_10 job_6_task_8   job_7_task_11  job_8_task_16  job_4_task_16  job_1_task_9   job_1_task_10  job_7_task_14  job_10_task_14 job_15_task_16 job_0_task_14  job_17_task_16 job_5_task_16  
           [0,5]          [5,11]         [11,19]        [19,23]        [35,37]        [42,52]        [52,62]        [64,67]        [70,75]        [75,77]        [88,93]        [93,103]       [103,107]      [107,111]      [111,116]      [126,131]      [131,134]      [134,139]      [146,147]      [147,151]      [151,159]      [161,170]      [172,176]      [180,189]      [190,193]      [193,195]      [195,200]      [200,207]      [208,214]      [214,222]      [222,227]      [227,236]      
Machine 8: job_2_task_0   job_9_task_0   job_16_task_1  job_7_task_1   job_1_task_2   job_18_task_0  job_2_task_4   job_16_task_3  job_11_task_5  job_15_task_7  job_0_task_1   job_3_task_3   job_6_task_5   job_0_task_5   job_8_task_12  job_12_task_8  job_11_task_12 job_11_task_14 job_5_task_13  job_15_task_11 job_12_task_12 job_15_task_13 job_12_task_14 job_2_task_15  job_1_task_11  job_16_task_16 job_6_task_15  job_3_task_13  job_18_task_9  job_18_task_10 job_7_task_16  job_13_task_15 
           [0,9]          [9,14]         [14,21]        [21,26]        [26,33]        [33,43]        [43,47]        [47,54]        [54,64]        [64,74]        [74,75]        [79,85]        [85,89]        [111,114]      [122,130]      [130,139]      [139,146]      [147,157]      [157,164]      [164,168]      [168,175]      [175,183]      [183,188]      [188,197]      [197,201]      [201,210]      [210,217]      [217,220]      [220,221]      [221,222]      [222,228]      [228,237]      
Machine 9: job_7_task_0   job_2_task_7   job_11_task_7  job_8_task_7   job_5_task_5   job_10_task_8  job_4_task_7   job_3_task_8   job_8_task_11  job_2_task_9   job_11_task_10 job_7_task_7   job_0_task_7   job_4_task_11  job_8_task_15  job_9_task_11  job_4_task_15  job_3_task_11  job_18_task_6  job_3_task_12  job_14_task_16 job_1_task_15  job_1_task_16  
           [0,8]          [62,72]        [72,80]        [89,98]        [98,103]       [109,114]      [114,120]      [120,121]      [121,122]      [122,132]      [134,135]      [139,141]      [149,151]      [157,160]      [164,172]      [172,173]      [178,180]      [197,199]      [203,209]      [209,217]      [217,222]      [222,232]      [232,235]      
Optimal Schedule Length: 238.0
Total (Unoptimized Schedule Length): 1735
Statistics
  - conflicts: 0
  - branches : 0
  - wall time: 0.349897053s