
Problem
          task_0    task_1    task_2    task_3    task_4    task_5   task_6    task_7    task_8   task_9  task_10   task_11   task_12   task_13   task_14   task_15   task_16   task_17
job_0     (5, 7)    (1, 6)   (14, 9)   (13, 7)   (12, 9)   (14, 2)  (16, 9)   (15, 3)  (10, 10)  (0, 10)   (4, 6)   (10, 5)   (11, 2)  (14, 10)  (13, 10)    (9, 8)   (11, 1)   (13, 2)
job_1   (11, 10)   (16, 9)    (2, 7)   (12, 1)    (0, 1)    (1, 2)  (16, 8)   (16, 2)   (10, 7)   (2, 3)   (8, 6)   (11, 1)    (8, 5)    (2, 6)    (6, 4)  (11, 10)   (2, 10)    (6, 2)
job_2    (17, 9)   (12, 5)    (7, 5)    (2, 8)   (13, 3)   (12, 3)   (2, 7)   (15, 7)   (11, 6)   (9, 4)   (2, 9)    (9, 2)  (17, 10)   (16, 7)    (5, 4)    (9, 8)   (16, 5)   (14, 6)
job_3    (15, 9)   (16, 2)   (13, 4)    (0, 2)   (17, 5)    (2, 2)   (8, 9)   (10, 4)    (5, 1)  (17, 9)   (7, 8)    (3, 1)    (6, 5)    (9, 6)    (5, 8)    (3, 3)    (4, 1)    (1, 2)
job_4    (11, 1)    (8, 5)  (13, 10)    (3, 8)   (10, 4)   (13, 7)  (17, 7)   (12, 1)   (12, 1)   (9, 1)   (9, 4)    (1, 8)   (13, 9)   (11, 3)   (12, 4)    (3, 6)    (2, 3)   (11, 9)
job_5     (0, 6)    (0, 6)   (16, 5)   (17, 9)   (11, 4)    (4, 9)  (14, 3)   (14, 4)    (4, 2)   (6, 4)   (4, 3)    (4, 5)    (8, 2)    (0, 6)   (12, 6)    (1, 6)   (17, 2)   (16, 9)
job_6   (16, 10)    (5, 6)    (5, 2)   (14, 9)    (3, 5)    (7, 1)  (13, 6)    (2, 6)   (13, 9)  (13, 8)  (16, 9)  (14, 10)   (11, 5)    (4, 1)    (5, 1)    (7, 5)   (6, 10)    (9, 9)
job_7     (0, 6)    (5, 9)   (17, 5)    (4, 4)   (17, 3)    (3, 6)   (3, 6)  (17, 10)    (2, 5)  (10, 8)  (17, 1)   (12, 1)   (13, 1)   (16, 8)    (9, 5)   (10, 7)  (15, 10)  (14, 10)
job_8    (0, 10)    (5, 9)    (4, 4)    (0, 8)   (15, 1)    (4, 7)   (6, 1)   (17, 9)   (11, 1)   (6, 6)  (14, 1)    (4, 4)   (15, 8)    (6, 8)   (17, 3)    (4, 4)   (11, 3)   (5, 10)
job_9    (10, 9)    (9, 6)    (8, 7)  (10, 10)  (16, 10)   (7, 10)   (3, 7)   (13, 8)   (17, 1)   (9, 4)  (16, 3)    (9, 3)    (0, 9)    (2, 8)    (0, 2)   (16, 7)   (8, 10)    (9, 7)
job_10   (17, 6)    (0, 9)    (6, 5)    (0, 9)    (1, 7)  (10, 10)   (6, 5)    (2, 1)   (2, 10)  (12, 3)  (16, 5)    (6, 9)   (15, 6)    (3, 2)   (16, 1)    (3, 5)    (3, 6)  (13, 10)
job_11   (0, 10)    (3, 1)   (14, 1)   (12, 4)    (0, 1)   (12, 9)  (15, 4)    (3, 8)    (2, 8)   (1, 6)   (0, 7)    (4, 7)   (11, 3)   (11, 4)   (15, 3)   (15, 2)   (11, 1)    (0, 1)
job_12    (5, 9)  (13, 10)    (4, 5)   (16, 9)   (11, 4)    (1, 7)  (17, 4)   (17, 2)    (6, 7)   (9, 7)  (14, 4)   (11, 6)    (0, 8)    (5, 2)   (17, 1)    (3, 2)   (15, 3)   (12, 4)
job_13    (8, 3)   (14, 4)   (16, 8)    (2, 2)    (2, 2)    (0, 9)   (0, 3)   (15, 4)    (1, 8)   (7, 6)   (5, 7)   (10, 1)   (13, 7)   (14, 1)    (5, 9)    (8, 5)    (5, 2)   (12, 2)


Solution:
Machine 0: job_5_task_0   job_10_task_1  job_5_task_1   job_3_task_3   job_7_task_0   job_1_task_4   job_10_task_3  job_11_task_0  job_8_task_0   job_13_task_5  job_13_task_6  job_11_task_4  job_8_task_3   job_0_task_9   job_9_task_12  job_5_task_13  job_11_task_10 job_9_task_14  job_12_task_12 job_11_task_17 
           [0,6]          [6,15]         [15,21]        [21,23]        [23,29]        [29,30]        [30,39]        [39,49]        [49,59]        [59,68]        [68,71]        [71,72]        [72,80]        [88,98]        [99,108]       [108,114]      [114,121]      [121,123]      [123,131]      [146,147]      
Machine 1: job_0_task_1   job_1_task_5   job_10_task_4  job_12_task_5  job_13_task_8  job_4_task_11  job_11_task_9  job_5_task_15  job_3_task_17  
           [25,31]        [32,34]        [39,46]        [55,62]        [75,83]        [83,91]        [106,112]      [122,128]      [134,136]      
Machine 2: job_1_task_2   job_3_task_5   job_2_task_3   job_13_task_3  job_13_task_4  job_6_task_7   job_2_task_6   job_10_task_7  job_1_task_9   job_10_task_8  job_1_task_13  job_7_task_8   job_2_task_10  job_11_task_8  job_9_task_13  job_4_task_16  job_1_task_16  
           [21,28]        [28,30]        [30,38]        [38,40]        [40,42]        [43,49]        [49,56]        [61,62]        [63,66]        [66,76]        [78,84]        [84,89]        [89,98]        [98,106]       [108,116]      [118,121]      [133,143]      
Machine 3: job_4_task_3   job_6_task_4   job_11_task_1  job_7_task_5   job_3_task_11  job_7_task_6   job_9_task_6   job_11_task_7  job_10_task_13 job_4_task_15  job_10_task_15 job_10_task_16 job_3_task_15  job_12_task_15 
           [16,24]        [28,33]        [49,50]        [56,62]        [62,63]        [63,69]        [73,80]        [85,93]        [104,106]      [112,118]      [118,123]      [123,129]      [130,133]      [134,136]      
Machine 4: job_12_task_2  job_7_task_3   job_5_task_5   job_8_task_2   job_5_task_8   job_8_task_5   job_5_task_10  job_5_task_11  job_6_task_13  job_0_task_10  job_8_task_11  job_11_task_11 job_8_task_15  job_3_task_16  
           [30,35]        [43,47]        [47,56]        [68,72]        [72,74]        [81,88]        [88,91]        [91,96]        [97,98]        [98,104]       [106,110]      [121,128]      [129,133]      [133,134]      
Machine 5: job_12_task_0  job_6_task_1   job_6_task_2   job_0_task_0   job_7_task_1   job_3_task_8   job_8_task_1   job_13_task_10 job_6_task_14  job_13_task_14 job_2_task_14  job_3_task_14  job_12_task_13 job_13_task_16 job_8_task_17  
           [0,9]          [10,16]        [16,18]        [18,25]        [29,38]        [43,44]        [59,68]        [89,96]        [98,99]        [109,118]      [118,122]      [122,130]      [131,133]      [133,135]      [136,146]      
Machine 6: job_10_task_2  job_10_task_6  job_3_task_12  job_12_task_8  job_5_task_9   job_1_task_14  job_8_task_6   job_10_task_11 job_8_task_9   job_6_task_16  job_8_task_13  job_1_task_17  
           [23,28]        [56,61]        [63,68]        [69,76]        [76,80]        [84,88]        [88,89]        [89,98]        [99,105]       [105,115]      [118,126]      [143,145]      
Machine 7: job_2_task_2   job_6_task_5   job_3_task_10  job_9_task_5   job_13_task_9  job_6_task_15  
           [20,25]        [33,34]        [53,61]        [63,73]        [83,89]        [99,104]       
Machine 8: job_4_task_1   job_13_task_0  job_9_task_2   job_3_task_6   job_1_task_10  job_1_task_12  job_5_task_12  job_13_task_15 job_9_task_16  
           [1,6]          [6,9]          [16,23]        [30,39]        [66,72]        [73,78]        [96,98]        [118,123]      [130,140]      
Machine 9: job_9_task_1   job_4_task_9   job_4_task_10  job_12_task_9  job_2_task_9   job_9_task_9   job_9_task_11  job_2_task_11  job_3_task_13  job_7_task_14  job_6_task_17  job_2_task_15  job_0_task_15  job_9_task_17  
           [9,15]         [68,69]        [69,73]        [76,83]        [83,87]        [89,93]        [96,99]        [99,101]       [103,109]      [109,114]      [115,124]      [124,132]      [132,140]      [140,147]      
Machine 10: job_9_task_0   job_4_task_4   job_9_task_3   job_3_task_7   job_10_task_5  job_1_task_8   job_0_task_8   job_7_task_9   job_13_task_11 job_0_task_11  job_7_task_15  
           [0,9]          [24,28]        [28,38]        [39,43]        [46,56]        [56,63]        [78,88]        [89,97]        [97,98]        [104,109]      [114,121]      
Machine 11: job_4_task_0   job_1_task_0   job_5_task_4   job_12_task_4  job_2_task_8   job_1_task_11  job_6_task_12  job_8_task_8   job_12_task_11 job_4_task_13  job_0_task_12  job_1_task_15  job_4_task_17  job_11_task_12 job_8_task_16  job_11_task_13 job_0_task_16  job_11_task_16 
           [0,1]          [1,11]         [37,41]        [51,55]        [63,69]        [72,73]        [92,97]        [98,99]        [99,105]       [105,108]      [109,111]      [111,121]      [121,130]      [130,133]      [133,136]      [136,140]      [140,141]      [145,146]      
Machine 12: job_2_task_1   job_1_task_3   job_2_task_5   job_0_task_4   job_11_task_3  job_4_task_7   job_4_task_8   job_11_task_5  job_10_task_9  job_7_task_11  job_4_task_14  job_5_task_14  job_13_task_17 job_12_task_17 
           [15,20]        [28,29]        [46,49]        [53,62]        [62,66]        [66,67]        [67,68]        [72,81]        [81,84]        [99,100]       [108,112]      [114,120]      [135,137]      [139,143]      
Machine 13: job_4_task_2   job_3_task_2   job_12_task_1  job_4_task_5   job_6_task_6   job_2_task_4   job_0_task_3   job_6_task_8   job_6_task_9   job_9_task_7   job_4_task_12  job_7_task_12  job_13_task_12 job_0_task_14  job_10_task_17 job_0_task_17  
           [6,16]         [16,20]        [20,30]        [30,37]        [37,43]        [43,46]        [46,53]        [53,62]        [62,70]        [80,88]        [91,100]       [100,101]      [101,108]      [121,131]      [131,141]      [141,143]      
Machine 14: job_13_task_1  job_6_task_3   job_0_task_2   job_11_task_2  job_5_task_6   job_0_task_5   job_5_task_7   job_6_task_11  job_12_task_10 job_8_task_10  job_13_task_13 job_0_task_13  job_7_task_17  job_2_task_17  
           [9,13]         [19,28]        [32,41]        [50,51]        [56,59]        [62,64]        [64,68]        [82,92]        [92,96]        [105,106]      [108,109]      [111,121]      [131,141]      [141,147]      
Machine 15: job_3_task_0   job_2_task_7   job_13_task_7  job_0_task_7   job_8_task_4   job_11_task_6  job_10_task_12 job_8_task_12  job_7_task_16  job_12_task_16 job_11_task_14 job_11_task_15 
           [0,9]          [56,63]        [71,75]        [75,78]        [80,81]        [81,85]        [98,104]       [110,118]      [121,131]      [136,139]      [140,143]      [143,145]      
Machine 16: job_6_task_0   job_3_task_1   job_1_task_1   job_5_task_2   job_13_task_2  job_1_task_6   job_12_task_3  job_1_task_7   job_9_task_4   job_0_task_6   job_6_task_10  job_10_task_10 job_9_task_10  job_7_task_13  job_10_task_14 job_2_task_13  job_9_task_15  job_2_task_16  job_5_task_17  
           [0,10]         [10,12]        [12,21]        [21,26]        [26,34]        [34,42]        [42,51]        [51,53]        [53,63]        [64,73]        [73,82]        [84,89]        [93,96]        [101,109]      [109,110]      [111,118]      [123,130]      [132,137]      [137,146]      
Machine 17: job_10_task_0  job_2_task_0   job_3_task_4   job_5_task_3   job_7_task_2   job_3_task_9   job_7_task_4   job_4_task_6   job_12_task_6  job_12_task_7  job_7_task_7   job_9_task_8   job_8_task_7   job_7_task_10  job_2_task_12  job_8_task_14  job_5_task_16  job_12_task_14 
           [0,6]          [6,15]         [23,28]        [28,37]        [38,43]        [44,53]        [53,56]        [56,63]        [63,67]        [67,69]        [69,79]        [88,89]        [89,98]        [98,99]        [101,111]      [126,129]      [129,131]      [133,134]      
Optimal Schedule Length: 147.0
Total (Unoptimized Schedule Length): 1382
Statistics
  - conflicts: 0
  - branches : 0
  - wall time: 8.325810136000001s