
Problem
         task_0   task_1   task_2   task_3  task_4   task_5  task_6   task_7   task_8   task_9  task_10  task_11 task_12  task_13  task_14 task_15  task_16  task_17  task_18 task_19
job_0    (3, 8)   (3, 3)   (2, 4)   (2, 5)  (2, 8)   (3, 1)  (3, 7)   (3, 8)   (3, 9)   (1, 6)   (3, 3)   (0, 6)  (0, 3)   (0, 5)   (2, 2)  (0, 9)   (2, 1)   (2, 6)  (1, 10)  (1, 3)
job_1    (1, 9)   (3, 5)  (1, 10)   (0, 5)  (2, 7)  (2, 10)  (3, 9)  (1, 10)   (3, 1)   (1, 2)   (2, 8)  (0, 10)  (2, 5)   (0, 2)   (1, 2)  (3, 6)  (3, 10)   (1, 3)   (0, 6)  (1, 1)
job_2    (3, 8)   (1, 8)   (3, 3)   (2, 4)  (3, 6)   (1, 6)  (3, 5)   (0, 9)   (3, 6)   (1, 1)   (1, 4)  (2, 10)  (1, 2)   (0, 7)   (1, 6)  (3, 2)   (2, 8)   (1, 6)   (1, 6)  (2, 5)
job_3    (3, 9)   (2, 7)   (0, 7)   (2, 8)  (2, 3)   (0, 6)  (3, 5)   (2, 4)  (0, 10)   (2, 4)   (1, 2)   (1, 9)  (2, 7)   (1, 4)   (2, 3)  (1, 1)   (1, 6)   (1, 1)   (3, 8)  (2, 2)
job_4    (3, 6)   (1, 1)   (2, 5)   (1, 3)  (0, 9)   (0, 1)  (2, 9)   (1, 2)   (2, 7)   (2, 4)  (1, 10)   (0, 8)  (3, 1)   (3, 5)   (0, 8)  (0, 2)  (0, 10)   (2, 1)   (0, 3)  (3, 1)
job_5   (3, 10)   (2, 9)  (2, 10)   (1, 2)  (1, 9)  (2, 10)  (3, 9)   (0, 6)   (3, 5)   (3, 8)   (3, 8)   (3, 1)  (2, 5)  (1, 10)   (1, 8)  (3, 9)   (1, 3)   (2, 6)   (0, 3)  (3, 5)
job_6    (2, 9)   (3, 1)   (2, 8)   (0, 6)  (0, 8)   (3, 7)  (1, 9)   (3, 2)   (2, 7)  (2, 10)   (3, 3)  (2, 10)  (0, 1)   (1, 9)   (3, 2)  (3, 6)   (3, 1)   (0, 1)   (3, 5)  (2, 8)
job_7    (0, 9)   (0, 5)   (2, 9)   (0, 2)  (3, 2)  (1, 10)  (3, 2)   (2, 1)   (1, 1)   (1, 2)   (3, 7)   (0, 6)  (3, 9)   (0, 9)   (3, 8)  (2, 2)   (2, 4)  (3, 10)   (0, 3)  (1, 5)
job_8    (3, 1)   (1, 9)   (3, 8)   (0, 9)  (2, 2)   (2, 8)  (3, 6)   (0, 5)   (1, 5)   (3, 5)  (3, 10)   (3, 8)  (3, 3)   (2, 8)   (3, 3)  (3, 3)   (0, 5)   (3, 7)   (2, 2)  (1, 2)
job_9    (2, 7)  (1, 10)   (0, 6)   (1, 5)  (3, 9)   (2, 3)  (3, 1)   (1, 2)   (0, 9)   (3, 4)   (0, 6)   (1, 9)  (1, 7)   (1, 7)   (3, 9)  (1, 2)   (2, 7)   (2, 6)  (3, 10)  (1, 9)
job_10   (2, 7)   (2, 9)   (3, 8)   (1, 9)  (2, 3)   (3, 5)  (3, 8)   (1, 1)   (0, 7)   (1, 9)   (2, 3)   (1, 4)  (0, 5)   (3, 8)  (3, 10)  (2, 5)   (0, 2)   (0, 1)   (2, 4)  (3, 7)
job_11   (2, 2)   (3, 2)   (3, 9)   (3, 2)  (3, 8)   (1, 2)  (3, 3)   (3, 3)   (1, 5)   (3, 4)  (3, 10)   (3, 9)  (0, 8)   (0, 1)   (0, 8)  (3, 3)   (0, 5)   (2, 5)  (0, 10)  (0, 6)
job_12   (3, 2)  (0, 10)   (0, 8)  (0, 10)  (3, 4)   (0, 7)  (1, 3)   (0, 8)   (3, 4)   (3, 3)   (1, 1)   (2, 2)  (2, 3)   (1, 4)   (2, 1)  (1, 8)   (1, 6)   (2, 1)   (2, 5)  (3, 3)
job_13   (2, 1)   (0, 1)   (1, 9)   (1, 6)  (2, 8)   (3, 9)  (0, 5)   (2, 2)   (0, 2)   (0, 5)   (0, 2)   (0, 3)  (2, 5)   (3, 9)   (2, 7)  (3, 3)   (1, 5)   (1, 1)   (3, 4)  (2, 9)
job_14   (2, 2)   (0, 8)   (0, 8)   (2, 8)  (0, 5)   (2, 2)  (1, 7)   (3, 2)   (2, 5)   (2, 1)   (0, 8)   (1, 6)  (3, 2)   (0, 1)   (3, 1)  (1, 5)   (1, 9)   (3, 9)  (1, 10)  (2, 1)
job_15   (2, 6)   (2, 1)   (0, 8)   (3, 9)  (2, 2)   (0, 2)  (2, 1)   (3, 1)   (2, 7)   (3, 9)   (0, 8)   (3, 7)  (0, 1)   (1, 1)   (2, 7)  (3, 3)   (3, 4)   (1, 6)   (0, 5)  (2, 6)


Solution:
Machine 0: job_7_task_0   job_7_task_1   job_9_task_2   job_1_task_3   job_6_task_3   job_14_task_1  job_13_task_1  job_8_task_3   job_3_task_2   job_12_task_1  job_14_task_2  job_6_task_4   job_7_task_3   job_12_task_2  job_15_task_2  job_9_task_8   job_4_task_4   job_5_task_7   job_12_task_3  job_14_task_4  job_4_task_5   job_9_task_10  job_2_task_7   job_3_task_5   job_15_task_5  job_8_task_7   job_10_task_8  job_13_task_6  job_13_task_8  job_13_task_9  job_3_task_8   job_13_task_10 job_13_task_11 job_4_task_11  job_12_task_5  job_7_task_11  job_12_task_7  job_10_task_12 job_14_task_10 job_15_task_10 job_2_task_13  job_11_task_12 job_1_task_11  job_11_task_13 job_11_task_14 job_0_task_11  job_7_task_13  job_0_task_12  job_0_task_13  job_6_task_12  job_1_task_13  job_0_task_15  job_14_task_13 job_15_task_12 job_4_task_14  job_11_task_16 job_4_task_15  job_4_task_16  job_11_task_18 job_10_task_16 job_10_task_17 job_11_task_19 job_5_task_18  job_4_task_18  job_15_task_18 job_8_task_16  job_1_task_18  job_7_task_18  job_6_task_17  
           [0,9]          [9,14]         [19,25]        [29,34]        [61,67]        [67,75]        [75,76]        [76,85]        [85,92]        [92,102]       [102,110]      [110,118]      [118,120]      [120,128]      [128,136]      [136,145]      [145,154]      [154,160]      [160,170]      [170,175]      [175,176]      [176,182]      [182,191]      [191,197]      [197,199]      [199,204]      [204,211]      [211,216]      [218,220]      [220,225]      [225,235]      [235,237]      [237,240]      [243,251]      [251,258]      [258,264]      [264,272]      [272,277]      [278,286]      [286,294]      [294,301]      [301,309]      [309,319]      [319,320]      [320,328]      [328,334]      [334,343]      [343,346]      [346,351]      [351,352]      [352,354]      [354,363]      [363,364]      [364,365]      [395,403]      [403,408]      [408,410]      [410,420]      [420,430]      [430,432]      [432,433]      [433,439]      [439,442]      [443,446]      [447,452]      [468,473]      [473,479]      [488,491]      [491,492]      
Machine 1: job_1_task_0   job_9_task_1   job_1_task_2   job_8_task_1   job_5_task_3   job_9_task_3   job_5_task_4   job_2_task_1   job_13_task_2  job_10_task_3  job_4_task_1   job_13_task_3  job_11_task_5  job_2_task_5   job_9_task_7   job_7_task_5   job_4_task_3   job_11_task_8  job_6_task_6   job_1_task_7   job_10_task_7  job_9_task_11  job_4_task_7   job_9_task_12  job_14_task_6  job_8_task_8   job_7_task_8   job_7_task_9   job_10_task_9  job_9_task_13  job_4_task_10  job_10_task_11 job_2_task_9   job_2_task_10  job_3_task_10  job_12_task_6  job_3_task_11  job_0_task_9   job_2_task_12  job_3_task_13  job_1_task_9   job_14_task_11 job_3_task_15  job_3_task_16  job_2_task_14  job_3_task_17  job_5_task_13  job_5_task_14  job_9_task_15  job_6_task_13  job_1_task_14  job_15_task_13 job_12_task_10 job_0_task_18  job_14_task_15 job_14_task_16 job_12_task_13 job_0_task_19  job_12_task_15 job_12_task_16 job_2_task_17  job_5_task_16  job_2_task_18  job_13_task_16 job_15_task_17 job_13_task_17 job_14_task_18 job_1_task_17  job_9_task_19  job_1_task_19  job_7_task_19  job_8_task_19  
           [0,9]          [9,19]         [19,29]        [29,38]        [38,40]        [40,45]        [45,54]        [54,62]        [76,85]        [85,94]        [94,95]        [95,101]       [102,104]      [108,114]      [121,123]      [123,133]      [133,136]      [136,141]      [141,150]      [173,183]      [183,184]      [184,193]      [193,195]      [195,202]      [202,209]      [209,214]      [214,215]      [215,217]      [217,226]      [226,233]      [233,243]      [243,247]      [251,252]      [252,256]      [257,259]      [259,262]      [262,271]      [271,277]      [277,279]      [285,289]      [289,291]      [291,297]      [297,298]      [298,304]      [304,310]      [310,311]      [317,327]      [327,335]      [336,338]      [352,361]      [361,363]      [365,366]      [369,370]      [370,380]      [380,385]      [385,394]      [394,398]      [398,401]      [401,409]      [409,415]      [421,427]      [427,430]      [430,436]      [436,441]      [441,447]      [447,448]      [455,465]      [465,468]      [478,487]      [487,488]      [491,496]      [512,514]      
Machine 2: job_9_task_0   job_10_task_0  job_5_task_1   job_5_task_2   job_6_task_0   job_10_task_1  job_11_task_0  job_6_task_2   job_14_task_0  job_3_task_1   job_13_task_0  job_0_task_2   job_5_task_5   job_15_task_0  job_2_task_3   job_0_task_3   job_1_task_4   job_7_task_2   job_9_task_5   job_4_task_2   job_15_task_1  job_0_task_4   job_1_task_5   job_3_task_3   job_8_task_4   job_10_task_4  job_14_task_3  job_8_task_5   job_13_task_4  job_3_task_4   job_4_task_6   job_15_task_4  job_14_task_5  job_4_task_8   job_15_task_6  job_4_task_9   job_7_task_7   job_13_task_7  job_3_task_7   job_10_task_10 job_15_task_8  job_6_task_8   job_6_task_9   job_3_task_9   job_2_task_11  job_13_task_12 job_14_task_8  job_14_task_9  job_3_task_12  job_3_task_14  job_1_task_10  job_5_task_12  job_1_task_12  job_6_task_11  job_9_task_16  job_9_task_17  job_0_task_14  job_0_task_16  job_0_task_17  job_12_task_11 job_12_task_12 job_15_task_14 job_8_task_13  job_13_task_14 job_7_task_15  job_12_task_14 job_7_task_16  job_11_task_17 job_2_task_16  job_10_task_15 job_12_task_17 job_12_task_18 job_5_task_17  job_10_task_18 job_4_task_17  job_2_task_19  job_15_task_19 job_14_task_19 job_13_task_19 job_6_task_19  job_8_task_18  job_3_task_19  
           [0,7]          [7,14]         [14,23]        [23,33]        [33,42]        [42,51]        [51,53]        [53,61]        [61,63]        [63,70]        [70,71]        [71,75]        [75,85]        [85,91]        [91,95]        [95,100]       [100,107]      [107,116]      [116,119]      [119,124]      [124,125]      [125,133]      [133,143]      [143,151]      [151,153]      [153,156]      [156,164]      [164,172]      [172,180]      [180,183]      [183,192]      [192,194]      [194,196]      [196,203]      [203,204]      [204,208]      [211,212]      [216,218]      [220,224]      [226,229]      [229,236]      [236,243]      [243,253]      [253,257]      [257,267]      [267,272]      [272,277]      [277,278]      [278,285]      [289,292]      [292,300]      [312,317]      [319,324]      [327,337]      [338,345]      [345,351]      [351,353]      [363,364]      [364,370]      [370,372]      [372,375]      [375,382]      [382,390]      [390,397]      [397,399]      [399,400]      [400,404]      [408,413]      [413,421]      [421,426]      [426,427]      [427,432]      [432,438]      [438,442]      [442,443]      [443,448]      [452,458]      [465,466]      [493,502]      [502,510]      [510,512]      [513,515]      
Machine 3: job_5_task_0   job_1_task_1   job_2_task_0   job_8_task_0   job_0_task_0   job_3_task_0   job_0_task_1   job_6_task_1   job_9_task_4   job_11_task_1  job_11_task_2  job_8_task_2   job_10_task_2  job_2_task_2   job_4_task_0   job_12_task_0  job_11_task_3  job_11_task_4  job_2_task_4   job_5_task_6   job_11_task_6  job_9_task_6   job_7_task_4   job_6_task_5   job_11_task_7  job_0_task_5   job_0_task_6   job_15_task_3  job_2_task_6   job_9_task_9   job_10_task_5  job_1_task_6   job_10_task_6  job_8_task_6   job_5_task_8   job_0_task_7   job_13_task_5  job_7_task_6   job_11_task_9  job_3_task_6   job_5_task_9   job_15_task_7  job_6_task_7   job_11_task_10 job_12_task_4  job_2_task_8   job_7_task_10  job_0_task_8   job_14_task_7  job_5_task_10  job_15_task_9  job_1_task_8   job_8_task_9   job_11_task_11 job_8_task_10  job_5_task_11  job_7_task_12  job_0_task_10  job_6_task_10  job_9_task_14  job_12_task_8  job_8_task_11  job_15_task_11 job_14_task_12 job_13_task_13 job_12_task_9  job_10_task_13 job_14_task_14 job_8_task_12  job_7_task_14  job_4_task_12  job_4_task_13  job_11_task_15 job_10_task_14 job_2_task_15  job_1_task_15  job_5_task_15  job_15_task_15 job_6_task_14  job_8_task_14  job_13_task_15 job_15_task_16 job_6_task_15  job_14_task_17 job_1_task_16  job_8_task_15  job_9_task_18  job_7_task_17  job_6_task_16  job_13_task_18 job_6_task_18  job_8_task_17  job_3_task_18  job_10_task_19 job_5_task_19  job_12_task_19 job_4_task_19  
           [0,10]         [10,15]        [15,23]        [23,24]        [24,32]        [32,41]        [41,44]        [44,45]        [45,54]        [54,56]        [56,65]        [65,73]        [73,81]        [81,84]        [84,90]        [90,92]        [92,94]        [94,102]       [102,108]      [108,117]      [117,120]      [120,121]      [121,123]      [123,130]      [130,133]      [133,134]      [134,141]      [141,150]      [150,155]      [155,159]      [159,164]      [164,173]      [173,181]      [181,187]      [187,192]      [192,200]      [200,209]      [209,211]      [211,215]      [215,220]      [220,228]      [228,229]      [229,231]      [231,241]      [241,245]      [245,251]      [251,258]      [258,267]      [267,269]      [269,277]      [277,286]      [286,287]      [287,292]      [292,301]      [301,311]      [311,312]      [312,321]      [321,324]      [324,327]      [327,336]      [336,340]      [340,348]      [348,355]      [355,357]      [357,366]      [366,369]      [369,377]      [377,378]      [378,381]      [381,389]      [389,390]      [390,395]      [395,398]      [398,408]      [408,410]      [410,416]      [416,425]      [425,428]      [428,430]      [430,433]      [433,436]      [436,440]      [440,446]      [446,455]      [455,465]      [465,468]      [468,478]      [478,488]      [488,489]      [489,493]      [493,498]      [498,505]      [505,513]      [513,520]      [520,525]      [525,528]      [528,529]      
Optimal Schedule Length: 529.0
Total (Unoptimized Schedule Length): 1737
Statistics
  - conflicts: 1
  - branches : 321
  - wall time: 0.077263332s