
Problem
         task_0   task_1   task_2  task_3  task_4   task_5  task_6   task_7   task_8   task_9  task_10 task_11  task_12  task_13  task_14 task_15  task_16 task_17 task_18  task_19
job_0    (6, 1)   (3, 8)   (3, 6)  (6, 5)  (4, 6)  (4, 10)  (7, 9)   (4, 5)   (4, 7)  (5, 10)   (6, 3)  (1, 3)   (4, 7)   (6, 1)   (2, 3)  (1, 4)   (7, 2)  (3, 1)  (0, 6)   (0, 4)
job_1    (0, 8)   (4, 4)   (6, 6)  (3, 9)  (6, 3)   (3, 3)  (2, 6)   (4, 6)   (2, 6)   (4, 2)   (2, 4)  (4, 6)   (3, 8)  (5, 10)   (1, 7)  (6, 7)  (7, 10)  (3, 1)  (1, 5)  (7, 10)
job_2    (1, 1)   (1, 1)   (2, 9)  (0, 3)  (4, 8)   (7, 3)  (1, 3)   (0, 8)   (7, 8)   (2, 2)   (5, 4)  (4, 8)   (7, 7)   (4, 7)   (2, 2)  (0, 1)   (6, 7)  (0, 2)  (1, 9)   (0, 5)
job_3    (7, 2)   (6, 5)   (4, 5)  (2, 7)  (3, 6)   (4, 7)  (5, 3)   (6, 9)   (6, 1)   (6, 6)  (1, 10)  (5, 7)   (2, 8)   (5, 9)   (6, 9)  (6, 9)   (6, 8)  (3, 7)  (1, 3)   (2, 6)
job_4    (5, 4)   (1, 8)   (0, 6)  (0, 4)  (7, 2)   (2, 5)  (7, 2)  (0, 10)   (4, 5)   (7, 9)   (4, 7)  (0, 5)  (2, 10)   (2, 7)   (3, 3)  (0, 8)   (2, 7)  (7, 3)  (6, 1)   (7, 7)
job_5    (4, 2)   (4, 2)  (6, 10)  (0, 7)  (7, 8)   (1, 2)  (3, 7)   (4, 8)   (5, 6)   (6, 4)   (7, 1)  (4, 6)  (4, 10)  (7, 10)   (2, 1)  (2, 2)   (0, 6)  (0, 3)  (3, 8)   (2, 6)
job_6   (2, 10)   (2, 1)   (4, 1)  (1, 7)  (5, 4)   (6, 4)  (3, 8)   (5, 6)   (6, 2)   (4, 2)   (4, 6)  (4, 8)  (0, 10)   (5, 9)   (7, 1)  (5, 7)   (3, 7)  (5, 5)  (6, 2)   (3, 7)
job_7    (3, 1)   (1, 8)   (5, 8)  (4, 8)  (7, 4)   (4, 4)  (5, 4)  (4, 10)   (6, 5)   (0, 7)   (4, 4)  (2, 2)   (6, 4)   (0, 5)   (6, 4)  (1, 3)   (6, 3)  (0, 6)  (3, 3)   (1, 2)
job_8    (7, 9)   (2, 8)   (2, 3)  (0, 6)  (6, 9)   (4, 4)  (0, 8)   (6, 3)   (4, 8)   (5, 6)   (3, 9)  (3, 9)   (0, 9)   (7, 7)   (2, 5)  (5, 2)   (7, 5)  (0, 7)  (4, 5)   (4, 4)
job_9    (4, 3)   (5, 3)   (7, 4)  (5, 9)  (1, 2)  (6, 10)  (4, 3)   (3, 2)  (0, 10)   (7, 6)   (6, 5)  (7, 1)   (3, 6)   (4, 3)   (6, 1)  (0, 4)   (5, 8)  (1, 8)  (1, 3)   (2, 4)
job_10   (0, 9)   (3, 1)   (4, 6)  (5, 7)  (5, 9)   (4, 7)  (6, 5)   (0, 8)   (1, 3)   (3, 1)   (7, 8)  (4, 8)  (0, 10)   (2, 1)   (5, 5)  (2, 3)   (3, 5)  (7, 4)  (1, 9)   (7, 4)
job_11   (1, 1)  (1, 10)   (4, 6)  (3, 8)  (7, 7)   (3, 8)  (6, 8)   (7, 3)   (5, 3)   (2, 4)   (3, 2)  (1, 4)   (2, 1)   (0, 3)  (4, 10)  (1, 8)  (3, 10)  (2, 7)  (4, 4)   (1, 5)
job_12   (6, 7)   (4, 6)   (7, 3)  (6, 9)  (4, 4)   (5, 7)  (7, 2)   (5, 4)   (6, 5)   (5, 5)   (7, 3)  (1, 2)  (5, 10)   (0, 3)   (3, 6)  (5, 8)  (3, 10)  (6, 9)  (3, 1)   (0, 8)
job_13   (5, 9)   (1, 2)   (3, 9)  (5, 8)  (1, 4)   (6, 4)  (1, 9)   (0, 9)   (0, 2)   (3, 2)   (5, 9)  (5, 8)   (4, 2)   (4, 2)   (7, 2)  (6, 5)  (3, 10)  (3, 4)  (3, 3)   (3, 4)


Solution:
Machine 0: job_1_task_0   job_10_task_0  job_4_task_2   job_8_task_3   job_5_task_3   job_4_task_3   job_2_task_3   job_8_task_6   job_4_task_7   job_2_task_7   job_10_task_7  job_13_task_7  job_13_task_8  job_8_task_12  job_9_task_8   job_12_task_13 job_11_task_13 job_4_task_11  job_6_task_12  job_4_task_15  job_7_task_9   job_10_task_12 job_7_task_13  job_12_task_19 job_7_task_17  job_5_task_16  job_9_task_15  job_5_task_17  job_8_task_17  job_2_task_15  job_0_task_18  job_2_task_17  job_0_task_19  job_2_task_19  
           [0,8]          [8,17]         [17,23]        [23,29]        [29,36]        [36,40]        [40,43]        [46,54]        [54,64]        [66,74]        [87,95]        [95,104]       [104,106]      [120,129]      [129,139]      [139,142]      [142,145]      [146,151]      [154,164]      [171,179]      [180,187]      [187,197]      [200,205]      [205,213]      [215,221]      [221,227]      [227,231]      [231,234]      [238,245]      [245,246]      [246,252]      [253,255]      [255,259]      [264,269]      
Machine 1: job_11_task_0  job_7_task_1   job_4_task_1   job_13_task_1  job_11_task_1  job_2_task_0   job_2_task_1   job_6_task_3   job_5_task_5   job_13_task_4  job_2_task_6   job_3_task_10  job_9_task_4   job_13_task_6  job_10_task_8  job_12_task_11 job_11_task_11 job_3_task_18  job_1_task_14  job_1_task_18  job_7_task_15  job_11_task_15 job_0_task_11  job_10_task_18 job_7_task_19  job_0_task_15  job_9_task_17  job_9_task_18  job_2_task_18  job_11_task_19 
           [0,1]          [1,9]          [9,17]         [17,19]        [19,29]        [29,30]        [30,31]        [31,38]        [50,52]        [59,63]        [63,66]        [70,80]        [80,82]        [82,91]        [95,98]        [127,129]      [129,133]      [155,158]      [158,165]      [185,190]      [209,212]      [214,222]      [222,225]      [225,234]      [234,236]      [236,240]      [240,248]      [248,251]      [255,264]      [264,269]      
Machine 2: job_6_task_0   job_6_task_1   job_8_task_1   job_8_task_2   job_3_task_3   job_2_task_2   job_4_task_5   job_1_task_6   job_1_task_8   job_2_task_9   job_3_task_12  job_1_task_10  job_11_task_9  job_11_task_12 job_8_task_14  job_4_task_12  job_4_task_13  job_3_task_19  job_4_task_16  job_7_task_11  job_10_task_13 job_10_task_15 job_5_task_14  job_5_task_15  job_0_task_14  job_11_task_17 job_2_task_14  job_5_task_19  job_9_task_19  
           [0,10]         [10,11]        [11,19]        [19,22]        [22,29]        [31,40]        [42,47]        [61,67]        [79,85]        [85,87]        [92,100]       [105,109]      [119,123]      [133,134]      [136,141]      [151,161]      [161,168]      [168,174]      [179,186]      [194,196]      [197,198]      [203,206]      [217,218]      [218,220]      [233,236]      [236,243]      [243,245]      [248,254]      [256,260]      
Machine 3: job_7_task_0   job_0_task_1   job_10_task_1  job_13_task_2  job_3_task_4   job_1_task_3   job_11_task_3  job_0_task_2   job_1_task_5   job_11_task_5  job_6_task_6   job_5_task_6   job_10_task_9  job_8_task_10  job_8_task_11  job_13_task_9  job_11_task_10 job_9_task_7   job_1_task_12  job_12_task_14 job_3_task_17  job_9_task_12  job_4_task_14  job_12_task_16 job_1_task_17  job_12_task_18 job_6_task_16  job_10_task_16 job_6_task_19  job_7_task_18  job_11_task_16 job_5_task_18  job_0_task_17  job_13_task_16 job_13_task_17 job_13_task_18 job_13_task_19 
           [0,1]          [8,16]         [17,18]        [19,28]        [29,35]        [35,44]        [44,52]        [52,58]        [58,61]        [61,69]        [69,77]        [77,84]        [98,99]        [102,111]      [111,120]      [120,122]      [123,125]      [125,127]      [133,141]      [142,148]      [148,155]      [155,161]      [168,171]      [174,184]      [184,185]      [193,194]      [194,201]      [206,211]      [212,219]      [221,224]      [224,234]      [234,242]      [242,243]      [244,254]      [254,258]      [258,261]      [261,265]      
Machine 4: job_5_task_0   job_5_task_1   job_9_task_0   job_12_task_1  job_3_task_2   job_1_task_1   job_10_task_2  job_6_task_2   job_11_task_2  job_3_task_5   job_8_task_5   job_2_task_4   job_12_task_4  job_10_task_5  job_7_task_3   job_1_task_7   job_0_task_4   job_8_task_8   job_0_task_5   job_1_task_9   job_4_task_8   job_5_task_7   job_7_task_5   job_9_task_6   job_6_task_9   job_1_task_11  job_6_task_10  job_4_task_10  job_6_task_11  job_0_task_7   job_5_task_11  job_7_task_7   job_10_task_11 job_0_task_8   job_7_task_10  job_5_task_12  job_11_task_14 job_2_task_11  job_9_task_13  job_0_task_12  job_13_task_12 job_13_task_13 job_2_task_13  job_11_task_18 job_8_task_18  job_8_task_19  
           [0,2]          [2,4]          [4,7]          [7,13]         [13,18]        [18,22]        [22,28]        [28,29]        [29,35]        [35,42]        [42,46]        [46,54]        [54,58]        [58,65]        [65,73]        [73,79]        [79,85]        [85,93]        [93,103]       [103,105]      [105,110]      [110,118]      [118,122]      [122,125]      [125,127]      [127,133]      [133,139]      [139,146]      [146,154]      [154,159]      [159,165]      [165,175]      [175,183]      [183,190]      [190,194]      [194,204]      [204,214]      [214,222]      [222,225]      [225,232]      [232,234]      [234,236]      [236,243]      [244,248]      [248,253]      [253,257]      
Machine 5: job_4_task_0   job_13_task_0  job_9_task_1   job_7_task_2   job_10_task_3  job_10_task_4  job_3_task_6   job_6_task_4   job_13_task_3  job_12_task_5  job_9_task_3   job_12_task_7  job_6_task_7   job_3_task_11  job_2_task_10  job_8_task_9   job_3_task_13  job_12_task_9  job_11_task_8  job_5_task_8   job_7_task_6   job_12_task_12 job_13_task_10 job_1_task_13  job_13_task_11 job_12_task_15 job_6_task_13  job_8_task_15  job_6_task_15  job_10_task_14 job_6_task_17  job_0_task_9   job_9_task_16  
           [0,4]          [4,13]         [13,16]        [16,24]        [28,35]        [35,44]        [44,47]        [47,51]        [51,59]        [59,66]        [66,75]        [75,79]        [79,85]        [85,92]        [92,96]        [96,102]       [102,111]      [111,116]      [116,119]      [119,125]      [125,129]      [129,139]      [139,148]      [148,158]      [158,166]      [166,174]      [174,183]      [183,185]      [185,192]      [198,203]      [203,208]      [208,218]      [231,239]      
Machine 6: job_12_task_0  job_0_task_0   job_3_task_1   job_5_task_2   job_1_task_2   job_8_task_4   job_12_task_3  job_1_task_4   job_3_task_7   job_6_task_5   job_3_task_8   job_3_task_9   job_0_task_3   job_13_task_5  job_8_task_7   job_10_task_6  job_9_task_5   job_11_task_6  job_12_task_8  job_6_task_8   job_3_task_14  job_3_task_15  job_5_task_9   job_3_task_16  job_9_task_10  job_1_task_15  job_7_task_8   job_12_task_17 job_4_task_18  job_7_task_12  job_7_task_14  job_6_task_18  job_7_task_16  job_0_task_10  job_9_task_14  job_0_task_13  job_13_task_15 job_2_task_16  
           [0,7]          [7,8]          [8,13]         [13,23]        [23,29]        [29,38]        [38,47]        [47,50]        [50,59]        [59,63]        [63,64]        [64,70]        [70,75]        [75,79]        [79,82]        [82,87]        [87,97]        [97,105]       [105,110]      [110,112]      [112,121]      [121,130]      [130,134]      [134,142]      [145,150]      [165,172]      [175,180]      [184,193]      [193,194]      [196,200]      [205,209]      [210,212]      [212,215]      [218,221]      [225,226]      [232,233]      [238,243]      [246,253]      
Machine 7: job_3_task_0   job_8_task_0   job_12_task_2  job_9_task_2   job_4_task_4   job_5_task_4   job_4_task_6   job_11_task_4  job_2_task_5   job_12_task_6  job_7_task_4   job_2_task_8   job_0_task_6   job_11_task_7  job_4_task_9   job_12_task_10 job_8_task_13  job_5_task_10  job_9_task_9   job_9_task_11  job_10_task_10 job_1_task_16  job_6_task_14  job_4_task_17  job_1_task_19  job_4_task_19  job_5_task_13  job_10_task_17 job_2_task_12  job_8_task_16  job_13_task_14 job_0_task_16  job_10_task_19 
           [0,2]          [2,11]         [13,16]        [16,20]        [40,42]        [42,50]        [50,52]        [52,59]        [59,62]        [66,68]        [73,77]        [77,85]        [103,112]      [112,115]      [115,124]      [124,127]      [129,136]      [136,137]      [139,145]      [150,151]      [151,159]      [172,182]      [183,184]      [186,189]      [190,200]      [200,207]      [207,217]      [217,221]      [222,229]      [229,234]      [236,238]      [240,242]      [242,246]      
Optimal Schedule Length: 269.0
Total (Unoptimized Schedule Length): 1536
Statistics
  - conflicts: 0
  - branches : 0
  - wall time: 0.612084629s