
Problem
         task_0   task_1  task_2   task_3   task_4   task_5   task_6   task_7   task_8   task_9  task_10  task_11 task_12  task_13  task_14  task_15
job_0    (0, 1)   (1, 2)  (2, 4)   (0, 2)   (4, 4)  (5, 10)   (2, 4)   (5, 4)   (3, 4)   (4, 4)   (2, 4)   (1, 7)  (0, 4)   (2, 5)   (4, 6)   (5, 7)
job_1    (0, 5)   (1, 2)  (2, 2)   (5, 1)   (3, 3)   (4, 8)   (0, 2)  (0, 10)   (2, 1)   (3, 9)   (2, 8)   (1, 8)  (1, 1)   (0, 9)   (4, 5)   (1, 3)
job_2    (1, 9)   (2, 6)  (1, 8)   (4, 5)   (1, 7)   (2, 6)   (0, 9)   (5, 8)   (2, 6)   (2, 7)   (0, 5)   (0, 2)  (3, 2)   (3, 4)   (0, 8)   (2, 4)
job_3    (2, 9)  (4, 10)  (2, 1)   (0, 6)   (4, 8)   (0, 5)   (0, 6)   (4, 1)   (4, 7)   (2, 2)   (4, 5)   (5, 8)  (1, 8)   (4, 4)   (0, 2)   (2, 6)
job_4    (1, 1)   (0, 5)  (3, 4)   (1, 7)  (5, 10)   (3, 9)   (1, 3)  (4, 10)   (4, 4)   (5, 1)   (2, 8)   (1, 1)  (2, 5)   (4, 6)   (5, 2)   (5, 6)
job_5    (1, 8)   (2, 3)  (5, 9)   (4, 5)   (5, 3)   (1, 9)   (3, 8)   (4, 5)   (5, 8)   (5, 8)   (5, 8)   (4, 4)  (0, 8)   (5, 3)   (1, 9)   (2, 1)
job_6   (3, 10)   (1, 4)  (0, 1)  (0, 10)   (1, 1)   (1, 3)   (5, 3)  (4, 10)   (2, 7)   (3, 4)  (5, 10)   (1, 5)  (2, 2)  (2, 10)   (5, 4)   (5, 9)
job_7   (2, 10)  (3, 10)  (0, 8)   (2, 3)   (5, 7)   (0, 9)   (0, 1)   (3, 5)   (2, 3)   (0, 5)   (5, 3)   (3, 9)  (3, 8)   (5, 8)   (2, 4)   (0, 5)
job_8    (3, 6)   (4, 3)  (4, 6)   (5, 8)   (1, 6)   (3, 9)  (3, 10)   (3, 5)   (5, 4)   (4, 9)   (0, 9)  (5, 10)  (3, 8)   (4, 7)   (0, 5)   (0, 8)
job_9    (2, 1)   (5, 4)  (4, 4)   (2, 7)  (2, 10)   (0, 6)   (2, 1)   (5, 8)   (0, 6)   (1, 4)   (1, 3)   (5, 2)  (4, 2)   (3, 1)  (0, 10)   (1, 2)
job_10   (5, 2)   (2, 4)  (1, 3)  (5, 10)   (5, 7)   (5, 3)   (1, 7)   (1, 2)   (5, 6)  (4, 10)   (4, 7)   (5, 1)  (4, 5)   (5, 1)  (4, 10)   (5, 6)
job_11   (0, 8)  (5, 10)  (3, 9)   (2, 7)   (3, 5)  (0, 10)   (0, 7)   (2, 5)   (0, 5)   (4, 7)   (4, 5)   (5, 4)  (2, 2)   (2, 6)   (5, 7)   (4, 1)
job_12   (5, 7)   (3, 9)  (0, 6)  (1, 10)   (2, 5)   (4, 1)   (0, 4)  (2, 10)   (3, 4)   (0, 1)   (3, 6)   (2, 6)  (2, 7)   (1, 1)   (3, 4)   (2, 4)
job_13   (5, 1)   (5, 6)  (2, 2)   (4, 5)  (4, 10)   (5, 6)   (1, 2)   (5, 2)  (3, 10)   (1, 5)   (1, 1)   (0, 4)  (2, 8)   (4, 9)   (5, 5)   (1, 2)
job_14  (1, 10)   (4, 7)  (1, 3)   (2, 4)   (3, 7)  (3, 10)   (3, 9)   (5, 1)   (1, 7)   (1, 6)   (5, 2)   (3, 6)  (1, 4)   (3, 6)   (0, 7)   (2, 2)
job_15   (2, 3)   (5, 5)  (0, 2)   (0, 4)   (1, 6)   (0, 3)   (0, 4)   (1, 1)   (1, 1)   (4, 1)  (4, 10)   (3, 2)  (0, 2)   (2, 6)   (1, 2)  (2, 10)


Solution:
Machine 0: job_11_task_0  job_1_task_0   job_0_task_0   job_7_task_2   job_3_task_3   job_4_task_1   job_6_task_2   job_6_task_3   job_12_task_2  job_0_task_3   job_3_task_5   job_7_task_5   job_7_task_6   job_3_task_6   job_1_task_6   job_11_task_5  job_2_task_6   job_15_task_2  job_1_task_7   job_15_task_3  job_11_task_6  job_12_task_6  job_8_task_10  job_9_task_5   job_15_task_5  job_7_task_9   job_15_task_6  job_11_task_8  job_12_task_9  job_13_task_11 job_2_task_10  job_9_task_8   job_2_task_11  job_0_task_12  job_1_task_13  job_5_task_12  job_8_task_14  job_8_task_15  job_15_task_12 job_2_task_14  job_9_task_14  job_14_task_14 job_3_task_14  job_7_task_15  
           [0,8]          [8,13]         [13,14]        [26,34]        [34,40]        [40,45]        [45,46]        [46,56]        [56,62]        [62,64]        [64,69]        [69,78]        [78,79]        [79,85]        [85,87]        [87,97]        [97,106]       [106,108]      [108,118]      [118,122]      [122,129]      [129,133]      [133,142]      [142,148]      [148,151]      [151,156]      [156,160]      [160,165]      [165,166]      [166,170]      [170,175]      [175,181]      [181,183]      [183,187]      [191,200]      [200,208]      [208,213]      [213,221]      [221,223]      [223,231]      [231,241]      [241,248]      [248,250]      [250,255]      
Machine 1: job_5_task_0   job_2_task_0   job_14_task_0  job_8_task_4   job_6_task_1   job_4_task_0   job_2_task_2   job_10_task_2  job_14_task_2  job_1_task_1   job_0_task_1   job_5_task_5   job_4_task_3   job_6_task_4   job_2_task_4   job_6_task_5   job_12_task_3  job_10_task_6  job_13_task_6  job_10_task_7  job_4_task_6   job_15_task_4  job_13_task_9  job_14_task_8  job_14_task_9  job_15_task_7  job_15_task_8  job_13_task_10 job_6_task_11  job_1_task_11  job_0_task_11  job_9_task_9   job_9_task_10  job_1_task_12  job_3_task_12  job_4_task_11  job_14_task_12 job_5_task_14  job_15_task_14 job_12_task_13 job_9_task_15  job_1_task_15  job_13_task_15 
           [0,8]          [8,17]         [17,27]        [27,33]        [33,37]        [37,38]        [38,46]        [46,49]        [49,52]        [52,54]        [54,56]        [56,65]        [65,72]        [72,73]        [73,80]        [80,83]        [83,93]        [110,117]      [117,119]      [119,121]      [121,124]      [124,130]      [142,147]      [147,154]      [154,160]      [160,161]      [161,162]      [162,163]      [163,168]      [168,176]      [176,183]      [183,187]      [187,190]      [190,191]      [201,209]      [209,210]      [212,216]      [222,231]      [231,233]      [233,234]      [241,243]      [245,248]      [249,251]      
Machine 2: job_7_task_0   job_5_task_1   job_3_task_0   job_2_task_1   job_10_task_1  job_9_task_0   job_3_task_2   job_7_task_3   job_11_task_3  job_13_task_2  job_15_task_0  job_14_task_3  job_1_task_2   job_0_task_2   job_9_task_3   job_9_task_4   job_2_task_5   job_12_task_4  job_6_task_8   job_0_task_6   job_1_task_8   job_7_task_8   job_3_task_9   job_11_task_7  job_12_task_7  job_2_task_8   job_9_task_6   job_1_task_10  job_2_task_9   job_0_task_10  job_6_task_12  job_13_task_12 job_6_task_13  job_12_task_11 job_4_task_10  job_0_task_13  job_11_task_12 job_4_task_12  job_12_task_12 job_15_task_13 job_11_task_13 job_15_task_15 job_7_task_14  job_2_task_15  job_3_task_15  job_12_task_15 job_14_task_15 job_5_task_15  
           [0,10]         [10,13]        [13,22]        [22,28]        [28,32]        [32,33]        [33,34]        [34,37]        [37,44]        [44,46]        [46,49]        [52,56]        [56,58]        [58,62]        [66,73]        [73,83]        [83,89]        [93,98]        [98,105]       [107,111]      [118,119]      [119,122]      [122,124]      [129,134]      [134,144]      [144,150]      [150,151]      [151,159]      [159,166]      [166,170]      [170,172]      [172,180]      [180,190]      [190,196]      [196,204]      [204,209]      [209,211]      [211,216]      [216,223]      [223,229]      [229,235]      [235,245]      [245,249]      [249,253]      [253,259]      [259,263]      [263,265]      [265,266]      
Machine 3: job_8_task_0   job_6_task_0   job_7_task_1   job_11_task_2  job_8_task_5   job_12_task_1  job_4_task_2   job_8_task_6   job_1_task_4   job_14_task_4  job_8_task_7   job_11_task_4  job_5_task_6   job_14_task_5  job_4_task_5   job_7_task_7   job_14_task_6  job_6_task_9   job_13_task_8  job_1_task_9   job_0_task_8   job_12_task_8  job_12_task_10 job_8_task_12  job_7_task_11  job_7_task_12  job_14_task_11 job_15_task_11 job_2_task_12  job_2_task_13  job_14_task_13 job_9_task_13  job_12_task_14 
           [0,6]          [6,16]         [16,26]        [26,35]        [35,44]        [44,53]        [53,57]        [57,67]        [67,70]        [70,77]        [77,82]        [82,87]        [87,95]        [95,105]       [105,114]      [114,119]      [119,128]      [128,132]      [132,142]      [142,151]      [151,155]      [155,159]      [166,172]      [181,189]      [189,198]      [198,206]      [206,212]      [212,214]      [214,216]      [216,220]      [220,226]      [226,227]      [234,238]      
Machine 4: job_8_task_1   job_8_task_2   job_3_task_1   job_14_task_1  job_5_task_3   job_3_task_4   job_2_task_3   job_13_task_3  job_9_task_2   job_13_task_4  job_1_task_5   job_0_task_4   job_6_task_7   job_8_task_9   job_5_task_7   job_12_task_5  job_3_task_7   job_3_task_8   job_4_task_7   job_10_task_9  job_4_task_8   job_3_task_10  job_10_task_10 job_0_task_9   job_15_task_9  job_11_task_9  job_15_task_10 job_11_task_10 job_13_task_13 job_5_task_11  job_8_task_13  job_10_task_12 job_9_task_12  job_0_task_14  job_10_task_14 job_4_task_13  job_3_task_13  job_1_task_14  job_11_task_15 
           [6,9]          [9,15]         [22,32]        [32,39]        [39,44]        [44,52]        [52,57]        [57,62]        [62,66]        [66,76]        [76,84]        [84,88]        [88,98]        [98,107]       [107,112]      [112,113]      [113,114]      [114,121]      [124,134]      [134,144]      [144,148]      [148,153]      [153,160]      [160,164]      [164,165]      [165,172]      [172,182]      [182,187]      [187,196]      [196,200]      [200,207]      [207,212]      [212,214]      [214,220]      [220,230]      [230,236]      [236,240]      [240,245]      [245,246]      
Machine 5: job_12_task_0  job_10_task_0  job_11_task_1  job_8_task_3   job_5_task_2   job_13_task_0  job_13_task_1  job_9_task_1   job_5_task_4   job_10_task_3  job_1_task_3   job_7_task_4   job_10_task_4  job_4_task_4   job_6_task_6   job_8_task_8   job_15_task_1  job_0_task_5   job_10_task_5  job_13_task_5  job_5_task_8   job_13_task_7  job_10_task_8  job_2_task_7   job_0_task_7   job_14_task_7  job_5_task_9   job_6_task_10  job_9_task_7   job_8_task_11  job_7_task_10  job_5_task_10  job_4_task_9   job_3_task_11  job_14_task_10 job_10_task_11 job_11_task_11 job_9_task_11  job_7_task_13  job_10_task_13 job_5_task_13  job_6_task_14  job_6_task_15  job_11_task_14 job_4_task_14  job_13_task_14 job_0_task_15  job_4_task_15  job_10_task_15 
           [0,7]          [7,9]          [9,19]         [19,27]        [27,36]        [36,37]        [37,43]        [43,47]        [47,50]        [50,60]        [60,61]        [61,68]        [68,75]        [75,85]        [85,88]        [88,92]        [92,97]        [97,107]       [107,110]      [110,116]      [116,124]      [124,126]      [126,132]      [132,140]      [140,144]      [144,145]      [145,153]      [153,163]      [163,171]      [171,181]      [181,184]      [184,192]      [192,193]      [193,201]      [201,203]      [203,204]      [204,208]      [208,210]      [210,218]      [218,219]      [219,222]      [222,226]      [226,235]      [235,242]      [242,244]      [244,249]      [249,256]      [256,262]      [262,268]      
Optimal Schedule Length: 268.0
Total (Unoptimized Schedule Length): 1387
Statistics
  - conflicts: 1
  - branches : 257
  - wall time: 0.098168922s