
Problem
         task_0   task_1   task_2   task_3   task_4   task_5  task_6  task_7   task_8   task_9  task_10  task_11  task_12  task_13  task_14 task_15  task_16  task_17
job_0    (0, 8)   (2, 6)   (1, 9)   (2, 3)   (2, 1)   (3, 3)  (1, 1)  (2, 7)   (3, 5)   (1, 3)   (1, 7)   (2, 2)  (0, 10)   (3, 6)  (0, 10)  (2, 6)   (1, 9)   (1, 8)
job_1    (1, 1)   (1, 8)   (3, 8)   (0, 2)   (2, 2)  (0, 10)  (0, 8)  (0, 6)   (0, 9)  (3, 10)   (2, 9)   (3, 1)   (1, 6)   (3, 4)   (2, 8)  (1, 4)  (2, 10)   (3, 3)
job_2    (1, 5)   (2, 2)   (0, 7)   (0, 8)   (0, 8)   (1, 9)  (2, 5)  (0, 7)   (1, 9)   (1, 8)   (0, 7)   (3, 8)   (3, 2)   (2, 4)   (2, 4)  (1, 2)   (1, 6)   (3, 5)
job_3    (0, 5)   (0, 8)   (2, 3)  (1, 10)   (3, 8)   (3, 5)  (1, 2)  (0, 8)   (3, 7)   (3, 3)   (3, 5)   (3, 7)   (2, 4)   (1, 7)   (2, 3)  (3, 5)   (1, 3)   (3, 9)
job_4    (3, 3)   (1, 7)   (0, 2)   (3, 3)   (3, 6)   (3, 2)  (3, 9)  (2, 8)   (3, 1)   (0, 9)  (0, 10)   (3, 4)   (0, 4)   (1, 2)   (1, 8)  (3, 3)  (3, 10)   (2, 7)
job_5    (0, 3)   (1, 4)   (0, 3)   (2, 5)  (3, 10)   (3, 1)  (1, 4)  (1, 2)   (2, 7)   (2, 8)   (1, 1)  (2, 10)   (0, 6)   (2, 5)  (0, 10)  (0, 5)   (3, 7)   (0, 9)
job_6    (1, 4)   (0, 7)   (3, 7)   (0, 8)   (2, 5)  (3, 10)  (2, 2)  (1, 3)   (2, 8)  (2, 10)   (3, 3)   (0, 7)   (0, 1)   (1, 5)  (1, 10)  (3, 7)   (2, 1)   (3, 1)
job_7    (3, 9)   (1, 7)   (0, 4)  (3, 10)   (1, 7)   (0, 4)  (2, 1)  (2, 9)   (3, 9)   (2, 1)   (3, 5)  (3, 10)   (0, 5)   (3, 6)   (1, 5)  (2, 5)   (2, 7)   (2, 7)
job_8    (3, 4)   (3, 3)   (1, 1)   (2, 4)   (1, 5)   (0, 8)  (1, 4)  (2, 7)   (0, 9)   (1, 6)   (0, 5)   (1, 6)   (2, 4)  (2, 10)   (1, 4)  (1, 5)   (2, 1)   (1, 5)
job_9    (0, 9)   (3, 3)   (3, 3)  (0, 10)   (3, 4)   (0, 5)  (2, 3)  (0, 1)   (0, 8)   (0, 7)  (3, 10)   (2, 3)   (1, 8)   (2, 4)   (0, 7)  (2, 4)   (1, 5)   (0, 1)
job_10   (3, 1)  (2, 10)   (3, 8)   (0, 2)   (2, 2)   (0, 8)  (3, 1)  (0, 1)   (1, 4)   (1, 6)   (1, 6)   (0, 1)   (0, 8)  (2, 10)   (3, 5)  (1, 1)   (0, 4)   (0, 7)
job_11  (1, 10)   (2, 8)   (0, 2)   (1, 8)   (3, 9)   (3, 4)  (0, 2)  (3, 9)   (2, 4)   (0, 4)  (1, 10)   (3, 8)   (0, 5)   (1, 6)   (1, 9)  (0, 1)  (2, 10)  (0, 10)
job_12   (1, 1)   (2, 5)   (1, 7)   (1, 8)   (3, 3)   (2, 3)  (3, 8)  (2, 9)   (1, 3)   (0, 1)   (0, 8)   (0, 8)   (0, 1)   (2, 2)   (3, 7)  (2, 5)   (0, 1)   (1, 6)
job_13   (1, 7)  (2, 10)   (3, 6)   (0, 2)   (3, 9)   (1, 4)  (0, 8)  (1, 1)   (3, 4)   (3, 7)   (3, 3)   (1, 9)   (2, 3)  (1, 10)   (3, 8)  (1, 1)   (0, 2)   (1, 7)
job_14   (3, 1)  (0, 10)   (0, 4)  (3, 10)   (0, 3)   (0, 3)  (1, 9)  (1, 2)   (0, 7)  (1, 10)   (0, 8)   (0, 7)   (3, 7)   (0, 9)   (0, 4)  (2, 4)   (2, 7)   (0, 4)
job_15  (2, 10)   (1, 7)   (1, 9)  (3, 10)  (1, 10)   (0, 9)  (3, 7)  (1, 1)   (3, 4)   (0, 7)   (1, 7)  (0, 10)   (1, 7)   (2, 2)   (0, 1)  (1, 7)   (1, 1)   (0, 4)
job_16   (2, 3)   (0, 5)   (2, 4)   (1, 4)   (1, 8)  (1, 10)  (1, 2)  (3, 3)  (1, 10)   (2, 3)   (0, 4)   (3, 2)   (1, 5)   (3, 7)   (3, 1)  (1, 1)   (0, 7)   (2, 9)
job_17   (1, 9)   (0, 2)   (0, 3)   (2, 5)   (1, 9)   (0, 2)  (3, 8)  (3, 8)   (2, 5)   (3, 3)   (2, 6)   (3, 6)   (2, 6)   (3, 4)   (2, 4)  (1, 3)   (3, 3)   (0, 3)
job_18   (1, 1)   (3, 5)  (1, 10)   (0, 9)   (1, 5)  (2, 10)  (1, 6)  (1, 4)   (0, 3)   (3, 7)   (3, 4)   (3, 1)   (3, 1)   (3, 7)   (2, 5)  (0, 8)  (0, 10)   (2, 8)


Solution:
Machine 0: job_0_task_0   job_3_task_0   job_14_task_1  job_11_task_2  job_5_task_0   job_2_task_2   job_14_task_2  job_3_task_1   job_7_task_2   job_6_task_1   job_9_task_0   job_1_task_3   job_2_task_3   job_5_task_2   job_18_task_3  job_4_task_2   job_1_task_5   job_16_task_1  job_14_task_4  job_2_task_4   job_14_task_5  job_6_task_3   job_17_task_1  job_9_task_3   job_13_task_3  job_11_task_6  job_17_task_2  job_1_task_6   job_7_task_5   job_8_task_5   job_1_task_7   job_15_task_5  job_10_task_3  job_9_task_5   job_1_task_8   job_11_task_9  job_2_task_7   job_14_task_8  job_13_task_6  job_10_task_5  job_17_task_5  job_3_task_7   job_9_task_7   job_9_task_8   job_4_task_9   job_8_task_8   job_18_task_8  job_10_task_7  job_14_task_10 job_9_task_9   job_0_task_12  job_4_task_10  job_15_task_9  job_5_task_12  job_14_task_11 job_11_task_12 job_8_task_10  job_12_task_9  job_2_task_10  job_12_task_10 job_10_task_11 job_16_task_10 job_7_task_12  job_10_task_12 job_4_task_12  job_0_task_14  job_6_task_11  job_15_task_11 job_5_task_14  job_12_task_11 job_14_task_13 job_18_task_15 job_6_task_12  job_12_task_12 job_11_task_15 job_5_task_15  job_14_task_14 job_18_task_16 job_9_task_14  job_16_task_16 job_15_task_14 job_10_task_16 job_11_task_17 job_13_task_16 job_5_task_17  job_12_task_16 job_10_task_17 job_14_task_17 job_15_task_17 job_17_task_17 job_9_task_17  
           [0,8]          [8,13]         [13,23]        [23,25]        [25,28]        [28,35]        [35,39]        [39,47]        [47,51]        [51,58]        [58,67]        [67,69]        [69,77]        [77,80]        [80,89]        [89,91]        [91,101]       [101,106]      [106,109]      [109,117]      [117,120]      [120,128]      [128,130]      [130,140]      [140,142]      [142,144]      [144,147]      [147,155]      [155,159]      [159,167]      [167,173]      [173,182]      [182,184]      [184,189]      [189,198]      [198,202]      [202,209]      [209,216]      [216,224]      [224,232]      [232,234]      [234,242]      [242,243]      [243,251]      [251,260]      [260,269]      [269,272]      [272,273]      [273,281]      [281,288]      [288,298]      [298,308]      [308,315]      [315,321]      [321,328]      [328,333]      [333,338]      [338,339]      [339,346]      [346,354]      [354,355]      [355,359]      [359,364]      [364,372]      [372,376]      [376,386]      [386,393]      [393,403]      [403,413]      [413,421]      [421,430]      [430,438]      [438,439]      [439,440]      [440,441]      [441,446]      [446,450]      [450,460]      [460,467]      [467,474]      [474,475]      [475,479]      [479,489]      [489,491]      [491,500]      [500,501]      [501,508]      [508,512]      [512,516]      [516,519]      [519,520]      
Machine 1: job_11_task_0  job_1_task_0   job_1_task_1   job_2_task_0   job_18_task_0  job_15_task_1  job_7_task_1   job_13_task_0  job_6_task_0   job_11_task_3  job_18_task_2  job_5_task_1   job_15_task_2  job_4_task_1   job_0_task_2   job_17_task_0  job_12_task_0  job_3_task_3   job_8_task_2   job_7_task_4   job_12_task_2  job_8_task_4   job_18_task_4  job_14_task_6  job_15_task_4  job_16_task_3  job_2_task_5   job_0_task_6   job_5_task_6   job_12_task_3  job_16_task_4  job_5_task_7   job_17_task_4  job_14_task_7  job_13_task_5  job_8_task_6   job_18_task_6  job_16_task_5  job_3_task_6   job_0_task_9   job_14_task_9  job_11_task_10 job_18_task_7  job_0_task_10  job_6_task_7   job_13_task_7  job_2_task_8   job_16_task_6  job_5_task_10  job_10_task_8  job_15_task_7  job_16_task_8  job_10_task_9  job_8_task_9   job_2_task_9   job_12_task_8  job_10_task_10 job_13_task_11 job_15_task_10 job_11_task_13 job_8_task_11  job_11_task_14 job_1_task_12  job_16_task_12 job_4_task_13  job_9_task_12  job_4_task_14  job_13_task_13 job_3_task_13  job_7_task_14  job_15_task_12 job_16_task_15 job_1_task_15  job_0_task_16  job_8_task_14  job_6_task_13  job_6_task_14  job_2_task_15  job_10_task_15 job_3_task_16  job_8_task_15  job_2_task_16  job_13_task_15 job_17_task_15 job_15_task_15 job_0_task_17  job_13_task_17 job_9_task_16  job_12_task_17 job_15_task_16 job_8_task_17  
           [0,10]         [10,11]        [11,19]        [19,24]        [24,25]        [25,32]        [32,39]        [39,46]        [46,50]        [50,58]        [58,68]        [68,72]        [72,81]        [81,88]        [88,97]        [97,106]       [106,107]      [107,117]      [117,118]      [118,125]      [125,132]      [132,137]      [137,142]      [142,151]      [151,161]      [161,165]      [165,174]      [174,175]      [175,179]      [179,187]      [187,195]      [195,197]      [197,206]      [206,208]      [208,212]      [212,216]      [216,222]      [222,232]      [232,234]      [234,237]      [237,247]      [247,257]      [257,261]      [261,268]      [268,271]      [271,272]      [272,281]      [281,283]      [283,284]      [284,288]      [288,289]      [289,299]      [299,305]      [305,311]      [311,319]      [319,322]      [322,328]      [328,337]      [337,344]      [344,350]      [350,356]      [356,365]      [365,371]      [371,376]      [376,378]      [378,386]      [386,394]      [394,404]      [404,411]      [411,416]      [416,423]      [423,424]      [424,428]      [428,437]      [437,441]      [441,446]      [446,456]      [456,458]      [458,459]      [459,462]      [462,467]      [467,473]      [473,474]      [474,477]      [477,484]      [484,492]      [492,499]      [499,504]      [504,510]      [510,511]      [513,518]      
Machine 2: job_15_task_0  job_11_task_1  job_0_task_1   job_2_task_1   job_16_task_0  job_10_task_1  job_13_task_1  job_3_task_2   job_1_task_4   job_5_task_3   job_0_task_3   job_0_task_4   job_16_task_2  job_12_task_1  job_8_task_3   job_6_task_4   job_18_task_5  job_17_task_3  job_7_task_6   job_7_task_7   job_11_task_8  job_4_task_7   job_0_task_7   job_2_task_6   job_10_task_4  job_9_task_6   job_5_task_8   job_12_task_5  job_5_task_9   job_8_task_7   job_6_task_6   job_7_task_9   job_12_task_7  job_1_task_10  job_17_task_8  job_0_task_11  job_6_task_8   job_6_task_9   job_5_task_11  job_16_task_9  job_5_task_13  job_9_task_11  job_13_task_12 job_17_task_10 job_3_task_12  job_8_task_12  job_18_task_14 job_8_task_13  job_10_task_13 job_0_task_15  job_1_task_14  job_17_task_12 job_2_task_13  job_9_task_13  job_3_task_14  job_7_task_15  job_2_task_14  job_15_task_13 job_7_task_16  job_17_task_14 job_1_task_16  job_12_task_13 job_11_task_16 job_14_task_15 job_12_task_15 job_14_task_16 job_9_task_15  job_16_task_17 job_18_task_17 job_7_task_17  job_4_task_17  job_8_task_16  job_6_task_16  
           [0,10]         [10,18]        [18,24]        [24,26]        [26,29]        [34,44]        [46,56]        [56,59]        [69,71]        [80,85]        [97,100]       [100,101]      [106,110]      [110,115]      [118,122]      [128,133]      [142,152]      [152,157]      [159,160]      [160,169]      [169,173]      [173,181]      [181,188]      [188,193]      [193,195]      [195,198]      [198,205]      [205,208]      [208,216]      [216,223]      [223,225]      [225,226]      [226,235]      [235,244]      [260,265]      [268,270]      [271,279]      [279,289]      [289,299]      [299,302]      [321,326]      [328,331]      [337,340]      [340,346]      [350,354]      [356,360]      [360,365]      [365,375]      [375,385]      [386,392]      [392,400]      [400,406]      [406,410]      [410,414]      [414,417]      [417,422]      [422,426]      [426,428]      [428,435]      [435,439]      [439,449]      [449,451]      [451,461]      [461,465]      [465,470]      [470,477]      [477,481]      [481,490]      [490,498]      [498,505]      [505,512]      [512,513]      [513,514]      
Machine 3: job_7_task_0   job_14_task_0  job_4_task_0   job_8_task_0   job_8_task_1   job_1_task_2   job_18_task_1  job_10_task_0  job_14_task_3  job_10_task_2  job_7_task_3   job_11_task_4  job_6_task_2   job_15_task_3  job_9_task_1   job_4_task_3   job_5_task_4   job_13_task_2  job_9_task_2   job_4_task_4   job_11_task_5  job_4_task_5   job_0_task_5   job_3_task_4   job_5_task_5   job_13_task_4  job_11_task_7  job_4_task_6   job_9_task_4   job_3_task_5   job_6_task_5   job_0_task_8   job_12_task_4  job_7_task_8   job_4_task_8   job_15_task_6  job_12_task_6  job_1_task_9   job_7_task_10  job_17_task_6  job_10_task_6  job_3_task_8   job_17_task_7  job_11_task_11 job_3_task_9   job_7_task_11  job_13_task_8  job_16_task_7  job_18_task_9  job_15_task_8  job_13_task_9  job_18_task_10 job_13_task_10 job_3_task_10  job_9_task_10  job_18_task_11 job_18_task_12 job_0_task_13  job_17_task_9  job_4_task_11  job_3_task_11  job_18_task_13 job_1_task_11  job_6_task_10  job_14_task_12 job_16_task_11 job_2_task_11  job_7_task_13  job_1_task_13  job_17_task_11 job_16_task_13 job_2_task_12  job_4_task_15  job_16_task_14 job_13_task_14 job_17_task_13 job_3_task_15  job_10_task_14 job_4_task_16  job_5_task_16  job_12_task_14 job_6_task_15  job_3_task_17  job_2_task_17  job_17_task_16 job_1_task_17  job_6_task_17  
           [0,9]          [9,10]         [10,13]        [13,17]        [17,20]        [20,28]        [28,33]        [33,34]        [39,49]        [49,57]        [57,67]        [67,76]        [76,83]        [83,93]        [93,96]        [96,99]        [99,109]       [109,115]      [115,118]      [118,124]      [124,128]      [128,130]      [130,133]      [133,141]      [141,142]      [142,151]      [151,160]      [160,169]      [169,173]      [173,178]      [178,188]      [188,193]      [193,196]      [196,205]      [205,206]      [206,213]      [213,221]      [221,231]      [231,236]      [236,244]      [244,245]      [245,252]      [252,260]      [260,268]      [268,271]      [271,281]      [281,285]      [285,288]      [288,295]      [295,299]      [299,306]      [306,310]      [310,313]      [313,318]      [318,328]      [328,329]      [329,330]      [330,336]      [336,339]      [339,343]      [343,350]      [350,357]      [357,358]      [358,361]      [361,368]      [368,370]      [370,378]      [378,384]      [384,388]      [388,394]      [394,401]      [401,403]      [403,406]      [406,407]      [407,415]      [415,419]      [419,424]      [424,429]      [429,439]      [446,453]      [453,460]      [460,467]      [467,476]      [476,481]      [481,484]      [484,487]      [514,515]      
Optimal Schedule Length: 520.0
Total (Unoptimized Schedule Length): 1909
Statistics
  - conflicts: 1
  - branches : 343
  - wall time: 0.33691121s