
Problem
         task_0   task_1   task_2   task_3   task_4    task_5    task_6   task_7   task_8   task_9   task_10  task_11   task_12   task_13   task_14  task_15   task_16   task_17  task_18  task_19
job_0   (6, 10)  (5, 10)   (0, 1)   (5, 3)   (3, 5)    (2, 7)   (18, 6)  (18, 4)   (7, 8)  (11, 9)   (13, 8)   (2, 4)   (16, 8)    (8, 9)    (7, 5)   (2, 6)    (4, 2)   (14, 4)  (15, 3)   (2, 9)
job_1    (0, 9)  (5, 10)   (1, 4)   (5, 9)  (14, 4)    (4, 4)    (8, 1)  (13, 7)   (1, 8)   (8, 9)   (9, 10)   (9, 5)   (17, 7)    (8, 1)   (14, 2)  (6, 10)  (10, 10)    (9, 6)   (1, 3)  (19, 7)
job_2    (1, 4)  (11, 1)  (17, 6)   (8, 3)   (2, 6)   (19, 4)   (18, 2)   (2, 9)   (2, 3)   (7, 3)   (13, 8)   (0, 9)    (8, 8)   (15, 2)    (6, 5)  (17, 4)   (18, 6)   (10, 9)   (2, 1)  (10, 7)
job_3   (11, 7)   (9, 8)  (17, 5)   (2, 8)  (11, 6)   (8, 10)   (12, 1)   (0, 8)  (11, 8)   (0, 2)    (0, 6)  (19, 2)    (8, 9)    (6, 8)   (12, 2)   (7, 4)    (0, 9)   (18, 6)   (4, 3)   (5, 9)
job_4   (18, 2)   (2, 3)  (10, 7)   (0, 5)   (3, 3)   (12, 6)   (17, 3)   (7, 5)  (13, 5)  (17, 6)    (4, 1)  (12, 6)    (1, 4)   (15, 1)    (0, 9)  (11, 6)   (13, 1)    (9, 2)  (18, 2)  (15, 2)
job_5   (4, 10)  (18, 3)   (5, 7)   (0, 3)  (13, 9)   (19, 7)    (0, 1)  (16, 2)  (17, 5)  (12, 2)   (19, 1)   (4, 2)   (14, 2)   (10, 4)  (14, 10)  (11, 4)    (9, 2)  (14, 10)  (12, 2)  (18, 5)
job_6   (16, 4)  (15, 6)  (11, 9)   (8, 2)   (2, 1)    (0, 6)  (13, 10)  (13, 5)  (10, 7)  (9, 10)    (1, 9)   (8, 8)   (13, 3)    (9, 3)    (5, 1)  (11, 5)   (18, 8)   (17, 3)  (18, 1)  (18, 8)
job_7    (1, 7)   (7, 6)  (17, 3)  (17, 6)   (3, 5)    (3, 8)   (18, 2)   (7, 7)  (19, 8)  (14, 8)  (14, 10)  (14, 9)   (11, 2)    (2, 9)  (13, 10)  (18, 7)   (11, 7)    (2, 5)  (11, 6)  (19, 4)
job_8   (16, 5)   (1, 4)   (5, 6)  (14, 7)  (13, 7)   (18, 4)   (14, 8)  (7, 10)  (18, 3)  (16, 2)    (1, 4)   (7, 2)   (11, 9)    (8, 8)   (11, 8)  (19, 6)    (4, 5)   (15, 8)   (2, 3)  (4, 10)
job_9   (15, 2)   (9, 4)  (18, 4)  (13, 8)   (8, 5)    (6, 5)   (14, 1)   (7, 4)   (1, 1)   (7, 4)  (16, 10)  (17, 3)    (0, 5)    (0, 7)   (2, 10)  (2, 10)   (19, 7)    (8, 2)  (3, 10)  (13, 8)
job_10  (10, 9)   (5, 6)   (6, 3)  (14, 5)   (7, 2)   (15, 4)   (13, 5)  (18, 3)   (6, 8)  (10, 7)   (12, 3)   (0, 4)  (18, 10)  (15, 10)  (18, 10)  (19, 6)   (13, 5)    (3, 9)   (5, 8)   (7, 7)
job_11  (3, 10)   (7, 8)   (2, 7)   (0, 9)  (13, 8)    (2, 2)  (19, 10)  (16, 3)   (4, 6)   (3, 3)   (18, 2)  (0, 10)   (8, 10)    (8, 8)    (0, 5)  (19, 1)    (0, 8)    (0, 6)  (18, 9)  (19, 6)
job_12  (19, 3)   (4, 5)   (3, 9)  (12, 6)  (8, 10)  (10, 10)    (9, 8)  (2, 10)   (4, 4)   (4, 3)   (13, 9)   (1, 1)   (11, 6)    (8, 2)    (6, 7)   (5, 4)    (0, 4)   (2, 10)  (10, 2)   (3, 7)


Solution:
Machine 0: job_1_task_0   job_4_task_3   job_11_task_3  job_6_task_5   job_5_task_3   job_3_task_7   job_0_task_2   job_10_task_11 job_3_task_9   job_3_task_10  job_5_task_6   job_11_task_11 job_9_task_12  job_9_task_13  job_2_task_11  job_3_task_16  job_11_task_14 job_11_task_16 job_12_task_16 job_11_task_17 job_4_task_14  
           [0,9]          [16,21]        [25,34]        [40,46]        [47,50]        [50,58]        [58,59]        [59,63]        [66,68]        [68,74]        [74,75]        [75,85]        [85,90]        [90,97]        [98,107]       [107,116]      [116,121]      [122,130]      [130,134]      [134,140]      [140,149]      
Machine 1: job_2_task_0   job_8_task_1   job_7_task_0   job_1_task_2   job_9_task_8   job_1_task_8   job_8_task_10  job_12_task_11 job_6_task_10  job_4_task_12  job_1_task_18  
           [0,4]          [5,9]          [9,16]         [25,29]        [33,34]        [57,65]        [77,81]        [90,91]        [98,107]       [127,131]      [146,149]      
Machine 2: job_4_task_1   job_11_task_2  job_3_task_3   job_2_task_4   job_6_task_4   job_11_task_5  job_2_task_7   job_12_task_7  job_0_task_5   job_2_task_8   job_7_task_13  job_9_task_14  job_0_task_11  job_9_task_15  job_12_task_17 job_0_task_15  job_7_task_17  job_8_task_18  job_2_task_18  job_0_task_19  
           [6,9]          [18,25]        [25,33]        [33,39]        [39,40]        [43,45]        [45,54]        [54,64]        [67,74]        [74,77]        [94,103]       [106,116]      [117,121]      [121,131]      [134,144]      [144,150]      [150,155]      [155,158]      [158,159]      [159,168]      
Machine 3: job_11_task_0  job_12_task_2  job_4_task_4   job_7_task_4   job_7_task_5   job_0_task_4   job_11_task_9  job_10_task_17 job_9_task_18  job_12_task_19 
           [0,10]         [10,19]        [22,25]        [33,38]        [38,46]        [62,67]        [67,70]        [133,142]      [150,160]      [160,167]      
Machine 4: job_12_task_1  job_5_task_0   job_1_task_5   job_11_task_8  job_12_task_8  job_12_task_9  job_5_task_11  job_4_task_10  job_3_task_18  job_8_task_16  job_0_task_16  job_8_task_19  
           [3,8]          [8,18]         [45,49]        [58,64]        [64,68]        [68,71]        [87,89]        [116,117]      [122,125]      [134,139]      [150,152]      [158,168]      
Machine 5: job_10_task_1  job_1_task_1   job_8_task_2   job_1_task_3   job_5_task_2   job_0_task_1   job_0_task_3   job_12_task_15 job_6_task_14  job_3_task_19  job_10_task_18 
           [9,15]         [15,25]        [25,31]        [31,40]        [40,47]        [47,57]        [59,62]        [120,124]      [128,129]      [129,138]      [142,150]      
Machine 6: job_0_task_0   job_10_task_2  job_9_task_5   job_10_task_8  job_3_task_13  job_12_task_14 job_1_task_15  job_2_task_14  
           [0,10]         [15,18]        [23,28]        [38,46]        [85,93]        [113,120]      [120,130]      [133,138]      
Machine 7: job_11_task_1  job_7_task_1   job_10_task_4  job_9_task_7   job_9_task_9   job_4_task_7   job_7_task_7   job_8_task_7   job_2_task_9   job_8_task_11  job_0_task_8   job_3_task_15  job_0_task_14  job_10_task_19 
           [10,18]        [18,24]        [24,26]        [29,33]        [34,38]        [38,43]        [48,55]        [62,72]        [77,80]        [81,83]        [86,94]        [95,99]        [139,144]      [150,157]      
Machine 8: job_2_task_3   job_9_task_4   job_6_task_3   job_12_task_4  job_3_task_5   job_1_task_6   job_1_task_9   job_3_task_12  job_11_task_12 job_11_task_13 job_8_task_13  job_12_task_13 job_1_task_13  job_6_task_11  job_2_task_12  job_0_task_13  job_9_task_17  
           [14,17]        [18,23]        [24,26]        [26,36]        [39,49]        [49,50]        [65,74]        [76,85]        [85,95]        [95,103]       [103,111]      [111,113]      [113,114]      [114,122]      [122,130]      [130,139]      [148,150]      
Machine 9: job_9_task_1   job_3_task_1   job_12_task_6  job_1_task_10  job_6_task_9   job_1_task_11  job_5_task_16  job_6_task_13  job_1_task_17  job_4_task_17  
           [2,6]          [7,15]         [46,54]        [74,84]        [88,98]        [98,103]       [114,116]      [125,128]      [140,146]      [156,158]      
Machine 10: job_10_task_0  job_4_task_2   job_12_task_5  job_10_task_9  job_6_task_8   job_5_task_13  job_1_task_16  job_12_task_18 job_2_task_17  job_2_task_19  
           [0,9]          [9,16]         [36,46]        [47,54]        [81,88]        [92,96]        [130,140]      [144,146]      [149,158]      [160,167]      
Machine 11: job_3_task_0   job_2_task_1   job_6_task_2   job_3_task_4   job_3_task_8   job_8_task_12  job_7_task_12  job_0_task_9   job_12_task_12 job_5_task_15  job_8_task_14  job_6_task_15  job_7_task_16  job_4_task_15  job_7_task_18  
           [0,7]          [7,8]          [15,24]        [33,39]        [58,66]        [83,92]        [92,94]        [95,104]       [104,110]      [110,114]      [114,122]      [129,134]      [134,141]      [149,155]      [155,161]      
Machine 12: job_12_task_3  job_4_task_5   job_3_task_6   job_10_task_10 job_5_task_9   job_3_task_14  job_4_task_11  job_5_task_18  
           [19,25]        [26,32]        [49,50]        [55,58]        [84,86]        [93,95]        [117,123]      [126,128]      
Machine 13: job_9_task_3   job_10_task_6  job_11_task_4  job_8_task_4   job_1_task_7   job_5_task_4   job_6_task_6   job_6_task_7   job_12_task_10 job_2_task_10  job_4_task_8   job_0_task_10  job_7_task_14  job_6_task_12  job_10_task_16 job_4_task_16  job_9_task_19  
           [10,18]        [30,35]        [35,43]        [43,50]        [50,57]        [57,66]        [66,76]        [76,81]        [81,90]        [90,98]        [98,103]       [104,112]      [112,122]      [122,125]      [128,133]      [155,156]      [160,168]      
Machine 14: job_10_task_3  job_9_task_6   job_8_task_3   job_1_task_4   job_8_task_6   job_7_task_9   job_7_task_10  job_7_task_11  job_5_task_12  job_5_task_14  job_1_task_14  job_5_task_17  job_0_task_17  
           [19,24]        [28,29]        [31,38]        [40,44]        [54,62]        [63,71]        [71,81]        [81,90]        [90,92]        [96,106]       [114,116]      [116,126]      [152,156]      
Machine 15: job_9_task_0   job_6_task_1   job_10_task_5  job_10_task_13 job_2_task_13  job_4_task_13  job_8_task_17  job_0_task_18  job_4_task_19  
           [0,2]          [9,15]         [26,30]        [96,106]       [130,132]      [135,136]      [139,147]      [156,159]      [160,162]      
Machine 16: job_8_task_0   job_6_task_0   job_9_task_10  job_11_task_7  job_8_task_9   job_5_task_7   job_0_task_12  
           [0,5]          [5,9]          [38,48]        [55,58]        [75,77]        [77,79]        [121,129]      
Machine 17: job_2_task_2   job_3_task_2   job_7_task_2   job_7_task_3   job_4_task_6   job_9_task_11  job_5_task_8   job_1_task_12  job_4_task_9   job_2_task_15  job_6_task_17  
           [8,14]         [15,20]        [24,27]        [27,33]        [34,37]        [48,51]        [79,84]        [103,110]      [110,116]      [138,142]      [142,145]      
Machine 18: job_4_task_0   job_9_task_2   job_5_task_1   job_10_task_7  job_2_task_6   job_7_task_6   job_8_task_5   job_11_task_10 job_8_task_8   job_0_task_6   job_0_task_7   job_10_task_12 job_10_task_14 job_3_task_17  job_7_task_15  job_5_task_19  job_6_task_16  job_2_task_16  job_11_task_18 job_6_task_18  job_4_task_18  job_6_task_19  
           [0,2]          [6,10]         [18,21]        [35,38]        [43,45]        [46,48]        [50,54]        [70,72]        [72,75]        [76,82]        [82,86]        [86,96]        [106,116]      [116,122]      [122,129]      [129,134]      [134,142]      [142,148]      [148,157]      [157,158]      [158,160]      [160,168]      
Machine 19: job_12_task_0  job_2_task_5   job_11_task_6  job_7_task_8   job_5_task_5   job_3_task_11  job_5_task_10  job_11_task_15 job_10_task_15 job_8_task_15  job_9_task_16  job_1_task_19  job_11_task_19 job_7_task_19  
           [0,3]          [39,43]        [45,55]        [55,63]        [66,73]        [74,76]        [86,87]        [121,122]      [122,128]      [128,134]      [141,148]      [149,156]      [157,163]      [163,167]      
Optimal Schedule Length: 168.0
Total (Unoptimized Schedule Length): 1480
Statistics
  - conflicts: 0
  - branches : 0
  - wall time: 1.971663374s