
Problem
         task_0  task_1   task_2   task_3  task_4   task_5  task_6   task_7   task_8   task_9  task_10  task_11  task_12  task_13
job_0    (1, 4)  (1, 5)   (3, 2)   (3, 2)  (2, 5)   (2, 2)  (0, 2)   (1, 4)   (3, 7)   (2, 6)   (2, 5)   (1, 6)   (1, 6)   (2, 4)
job_1    (0, 7)  (1, 6)   (3, 6)   (1, 8)  (1, 7)   (1, 5)  (3, 9)   (2, 6)   (2, 1)   (0, 1)   (2, 2)   (3, 5)   (0, 3)   (0, 6)
job_2   (3, 10)  (2, 6)   (2, 6)   (2, 2)  (2, 4)   (2, 4)  (3, 1)   (3, 8)   (3, 9)   (2, 3)  (1, 10)   (0, 5)   (1, 8)   (0, 5)
job_3    (0, 1)  (0, 3)   (1, 1)   (3, 2)  (3, 6)   (1, 9)  (2, 6)   (0, 9)   (0, 2)   (0, 5)  (0, 10)   (1, 1)   (3, 1)   (3, 7)
job_4    (2, 7)  (3, 7)  (1, 10)   (1, 4)  (2, 9)  (2, 10)  (2, 1)   (0, 5)   (3, 3)   (3, 7)   (3, 1)  (3, 10)  (3, 10)   (2, 2)
job_5   (2, 10)  (0, 3)   (2, 9)   (2, 4)  (3, 1)   (3, 5)  (0, 8)   (2, 3)   (3, 3)   (3, 8)   (3, 6)   (2, 9)   (2, 7)   (2, 8)
job_6    (2, 2)  (3, 8)   (3, 9)   (1, 3)  (2, 1)   (3, 3)  (1, 1)   (1, 2)   (3, 5)   (1, 2)   (0, 7)   (3, 9)   (1, 8)   (0, 8)
job_7    (0, 9)  (1, 6)   (1, 9)   (0, 5)  (2, 5)   (3, 9)  (0, 3)   (2, 8)   (2, 3)   (2, 9)   (3, 5)   (3, 2)   (3, 4)   (1, 9)
job_8    (0, 6)  (2, 8)   (2, 4)   (1, 4)  (0, 3)   (2, 7)  (0, 6)   (1, 9)   (0, 8)   (2, 3)   (2, 7)   (0, 2)  (0, 10)  (1, 10)
job_9    (1, 6)  (3, 5)   (1, 8)  (2, 10)  (3, 2)   (0, 1)  (2, 3)  (2, 10)   (0, 9)  (0, 10)   (3, 1)   (3, 3)   (1, 7)   (3, 3)
job_10   (0, 1)  (2, 8)   (2, 2)   (1, 7)  (0, 9)   (0, 2)  (2, 9)   (1, 7)  (0, 10)   (3, 3)   (2, 2)   (1, 3)   (3, 5)   (3, 9)
job_11   (0, 4)  (0, 1)   (2, 4)   (0, 5)  (0, 1)   (0, 1)  (3, 9)   (0, 5)   (1, 1)   (3, 4)   (3, 4)  (3, 10)   (3, 2)   (1, 7)
job_12  (3, 10)  (0, 1)   (0, 8)   (3, 8)  (3, 8)   (3, 1)  (1, 8)   (0, 8)   (1, 9)   (3, 6)   (0, 9)   (3, 4)   (3, 4)  (2, 10)
job_13   (2, 3)  (3, 1)   (3, 6)   (2, 7)  (1, 1)   (0, 3)  (1, 8)   (1, 3)   (3, 4)   (1, 4)   (1, 7)   (3, 7)   (2, 1)   (0, 1)


Solution:
Machine 0: job_8_task_0   job_7_task_0   job_12_task_1  job_12_task_2  job_10_task_0  job_5_task_1   job_1_task_0   job_3_task_0   job_3_task_1   job_7_task_3   job_8_task_4   job_11_task_0  job_11_task_1  job_10_task_4  job_8_task_6   job_10_task_5  job_12_task_7  job_5_task_6   job_9_task_5   job_8_task_8   job_7_task_6   job_11_task_3  job_11_task_4  job_11_task_5  job_11_task_7  job_10_task_8  job_13_task_5  job_12_task_10 job_0_task_6   job_9_task_8   job_3_task_7   job_4_task_7   job_6_task_10  job_3_task_8   job_3_task_9   job_9_task_9   job_8_task_11  job_8_task_12  job_3_task_10  job_2_task_11  job_1_task_9   job_6_task_13  job_2_task_13  job_1_task_12  job_1_task_13  job_13_task_13 
           [0,6]          [6,15]         [15,16]        [16,24]        [24,25]        [25,28]        [28,35]        [35,36]        [36,39]        [39,44]        [44,47]        [47,51]        [51,52]        [65,74]        [74,80]        [80,82]        [82,90]        [90,98]        [98,99]        [99,107]       [107,110]      [110,115]      [115,116]      [116,117]      [126,131]      [140,150]      [150,153]      [153,162]      [164,166]      [166,175]      [175,184]      [184,189]      [189,196]      [196,198]      [198,203]      [203,213]      [213,215]      [215,225]      [225,235]      [235,240]      [240,241]      [241,249]      [249,254]      [258,261]      [261,267]      [290,291]      
Machine 1: job_9_task_0   job_0_task_0   job_0_task_1   job_7_task_1   job_7_task_2   job_4_task_2   job_8_task_3   job_9_task_2   job_1_task_1   job_10_task_3  job_4_task_3   job_3_task_2   job_12_task_6  job_1_task_3   job_6_task_3   job_8_task_7   job_3_task_5   job_1_task_4   job_12_task_8  job_1_task_5   job_11_task_8  job_10_task_7  job_6_task_6   job_6_task_7   job_13_task_4  job_13_task_6  job_6_task_9   job_13_task_7  job_0_task_7   job_2_task_10  job_13_task_9  job_13_task_10 job_6_task_12  job_10_task_11 job_0_task_11  job_2_task_12  job_0_task_12  job_8_task_13  job_3_task_11  job_9_task_12  job_7_task_13  job_11_task_13 
           [0,6]          [6,10]         [10,15]        [15,21]        [21,30]        [30,40]        [40,44]        [44,52]        [52,58]        [58,65]        [65,69]        [69,70]        [70,78]        [78,86]        [86,89]        [89,98]        [98,107]       [107,114]      [114,123]      [123,128]      [131,132]      [133,140]      [142,143]      [143,145]      [149,150]      [153,161]      [161,163]      [163,166]      [166,170]      [188,198]      [198,202]      [202,209]      [209,217]      [232,235]      [235,241]      [241,249]      [249,255]      [255,265]      [265,266]      [266,273]      [273,282]      [282,289]      
Machine 2: job_4_task_0   job_5_task_0   job_8_task_1   job_2_task_1   job_8_task_2   job_5_task_2   job_6_task_0   job_10_task_1  job_10_task_2  job_2_task_2   job_5_task_3   job_8_task_5   job_2_task_3   job_9_task_3   job_7_task_4   job_2_task_4   job_13_task_0  job_2_task_5   job_11_task_2  job_4_task_4   job_4_task_5   job_10_task_6  job_0_task_4   job_6_task_4   job_9_task_6   job_13_task_3  job_5_task_7   job_9_task_7   job_0_task_5   job_3_task_6   job_7_task_7   job_4_task_6   job_8_task_9   job_7_task_8   job_2_task_9   job_8_task_10  job_7_task_9   job_0_task_9   job_1_task_7   job_5_task_11  job_0_task_10  job_10_task_10 job_1_task_8   job_5_task_12  job_5_task_13  job_1_task_10  job_0_task_13  job_12_task_13 job_4_task_13  job_13_task_12 
           [0,7]          [7,17]         [17,25]        [25,31]        [31,35]        [35,44]        [44,46]        [46,54]        [54,56]        [56,62]        [62,66]        [66,73]        [73,75]        [75,85]        [85,90]        [90,94]        [94,97]        [97,101]       [101,105]      [105,114]      [114,124]      [124,133]      [133,138]      [138,139]      [139,142]      [142,149]      [149,152]      [152,162]      [162,164]      [164,170]      [170,178]      [178,179]      [179,182]      [182,185]      [185,188]      [188,195]      [195,204]      [204,210]      [210,216]      [216,225]      [225,230]      [230,232]      [232,233]      [233,240]      [240,248]      [248,250]      [255,259]      [259,269]      [280,282]      [289,290]      
Machine 3: job_12_task_0  job_2_task_0   job_4_task_1   job_12_task_3  job_9_task_1   job_12_task_4  job_12_task_5  job_0_task_2   job_0_task_3   job_6_task_1   job_1_task_2   job_5_task_4   job_6_task_2   job_3_task_3   job_5_task_5   job_3_task_4   job_9_task_4   job_7_task_5   job_13_task_1  job_13_task_2  job_2_task_6   job_2_task_7   job_11_task_6  job_2_task_8   job_11_task_9  job_6_task_5   job_12_task_9  job_6_task_8   job_5_task_8   job_5_task_9   job_1_task_6   job_0_task_8   job_5_task_10  job_13_task_8  job_4_task_8   job_4_task_9   job_6_task_11  job_4_task_10  job_11_task_10 job_10_task_9  job_4_task_11  job_7_task_10  job_11_task_11 job_12_task_11 job_7_task_11  job_9_task_10  job_12_task_12 job_1_task_11  job_10_task_12 job_9_task_11  job_7_task_12  job_4_task_12  job_11_task_12 job_13_task_11 job_10_task_13 job_3_task_12  job_3_task_13  job_9_task_13  
           [0,10]         [10,20]        [20,27]        [27,35]        [35,40]        [40,48]        [48,49]        [49,51]        [51,53]        [53,61]        [61,67]        [67,68]        [68,77]        [77,79]        [79,84]        [84,90]        [90,92]        [92,101]       [101,102]      [102,108]      [108,109]      [109,117]      [117,126]      [126,135]      [135,139]      [139,142]      [142,148]      [148,153]      [153,156]      [156,164]      [164,173]      [173,180]      [180,186]      [186,190]      [190,193]      [193,200]      [200,209]      [209,210]      [210,214]      [214,217]      [217,227]      [227,232]      [232,242]      [242,246]      [246,248]      [248,249]      [249,253]      [253,258]      [258,263]      [263,266]      [266,270]      [270,280]      [280,282]      [282,289]      [289,298]      [298,299]      [299,306]      [306,309]      
Optimal Schedule Length: 309.0
Total (Unoptimized Schedule Length): 1050
Statistics
  - conflicts: 0
  - branches : 0
  - wall time: 0.31492890700000004s