
Problem
         task_0   task_1   task_2   task_3   task_4   task_5   task_6   task_7   task_8   task_9  task_10  task_11  task_12  task_13
job_0    (2, 7)   (2, 2)   (0, 9)   (2, 9)   (0, 9)   (0, 7)   (0, 5)   (0, 5)   (2, 9)   (2, 8)   (2, 7)   (0, 6)   (1, 1)   (0, 5)
job_1    (0, 8)   (0, 2)   (0, 2)   (2, 1)   (0, 8)   (2, 7)   (0, 6)   (0, 1)   (2, 5)   (2, 7)   (1, 9)   (1, 5)   (1, 6)   (2, 4)
job_2    (2, 3)   (0, 8)   (1, 7)   (2, 4)   (2, 6)  (1, 10)   (2, 2)   (1, 3)   (0, 8)   (1, 3)   (2, 2)   (2, 4)   (1, 2)  (1, 10)
job_3    (2, 4)   (2, 8)   (0, 6)   (1, 4)   (2, 8)   (1, 5)   (1, 2)   (0, 9)  (0, 10)   (0, 3)   (2, 9)   (1, 7)   (1, 1)   (1, 4)
job_4    (2, 1)   (1, 8)  (2, 10)  (0, 10)   (0, 4)   (1, 2)   (1, 8)   (0, 3)   (0, 7)   (0, 9)   (1, 9)   (2, 6)   (2, 2)   (1, 4)
job_5    (2, 4)  (1, 10)   (0, 3)   (0, 5)   (2, 2)   (2, 4)   (2, 8)   (0, 4)   (0, 1)   (2, 8)   (0, 7)   (0, 8)   (1, 6)   (2, 2)
job_6    (1, 8)   (0, 4)   (0, 8)   (1, 6)   (1, 1)   (0, 6)   (2, 3)   (0, 6)   (1, 9)   (0, 8)  (2, 10)  (0, 10)   (2, 4)   (2, 1)
job_7    (0, 5)   (1, 1)   (1, 4)   (2, 5)   (2, 9)   (0, 8)   (2, 4)   (2, 4)   (1, 8)   (1, 5)   (2, 6)   (1, 8)  (0, 10)   (1, 8)
job_8    (1, 9)   (1, 6)   (0, 8)  (0, 10)   (0, 1)  (1, 10)   (2, 5)   (1, 9)   (0, 2)   (0, 6)   (0, 2)   (0, 9)   (2, 9)   (1, 8)
job_9    (0, 9)   (0, 6)   (0, 9)   (2, 4)  (0, 10)   (2, 9)   (0, 7)   (0, 8)   (1, 2)   (2, 6)   (0, 7)   (0, 7)   (2, 9)   (2, 8)
job_10   (0, 4)   (0, 5)   (2, 5)   (0, 7)   (0, 6)   (1, 8)  (2, 10)   (2, 1)   (2, 3)   (1, 7)   (2, 4)   (1, 6)   (2, 6)   (1, 6)
job_11   (1, 5)   (1, 6)   (0, 8)   (0, 7)   (1, 7)   (0, 2)   (1, 5)   (1, 4)   (1, 4)   (1, 9)   (1, 8)   (0, 9)   (1, 9)   (0, 8)
job_12  (1, 10)   (1, 8)   (1, 7)   (2, 5)   (1, 8)   (0, 5)  (0, 10)   (2, 6)  (1, 10)   (0, 9)   (0, 7)   (0, 9)   (1, 4)  (0, 10)
job_13   (1, 6)   (2, 5)   (1, 4)   (1, 9)   (0, 1)   (2, 8)   (2, 8)   (0, 6)   (1, 3)   (0, 1)   (2, 2)   (2, 1)   (0, 9)   (0, 3)
job_14   (2, 5)   (2, 8)   (1, 4)   (1, 8)  (1, 10)   (1, 9)  (0, 10)   (1, 2)   (1, 8)   (0, 8)   (0, 4)   (0, 6)  (0, 10)   (2, 7)
job_15   (0, 4)   (2, 8)  (0, 10)  (2, 10)   (2, 5)   (1, 4)   (2, 2)  (2, 10)   (0, 4)  (2, 10)   (0, 4)   (0, 8)   (1, 9)  (0, 10)
job_16   (2, 4)   (0, 2)   (0, 1)   (1, 9)   (0, 2)  (1, 10)   (2, 2)   (2, 7)   (2, 2)   (1, 3)   (2, 9)   (0, 5)   (2, 8)   (0, 3)
job_17   (0, 9)   (0, 8)   (2, 3)   (2, 9)   (2, 6)   (2, 1)   (1, 3)   (2, 4)   (2, 4)   (0, 6)   (1, 2)   (2, 7)   (2, 7)   (2, 2)
job_18   (0, 3)   (0, 6)   (2, 1)   (2, 8)   (1, 7)   (2, 5)  (2, 10)   (2, 3)   (2, 4)   (2, 7)   (2, 2)   (1, 5)   (1, 1)   (0, 5)
job_19   (1, 9)   (0, 7)   (1, 5)   (2, 2)   (2, 4)  (2, 10)   (1, 3)   (1, 3)   (2, 4)   (2, 9)   (0, 7)   (2, 8)   (2, 5)   (2, 3)


Solution:
Machine 0: job_9_task_0   job_15_task_0  job_9_task_1   job_9_task_2   job_15_task_2  job_7_task_0   job_0_task_2   job_11_task_2  job_8_task_2   job_10_task_0  job_6_task_1   job_10_task_1  job_9_task_4   job_11_task_3  job_6_task_2   job_1_task_0   job_17_task_0  job_8_task_3   job_12_task_5  job_19_task_1  job_2_task_1   job_3_task_2   job_18_task_0  job_12_task_6  job_18_task_1  job_10_task_3  job_4_task_3   job_16_task_1  job_1_task_1   job_17_task_1  job_0_task_4   job_8_task_4   job_16_task_2  job_1_task_2   job_7_task_5   job_11_task_5  job_5_task_2   job_1_task_4   job_10_task_4  job_6_task_5   job_5_task_3   job_14_task_6  job_4_task_4   job_9_task_6   job_0_task_5   job_16_task_4  job_6_task_7   job_9_task_7   job_0_task_6   job_15_task_8  job_1_task_6   job_3_task_7   job_13_task_4  job_0_task_7   job_4_task_7   job_12_task_9  job_1_task_7   job_4_task_8   job_8_task_8   job_5_task_7   job_14_task_9  job_8_task_9   job_3_task_8   job_6_task_9   job_5_task_8   job_15_task_10 job_9_task_10  job_12_task_10 job_4_task_9   job_2_task_8   job_8_task_10  job_14_task_10 job_15_task_11 job_11_task_11 job_8_task_11  job_13_task_7  job_3_task_9   job_17_task_9  job_9_task_11  job_14_task_11 job_19_task_10 job_5_task_10  job_12_task_11 job_7_task_12  job_14_task_12 job_13_task_9  job_16_task_11 job_5_task_11  job_6_task_11  job_0_task_11  job_13_task_12 job_15_task_13 job_12_task_13 job_11_task_13 job_18_task_13 job_0_task_13  job_13_task_13 job_16_task_13 
           [0,9]          [9,13]         [13,19]        [19,28]        [28,38]        [38,43]        [43,52]        [52,60]        [60,68]        [68,72]        [72,76]        [76,81]        [81,91]        [91,98]        [98,106]       [106,114]      [114,123]      [123,133]      [133,138]      [138,145]      [145,153]      [153,159]      [159,162]      [162,172]      [172,178]      [178,185]      [185,195]      [195,197]      [197,199]      [199,207]      [207,216]      [216,217]      [217,218]      [218,220]      [220,228]      [228,230]      [230,233]      [233,241]      [241,247]      [247,253]      [253,258]      [258,268]      [268,272]      [272,279]      [279,286]      [286,288]      [288,294]      [294,302]      [302,307]      [307,311]      [311,317]      [317,326]      [326,327]      [327,332]      [332,335]      [335,344]      [344,345]      [345,352]      [352,354]      [354,358]      [358,366]      [366,372]      [372,382]      [382,390]      [390,391]      [391,395]      [395,402]      [402,409]      [409,418]      [418,426]      [426,428]      [428,432]      [432,440]      [440,449]      [449,458]      [458,464]      [464,467]      [467,473]      [473,480]      [480,486]      [486,493]      [493,500]      [500,509]      [509,519]      [519,529]      [529,530]      [530,535]      [535,543]      [543,553]      [553,559]      [559,568]      [568,578]      [578,588]      [588,596]      [596,601]      [601,606]      [606,609]      [609,612]      
Machine 1: job_12_task_0  job_12_task_1  job_8_task_0   job_11_task_0  job_12_task_2  job_14_task_2  job_11_task_1  job_8_task_1   job_6_task_0   job_4_task_1   job_14_task_3  job_7_task_1   job_7_task_2   job_19_task_0  job_12_task_4  job_14_task_4  job_5_task_1   job_13_task_0  job_11_task_4  job_6_task_3   job_14_task_5  job_19_task_2  job_15_task_5  job_2_task_2   job_3_task_3   job_6_task_4   job_13_task_2  job_13_task_3  job_3_task_5   job_3_task_6   job_18_task_4  job_12_task_8  job_19_task_6  job_19_task_7  job_8_task_5   job_16_task_3  job_11_task_6  job_11_task_7  job_11_task_8  job_10_task_5  job_7_task_8   job_8_task_7   job_4_task_5   job_4_task_6   job_14_task_7  job_2_task_5   job_16_task_5  job_14_task_8  job_11_task_9  job_6_task_8   job_9_task_8   job_7_task_9   job_17_task_6  job_11_task_10 job_2_task_7   job_10_task_9  job_7_task_11  job_1_task_10  job_16_task_9  job_1_task_11  job_1_task_12  job_4_task_10  job_2_task_9   job_15_task_12 job_10_task_11 job_11_task_12 job_13_task_8  job_2_task_12  job_2_task_13  job_17_task_10 job_3_task_11  job_18_task_11 job_8_task_13  job_18_task_12 job_3_task_12  job_3_task_13  job_12_task_12 job_10_task_13 job_7_task_13  job_5_task_12  job_4_task_13  job_0_task_12  
           [0,10]         [10,18]        [18,27]        [27,32]        [32,39]        [39,43]        [43,49]        [49,55]        [55,63]        [63,71]        [71,79]        [79,80]        [80,84]        [84,93]        [93,101]       [101,111]      [111,121]      [121,127]      [127,134]      [134,140]      [140,149]      [149,154]      [154,158]      [158,165]      [165,169]      [169,170]      [170,174]      [174,183]      [183,188]      [188,190]      [190,197]      [197,207]      [209,212]      [212,215]      [217,227]      [227,236]      [236,241]      [241,245]      [245,249]      [249,257]      [257,265]      [265,274]      [274,276]      [276,284]      [284,286]      [286,296]      [296,306]      [306,314]      [314,323]      [323,332]      [332,334]      [334,339]      [339,342]      [342,350]      [350,353]      [353,360]      [381,389]      [389,398]      [398,401]      [401,406]      [406,412]      [418,427]      [427,430]      [440,449]      [449,455]      [455,464]      [464,467]      [467,469]      [469,479]      [479,481]      [481,488]      [488,493]      [493,501]      [501,502]      [502,503]      [503,507]      [509,513]      [513,519]      [519,527]      [543,549]      [556,560]      [560,561]      
Machine 2: job_14_task_0  job_14_task_1  job_15_task_1  job_0_task_0   job_4_task_0   job_0_task_1   job_3_task_0   job_9_task_3   job_12_task_3  job_3_task_1   job_15_task_3  job_2_task_0   job_5_task_0   job_0_task_3   job_4_task_2   job_7_task_3   job_7_task_4   job_10_task_2  job_16_task_0  job_15_task_4  job_9_task_5   job_13_task_1  job_19_task_3  job_19_task_4  job_15_task_6  job_15_task_7  job_3_task_4   job_18_task_2  job_18_task_3  job_12_task_7  job_2_task_3   job_19_task_5  job_17_task_2  job_17_task_3  job_1_task_3   job_2_task_4   job_7_task_6   job_8_task_6   job_7_task_7   job_1_task_5   job_18_task_5  job_6_task_6   job_17_task_4  job_5_task_4   job_5_task_5   job_5_task_6   job_10_task_6  job_18_task_6  job_17_task_5  job_19_task_8  job_2_task_6   job_10_task_7  job_10_task_8  job_16_task_6  job_16_task_7  job_15_task_9  job_19_task_9  job_13_task_5  job_9_task_9   job_1_task_8   job_0_task_8   job_13_task_6  job_17_task_7  job_7_task_10  job_1_task_9   job_16_task_8  job_17_task_8  job_5_task_9   job_18_task_7  job_0_task_9   job_16_task_10 job_6_task_10  job_18_task_8  job_10_task_10 job_18_task_9  job_0_task_10  job_2_task_10  job_2_task_11  job_8_task_12  job_3_task_10  job_18_task_10 job_9_task_12  job_17_task_11 job_19_task_11 job_10_task_12 job_4_task_11  job_17_task_12 job_19_task_12 job_9_task_13  job_13_task_10 job_13_task_11 job_16_task_12 job_14_task_13 job_4_task_12  job_6_task_12  job_1_task_13  job_19_task_13 job_5_task_13  job_17_task_13 job_6_task_13  
           [0,5]          [5,13]         [13,21]        [21,28]        [28,29]        [29,31]        [31,35]        [35,39]        [39,44]        [44,52]        [52,62]        [62,65]        [65,69]        [69,78]        [78,88]        [88,93]        [93,102]       [102,107]      [107,111]      [111,116]      [116,125]      [127,132]      [154,156]      [156,160]      [160,162]      [162,172]      [172,180]      [180,181]      [181,189]      [189,195]      [195,199]      [199,209]      [209,212]      [212,221]      [221,222]      [222,228]      [228,232]      [232,237]      [237,241]      [241,248]      [248,253]      [253,256]      [256,262]      [262,264]      [264,268]      [268,276]      [276,286]      [286,296]      [296,297]      [297,301]      [301,303]      [303,304]      [304,307]      [307,309]      [309,316]      [316,326]      [326,335]      [335,343]      [343,349]      [349,354]      [354,363]      [363,371]      [371,375]      [375,381]      [381,388]      [388,390]      [390,394]      [394,402]      [402,405]      [405,413]      [413,422]      [422,432]      [432,436]      [436,440]      [440,447]      [447,454]      [454,456]      [456,460]      [460,469]      [469,478]      [478,480]      [480,489]      [489,496]      [496,504]      [504,510]      [510,516]      [516,523]      [523,528]      [528,536]      [536,538]      [538,539]      [539,547]      [547,554]      [554,556]      [556,560]      [560,564]      [564,567]      [567,569]      [569,571]      [571,572]      
Optimal Schedule Length: 612.0
Total (Unoptimized Schedule Length): 1655
Statistics
  - conflicts: 1
  - branches : 281
  - wall time: 0.286508451s