
Problem
         task_0   task_1   task_2   task_3   task_4   task_5   task_6   task_7   task_8   task_9  task_10  task_11  task_12 task_13  task_14  task_15 task_16  task_17  task_18
job_0    (1, 8)   (3, 5)   (3, 8)   (1, 4)   (2, 8)   (2, 8)   (1, 6)   (0, 6)   (1, 6)   (1, 3)   (2, 7)   (3, 5)   (1, 6)  (0, 2)   (1, 1)   (1, 3)  (0, 9)  (2, 10)   (3, 5)
job_1    (3, 1)   (0, 8)   (2, 2)   (1, 1)   (2, 1)   (2, 2)   (0, 2)   (3, 2)   (2, 3)   (1, 3)   (2, 2)   (3, 3)   (2, 4)  (1, 2)   (3, 6)  (1, 10)  (2, 7)   (3, 6)  (3, 10)
job_2   (4, 10)  (1, 10)   (1, 8)   (4, 1)   (4, 2)  (3, 10)   (3, 7)   (4, 9)   (4, 7)   (0, 2)   (4, 3)   (2, 9)   (2, 8)  (3, 8)   (0, 9)   (3, 5)  (3, 1)  (3, 10)   (4, 7)
job_3    (3, 1)   (4, 7)   (0, 7)   (4, 2)  (2, 10)   (1, 4)   (4, 7)   (1, 6)   (4, 3)   (3, 2)   (2, 6)   (4, 7)   (1, 2)  (0, 1)   (2, 5)   (2, 2)  (4, 5)   (4, 3)   (0, 8)
job_4    (0, 9)   (0, 2)   (2, 4)   (0, 9)   (3, 5)   (3, 7)   (3, 4)   (4, 6)   (3, 4)   (3, 6)   (2, 6)   (2, 9)   (3, 1)  (4, 6)   (3, 4)  (3, 10)  (1, 8)  (3, 10)   (3, 4)
job_5    (3, 7)   (1, 6)   (3, 1)   (2, 1)   (1, 2)   (3, 9)   (4, 6)   (1, 1)   (4, 2)   (4, 4)   (1, 3)   (1, 5)   (3, 9)  (1, 9)   (1, 8)   (3, 1)  (4, 8)  (1, 10)   (4, 7)
job_6    (3, 7)   (2, 4)   (0, 8)   (0, 3)   (0, 8)   (0, 1)   (4, 5)   (2, 1)   (1, 2)   (3, 9)   (1, 5)   (3, 2)   (2, 8)  (4, 2)   (2, 1)   (1, 4)  (3, 2)  (1, 10)   (2, 5)
job_7   (2, 10)  (4, 10)   (0, 8)   (4, 5)   (1, 2)   (1, 7)   (2, 1)   (4, 8)   (3, 7)   (1, 3)  (4, 10)   (3, 6)  (0, 10)  (2, 4)   (4, 1)  (3, 10)  (2, 8)  (4, 10)   (1, 5)
job_8   (3, 10)   (3, 4)   (2, 9)   (4, 1)   (4, 9)   (4, 4)   (4, 8)   (0, 2)  (1, 10)   (1, 5)   (4, 2)   (2, 6)   (0, 1)  (0, 2)   (2, 1)   (0, 1)  (4, 3)   (2, 4)   (1, 5)
job_9    (3, 6)   (0, 3)  (4, 10)   (3, 5)   (2, 3)   (2, 3)   (0, 1)   (2, 7)   (3, 2)   (2, 6)   (0, 2)   (1, 7)   (0, 5)  (2, 9)   (2, 4)   (2, 3)  (2, 5)   (0, 6)   (3, 6)
job_10   (1, 7)   (4, 8)   (2, 3)   (1, 3)   (4, 5)   (3, 3)   (2, 8)   (1, 2)   (2, 6)   (3, 7)   (3, 9)   (0, 1)   (1, 3)  (4, 7)   (3, 6)   (0, 7)  (2, 9)   (4, 9)   (2, 6)
job_11   (3, 2)   (4, 8)   (1, 9)   (3, 8)   (2, 4)   (2, 6)   (2, 2)   (4, 1)   (3, 9)   (3, 6)   (4, 4)   (1, 9)   (0, 7)  (1, 3)  (0, 10)   (1, 5)  (1, 6)   (4, 6)   (3, 5)
job_12   (3, 2)   (4, 8)   (4, 9)   (4, 4)   (3, 7)   (4, 8)   (3, 2)  (4, 10)   (3, 5)  (1, 10)  (3, 10)  (3, 10)   (0, 2)  (2, 7)   (0, 1)   (3, 7)  (3, 5)   (0, 6)   (3, 1)
job_13   (0, 7)   (2, 3)   (4, 9)   (2, 4)   (3, 3)   (3, 4)  (2, 10)   (0, 3)   (0, 9)   (0, 5)   (4, 2)   (4, 3)   (0, 6)  (0, 9)   (2, 6)   (0, 2)  (1, 5)   (0, 2)   (2, 3)
job_14   (4, 3)   (0, 8)   (1, 3)  (3, 10)   (3, 1)   (0, 7)   (0, 3)   (1, 9)   (4, 5)  (4, 10)   (4, 2)   (1, 7)   (2, 8)  (0, 6)   (1, 3)   (3, 6)  (3, 5)   (3, 7)   (4, 5)
job_15   (2, 1)   (4, 4)   (4, 6)   (3, 3)   (0, 2)   (1, 4)   (4, 7)  (3, 10)   (3, 9)   (1, 6)   (2, 9)   (3, 3)   (4, 6)  (3, 9)   (0, 2)   (3, 4)  (0, 2)   (4, 5)   (3, 6)
job_16   (3, 4)   (2, 1)   (0, 5)   (4, 6)   (1, 9)   (0, 3)   (3, 8)   (4, 6)   (0, 3)   (3, 2)   (1, 5)   (0, 3)   (3, 3)  (1, 9)   (3, 5)   (4, 5)  (3, 2)   (2, 1)   (0, 5)
job_17   (1, 4)   (0, 9)   (1, 2)   (1, 3)   (1, 7)   (0, 4)  (2, 10)   (2, 4)  (3, 10)   (2, 4)   (1, 4)   (1, 8)   (1, 9)  (4, 7)   (2, 2)   (2, 1)  (1, 6)   (2, 9)   (2, 7)
job_18   (2, 9)   (1, 4)  (4, 10)   (4, 5)   (4, 7)   (0, 4)   (0, 5)   (4, 8)   (3, 5)   (0, 5)   (0, 3)   (1, 3)   (1, 5)  (1, 2)   (3, 8)   (1, 2)  (3, 3)   (4, 8)   (4, 6)


Solution:
Machine 0: job_4_task_0   job_17_task_1  job_4_task_1   job_7_task_2   job_4_task_3   job_14_task_1  job_13_task_0  job_9_task_1   job_6_task_2   job_6_task_3   job_6_task_4   job_17_task_5  job_6_task_5   job_15_task_4  job_3_task_2   job_16_task_2  job_14_task_5  job_14_task_6  job_0_task_7   job_1_task_1   job_9_task_6   job_1_task_6   job_16_task_5  job_18_task_5  job_18_task_6  job_13_task_7  job_13_task_8  job_13_task_9  job_2_task_9   job_10_task_11 job_7_task_12  job_9_task_10  job_18_task_9  job_18_task_10 job_11_task_12 job_8_task_7   job_9_task_12  job_16_task_8  job_2_task_14  job_13_task_12 job_14_task_13 job_16_task_11 job_10_task_15 job_11_task_14 job_0_task_13  job_12_task_12 job_13_task_13 job_12_task_14 job_9_task_17  job_0_task_16  job_15_task_14 job_3_task_13  job_8_task_12  job_8_task_13  job_13_task_15 job_3_task_18  job_15_task_16 job_8_task_15  job_13_task_17 job_12_task_17 job_16_task_18 
           [0,9]          [9,18]         [18,20]        [20,28]        [28,37]        [37,45]        [45,52]        [52,55]        [55,63]        [63,66]        [66,74]        [74,78]        [78,79]        [91,93]        [100,107]      [107,112]      [112,119]      [119,122]      [123,129]      [134,142]      [158,159]      [161,163]      [171,174]      [175,179]      [179,184]      [184,187]      [187,196]      [196,201]      [201,203]      [238,239]      [246,256]      [256,258]      [260,265]      [265,268]      [279,286]      [286,288]      [288,293]      [293,296]      [296,305]      [310,316]      [316,322]      [322,325]      [325,332]      [332,342]      [342,344]      [344,346]      [346,355]      [355,356]      [356,362]      [363,372]      [372,374]      [374,375]      [375,376]      [376,378]      [390,392]      [398,406]      [406,408]      [410,411]      [433,435]      [441,447]      [461,466]      
Machine 1: job_17_task_0  job_0_task_0   job_2_task_1   job_10_task_0  job_2_task_2   job_17_task_2  job_11_task_2  job_14_task_2  job_17_task_3  job_18_task_1  job_5_task_1   job_17_task_4  job_7_task_4   job_10_task_3  job_7_task_5   job_0_task_3   job_15_task_5  job_5_task_4   job_0_task_6   job_14_task_7  job_10_task_7  job_0_task_8   job_0_task_9   job_7_task_9   job_1_task_3   job_16_task_4  job_17_task_10 job_17_task_11 job_5_task_7   job_12_task_9  job_3_task_5   job_5_task_10  job_5_task_11  job_17_task_12 job_1_task_9   job_15_task_9  job_10_task_12 job_5_task_13  job_3_task_7   job_11_task_11 job_6_task_8   job_9_task_11  job_14_task_11 job_1_task_13  job_8_task_8   job_6_task_10  job_16_task_10 job_18_task_11 job_0_task_12  job_11_task_13 job_18_task_12 job_5_task_14  job_1_task_15  job_8_task_9   job_18_task_13 job_0_task_14  job_0_task_15  job_16_task_13 job_3_task_12  job_14_task_14 job_11_task_15 job_17_task_16 job_4_task_16  job_6_task_15  job_18_task_15 job_11_task_16 job_5_task_17  job_6_task_17  job_13_task_16 job_8_task_18  job_7_task_18  
           [0,4]          [4,12]         [12,22]        [22,29]        [29,37]        [37,39]        [39,48]        [48,51]        [51,54]        [54,58]        [58,64]        [64,71]        [71,73]        [73,76]        [76,83]        [83,87]        [93,97]        [97,99]        [117,123]      [123,132]      [132,134]      [134,140]      [140,143]      [146,149]      [155,156]      [162,171]      [182,186]      [186,194]      [194,195]      [195,205]      [205,209]      [209,212]      [212,217]      [217,226]      [226,229]      [229,235]      [239,242]      [255,264]      [264,270]      [270,279]      [279,281]      [281,288]      [288,295]      [295,297]      [297,307]      [307,312]      [312,317]      [317,320]      [320,326]      [326,329]      [329,334]      [334,342]      [342,352]      [352,357]      [357,359]      [359,360]      [360,363]      [363,372]      [372,374]      [374,377]      [377,382]      [382,388]      [388,396]      [396,400]      [400,402]      [402,408]      [408,418]      [418,428]      [428,433]      [433,438]      [438,443]      
Machine 2: job_7_task_0   job_18_task_0  job_15_task_0  job_4_task_2   job_6_task_1   job_13_task_1  job_10_task_2  job_17_task_6  job_0_task_4   job_5_task_3   job_7_task_6   job_11_task_4  job_16_task_1  job_11_task_5  job_0_task_5   job_10_task_6  job_13_task_3  job_11_task_6  job_8_task_2   job_17_task_7  job_10_task_8  job_9_task_4   job_1_task_2   job_9_task_5   job_1_task_4   job_1_task_5   job_9_task_7   job_13_task_6  job_17_task_9  job_0_task_10  job_3_task_4   job_4_task_10  job_4_task_11  job_1_task_8   job_1_task_10  job_2_task_11  job_9_task_9   job_2_task_12  job_15_task_10 job_6_task_7   job_7_task_13  job_1_task_12  job_9_task_13  job_14_task_12 job_3_task_10  job_9_task_14  job_17_task_14 job_17_task_15 job_9_task_15  job_9_task_16  job_6_task_12  job_10_task_16 job_12_task_13 job_1_task_16  job_8_task_11  job_7_task_16  job_3_task_14  job_6_task_14  job_3_task_15  job_13_task_14 job_17_task_17 job_0_task_17  job_8_task_14  job_17_task_18 job_8_task_17  job_10_task_18 job_6_task_18  job_13_task_18 job_16_task_17 
           [0,10]         [10,19]        [19,20]        [20,24]        [38,42]        [52,55]        [56,59]        [78,88]        [88,96]        [96,97]        [97,98]        [98,102]       [102,103]      [103,109]      [109,117]      [117,125]      [125,129]      [129,131]      [131,140]      [140,144]      [144,150]      [150,153]      [153,155]      [155,158]      [158,159]      [159,161]      [161,168]      [168,178]      [178,182]      [182,189]      [189,199]      [199,205]      [205,214]      [221,224]      [229,231]      [235,244]      [244,250]      [250,258]      [258,267]      [267,268]      [268,272]      [273,277]      [293,302]      [302,310]      [310,316]      [316,320]      [320,322]      [322,323]      [323,326]      [326,331]      [331,339]      [339,348]      [348,355]      [355,362]      [362,368]      [368,376]      [376,381]      [381,382]      [382,384]      [384,390]      [390,399]      [399,409]      [409,410]      [410,417]      [417,421]      [421,427]      [428,433]      [435,438]      [460,461]      
Machine 3: job_12_task_0  job_11_task_0  job_5_task_0   job_9_task_0   job_0_task_1   job_0_task_2   job_3_task_0   job_6_task_0   job_4_task_4   job_8_task_0   job_14_task_3  job_2_task_5   job_12_task_4  job_11_task_3  job_15_task_3  job_5_task_2   job_16_task_0  job_2_task_6   job_4_task_5   job_14_task_4  job_10_task_5  job_5_task_5   job_4_task_6   job_8_task_1   job_12_task_6  job_1_task_0   job_9_task_3   job_7_task_8   job_13_task_4  job_15_task_7  job_13_task_5  job_17_task_8  job_4_task_8   job_4_task_9   job_10_task_9  job_12_task_8  job_11_task_8  job_11_task_9  job_15_task_8  job_1_task_7   job_16_task_6  job_10_task_10 job_9_task_8   job_7_task_11  job_5_task_12  job_18_task_8  job_12_task_10 job_1_task_11  job_4_task_12  job_0_task_11  job_2_task_13  job_6_task_9   job_3_task_9   job_16_task_9  job_1_task_14  job_12_task_11 job_15_task_11 job_10_task_14 job_4_task_14  job_6_task_11  job_7_task_15  job_4_task_15  job_16_task_12 job_15_task_13 job_18_task_14 job_5_task_15  job_2_task_15  job_14_task_15 job_12_task_15 job_2_task_16  job_16_task_14 job_15_task_15 job_6_task_16  job_18_task_16 job_14_task_16 job_2_task_17  job_1_task_17  job_4_task_17  job_12_task_16 job_14_task_17 job_1_task_18  job_16_task_16 job_9_task_18  job_15_task_18 job_0_task_18  job_11_task_18 job_4_task_18  job_12_task_18 
           [0,2]          [2,4]          [4,11]         [11,17]        [17,22]        [22,30]        [30,31]        [31,38]        [38,43]        [43,53]        [53,63]        [63,73]        [73,80]        [80,88]        [88,91]        [91,92]        [92,96]        [96,103]       [103,110]      [110,111]      [111,114]      [114,123]      [123,127]      [127,131]      [131,133]      [133,134]      [134,139]      [139,146]      [146,149]      [149,159]      [159,163]      [163,173]      [173,177]      [177,183]      [183,190]      [190,195]      [195,204]      [204,210]      [210,219]      [219,221]      [221,229]      [229,238]      [238,240]      [240,246]      [246,255]      [255,260]      [260,270]      [270,273]      [273,274]      [274,279]      [279,287]      [287,296]      [296,298]      [298,300]      [300,306]      [306,316]      [316,319]      [319,325]      [325,329]      [329,331]      [331,341]      [341,351]      [351,354]      [354,363]      [363,371]      [371,372]      [372,377]      [377,383]      [383,390]      [390,391]      [391,396]      [396,400]      [400,402]      [402,405]      [405,410]      [410,420]      [420,426]      [426,436]      [436,441]      [441,448]      [448,458]      [458,460]      [460,466]      [466,472]      [472,477]      [477,482]      [482,486]      [486,487]      
Machine 4: job_2_task_0   job_7_task_1   job_12_task_1  job_14_task_0  job_11_task_1  job_12_task_2  job_10_task_1  job_2_task_3   job_2_task_4   job_15_task_1  job_7_task_3   job_12_task_3  job_15_task_2  job_18_task_2  job_10_task_4  job_3_task_1   job_13_task_2  job_12_task_5  job_9_task_2   job_7_task_7   job_18_task_3  job_15_task_6  job_2_task_7   job_16_task_3  job_4_task_7   job_18_task_4  job_12_task_7  job_3_task_3   job_5_task_6   job_11_task_7  job_2_task_8   job_5_task_8   job_8_task_3   job_5_task_9   job_14_task_8  job_7_task_10  job_8_task_4   job_2_task_10  job_14_task_9  job_18_task_7  job_3_task_6   job_6_task_6   job_11_task_10 job_8_task_5   job_8_task_6   job_14_task_10 job_16_task_7  job_3_task_8   job_10_task_13 job_4_task_13  job_13_task_10 job_13_task_11 job_7_task_14  job_17_task_13 job_3_task_11  job_15_task_12 job_6_task_13  job_10_task_17 job_8_task_10  job_5_task_16  job_7_task_17  job_3_task_16  job_3_task_17  job_16_task_15 job_18_task_17 job_8_task_16  job_15_task_17 job_11_task_17 job_2_task_18  job_5_task_18  job_18_task_18 job_14_task_18 
           [0,10]         [10,20]        [20,28]        [28,31]        [31,39]        [39,48]        [48,56]        [56,57]        [57,59]        [59,63]        [63,68]        [68,72]        [72,78]        [78,88]        [88,93]        [93,100]       [100,109]      [109,117]      [117,127]      [127,135]      [135,140]      [140,147]      [147,156]      [156,162]      [162,168]      [168,175]      [175,185]      [185,187]      [187,193]      [193,194]      [194,201]      [201,203]      [203,204]      [204,208]      [208,213]      [213,223]      [223,232]      [232,235]      [235,245]      [245,253]      [253,260]      [260,265]      [265,269]      [269,273]      [273,281]      [281,283]      [283,289]      [289,292]      [292,299]      [299,305]      [305,307]      [307,310]      [310,311]      [311,318]      [318,325]      [325,331]      [339,341]      [348,357]      [357,359]      [372,380]      [380,390]      [390,395]      [395,398]      [398,403]      [405,413]      [413,416]      [416,421]      [421,427]      [427,434]      [434,441]      [441,447]      [448,453]      
Optimal Schedule Length: 487.0
Total (Unoptimized Schedule Length): 1935
Statistics
  - conflicts: 0
  - branches : 0
  - wall time: 0.32129391300000004s