
Problem
         task_0  task_1   task_2   task_3   task_4  task_5   task_6   task_7   task_8   task_9 task_10  task_11  task_12  task_13  task_14  task_15
job_0    (3, 7)  (0, 4)   (4, 5)   (4, 8)   (5, 1)  (2, 8)   (4, 4)   (2, 6)   (5, 4)   (2, 4)  (1, 3)   (6, 1)   (0, 6)   (4, 7)  (6, 10)   (5, 7)
job_1   (5, 10)  (6, 4)   (4, 6)   (3, 1)   (6, 6)  (5, 6)   (0, 7)   (1, 9)   (5, 1)   (3, 2)  (1, 9)   (3, 3)   (3, 3)   (0, 2)   (6, 3)  (1, 10)
job_2   (0, 10)  (1, 3)  (0, 10)   (1, 5)   (4, 6)  (6, 4)   (0, 8)  (5, 10)   (3, 1)  (2, 10)  (3, 5)   (1, 4)   (2, 9)   (6, 8)   (2, 3)   (2, 9)
job_3    (1, 5)  (2, 1)   (4, 7)   (5, 2)   (2, 6)  (6, 9)  (3, 10)   (5, 5)   (0, 5)   (5, 5)  (4, 5)   (1, 2)  (3, 10)   (5, 8)   (1, 6)   (6, 5)
job_4    (3, 8)  (2, 1)   (2, 8)   (4, 6)   (5, 9)  (1, 6)   (3, 7)   (4, 3)   (2, 3)   (3, 2)  (1, 6)   (6, 9)   (3, 5)   (1, 6)   (4, 6)   (1, 6)
job_5    (2, 9)  (4, 8)  (4, 10)  (0, 10)   (6, 5)  (2, 8)   (0, 9)   (4, 4)   (2, 4)   (5, 4)  (4, 9)   (5, 7)   (6, 2)   (6, 8)   (2, 9)   (4, 7)
job_6    (5, 1)  (2, 4)   (4, 3)   (2, 7)   (2, 6)  (3, 6)   (6, 9)  (0, 10)   (2, 5)  (1, 10)  (0, 7)   (3, 2)   (0, 3)   (5, 1)   (2, 6)   (0, 8)
job_7    (1, 2)  (4, 3)   (6, 7)   (2, 4)   (2, 9)  (1, 4)   (2, 6)   (2, 5)   (5, 8)   (0, 4)  (4, 6)  (4, 10)   (2, 1)   (3, 2)   (6, 8)   (3, 2)
job_8    (3, 2)  (5, 7)   (0, 9)   (2, 2)   (4, 6)  (2, 4)  (0, 10)   (3, 3)   (6, 7)   (6, 8)  (0, 3)   (2, 6)   (4, 8)   (6, 9)   (2, 5)   (1, 9)
job_9    (4, 9)  (6, 7)   (4, 5)   (0, 2)   (2, 8)  (1, 8)   (6, 9)   (4, 1)   (2, 5)   (0, 3)  (0, 1)   (2, 1)   (3, 9)   (3, 9)   (4, 8)   (5, 4)
job_10   (0, 4)  (4, 5)   (1, 9)   (1, 8)  (6, 10)  (2, 2)   (5, 6)   (2, 2)  (2, 10)   (0, 7)  (2, 1)   (1, 5)   (3, 4)   (5, 6)   (4, 8)   (5, 4)
job_11   (5, 7)  (0, 5)   (2, 1)   (5, 4)   (4, 9)  (3, 9)   (6, 4)   (6, 6)   (0, 6)   (0, 2)  (4, 3)   (5, 2)   (5, 9)  (4, 10)   (4, 4)   (1, 1)
job_12   (5, 2)  (4, 5)   (2, 6)   (0, 9)  (5, 10)  (6, 8)   (1, 4)   (6, 5)   (0, 3)  (0, 10)  (4, 2)  (1, 10)   (3, 9)   (1, 9)   (1, 2)   (1, 7)
job_13   (5, 5)  (4, 1)   (2, 4)   (2, 7)   (4, 4)  (3, 7)   (0, 4)   (5, 7)  (2, 10)   (5, 6)  (5, 7)  (1, 10)   (5, 3)  (5, 10)   (6, 7)   (2, 3)
job_14   (3, 1)  (5, 4)   (2, 7)   (1, 8)   (0, 9)  (6, 3)   (1, 7)   (1, 9)   (5, 8)   (1, 2)  (2, 9)   (3, 8)   (0, 4)   (2, 1)   (0, 5)   (4, 3)


Solution:
Machine 0: job_2_task_0   job_10_task_0  job_2_task_2   job_8_task_2   job_12_task_3  job_5_task_3   job_0_task_1   job_11_task_1  job_14_task_4  job_13_task_6  job_8_task_6   job_9_task_3   job_2_task_6   job_5_task_6   job_6_task_7   job_1_task_6   job_12_task_8  job_12_task_9  job_3_task_8   job_8_task_10  job_11_task_8  job_11_task_9  job_1_task_13  job_7_task_9   job_6_task_10  job_9_task_9   job_9_task_10  job_6_task_12  job_0_task_12  job_10_task_9  job_14_task_12 job_6_task_15  job_14_task_14 
           [0,10]         [10,14]        [14,24]        [24,33]        [33,42]        [42,52]        [52,56]        [56,61]        [61,70]        [70,74]        [74,84]        [84,86]        [86,94]        [94,103]       [103,113]      [114,121]      [121,124]      [124,134]      [134,139]      [139,142]      [148,154]      [154,156]      [166,168]      [172,176]      [179,186]      [186,189]      [189,190]      [190,193]      [193,199]      [199,206]      [206,210]      [223,231]      [233,238]      
Machine 1: job_3_task_0   job_7_task_0   job_2_task_1   job_2_task_3   job_14_task_3  job_10_task_2  job_10_task_3  job_14_task_6  job_14_task_7  job_4_task_5   job_12_task_6  job_9_task_5   job_7_task_5   job_14_task_9  job_1_task_7   job_4_task_10  job_12_task_11 job_1_task_10  job_13_task_11 job_2_task_11  job_6_task_9   job_4_task_13  job_3_task_11  job_0_task_10  job_12_task_13 job_1_task_15  job_10_task_11 job_12_task_14 job_12_task_15 job_3_task_14  job_8_task_15  job_4_task_15  job_11_task_15 
           [0,5]          [5,7]          [10,13]        [24,29]        [36,44]        [44,53]        [53,61]        [76,83]        [83,92]        [94,100]       [100,104]      [104,112]      [112,116]      [116,118]      [121,130]      [130,136]      [136,146]      [146,155]      [155,165]      [165,169]      [169,179]      [179,185]      [185,187]      [187,190]      [190,199]      [199,209]      [209,214]      [214,216]      [216,223]      [223,229]      [229,238]      [238,244]      [244,245]      
Machine 2: job_5_task_0   job_3_task_1   job_4_task_1   job_4_task_2   job_6_task_1   job_12_task_2  job_14_task_2  job_13_task_2  job_13_task_3  job_8_task_3   job_3_task_4   job_6_task_3   job_6_task_4   job_8_task_5   job_5_task_5   job_11_task_2  job_7_task_3   job_7_task_4   job_9_task_4   job_0_task_5   job_13_task_8  job_5_task_8   job_4_task_8   job_0_task_7   job_2_task_9   job_10_task_5  job_7_task_6   job_7_task_7   job_10_task_7  job_8_task_11  job_6_task_8   job_14_task_10 job_9_task_8   job_0_task_9   job_10_task_8  job_9_task_11  job_5_task_14  job_10_task_10 job_2_task_12  job_6_task_14  job_8_task_14  job_7_task_12  job_2_task_14  job_14_task_13 job_2_task_15  job_13_task_15 
           [0,9]          [9,10]         [10,11]        [11,19]        [19,23]        [23,29]        [29,36]        [36,40]        [40,47]        [47,49]        [49,55]        [55,62]        [62,68]        [68,72]        [72,80]        [80,81]        [81,85]        [85,94]        [94,102]       [102,110]      [110,120]      [120,124]      [124,127]      [127,133]      [133,143]      [143,145]      [145,151]      [151,156]      [156,158]      [158,164]      [164,169]      [169,178]      [178,183]      [183,187]      [187,197]      [197,198]      [198,207]      [207,208]      [208,217]      [217,223]      [223,228]      [228,229]      [229,232]      [232,233]      [233,242]      [242,245]      
Machine 3: job_8_task_0   job_4_task_0   job_14_task_0  job_0_task_0   job_13_task_5  job_6_task_5   job_3_task_6   job_8_task_7   job_1_task_3   job_4_task_6   job_11_task_5  job_2_task_8   job_4_task_9   job_1_task_9   job_12_task_12 job_2_task_10  job_1_task_11  job_1_task_12  job_4_task_12  job_14_task_11 job_6_task_11  job_3_task_12  job_9_task_12  job_9_task_13  job_10_task_12 job_7_task_13  job_7_task_15  
           [0,2]          [2,10]         [10,11]        [11,18]        [52,59]        [68,74]        [74,84]        [84,87]        [97,98]        [100,107]      [107,116]      [124,125]      [127,129]      [142,144]      [146,155]      [155,160]      [160,163]      [163,166]      [166,171]      [178,186]      [188,190]      [190,200]      [200,209]      [209,218]      [218,222]      [229,231]      [239,241]      
Machine 4: job_9_task_0   job_5_task_1   job_12_task_1  job_5_task_2   job_13_task_1  job_10_task_1  job_3_task_2   job_7_task_1   job_13_task_4  job_6_task_2   job_8_task_4   job_2_task_4   job_0_task_2   job_4_task_3   job_9_task_2   job_0_task_3   job_1_task_2   job_11_task_4  job_5_task_7   job_0_task_6   job_4_task_7   job_9_task_7   job_12_task_10 job_5_task_10  job_11_task_10 job_3_task_10  job_8_task_12  job_7_task_10  job_7_task_11  job_11_task_13 job_0_task_13  job_5_task_15  job_4_task_14  job_9_task_14  job_10_task_14 job_11_task_14 job_14_task_15 
           [0,9]          [9,17]         [17,22]        [22,32]        [32,33]        [33,38]        [38,45]        [45,48]        [48,52]        [52,55]        [55,61]        [61,67]        [67,72]        [72,78]        [78,83]        [83,91]        [91,97]        [97,106]       [106,110]      [110,114]      [114,117]      [128,129]      [134,136]      [136,145]      [156,159]      [159,164]      [164,172]      [176,182]      [182,192]      [192,202]      [202,209]      [209,216]      [216,222]      [222,230]      [230,238]      [238,242]      [242,245]      
Machine 5: job_12_task_0  job_8_task_1   job_13_task_0  job_6_task_0   job_14_task_1  job_11_task_0  job_1_task_0   job_3_task_3   job_12_task_4  job_13_task_7  job_11_task_3  job_4_task_4   job_0_task_4   job_14_task_8  job_3_task_7   job_1_task_5   job_2_task_7   job_5_task_9   job_13_task_9  job_13_task_10 job_1_task_8   job_0_task_8   job_10_task_6  job_3_task_9   job_5_task_11  job_7_task_8   job_11_task_11 job_11_task_12 job_13_task_12 job_13_task_13 job_6_task_13  job_3_task_13  job_10_task_13 job_0_task_15  job_9_task_15  job_10_task_15 
           [0,2]          [2,9]          [9,14]         [14,15]        [15,19]        [19,26]        [26,36]        [45,47]        [47,57]        [74,81]        [81,85]        [85,94]        [94,95]        [95,103]       [103,108]      [108,114]      [114,124]      [124,128]      [128,134]      [134,141]      [141,142]      [142,146]      [146,152]      [152,157]      [157,164]      [164,172]      [172,174]      [174,183]      [183,186]      [187,197]      [197,198]      [200,208]      [222,228]      [228,235]      [235,239]      [239,243]      
Machine 6: job_9_task_1   job_1_task_1   job_7_task_2   job_5_task_4   job_3_task_5   job_2_task_5   job_14_task_5  job_12_task_5  job_6_task_6   job_8_task_8   job_1_task_4   job_12_task_7  job_8_task_9   job_9_task_6   job_10_task_4  job_11_task_6  job_11_task_7  job_4_task_11  job_5_task_12  job_5_task_13  job_1_task_14  job_8_task_13  job_0_task_11  job_13_task_14 job_0_task_14  job_2_task_13  job_7_task_14  job_3_task_15  
           [9,16]         [36,40]        [48,55]        [55,60]        [60,69]        [69,73]        [73,76]        [76,84]        [84,93]        [93,100]       [100,106]      [106,111]      [111,119]      [119,128]      [128,138]      [138,142]      [142,148]      [148,157]      [164,166]      [166,174]      [174,177]      [177,186]      [190,191]      [197,204]      [209,219]      [219,227]      [231,239]      [239,244]      
Optimal Schedule Length: 245.0
Total (Unoptimized Schedule Length): 1380
Statistics
  - conflicts: 0
  - branches : 0
  - wall time: 0.333707582s