
Problem
          task_0   task_1   task_2   task_3   task_4   task_5   task_6    task_7   task_8   task_9  task_10  task_11   task_12  task_13  task_14  task_15  task_16   task_17  task_18   task_19
job_0     (1, 3)   (3, 7)  (13, 1)   (7, 2)   (7, 4)   (3, 8)   (0, 3)   (13, 8)   (7, 9)   (9, 7)  (11, 9)   (7, 1)    (0, 7)  (10, 2)   (9, 4)   (9, 4)   (1, 4)  (10, 10)   (1, 1)   (12, 5)
job_1     (1, 3)  (10, 6)   (5, 8)   (3, 1)  (11, 8)   (6, 7)  (11, 9)    (8, 5)  (11, 9)  (13, 5)   (4, 4)  (10, 7)  (13, 10)   (1, 3)   (6, 8)  (4, 10)   (7, 8)   (9, 10)   (7, 9)    (4, 6)
job_2    (12, 8)  (10, 1)   (2, 6)  (11, 6)  (4, 10)   (2, 8)  (10, 1)  (11, 10)   (3, 7)   (4, 4)   (7, 1)   (1, 7)    (4, 4)  (8, 10)   (1, 9)  (13, 2)   (0, 9)    (2, 8)   (6, 3)    (5, 9)
job_3     (7, 8)  (5, 10)   (4, 8)   (2, 4)  (12, 7)   (5, 5)   (9, 2)   (10, 7)  (7, 10)  (0, 10)   (7, 3)  (11, 5)    (6, 9)   (0, 6)   (8, 7)   (2, 9)  (12, 2)    (4, 6)  (11, 1)    (2, 3)
job_4    (10, 9)   (9, 3)   (0, 7)   (6, 6)   (2, 5)   (2, 5)  (8, 10)    (2, 5)   (6, 3)  (12, 6)   (1, 2)   (0, 5)    (3, 3)   (6, 8)   (8, 4)  (12, 5)  (6, 10)   (10, 1)   (1, 3)   (1, 10)
job_5    (10, 5)  (11, 4)   (6, 2)   (2, 4)   (7, 3)   (9, 6)   (6, 5)   (12, 3)   (5, 2)   (0, 8)   (5, 3)   (7, 9)    (3, 5)   (9, 2)  (3, 10)   (1, 9)   (5, 7)   (13, 3)  (5, 10)   (0, 10)
job_6     (0, 9)   (1, 6)  (10, 6)   (4, 3)   (1, 1)   (0, 1)   (4, 6)    (7, 3)   (5, 7)   (7, 2)   (8, 7)  (13, 2)   (5, 10)  (10, 3)  (13, 5)   (5, 4)   (7, 2)   (12, 8)   (3, 1)   (12, 9)
job_7     (9, 8)   (9, 5)   (6, 1)   (0, 7)   (0, 3)   (6, 6)  (12, 4)    (7, 1)   (8, 5)   (0, 2)   (3, 9)   (6, 2)    (0, 5)   (3, 4)   (7, 8)   (4, 8)   (3, 3)    (7, 1)   (7, 4)  (13, 10)
job_8    (11, 6)   (3, 1)   (3, 9)   (0, 2)   (2, 9)   (1, 5)   (8, 6)    (1, 6)   (5, 2)  (11, 1)  (11, 6)   (6, 7)    (9, 9)   (9, 9)   (2, 7)   (7, 4)   (8, 8)    (0, 2)   (9, 2)   (12, 8)
job_9     (8, 7)  (13, 6)   (8, 1)   (8, 6)  (11, 2)   (0, 3)   (9, 5)    (2, 4)   (1, 2)  (13, 7)   (1, 6)  (9, 10)  (11, 10)   (6, 6)  (12, 3)   (0, 8)   (6, 7)   (13, 6)   (3, 3)    (4, 8)
job_10   (10, 9)   (0, 6)  (10, 5)   (0, 4)  (13, 7)   (9, 3)   (8, 8)    (2, 6)   (9, 3)  (12, 3)   (5, 3)   (8, 8)    (0, 3)   (1, 8)   (1, 3)   (7, 5)   (6, 2)    (8, 8)   (3, 2)    (5, 2)
job_11    (6, 5)   (7, 2)  (10, 7)   (0, 9)   (2, 5)  (2, 10)   (2, 9)    (8, 8)   (1, 7)   (8, 3)   (2, 5)   (9, 4)    (8, 9)  (5, 10)   (3, 5)   (8, 8)   (3, 8)    (0, 9)   (3, 8)   (10, 4)
job_12   (13, 7)  (12, 5)   (0, 9)  (12, 9)   (8, 2)   (6, 3)  (13, 5)    (9, 8)  (11, 6)  (3, 10)  (10, 9)   (0, 1)    (0, 7)   (4, 7)   (8, 4)  (11, 6)   (3, 5)   (13, 9)   (6, 7)    (0, 1)
job_13  (13, 10)   (5, 9)  (3, 10)   (0, 6)  (13, 6)   (7, 6)  (11, 2)   (12, 8)  (10, 1)   (9, 3)   (8, 5)   (3, 6)    (0, 4)   (9, 4)   (6, 6)   (6, 5)  (13, 4)    (1, 1)   (9, 5)   (10, 8)
job_14    (7, 4)   (7, 4)   (0, 2)  (11, 3)   (1, 9)   (5, 6)   (0, 9)    (9, 8)   (0, 3)  (10, 1)   (8, 2)   (3, 2)   (12, 6)   (5, 2)   (2, 4)   (2, 8)   (0, 4)   (10, 4)   (9, 1)    (5, 2)
job_15    (6, 2)   (8, 2)   (7, 1)  (11, 3)   (0, 1)   (4, 1)   (5, 6)    (0, 8)  (10, 4)   (2, 9)   (8, 3)   (3, 5)   (12, 5)   (1, 9)   (9, 7)   (7, 2)   (1, 2)    (5, 4)   (9, 8)    (7, 3)
job_16   (3, 10)   (9, 7)  (12, 3)  (1, 10)   (1, 4)   (9, 7)   (7, 7)    (1, 2)   (4, 2)  (13, 2)   (3, 2)  (10, 5)    (7, 6)   (8, 5)   (5, 8)   (0, 8)   (3, 6)    (5, 6)  (8, 10)   (11, 9)
job_17    (4, 2)   (4, 1)   (9, 1)   (5, 5)   (0, 3)   (3, 2)  (11, 9)  (11, 10)   (1, 3)  (5, 10)   (3, 9)   (2, 2)    (2, 4)   (2, 4)  (13, 9)  (11, 4)  (4, 10)    (3, 2)  (13, 3)    (8, 6)


Solution:
Machine 0: job_6_task_0   job_17_task_4  job_15_task_4  job_12_task_2  job_11_task_3  job_4_task_2   job_8_task_3   job_14_task_2  job_6_task_5   job_10_task_1  job_9_task_5   job_7_task_3   job_13_task_3  job_10_task_3  job_5_task_9   job_7_task_4   job_0_task_6   job_15_task_7  job_3_task_9   job_16_task_15 job_14_task_6  job_12_task_11 job_7_task_9   job_4_task_11  job_14_task_8  job_12_task_12 job_9_task_15  job_0_task_12  job_7_task_12  job_13_task_12 job_3_task_13  job_10_task_12 job_14_task_16 job_2_task_16  job_11_task_17 job_8_task_17  job_5_task_19  job_12_task_19 
           [0,9]          [9,12]         [12,13]        [13,22]        [22,31]        [31,38]        [38,40]        [40,42]        [42,43]        [43,49]        [49,52]        [52,59]        [59,65]        [65,69]        [69,77]        [77,80]        [80,83]        [83,91]        [91,101]       [101,109]      [109,118]      [118,119]      [119,121]      [121,126]      [126,129]      [129,136]      [136,144]      [144,151]      [151,156]      [156,160]      [160,166]      [166,169]      [169,173]      [173,182]      [182,191]      [191,193]      [193,203]      [203,204]      
Machine 1: job_1_task_0   job_0_task_0   job_6_task_1   job_16_task_3  job_16_task_4  job_6_task_4   job_16_task_7  job_14_task_4  job_11_task_8  job_8_task_5   job_17_task_8  job_9_task_8   job_9_task_10  job_8_task_7   job_1_task_13  job_4_task_10  job_2_task_11  job_5_task_15  job_15_task_13 job_2_task_14  job_15_task_16 job_0_task_16  job_10_task_13 job_10_task_14 job_13_task_17 job_0_task_18  job_4_task_18  job_4_task_19  
           [0,3]          [3,6]          [9,15]         [22,32]        [32,36]        [40,41]        [50,52]        [53,62]        [63,70]        [70,75]        [75,78]        [78,80]        [87,93]        [93,99]        [109,112]      [118,120]      [120,127]      [127,136]      [136,145]      [145,154]      [154,156]      [161,165]      [169,177]      [177,180]      [180,181]      [187,188]      [188,191]      [191,201]      
Machine 2: job_5_task_3   job_2_task_2   job_11_task_4  job_11_task_5  job_11_task_6  job_3_task_3   job_8_task_4   job_4_task_4   job_9_task_7   job_4_task_5   job_11_task_10 job_2_task_5   job_15_task_9  job_4_task_7   job_10_task_7  job_17_task_11 job_17_task_12 job_17_task_13 job_8_task_14  job_14_task_14 job_14_task_15 job_3_task_15  job_2_task_17  job_3_task_19  
           [15,19]        [19,25]        [31,36]        [36,46]        [46,55]        [55,59]        [59,68]        [68,73]        [73,77]        [77,82]        [82,87]        [87,95]        [95,104]       [104,109]      [109,115]      [115,117]      [117,121]      [121,125]      [149,156]      [156,160]      [160,168]      [173,182]      [182,190]      [191,194]      
Machine 3: job_16_task_0  job_8_task_1   job_0_task_1   job_1_task_3   job_17_task_5  job_8_task_2   job_0_task_5   job_13_task_2  job_16_task_10 job_12_task_9  job_17_task_10 job_5_task_12  job_2_task_8   job_5_task_14  job_15_task_11 job_7_task_10  job_11_task_14 job_4_task_12  job_6_task_18  job_14_task_11 job_13_task_11 job_17_task_17 job_7_task_13  job_11_task_16 job_16_task_16 job_7_task_16  job_12_task_16 job_9_task_18  job_11_task_18 job_10_task_18 
           [0,10]         [10,11]        [11,18]        [19,20]        [20,22]        [22,31]        [31,39]        [39,49]        [56,58]        [82,92]        [92,101]       [101,106]      [106,113]      [113,123]      [123,128]      [128,137]      [137,142]      [142,145]      [145,146]      [146,148]      [148,154]      [154,156]      [156,160]      [160,168]      [168,174]      [176,179]      [179,184]      [184,187]      [192,200]      [200,202]      
Machine 4: job_17_task_0  job_17_task_1  job_15_task_5  job_3_task_2   job_6_task_3   job_6_task_6   job_16_task_8  job_1_task_10  job_2_task_4   job_2_task_9   job_1_task_15  job_2_task_12  job_12_task_13 job_17_task_16 job_7_task_15  job_3_task_17  job_9_task_19  job_1_task_19  
           [0,2]          [2,3]          [13,14]        [29,37]        [37,40]        [43,49]        [52,54]        [65,69]        [76,86]        [113,117]      [120,130]      [130,134]      [137,144]      [144,154]      [168,176]      [184,190]      [190,198]      [198,204]      
Machine 5: job_17_task_3  job_1_task_2   job_3_task_1   job_13_task_1  job_15_task_6  job_6_task_8   job_5_task_8   job_3_task_5   job_14_task_5  job_5_task_10  job_17_task_9  job_16_task_14 job_8_task_8   job_6_task_12  job_11_task_13 job_10_task_10 job_6_task_15  job_5_task_16  job_14_task_13 job_5_task_18  job_16_task_17 job_15_task_17 job_14_task_19 job_2_task_19  job_10_task_19 
           [4,9]          [11,19]        [19,29]        [29,38]        [38,44]        [53,60]        [60,62]        [66,71]        [71,77]        [77,80]        [80,90]        [90,98]        [99,101]       [101,111]      [111,121]      [121,124]      [124,128]      [145,152]      [154,156]      [165,175]      [175,181]      [181,185]      [185,187]      [193,202]      [202,204]      
Machine 6: job_15_task_0  job_11_task_0  job_5_task_2   job_1_task_5   job_12_task_5  job_4_task_3   job_7_task_2   job_5_task_6   job_7_task_5   job_4_task_8   job_1_task_14  job_8_task_11  job_9_task_13  job_3_task_12  job_7_task_11  job_4_task_13  job_9_task_16  job_13_task_14 job_13_task_15 job_4_task_16  job_10_task_16 job_2_task_18  job_12_task_18 
           [0,2]          [2,7]          [13,15]        [28,35]        [35,38]        [38,44]        [44,45]        [45,50]        [80,86]        [109,112]      [112,120]      [120,127]      [127,133]      [133,142]      [142,144]      [145,153]      [153,160]      [165,171]      [171,176]      [176,186]      [186,188]      [190,193]      [193,200]      
Machine 7: job_14_task_0  job_15_task_2  job_11_task_1  job_3_task_0   job_5_task_4   job_0_task_3   job_0_task_4   job_14_task_1  job_16_task_6  job_6_task_7   job_6_task_9   job_16_task_12 job_13_task_5  job_3_task_8   job_5_task_11  job_0_task_8   job_7_task_7   job_3_task_10  job_2_task_10  job_6_task_16  job_0_task_11  job_1_task_16  job_15_task_15 job_8_task_15  job_7_task_14  job_7_task_17  job_10_task_15 job_7_task_18  job_1_task_18  job_15_task_19 
           [0,4]          [4,5]          [7,9]          [9,17]         [19,22]        [22,24]        [24,28]        [28,32]        [43,50]        [50,53]        [60,62]        [63,69]        [72,78]        [80,90]        [90,99]        [99,108]       [108,109]      [109,112]      [117,118]      [128,130]      [137,138]      [141,149]      [152,154]      [156,160]      [160,168]      [179,180]      [180,185]      [185,189]      [189,198]      [199,202]      
Machine 8: job_15_task_1  job_9_task_0   job_9_task_2   job_9_task_3   job_12_task_4  job_1_task_7   job_11_task_7  job_6_task_10  job_11_task_9  job_16_task_13 job_8_task_6   job_10_task_6  job_4_task_6   job_11_task_12 job_15_task_10 job_7_task_8   job_13_task_10 job_10_task_11 job_14_task_10 job_2_task_13  job_11_task_15 job_12_task_14 job_4_task_14  job_17_task_19 job_3_task_14  job_8_task_16  job_16_task_18 job_10_task_17 
           [2,4]          [4,11]         [17,18]        [18,24]        [31,33]        [46,51]        [55,63]        [63,70]        [70,73]        [73,78]        [78,84]        [84,92]        [92,102]       [102,111]      [111,114]      [114,119]      [119,124]      [124,132]      [132,134]      [134,144]      [144,152]      [152,156]      [156,160]      [160,166]      [166,173]      [173,181]      [181,191]      [191,199]      
Machine 9: job_17_task_2  job_7_task_0   job_16_task_1  job_5_task_5   job_4_task_1   job_7_task_1   job_16_task_5  job_12_task_7  job_9_task_6   job_3_task_6   job_10_task_5  job_11_task_11 job_9_task_11  job_13_task_9  job_5_task_13  job_0_task_9   job_10_task_8  job_14_task_7  job_8_task_12  job_8_task_13  job_15_task_14 job_0_task_14  job_0_task_15  job_13_task_13 job_1_task_17  job_14_task_18 job_13_task_18 job_15_task_18 job_8_task_18  
           [3,4]          [4,12]         [12,19]        [22,28]        [28,31]        [31,36]        [36,43]        [43,51]        [52,57]        [71,73]        [78,81]        [87,91]        [93,103]       [103,106]      [106,108]      [108,115]      [115,118]      [118,126]      [127,136]      [136,145]      [145,152]      [153,157]      [157,161]      [161,165]      [165,175]      [177,178]      [181,186]      [186,194]      [194,196]      
Machine 10: job_5_task_0   job_1_task_1   job_11_task_2  job_2_task_1   job_4_task_0   job_6_task_2   job_10_task_0  job_10_task_2  job_16_task_11 job_3_task_7   job_1_task_11  job_15_task_8  job_2_task_6   job_13_task_8  job_12_task_10 job_6_task_13  job_14_task_9  job_0_task_13  job_14_task_17 job_0_task_17  job_4_task_17  job_13_task_19 job_11_task_19 
           [0,5]          [5,11]         [11,18]        [18,19]        [19,28]        [28,34]        [34,43]        [49,54]        [58,63]        [73,80]        [80,87]        [91,95]        [95,96]        [98,99]        [99,108]       [111,114]      [129,130]      [151,153]      [173,177]      [177,187]      [187,188]      [188,196]      [200,204]      
Machine 11: job_8_task_0   job_15_task_3  job_5_task_1   job_1_task_4   job_17_task_6  job_1_task_6   job_9_task_4   job_14_task_3  job_1_task_8   job_17_task_7  job_2_task_3   job_12_task_8  job_13_task_6  job_2_task_7   job_8_task_9   job_8_task_10  job_9_task_12  job_3_task_11  job_0_task_10  job_17_task_15 job_12_task_15 job_3_task_18  job_16_task_19 
           [0,6]          [6,9]          [9,13]         [20,28]        [28,37]        [37,46]        [46,48]        [48,51]        [51,60]        [60,70]        [70,76]        [76,82]        [82,84]        [96,106]       [106,107]      [107,113]      [113,123]      [123,128]      [128,137]      [137,141]      [157,163]      [190,191]      [194,203]      
Machine 12: job_2_task_0   job_12_task_1  job_16_task_2  job_12_task_3  job_5_task_7   job_3_task_4   job_7_task_6   job_13_task_7  job_4_task_9   job_10_task_9  job_15_task_12 job_9_task_14  job_6_task_17  job_14_task_12 job_6_task_19  job_4_task_15  job_3_task_16  job_0_task_19  job_8_task_19  
           [0,8]          [8,13]         [19,22]        [22,31]        [50,53]        [59,66]        [86,90]        [90,98]        [112,118]      [118,121]      [128,133]      [133,136]      [136,144]      [148,154]      [154,163]      [163,168]      [182,184]      [188,193]      [196,204]      
Machine 13: job_12_task_0  job_9_task_1   job_0_task_2   job_13_task_0  job_12_task_6  job_16_task_9  job_1_task_9   job_13_task_4  job_10_task_4  job_6_task_11  job_9_task_9   job_0_task_7   job_1_task_12  job_6_task_14  job_17_task_14 job_5_task_17  job_17_task_18 job_2_task_15  job_9_task_17  job_13_task_16 job_12_task_17 job_7_task_19  
           [0,7]          [11,17]        [18,19]        [19,29]        [38,43]        [54,56]        [60,65]        [65,71]        [71,78]        [78,80]        [80,87]        [87,95]        [99,109]       [114,119]      [125,134]      [153,156]      [156,159]      [159,161]      [168,174]      [176,180]      [184,193]      [193,203]      
Optimal Schedule Length: 204.0
Total (Unoptimized Schedule Length): 1959
Statistics
  - conflicts: 0
  - branches : 0
  - wall time: 1.0418406s