
Problem
        task_0   task_1   task_2   task_3   task_4   task_5   task_6  task_7  task_8  task_9  task_10 task_11 task_12  task_13
job_0   (1, 3)   (2, 8)   (2, 5)   (2, 7)   (0, 5)   (0, 7)   (3, 6)  (1, 9)  (3, 3)  (2, 7)  (0, 10)  (0, 8)  (0, 4)   (3, 4)
job_1   (2, 4)   (2, 3)  (1, 10)   (1, 7)   (2, 7)   (3, 8)  (0, 10)  (3, 2)  (2, 1)  (0, 9)  (1, 10)  (3, 5)  (2, 1)  (0, 10)
job_2   (3, 2)   (0, 2)   (0, 5)   (0, 9)   (1, 9)   (0, 6)   (1, 7)  (2, 9)  (0, 4)  (1, 2)   (1, 9)  (1, 9)  (1, 2)   (0, 6)
job_3   (3, 4)   (1, 5)   (1, 5)   (3, 1)   (1, 2)   (2, 1)   (2, 2)  (3, 5)  (3, 7)  (3, 1)   (1, 4)  (2, 7)  (0, 6)   (1, 8)
job_4   (3, 3)   (1, 3)   (1, 8)   (1, 9)   (3, 2)  (3, 10)   (0, 1)  (0, 1)  (2, 6)  (3, 7)   (1, 9)  (2, 2)  (0, 4)   (3, 9)
job_5   (1, 3)   (3, 3)   (3, 7)   (2, 9)   (2, 2)   (3, 7)   (0, 5)  (1, 5)  (2, 7)  (0, 3)   (1, 8)  (1, 5)  (1, 6)  (1, 10)
job_6   (2, 3)   (0, 3)   (1, 4)   (1, 8)   (2, 6)   (1, 8)  (0, 10)  (1, 6)  (0, 7)  (3, 9)   (0, 3)  (3, 4)  (3, 1)   (0, 1)
job_7   (3, 4)   (0, 6)   (3, 5)   (3, 7)   (3, 3)   (2, 1)   (0, 4)  (2, 9)  (2, 9)  (0, 8)   (0, 3)  (0, 4)  (3, 7)   (2, 9)
job_8   (2, 1)  (0, 10)  (0, 10)   (2, 7)   (2, 2)   (2, 1)   (2, 6)  (3, 2)  (1, 6)  (1, 7)   (3, 8)  (0, 1)  (0, 4)   (0, 9)
job_9   (3, 1)   (2, 1)   (3, 5)   (3, 2)  (0, 10)   (3, 2)   (1, 8)  (3, 9)  (3, 4)  (1, 4)   (1, 9)  (3, 6)  (1, 1)   (1, 4)
job_10  (0, 6)   (0, 1)   (3, 2)  (3, 10)   (1, 6)   (1, 1)   (3, 4)  (0, 6)  (2, 8)  (1, 2)   (2, 2)  (1, 1)  (2, 5)   (1, 1)
job_11  (3, 4)  (1, 10)   (0, 4)   (0, 1)   (0, 7)   (0, 1)   (1, 1)  (3, 1)  (2, 5)  (1, 7)   (2, 9)  (0, 4)  (3, 5)   (2, 8)
job_12  (3, 2)   (2, 9)   (3, 8)   (0, 1)  (2, 10)   (1, 9)   (1, 1)  (3, 2)  (0, 1)  (0, 8)   (1, 5)  (2, 9)  (1, 9)   (3, 6)
job_13  (0, 5)   (3, 6)   (0, 3)   (3, 2)   (1, 4)   (3, 6)  (1, 10)  (2, 6)  (0, 9)  (0, 1)   (2, 7)  (1, 9)  (1, 3)   (0, 2)


Solution:
Machine 0: job_13_task_0  job_2_task_1   job_2_task_2   job_7_task_1   job_2_task_3   job_13_task_2  job_8_task_1   job_6_task_1   job_0_task_4   job_8_task_2   job_12_task_3  job_0_task_5   job_9_task_4   job_10_task_0  job_2_task_5   job_7_task_6   job_11_task_2  job_11_task_3  job_10_task_1  job_5_task_6   job_11_task_4  job_1_task_6   job_11_task_5  job_6_task_6   job_4_task_6   job_4_task_7   job_1_task_9   job_13_task_8  job_12_task_8  job_12_task_9  job_5_task_9   job_2_task_8   job_7_task_9   job_0_task_10  job_10_task_7  job_6_task_8   job_13_task_9  job_7_task_10  job_7_task_11  job_11_task_11 job_0_task_11  job_8_task_11  job_8_task_12  job_6_task_10  job_8_task_13  job_3_task_12  job_4_task_12  job_1_task_13  job_0_task_12  job_6_task_13  job_2_task_13  job_13_task_13 
           [0,5]          [5,7]          [7,12]         [12,18]        [18,27]        [27,30]        [30,40]        [40,43]        [43,48]        [48,58]        [58,59]        [59,66]        [66,76]        [76,82]        [82,88]        [88,92]        [92,96]        [96,97]        [97,98]        [98,103]       [103,110]      [110,120]      [120,121]      [121,131]      [131,132]      [132,133]      [133,142]      [142,151]      [151,152]      [152,160]      [160,163]      [163,167]      [167,175]      [175,185]      [185,191]      [191,198]      [198,199]      [199,202]      [202,206]      [206,210]      [210,218]      [218,219]      [219,223]      [223,226]      [226,235]      [235,241]      [241,245]      [245,255]      [255,259]      [259,260]      [293,299]      [304,306]      
Machine 1: job_0_task_0   job_5_task_0   job_4_task_1   job_1_task_2   job_1_task_3   job_4_task_2   job_2_task_4   job_6_task_2   job_6_task_3   job_11_task_1  job_4_task_3   job_13_task_4  job_3_task_1   job_12_task_5  job_3_task_2   job_6_task_5   job_13_task_6  job_2_task_6   job_9_task_6   job_0_task_7   job_5_task_7   job_3_task_4   job_12_task_6  job_11_task_6  job_10_task_4  job_8_task_8   job_6_task_7   job_11_task_9  job_10_task_5  job_12_task_10 job_8_task_9   job_5_task_10  job_2_task_9   job_2_task_10  job_1_task_10  job_3_task_10  job_9_task_9   job_4_task_10  job_5_task_11  job_9_task_10  job_2_task_11  job_5_task_12  job_13_task_11 job_12_task_12 job_10_task_9  job_5_task_13  job_2_task_12  job_3_task_13  job_13_task_12 job_10_task_11 job_9_task_12  job_9_task_13  job_10_task_13 
           [0,3]          [3,6]          [6,9]          [9,19]         [19,26]        [26,34]        [34,43]        [43,47]        [47,55]        [55,65]        [65,74]        [74,78]        [78,83]        [83,92]        [92,97]        [97,105]       [105,115]      [115,122]      [122,130]      [130,139]      [139,144]      [144,146]      [146,147]      [147,148]      [148,154]      [154,160]      [160,166]      [166,173]      [173,174]      [174,179]      [179,186]      [186,194]      [194,196]      [196,205]      [205,215]      [215,219]      [219,223]      [223,232]      [232,237]      [237,246]      [246,255]      [255,261]      [261,270]      [270,279]      [279,281]      [281,291]      [291,293]      [293,301]      [301,304]      [304,305]      [305,306]      [306,310]      [310,311]      
Machine 2: job_1_task_0   job_1_task_1   job_0_task_1   job_12_task_1  job_0_task_2   job_8_task_0   job_6_task_0   job_0_task_3   job_5_task_3   job_9_task_1   job_1_task_4   job_5_task_4   job_12_task_4  job_6_task_4   job_7_task_5   job_8_task_3   job_8_task_4   job_8_task_5   job_8_task_6   job_7_task_7   job_7_task_8   job_13_task_7  job_2_task_7   job_1_task_8   job_4_task_8   job_0_task_9   job_3_task_5   job_3_task_6   job_5_task_8   job_11_task_8  job_11_task_10 job_12_task_11 job_10_task_8  job_13_task_10 job_7_task_13  job_3_task_11  job_1_task_12  job_11_task_13 job_4_task_11  job_10_task_10 job_10_task_12 
           [0,4]          [4,7]          [7,15]         [15,24]        [24,29]        [29,30]        [30,33]        [33,40]        [40,49]        [49,50]        [50,57]        [57,59]        [59,69]        [69,75]        [75,76]        [76,83]        [83,85]        [85,86]        [86,92]        [92,101]       [101,110]      [115,121]      [122,131]      [131,132]      [133,139]      [142,149]      [149,150]      [150,152]      [152,159]      [159,164]      [173,182]      [182,191]      [191,199]      [199,206]      [214,223]      [223,230]      [230,231]      [231,239]      [239,241]      [281,283]      [305,310]      
Machine 3: job_2_task_0   job_4_task_0   job_12_task_0  job_7_task_0   job_5_task_1   job_5_task_2   job_13_task_1  job_7_task_2   job_12_task_2  job_11_task_0  job_9_task_0   job_7_task_3   job_9_task_2   job_13_task_3  job_9_task_3   job_3_task_0   job_7_task_4   job_5_task_5   job_1_task_5   job_13_task_5  job_4_task_4   job_0_task_6   job_4_task_5   job_10_task_2  job_9_task_5   job_10_task_3  job_3_task_3   job_1_task_7   job_8_task_7   job_9_task_7   job_0_task_8   job_4_task_9   job_12_task_7  job_11_task_7  job_3_task_7   job_3_task_8   job_9_task_8   job_3_task_9   job_10_task_6  job_8_task_10  job_6_task_9   job_7_task_12  job_11_task_12 job_1_task_11  job_6_task_11  job_6_task_12  job_4_task_13  job_9_task_11  job_0_task_13  job_12_task_13 
           [0,2]          [2,5]          [5,7]          [7,11]         [11,14]        [14,21]        [21,27]        [27,32]        [32,40]        [40,44]        [44,45]        [45,52]        [52,57]        [57,59]        [59,61]        [61,65]        [65,68]        [68,75]        [75,83]        [83,89]        [89,91]        [91,97]        [97,107]       [107,109]      [109,111]      [111,121]      [121,122]      [122,124]      [124,126]      [130,139]      [139,142]      [142,149]      [149,151]      [151,152]      [152,157]      [157,164]      [164,168]      [168,169]      [174,178]      [186,194]      [198,207]      [207,214]      [214,219]      [219,224]      [226,230]      [230,231]      [245,254]      [254,260]      [260,264]      [279,285]      
Optimal Schedule Length: 311.0
Total (Unoptimized Schedule Length): 1033
Statistics
  - conflicts: 100
  - branches : 1299
  - wall time: 0.259408217s