
Problem
        task_0   task_1   task_2   task_3   task_4   task_5   task_6   task_7   task_8   task_9  task_10  task_11  task_12  task_13  task_14  task_15  task_16
job_0   (3, 8)   (8, 9)   (3, 2)   (7, 1)   (8, 4)   (8, 8)   (0, 7)   (6, 4)   (8, 3)  (8, 10)   (4, 5)   (5, 7)  (6, 10)  (6, 10)   (0, 6)  (4, 10)  (0, 10)
job_1   (0, 2)   (3, 1)   (7, 6)   (3, 3)   (2, 1)   (2, 5)   (5, 1)   (5, 9)   (3, 7)   (0, 6)   (1, 1)   (1, 7)   (7, 2)   (1, 6)   (2, 3)   (6, 3)   (6, 8)
job_2   (6, 7)   (3, 2)   (4, 3)   (6, 2)   (2, 5)   (3, 2)   (2, 1)  (3, 10)   (6, 2)   (3, 7)  (1, 10)   (4, 2)   (2, 8)  (2, 10)   (7, 4)   (0, 2)   (6, 1)
job_3   (8, 5)   (8, 8)   (0, 1)   (7, 3)   (0, 5)   (3, 1)  (0, 10)   (0, 1)   (4, 8)   (2, 5)   (1, 9)   (6, 5)  (0, 10)  (7, 10)  (4, 10)   (3, 4)   (7, 6)
job_4   (7, 3)  (2, 10)  (7, 10)   (0, 9)   (7, 2)   (3, 6)   (8, 2)   (4, 5)  (3, 10)   (4, 6)   (5, 5)   (3, 2)   (3, 1)   (5, 6)   (8, 3)   (0, 6)   (4, 6)
job_5   (2, 3)   (4, 5)   (0, 3)   (8, 5)   (3, 9)   (0, 4)   (0, 9)   (3, 5)   (3, 3)   (3, 8)   (3, 8)   (5, 7)   (6, 2)   (2, 9)  (6, 10)   (1, 2)   (4, 1)
job_6   (0, 3)   (2, 7)   (2, 2)   (4, 7)   (7, 8)   (5, 4)   (8, 6)  (2, 10)   (7, 7)   (8, 7)   (7, 6)   (0, 4)   (6, 6)   (3, 1)   (2, 7)   (3, 7)   (0, 1)
job_7   (3, 7)   (8, 2)   (3, 2)   (8, 3)  (7, 10)   (7, 1)  (0, 10)   (5, 1)   (1, 1)   (6, 7)   (6, 5)   (8, 5)   (2, 3)   (6, 5)   (0, 2)   (5, 2)   (2, 3)
job_8   (2, 8)   (6, 7)   (1, 9)   (5, 3)   (5, 7)   (3, 7)   (2, 4)   (2, 5)   (2, 7)   (4, 9)   (0, 6)   (6, 7)   (8, 4)   (7, 5)   (2, 7)   (6, 2)   (8, 4)
job_9   (0, 4)   (3, 8)   (1, 5)   (6, 3)   (4, 8)   (7, 5)   (4, 1)   (6, 4)   (1, 9)   (0, 7)   (2, 4)  (3, 10)   (2, 2)   (6, 7)   (5, 9)   (2, 2)   (0, 1)
job_10  (3, 8)   (3, 7)   (4, 1)   (8, 9)   (4, 5)   (0, 5)   (1, 9)   (7, 7)   (5, 3)   (0, 8)   (8, 9)  (5, 10)   (4, 1)   (5, 9)   (7, 8)   (7, 4)   (7, 4)
job_11  (5, 2)   (1, 8)   (5, 6)  (6, 10)   (4, 6)  (0, 10)   (3, 8)   (5, 6)  (5, 10)   (5, 6)  (8, 10)   (8, 2)   (2, 5)   (7, 7)   (7, 1)  (6, 10)   (2, 5)
job_12  (3, 9)   (4, 1)  (4, 10)   (8, 9)   (7, 6)   (5, 4)   (8, 2)   (1, 2)   (3, 9)   (1, 7)   (8, 8)   (0, 8)   (5, 8)   (2, 1)   (1, 3)   (6, 3)   (1, 2)
job_13  (3, 9)   (4, 4)   (5, 3)  (1, 10)   (5, 3)  (2, 10)   (2, 1)   (6, 9)   (3, 2)   (6, 4)   (3, 2)   (4, 2)   (0, 9)   (1, 1)   (2, 1)   (4, 3)   (4, 8)
job_14  (2, 1)   (1, 6)   (6, 2)   (2, 7)   (3, 9)  (3, 10)   (4, 7)   (5, 3)   (5, 7)   (7, 4)   (3, 8)   (4, 8)   (0, 8)   (3, 2)   (2, 6)   (7, 8)   (1, 7)


Solution:
Machine 0: job_6_task_0   job_9_task_0   job_1_task_0   job_3_task_2   job_3_task_4   job_3_task_6   job_3_task_7   job_0_task_6   job_10_task_5  job_4_task_3   job_11_task_5  job_10_task_9  job_5_task_2   job_3_task_12  job_5_task_5   job_5_task_6   job_9_task_9   job_8_task_10  job_7_task_6   job_6_task_11  job_0_task_14  job_12_task_11 job_0_task_16  job_14_task_12 job_7_task_14  job_1_task_9   job_2_task_15  job_13_task_12 job_4_task_15  job_6_task_16  job_9_task_16  
           [0,3]          [3,7]          [7,9]          [13,14]        [17,22]        [35,45]        [45,46]        [46,53]        [53,58]        [58,67]        [67,77]        [77,85]        [85,88]        [93,103]       [105,109]      [109,118]      [118,125]      [125,131]      [131,141]      [141,145]      [145,151]      [160,168]      [168,178]      [178,186]      [186,188]      [188,194]      [196,198]      [198,207]      [221,227]      [229,230]      [230,231]      
Machine 1: job_11_task_1  job_8_task_2   job_14_task_1  job_9_task_2   job_10_task_6  job_13_task_3  job_12_task_7  job_3_task_10  job_9_task_8   job_7_task_8   job_12_task_9  job_2_task_10  job_12_task_14 job_12_task_16 job_1_task_10  job_1_task_11  job_1_task_13  job_13_task_13 job_5_task_15  job_14_task_16 
           [2,10]         [16,25]        [28,34]        [43,48]        [58,67]        [67,77]        [77,79]        [79,88]        [97,106]       [142,143]      [145,152]      [160,170]      [182,185]      [188,190]      [194,195]      [195,202]      [204,210]      [210,211]      [211,213]      [215,222]      
Machine 2: job_8_task_0   job_6_task_1   job_6_task_2   job_4_task_1   job_14_task_0  job_5_task_0   job_14_task_3  job_6_task_7   job_3_task_9   job_13_task_5  job_2_task_4   job_8_task_6   job_8_task_7   job_13_task_6  job_8_task_8   job_1_task_4   job_1_task_5   job_2_task_6   job_9_task_10  job_11_task_12 job_8_task_14  job_11_task_16 job_7_task_12  job_2_task_12  job_12_task_13 job_2_task_13  job_5_task_13  job_14_task_14 job_9_task_12  job_1_task_14  job_13_task_14 job_6_task_14  job_7_task_16  job_9_task_15  
           [0,8]          [8,15]         [15,17]        [17,27]        [27,28]        [28,31]        [36,43]        [52,62]        [62,67]        [80,90]        [90,95]        [95,99]        [99,104]       [104,105]      [105,112]      [112,113]      [113,118]      [118,119]      [125,129]      [132,137]      [152,159]      [160,165]      [170,173]      [173,181]      [181,182]      [182,192]      [192,201]      [201,207]      [209,211]      [211,214]      [214,215]      [215,222]      [222,225]      [227,229]      
Machine 3: job_0_task_0   job_10_task_0  job_10_task_1  job_0_task_2   job_12_task_0  job_3_task_5   job_9_task_1   job_13_task_0  job_14_task_4  job_14_task_5  job_2_task_1   job_1_task_1   job_8_task_5   job_11_task_6  job_7_task_0   job_5_task_4   job_1_task_3   job_7_task_2   job_2_task_5   job_4_task_5   job_5_task_7   job_2_task_7   job_5_task_8   job_12_task_8  job_14_task_10 job_2_task_9   job_5_task_9   job_13_task_8  job_5_task_10  job_13_task_10 job_1_task_8   job_4_task_8   job_14_task_13 job_9_task_11  job_4_task_11  job_4_task_12  job_6_task_13  job_3_task_15  job_6_task_15  
           [0,8]          [8,16]         [16,23]        [23,25]        [25,34]        [34,35]        [35,43]        [43,52]        [52,61]        [61,71]        [71,73]        [73,74]        [74,81]        [81,89]        [89,96]        [96,105]       [105,108]      [108,110]      [110,112]      [112,118]      [118,123]      [123,133]      [133,136]      [136,145]      [145,153]      [153,160]      [160,168]      [168,170]      [170,178]      [178,180]      [180,187]      [187,197]      [197,199]      [199,209]      [209,211]      [211,212]      [212,213]      [213,217]      [222,229]      
Machine 4: job_6_task_3   job_10_task_2  job_11_task_4  job_12_task_1  job_10_task_4  job_12_task_2  job_3_task_8   job_13_task_1  job_9_task_4   job_14_task_6  job_5_task_1   job_2_task_2   job_0_task_10  job_9_task_6   job_8_task_9   job_4_task_7   job_3_task_14  job_10_task_12 job_0_task_15  job_14_task_11 job_2_task_11  job_13_task_11 job_4_task_9   job_5_task_16  job_13_task_15 job_13_task_16 job_4_task_16  
           [17,24]        [24,25]        [26,32]        [34,35]        [35,40]        [40,50]        [50,58]        [58,62]        [62,70]        [71,78]        [78,83]        [83,86]        [86,91]        [91,92]        [112,121]      [121,126]      [126,136]      [139,140]      [151,161]      [161,169]      [170,172]      [180,182]      [197,203]      [213,214]      [215,218]      [218,226]      [227,233]      
Machine 5: job_11_task_0  job_11_task_2  job_8_task_3   job_8_task_4   job_6_task_5   job_13_task_2  job_12_task_5  job_10_task_8  job_13_task_4  job_14_task_7  job_14_task_8  job_11_task_7  job_11_task_8  job_0_task_11  job_11_task_9  job_1_task_6   job_1_task_7   job_10_task_11 job_7_task_7   job_10_task_13 job_12_task_12 job_5_task_11  job_7_task_15  job_4_task_10  job_4_task_13  job_9_task_14  
           [0,2]          [10,16]        [25,28]        [28,35]        [35,39]        [62,65]        [67,71]        [74,77]        [77,80]        [80,83]        [83,90]        [90,96]        [96,106]       [106,113]      [113,119]      [119,120]      [120,129]      [129,139]      [141,142]      [142,151]      [168,176]      [178,185]      [188,190]      [203,208]      [212,218]      [218,227]      
Machine 6: job_2_task_0   job_8_task_1   job_11_task_3  job_14_task_2  job_9_task_3   job_0_task_7   job_2_task_3   job_3_task_11  job_9_task_7   job_13_task_7  job_0_task_12  job_0_task_13  job_2_task_8   job_8_task_11  job_7_task_9   job_11_task_15 job_7_task_10  job_6_task_12  job_8_task_15  job_13_task_9  job_7_task_13  job_12_task_15 job_5_task_12  job_2_task_16  job_5_task_14  job_9_task_13  job_1_task_15  job_1_task_16  
           [0,7]          [9,16]         [16,26]        [34,36]        [48,51]        [53,57]        [86,88]        [88,93]        [93,97]        [105,114]      [114,124]      [124,134]      [134,136]      [136,143]      [143,150]      [150,160]      [160,165]      [165,171]      [171,173]      [173,177]      [177,182]      [185,188]      [188,190]      [198,199]      [201,211]      [211,218]      [218,221]      [221,229]      
Machine 7: job_4_task_0   job_3_task_3   job_0_task_3   job_6_task_4   job_4_task_2   job_12_task_4  job_10_task_7  job_9_task_5   job_4_task_4   job_1_task_2   job_6_task_8   job_14_task_9  job_3_task_13  job_6_task_10  job_7_task_4   job_7_task_5   job_11_task_13 job_11_task_14 job_8_task_13  job_10_task_14 job_10_task_15 job_10_task_16 job_2_task_14  job_1_task_12  job_14_task_15 job_3_task_16  
           [0,3]          [14,17]        [25,26]        [26,34]        [34,44]        [61,67]        [67,74]        [74,79]        [79,81]        [81,87]        [87,94]        [94,98]        [103,113]      [114,120]      [120,130]      [130,131]      [137,144]      [144,145]      [147,152]      [152,160]      [160,164]      [164,168]      [192,196]      [202,204]      [207,215]      [217,223]      
Machine 8: job_3_task_0   job_3_task_1   job_0_task_1   job_10_task_3  job_0_task_4   job_0_task_5   job_6_task_6   job_12_task_3  job_0_task_8   job_0_task_9   job_12_task_6  job_5_task_3   job_7_task_1   job_10_task_10 job_6_task_9   job_7_task_3   job_4_task_6   job_11_task_10 job_11_task_11 job_8_task_12  job_12_task_10 job_7_task_11  job_8_task_16  job_4_task_14  
           [0,5]          [5,13]         [13,22]        [25,34]        [34,38]        [38,46]        [46,52]        [52,61]        [61,64]        [64,74]        [74,76]        [88,93]        [96,98]        [98,107]       [107,114]      [114,117]      [118,120]      [120,130]      [130,132]      [143,147]      [152,160]      [165,170]      [173,177]      [218,221]      
Optimal Schedule Length: 233.0
Total (Unoptimized Schedule Length): 1396
Statistics
  - conflicts: 0
  - branches : 0
  - wall time: 0.23616423500000003s