
Problem
         task_0   task_1  task_2  task_3  task_4   task_5   task_6   task_7  task_8   task_9  task_10  task_11 task_12  task_13  task_14 task_15
job_0    (3, 4)   (0, 6)  (0, 1)  (1, 5)  (3, 3)   (5, 5)   (4, 3)   (2, 3)  (5, 7)   (2, 9)   (3, 6)   (1, 1)  (0, 9)   (3, 1)  (1, 10)  (1, 5)
job_1    (4, 6)   (5, 8)  (3, 9)  (2, 3)  (0, 9)   (3, 1)   (1, 4)   (3, 8)  (4, 1)  (2, 10)   (2, 1)   (4, 6)  (3, 3)   (2, 6)   (5, 8)  (4, 9)
job_2    (5, 3)   (4, 3)  (5, 2)  (2, 5)  (1, 6)   (2, 2)   (0, 2)   (4, 8)  (3, 6)   (3, 6)   (2, 5)   (1, 2)  (0, 3)   (4, 7)  (1, 10)  (1, 1)
job_3    (4, 8)   (3, 8)  (3, 4)  (3, 3)  (3, 9)   (2, 7)   (5, 1)   (5, 6)  (0, 7)   (1, 1)  (1, 10)   (5, 5)  (2, 5)   (4, 1)   (0, 2)  (3, 1)
job_4   (3, 10)   (2, 9)  (1, 5)  (4, 8)  (5, 2)   (5, 7)   (0, 5)   (5, 1)  (0, 9)   (5, 5)   (0, 1)   (1, 3)  (0, 7)   (2, 2)   (4, 4)  (4, 2)
job_5    (1, 4)   (5, 6)  (0, 3)  (4, 1)  (4, 4)   (1, 6)   (1, 8)   (0, 8)  (2, 1)  (0, 10)   (0, 5)  (3, 10)  (4, 8)  (3, 10)   (1, 7)  (5, 7)
job_6    (2, 3)   (1, 3)  (5, 7)  (0, 4)  (5, 9)   (1, 9)  (1, 10)  (4, 10)  (0, 4)   (5, 9)  (1, 10)   (0, 7)  (1, 8)  (3, 10)   (5, 1)  (4, 8)
job_7    (1, 3)   (5, 3)  (1, 3)  (4, 1)  (3, 5)   (3, 4)   (1, 8)   (0, 6)  (3, 4)   (2, 4)   (5, 9)  (1, 10)  (1, 8)   (1, 8)   (0, 7)  (0, 4)
job_8    (4, 6)   (1, 3)  (3, 8)  (3, 3)  (5, 6)   (2, 6)   (0, 8)   (1, 7)  (5, 5)   (1, 6)  (3, 10)   (3, 7)  (1, 5)   (2, 2)   (5, 7)  (0, 6)
job_9    (0, 8)   (2, 2)  (2, 5)  (0, 8)  (2, 8)   (3, 5)   (4, 8)   (1, 6)  (3, 6)   (4, 7)   (1, 7)   (5, 2)  (1, 2)   (3, 6)   (3, 2)  (3, 9)
job_10   (2, 2)  (2, 10)  (0, 5)  (0, 4)  (4, 5)   (5, 8)   (1, 6)   (3, 1)  (5, 1)   (4, 2)   (2, 6)   (0, 3)  (0, 1)   (1, 2)   (4, 5)  (5, 4)
job_11   (5, 3)   (3, 1)  (4, 5)  (4, 3)  (0, 4)  (3, 10)   (0, 3)   (2, 8)  (0, 8)   (3, 7)   (2, 9)   (2, 6)  (2, 6)   (3, 4)   (0, 2)  (0, 5)
job_12   (2, 4)   (1, 4)  (4, 4)  (0, 5)  (0, 9)  (5, 10)   (3, 7)   (3, 5)  (2, 2)   (4, 1)  (5, 10)  (1, 10)  (1, 9)   (4, 6)   (0, 8)  (2, 5)
job_13   (3, 4)   (1, 1)  (5, 7)  (4, 2)  (4, 8)   (4, 8)   (0, 8)   (2, 1)  (0, 7)   (0, 8)   (2, 7)   (5, 9)  (5, 9)  (5, 10)   (3, 7)  (0, 3)
job_14   (0, 9)   (2, 3)  (2, 8)  (1, 6)  (1, 2)   (4, 2)   (5, 5)   (5, 5)  (4, 1)   (2, 6)   (4, 9)   (1, 9)  (5, 8)   (1, 7)  (3, 10)  (1, 3)
job_15   (5, 1)   (2, 6)  (5, 7)  (0, 6)  (5, 7)   (3, 4)   (0, 8)   (5, 5)  (1, 4)   (0, 4)   (2, 7)  (3, 10)  (0, 8)   (1, 9)   (2, 7)  (0, 7)
job_16   (0, 2)   (2, 7)  (1, 5)  (3, 4)  (2, 4)   (3, 5)   (2, 1)   (0, 1)  (0, 4)   (0, 5)  (5, 10)  (0, 10)  (0, 7)   (1, 2)   (0, 1)  (4, 4)
job_17   (1, 5)   (0, 8)  (0, 6)  (3, 7)  (4, 8)   (1, 6)  (5, 10)   (0, 9)  (4, 8)   (0, 6)   (5, 2)   (5, 6)  (2, 6)   (3, 5)   (3, 7)  (3, 4)


Solution:
Machine 0: job_14_task_0  job_17_task_1  job_6_task_3   job_9_task_0   job_17_task_2  job_5_task_2   job_12_task_3  job_12_task_4  job_15_task_3  job_9_task_3   job_0_task_1   job_16_task_0  job_11_task_4  job_13_task_6  job_15_task_6  job_0_task_2   job_5_task_7   job_1_task_4   job_8_task_6   job_7_task_7   job_13_task_8  job_11_task_6  job_6_task_8   job_5_task_9   job_10_task_2  job_13_task_9  job_17_task_7  job_15_task_9  job_2_task_6   job_10_task_3  job_5_task_10  job_11_task_8  job_16_task_7  job_16_task_8  job_16_task_9  job_4_task_6   job_17_task_9  job_6_task_11  job_4_task_8   job_3_task_8   job_15_task_12 job_0_task_12  job_16_task_11 job_2_task_12  job_4_task_10  job_10_task_11 job_16_task_12 job_4_task_12  job_12_task_14 job_10_task_12 job_7_task_14  job_11_task_14 job_15_task_15 job_8_task_15  job_16_task_14 job_11_task_15 job_7_task_15  job_3_task_14  job_13_task_15 
           [0,9]          [9,17]         [17,21]        [21,29]        [29,35]        [35,38]        [38,43]        [43,52]        [52,58]        [58,66]        [66,72]        [72,74]        [74,78]        [78,86]        [86,94]        [94,95]        [95,103]       [103,112]      [112,120]      [120,126]      [126,133]      [133,136]      [136,140]      [140,150]      [150,155]      [155,163]      [163,172]      [172,176]      [176,178]      [178,182]      [182,187]      [187,195]      [195,196]      [196,200]      [200,205]      [205,210]      [210,216]      [216,223]      [223,232]      [232,239]      [239,247]      [247,256]      [256,266]      [266,269]      [269,270]      [270,273]      [273,280]      [280,287]      [287,295]      [295,296]      [296,303]      [303,305]      [305,312]      [312,318]      [318,319]      [319,324]      [324,328]      [328,330]      [330,333]      
Machine 1: job_17_task_0  job_6_task_1   job_5_task_0   job_13_task_1  job_12_task_1  job_8_task_1   job_7_task_0   job_14_task_3  job_6_task_5   job_6_task_6   job_14_task_4  job_4_task_2   job_7_task_2   job_5_task_5   job_5_task_6   job_17_task_5  job_7_task_6   job_16_task_2  job_2_task_4   job_0_task_3   job_15_task_8  job_1_task_6   job_9_task_7   job_8_task_7   job_14_task_11 job_12_task_11 job_8_task_9   job_6_task_10  job_9_task_10  job_7_task_11  job_12_task_12 job_7_task_12  job_0_task_11  job_10_task_6  job_8_task_12  job_14_task_13 job_9_task_12  job_7_task_13  job_6_task_12  job_2_task_11  job_3_task_9   job_3_task_10  job_15_task_13 job_5_task_14  job_0_task_14  job_4_task_11  job_2_task_14  job_16_task_13 job_0_task_15  job_10_task_13 job_14_task_15 job_2_task_15  
           [0,5]          [5,8]          [8,12]         [12,13]        [13,17]        [17,20]        [20,23]        [24,30]        [30,39]        [39,49]        [49,51]        [51,56]        [56,59]        [59,65]        [65,73]        [73,79]        [79,87]        [87,92]        [92,98]        [98,103]       [103,107]      [114,118]      [118,124]      [124,131]      [131,140]      [140,150]      [150,156]      [156,166]      [166,173]      [173,183]      [183,192]      [192,200]      [200,201]      [201,207]      [207,212]      [212,219]      [219,221]      [221,229]      [229,237]      [237,239]      [239,240]      [240,250]      [250,259]      [259,266]      [266,276]      [276,279]      [279,289]      [289,291]      [291,296]      [296,298]      [298,301]      [301,302]      
Machine 2: job_6_task_0   job_12_task_0  job_15_task_1  job_14_task_1  job_14_task_2  job_4_task_1   job_9_task_1   job_9_task_2   job_10_task_0  job_10_task_1  job_8_task_5   job_1_task_3   job_9_task_4   job_16_task_1  job_2_task_3   job_13_task_7  job_3_task_5   job_2_task_5   job_5_task_8   job_14_task_9  job_16_task_4  job_12_task_8  job_0_task_7   job_1_task_9   job_11_task_7  job_7_task_9   job_16_task_6  job_1_task_10  job_0_task_9   job_13_task_10 job_15_task_10 job_1_task_13  job_8_task_13  job_11_task_10 job_2_task_10  job_11_task_11 job_17_task_12 job_10_task_10 job_11_task_12 job_3_task_12  job_15_task_14 job_4_task_13  job_12_task_15 
           [0,3]          [3,7]          [7,13]         [13,16]        [16,24]        [24,33]        [33,35]        [35,40]        [40,42]        [42,52]        [61,67]        [67,70]        [70,78]        [78,85]        [85,90]        [90,91]        [91,98]        [98,100]       [103,104]      [106,112]      [113,117]      [119,121]      [126,129]      [129,139]      [139,147]      [147,151]      [151,152]      [152,153]      [158,167]      [167,174]      [176,183]      [183,189]      [212,214]      [216,225]      [225,230]      [230,236]      [236,242]      [242,248]      [248,254]      [258,263]      [263,270]      [287,289]      [295,300]      
Machine 3: job_13_task_0  job_11_task_1  job_4_task_0   job_0_task_0   job_8_task_2   job_8_task_3   job_3_task_1   job_17_task_3  job_3_task_2   job_3_task_3   job_1_task_2   job_7_task_4   job_7_task_5   job_15_task_5  job_3_task_4   job_11_task_5  job_12_task_6  job_9_task_5   job_0_task_4   job_16_task_3  job_1_task_5   job_12_task_7  job_1_task_7   job_7_task_8   job_16_task_5  job_9_task_8   job_8_task_10  job_8_task_11  job_0_task_10  job_1_task_12  job_15_task_11 job_5_task_11  job_2_task_8   job_11_task_9  job_2_task_9   job_10_task_7  job_5_task_13  job_9_task_13  job_6_task_13  job_17_task_13 job_14_task_14 job_0_task_13  job_9_task_14  job_11_task_13 job_17_task_14 job_13_task_14 job_9_task_15  job_17_task_15 job_3_task_15  
           [0,4]          [4,5]          [5,15]         [15,19]        [20,28]        [28,31]        [31,39]        [39,46]        [46,50]        [50,53]        [53,62]        [62,67]        [67,71]        [71,75]        [75,84]        [84,94]        [94,101]       [101,106]      [106,109]      [109,113]      [113,114]      [114,119]      [119,127]      [127,131]      [131,136]      [136,142]      [156,166]      [166,173]      [173,179]      [179,182]      [183,193]      [193,203]      [203,209]      [209,216]      [216,222]      [222,223]      [223,233]      [233,239]      [239,249]      [249,254]      [254,264]      [264,265]      [265,267]      [267,271]      [271,278]      [278,285]      [285,294]      [294,298]      [330,331]      
Machine 4: job_8_task_0   job_1_task_0   job_11_task_2  job_12_task_2  job_3_task_0   job_11_task_3  job_2_task_1   job_13_task_3  job_5_task_3   job_13_task_4  job_5_task_4   job_13_task_5  job_7_task_3   job_17_task_4  job_6_task_7   job_14_task_5  job_4_task_3   job_14_task_8  job_9_task_6   job_14_task_10 job_0_task_6   job_12_task_9  job_1_task_8   job_9_task_9   job_1_task_11  job_17_task_8  job_2_task_7   job_10_task_4  job_12_task_13 job_5_task_12  job_10_task_9  job_1_task_15  job_6_task_15  job_3_task_13  job_2_task_13  job_4_task_14  job_4_task_15  job_10_task_14 job_16_task_15 
           [0,6]          [6,12]         [12,17]        [17,21]        [21,29]        [29,32]        [32,35]        [37,39]        [39,40]        [40,48]        [48,52]        [52,60]        [60,61]        [61,69]        [69,79]        [79,81]        [81,89]        [105,106]      [106,114]      [114,123]      [123,126]      [126,127]      [127,128]      [142,149]      [153,159]      [172,180]      [180,188]      [188,193]      [193,199]      [203,211]      [233,235]      [246,255]      [259,267]      [267,268]      [269,276]      [289,293]      [293,295]      [298,303]      [319,323]      
Machine 5: job_15_task_0  job_11_task_0  job_2_task_0   job_6_task_2   job_5_task_1   job_6_task_4   job_13_task_2  job_15_task_2  job_1_task_1   job_7_task_1   job_8_task_4   job_15_task_4  job_12_task_5  job_2_task_2   job_17_task_6  job_14_task_6  job_15_task_7  job_14_task_7  job_4_task_4   job_4_task_5   job_0_task_5   job_3_task_6   job_3_task_7   job_12_task_10 job_8_task_8   job_6_task_9   job_0_task_8   job_7_task_10  job_14_task_12 job_13_task_11 job_13_task_12 job_10_task_5  job_9_task_11  job_13_task_13 job_4_task_7   job_16_task_10 job_17_task_10 job_17_task_11 job_10_task_8  job_4_task_9   job_1_task_14  job_8_task_14  job_3_task_11  job_6_task_14  job_5_task_15  job_10_task_15 
           [0,1]          [1,4]          [4,7]          [8,15]         [15,21]        [21,30]        [30,37]        [37,44]        [44,52]        [52,55]        [55,61]        [61,68]        [68,78]        [78,80]        [80,90]        [90,95]        [95,100]       [100,105]      [105,107]      [107,114]      [114,119]      [119,120]      [120,126]      [127,137]      [137,142]      [142,151]      [151,158]      [158,167]      [167,175]      [175,184]      [184,193]      [193,201]      [201,203]      [203,213]      [213,214]      [214,224]      [224,226]      [226,232]      [232,233]      [233,238]      [238,246]      [246,253]      [253,258]      [258,259]      [266,273]      [303,307]      
Optimal Schedule Length: 333.0
Total (Unoptimized Schedule Length): 1597
Statistics
  - conflicts: 0
  - branches : 88
  - wall time: 0.18025090600000002s