
Problem
         task_0   task_1   task_2   task_3   task_4   task_5   task_6   task_7   task_8   task_9  task_10  task_11  task_12  task_13  task_14  task_15  task_16  task_17  task_18  task_19
job_0    (4, 1)   (3, 9)   (2, 4)   (3, 4)  (5, 10)   (2, 4)   (3, 8)   (5, 8)   (5, 8)   (3, 3)   (1, 7)  (5, 10)   (5, 8)   (5, 3)   (0, 1)   (0, 5)   (0, 2)   (0, 3)   (4, 8)   (4, 2)
job_1    (3, 8)  (3, 10)   (5, 2)   (2, 3)   (1, 7)   (0, 4)   (0, 8)   (3, 3)   (2, 6)   (0, 9)   (3, 4)   (1, 4)   (2, 2)  (3, 10)   (4, 2)  (5, 10)   (2, 8)   (4, 6)   (3, 8)   (2, 5)
job_2    (1, 7)   (3, 3)   (5, 2)   (4, 3)   (4, 7)   (5, 6)  (5, 10)   (1, 5)  (0, 10)   (3, 1)   (5, 1)  (1, 10)   (5, 6)  (2, 10)   (3, 3)   (3, 5)   (1, 6)   (2, 4)   (1, 7)   (5, 5)
job_3    (2, 8)  (0, 10)  (4, 10)   (5, 3)   (5, 9)   (2, 5)   (4, 4)   (2, 7)   (3, 7)   (0, 8)   (5, 8)   (3, 7)   (2, 8)   (5, 6)   (0, 2)   (3, 3)   (2, 8)  (5, 10)   (4, 6)   (5, 8)
job_4    (4, 9)   (0, 7)   (1, 1)   (4, 9)   (1, 8)   (2, 9)   (2, 5)   (4, 3)   (4, 4)  (1, 10)   (4, 8)   (0, 8)   (3, 7)   (4, 2)   (2, 8)   (0, 5)   (4, 5)   (3, 4)   (2, 9)   (2, 2)
job_5    (1, 5)   (1, 9)   (2, 6)  (2, 10)   (5, 2)   (1, 5)   (1, 1)   (3, 2)   (5, 1)   (4, 1)   (3, 5)  (4, 10)  (1, 10)   (3, 3)   (4, 4)   (3, 3)   (2, 2)   (1, 5)   (1, 7)   (1, 4)
job_6    (0, 7)   (3, 7)   (0, 4)   (1, 9)   (5, 5)   (5, 8)  (2, 10)   (0, 8)   (1, 3)   (3, 3)  (5, 10)   (5, 6)   (0, 2)   (3, 3)   (3, 8)   (1, 9)   (4, 4)   (3, 1)   (1, 3)   (0, 8)
job_7    (1, 6)   (0, 4)   (0, 6)   (0, 4)   (0, 8)   (2, 6)   (4, 1)   (5, 4)   (0, 8)  (0, 10)   (0, 8)   (1, 1)   (0, 5)   (0, 7)  (0, 10)   (2, 4)   (5, 8)   (1, 4)   (1, 5)   (3, 2)
job_8    (2, 7)   (1, 2)   (2, 3)   (1, 1)   (1, 9)  (2, 10)  (5, 10)   (5, 5)   (5, 8)   (0, 8)   (4, 8)   (0, 7)   (0, 4)   (5, 9)   (1, 8)   (2, 9)   (5, 5)  (1, 10)  (5, 10)   (5, 9)
job_9    (0, 1)   (2, 3)   (0, 2)   (3, 9)   (2, 2)   (3, 9)   (0, 6)   (4, 5)   (4, 8)   (5, 6)   (1, 1)   (1, 6)   (5, 8)  (0, 10)   (5, 1)   (5, 9)   (1, 3)   (1, 6)   (1, 3)  (4, 10)
job_10   (3, 8)   (1, 4)   (5, 5)   (5, 6)   (4, 7)   (2, 9)  (5, 10)   (0, 9)   (3, 7)   (0, 5)   (3, 9)   (1, 8)   (0, 8)   (2, 7)  (2, 10)   (3, 7)   (1, 9)   (1, 2)   (2, 3)   (1, 5)
job_11   (1, 2)  (3, 10)   (5, 4)   (1, 2)   (3, 4)   (3, 1)   (0, 3)  (4, 10)   (5, 5)  (3, 10)   (3, 4)   (2, 7)   (5, 7)   (5, 4)   (4, 5)   (0, 7)   (1, 8)   (2, 6)   (5, 1)   (5, 6)
job_12   (1, 5)   (4, 3)   (5, 7)   (2, 1)   (2, 2)   (0, 5)   (3, 3)   (5, 3)   (0, 9)   (3, 1)   (1, 2)  (1, 10)   (1, 5)   (1, 6)  (2, 10)   (1, 4)   (5, 4)   (2, 4)  (4, 10)   (3, 9)
job_13   (1, 3)   (5, 1)   (0, 6)   (0, 8)   (3, 4)   (2, 2)   (2, 9)   (5, 8)   (3, 5)   (0, 7)   (0, 9)   (2, 6)   (3, 9)   (4, 2)  (3, 10)  (1, 10)   (3, 3)   (0, 6)   (0, 9)   (4, 3)
job_14   (0, 9)   (4, 7)   (0, 2)   (4, 1)   (3, 7)   (3, 2)   (0, 6)   (0, 5)   (5, 3)   (2, 1)   (1, 6)   (5, 7)   (5, 8)   (2, 1)   (5, 6)   (3, 7)  (0, 10)   (1, 9)   (2, 3)   (4, 2)
job_15  (1, 10)   (5, 8)   (4, 7)   (5, 6)   (0, 5)   (4, 8)  (4, 10)  (0, 10)   (5, 8)   (1, 8)   (3, 4)   (4, 8)  (5, 10)   (2, 3)   (0, 3)   (1, 9)   (1, 3)   (2, 3)  (5, 10)   (2, 8)


Solution:
Machine 0: job_6_task_0   job_9_task_0   job_14_task_0  job_3_task_1   job_4_task_1   job_13_task_2  job_13_task_3  job_15_task_4  job_7_task_1   job_9_task_2   job_6_task_2   job_7_task_2   job_7_task_3   job_7_task_4   job_1_task_5   job_10_task_7  job_8_task_9   job_15_task_7  job_14_task_2  job_12_task_5  job_1_task_6   job_11_task_6  job_9_task_6   job_14_task_6  job_3_task_9   job_12_task_8  job_10_task_9  job_7_task_8   job_8_task_11  job_14_task_7  job_6_task_7   job_1_task_9   job_2_task_8   job_13_task_9  job_13_task_10 job_8_task_12  job_7_task_9   job_7_task_10  job_10_task_12 job_4_task_11  job_7_task_12  job_9_task_13  job_7_task_13  job_6_task_12  job_3_task_14  job_15_task_14 job_7_task_14  job_11_task_15 job_4_task_15  job_14_task_16 job_13_task_17 job_13_task_18 job_0_task_14  job_0_task_15  job_0_task_16  job_0_task_17  job_6_task_19  
           [0,7]          [7,8]          [8,17]         [17,27]        [27,34]        [34,40]        [40,48]        [48,53]        [53,57]        [57,59]        [59,63]        [63,69]        [69,73]        [73,81]        [81,85]        [85,94]        [94,102]       [102,112]      [112,114]      [114,119]      [119,127]      [127,130]      [130,136]      [136,142]      [142,150]      [150,159]      [159,164]      [164,172]      [172,179]      [179,184]      [184,192]      [192,201]      [201,211]      [211,218]      [218,227]      [227,231]      [231,241]      [241,249]      [249,257]      [257,265]      [265,270]      [270,280]      [280,287]      [287,289]      [289,291]      [291,294]      [294,304]      [304,311]      [311,316]      [316,326]      [326,332]      [332,341]      [341,342]      [342,347]      [347,349]      [349,352]      [373,381]      
Machine 1: job_12_task_0  job_15_task_0  job_13_task_0  job_8_task_1   job_10_task_1  job_8_task_3   job_8_task_4   job_2_task_0   job_4_task_2   job_11_task_0  job_7_task_0   job_1_task_4   job_4_task_4   job_6_task_3   job_5_task_0   job_5_task_1   job_11_task_3  job_4_task_9   job_2_task_7   job_15_task_9  job_12_task_10 job_12_task_11 job_12_task_12 job_12_task_13 job_5_task_5   job_10_task_11 job_5_task_6   job_6_task_8   job_9_task_10  job_14_task_10 job_9_task_11  job_1_task_11  job_0_task_10  job_2_task_11  job_5_task_12  job_8_task_14  job_7_task_11  job_12_task_15 job_13_task_15 job_2_task_16  job_5_task_17  job_15_task_15 job_6_task_15  job_15_task_16 job_8_task_17  job_11_task_16 job_9_task_16  job_9_task_17  job_10_task_16 job_14_task_17 job_9_task_18  job_2_task_18  job_6_task_18  job_7_task_17  job_5_task_18  job_10_task_17 job_7_task_18  job_10_task_19 job_5_task_19  
           [0,5]          [5,15]         [15,18]        [18,20]        [20,24]        [24,25]        [25,34]        [34,41]        [41,42]        [42,44]        [44,50]        [50,57]        [57,65]        [65,74]        [74,79]        [79,88]        [94,96]        [119,129]      [141,146]      [152,160]      [160,162]      [162,172]      [172,177]      [177,183]      [183,188]      [188,196]      [196,197]      [197,200]      [200,201]      [202,208]      [208,214]      [214,218]      [218,225]      [225,235]      [235,245]      [245,253]      [253,254]      [254,258]      [258,268]      [277,283]      [287,292]      [294,303]      [303,312]      [312,315]      [315,325]      [325,333]      [333,336]      [336,342]      [342,351]      [351,360]      [360,363]      [363,370]      [370,373]      [373,377]      [377,384]      [384,386]      [386,391]      [391,396]      [396,400]      
Machine 2: job_8_task_0   job_3_task_0   job_9_task_1   job_12_task_3  job_12_task_4  job_8_task_2   job_0_task_2   job_8_task_5   job_1_task_3   job_10_task_5  job_13_task_5  job_13_task_6  job_9_task_4   job_4_task_5   job_3_task_5   job_7_task_5   job_3_task_7   job_5_task_2   job_4_task_6   job_0_task_5   job_5_task_3   job_6_task_6   job_1_task_8   job_12_task_14 job_3_task_12  job_14_task_9  job_11_task_11 job_15_task_13 job_1_task_12  job_13_task_11 job_2_task_13  job_10_task_13 job_8_task_15  job_14_task_13 job_10_task_14 job_5_task_16  job_4_task_14  job_3_task_16  job_7_task_15  job_1_task_16  job_15_task_17 job_2_task_17  job_4_task_18  job_12_task_17 job_11_task_17 job_1_task_19  job_4_task_19  job_14_task_18 job_15_task_19 job_10_task_18 
           [0,7]          [7,15]         [15,18]        [18,19]        [19,21]        [21,24]        [25,29]        [34,44]        [44,47]        [48,57]        [59,61]        [61,70]        [70,72]        [72,81]        [82,87]        [87,93]        [93,100]       [100,106]      [106,111]      [111,115]      [115,125]      [131,141]      [141,147]      [183,193]      [193,201]      [201,202]      [202,209]      [209,212]      [218,220]      [227,233]      [248,258]      [258,265]      [265,274]      [274,275]      [275,285]      [285,287]      [287,295]      [295,303]      [304,308]      [308,316]      [316,319]      [319,323]      [325,334]      [334,338]      [338,344]      [344,349]      [349,351]      [360,363]      [373,381]      [386,389]      
Machine 3: job_10_task_0  job_1_task_0   job_0_task_1   job_1_task_1   job_6_task_1   job_2_task_1   job_11_task_1  job_13_task_4  job_9_task_3   job_0_task_3   job_9_task_5   job_10_task_8  job_11_task_4  job_11_task_5  job_3_task_8   job_14_task_4  job_12_task_6  job_13_task_8  job_1_task_7   job_14_task_5  job_0_task_6   job_12_task_9  job_15_task_10 job_11_task_9  job_10_task_10 job_3_task_11  job_11_task_10 job_0_task_9   job_5_task_7   job_6_task_9   job_1_task_10  job_5_task_10  job_2_task_9   job_1_task_13  job_13_task_12 job_13_task_14 job_5_task_13  job_2_task_14  job_5_task_15  job_4_task_12  job_2_task_15  job_13_task_16 job_6_task_13  job_3_task_15  job_6_task_14  job_14_task_15 job_10_task_15 job_6_task_17  job_4_task_17  job_1_task_18  job_12_task_19 job_7_task_19  
           [0,8]          [8,16]         [16,25]        [25,35]        [35,42]        [42,45]        [45,55]        [55,59]        [59,68]        [68,72]        [72,81]        [94,101]       [101,105]      [105,106]      [106,113]      [115,122]      [122,125]      [125,130]      [130,133]      [133,135]      [135,143]      [159,160]      [160,164]      [164,174]      [174,183]      [183,190]      [190,194]      [194,197]      [197,199]      [200,203]      [203,207]      [208,213]      [213,214]      [220,230]      [233,242]      [244,254]      [254,257]      [258,261]      [261,264]      [265,272]      [272,277]      [277,280]      [289,292]      [292,295]      [295,303]      [303,310]      [310,317]      [317,318]      [321,325]      [327,335]      [348,357]      [391,393]      
Machine 4: job_0_task_0   job_12_task_1  job_4_task_0   job_14_task_1  job_15_task_2  job_3_task_2   job_10_task_4  job_4_task_3   job_15_task_5  job_2_task_3   job_15_task_6  job_2_task_4   job_3_task_6   job_7_task_6   job_8_task_10  job_4_task_7   job_14_task_3  job_4_task_8   job_11_task_7  job_9_task_7   job_9_task_8   job_4_task_10  job_15_task_11 job_5_task_9   job_5_task_11  job_1_task_14  job_13_task_13 job_5_task_14  job_4_task_13  job_11_task_14 job_6_task_16  job_4_task_16  job_1_task_17  job_12_task_18 job_3_task_18  job_0_task_18  job_13_task_19 job_0_task_19  job_9_task_19  job_14_task_19 
           [0,1]          [5,8]          [8,17]         [17,24]        [24,31]        [31,41]        [41,48]        [48,57]        [57,65]        [65,68]        [68,78]        [78,85]        [87,91]        [93,94]        [102,110]      [111,114]      [114,115]      [115,119]      [130,140]      [140,145]      [145,153]      [153,161]      [164,172]      [207,208]      [213,223]      [230,232]      [242,244]      [257,261]      [272,274]      [289,294]      [312,316]      [316,321]      [321,327]      [338,348]      [348,354]      [354,362]      [362,365]      [365,367]      [367,377]      [377,379]      
Machine 5: job_12_task_2  job_15_task_1  job_13_task_1  job_10_task_2  job_10_task_3  job_1_task_2   job_15_task_3  job_3_task_3   job_8_task_6   job_8_task_7   job_2_task_2   job_10_task_6  job_3_task_4   job_8_task_8   job_11_task_2  job_6_task_4   job_0_task_4   job_2_task_5   job_13_task_7  job_6_task_5   job_2_task_6   job_12_task_7  job_15_task_8  job_7_task_7   job_11_task_8  job_0_task_7   job_3_task_10  job_5_task_4   job_9_task_9   job_0_task_8   job_14_task_8  job_15_task_12 job_5_task_8   job_6_task_10  job_2_task_10  job_14_task_11 job_9_task_12  job_8_task_13  job_2_task_12  job_14_task_12 job_6_task_11  job_11_task_12 job_3_task_13  job_0_task_11  job_11_task_13 job_14_task_14 job_1_task_15  job_8_task_16  job_9_task_14  job_0_task_12  job_9_task_15  job_12_task_16 job_0_task_13  job_3_task_17  job_7_task_16  job_8_task_18  job_15_task_18 job_8_task_19  job_3_task_19  job_11_task_18 job_11_task_19 job_2_task_19  
           [8,15]         [15,23]        [23,24]        [24,29]        [29,35]        [35,37]        [37,43]        [43,46]        [46,56]        [56,61]        [61,63]        [63,73]        [73,82]        [82,90]        [90,94]        [94,99]        [99,109]       [109,115]      [115,123]      [123,131]      [131,141]      [141,144]      [144,152]      [152,156]      [156,161]      [161,169]      [169,177]      [177,179]      [179,185]      [185,193]      [193,196]      [196,206]      [206,207]      [207,217]      [217,218]      [218,225]      [225,233]      [233,242]      [242,248]      [248,256]      [256,262]      [262,269]      [269,275]      [275,285]      [285,289]      [289,295]      [295,305]      [305,310]      [310,311]      [311,319]      [319,328]      [328,332]      [332,335]      [335,345]      [345,353]      [353,363]      [363,373]      [373,382]      [382,390]      [390,391]      [391,397]      [397,402]      
Optimal Schedule Length: 402.0
Total (Unoptimized Schedule Length): 1882
Statistics
  - conflicts: 0
  - branches : 0
  - wall time: 0.389509692s