
Problem
          task_0   task_1   task_2   task_3   task_4   task_5   task_6    task_7    task_8    task_9  task_10   task_11  task_12   task_13  task_14  task_15   task_16
job_0     (4, 5)   (3, 2)   (4, 4)   (2, 7)   (6, 7)   (3, 9)  (11, 2)    (3, 3)    (2, 2)    (4, 2)  (2, 10)    (9, 2)   (5, 5)   (0, 10)   (3, 2)   (7, 1)    (7, 6)
job_1     (3, 5)  (10, 3)   (6, 5)   (9, 9)   (6, 5)  (6, 10)   (3, 1)    (1, 7)    (6, 5)    (3, 9)   (6, 6)    (8, 5)  (10, 8)    (0, 7)   (9, 6)   (0, 5)  (10, 10)
job_2     (8, 5)   (0, 3)   (8, 4)  (3, 10)   (4, 9)   (5, 7)   (3, 7)    (2, 5)   (11, 8)   (10, 8)  (11, 7)    (4, 2)   (4, 8)    (1, 5)   (6, 5)  (11, 2)    (1, 7)
job_3     (7, 7)   (6, 6)   (7, 9)   (3, 3)  (6, 10)   (9, 2)   (4, 1)   (10, 5)  (11, 10)    (0, 3)   (1, 7)    (1, 7)   (8, 2)    (7, 4)   (9, 1)   (3, 9)    (9, 1)
job_4     (7, 6)  (10, 5)   (4, 7)   (8, 6)   (0, 8)   (7, 8)   (4, 9)    (6, 4)    (6, 3)    (9, 3)   (6, 7)    (7, 8)  (3, 10)    (5, 5)  (10, 2)   (5, 3)    (0, 6)
job_5     (6, 8)  (10, 3)   (4, 6)   (8, 7)   (0, 2)  (10, 8)   (7, 2)   (5, 10)    (0, 5)    (8, 1)  (4, 10)    (2, 4)   (1, 9)    (2, 9)   (7, 6)   (4, 3)    (8, 5)
job_6     (6, 7)  (10, 6)   (7, 1)   (9, 5)   (1, 5)  (11, 9)   (5, 9)   (8, 10)    (0, 6)    (3, 2)  (10, 9)    (6, 6)   (9, 1)    (9, 7)   (7, 8)   (0, 6)   (10, 2)
job_7   (10, 10)  (10, 9)   (8, 4)   (1, 9)   (8, 6)   (9, 1)  (11, 2)    (9, 9)   (11, 5)  (11, 10)  (10, 5)    (5, 7)   (1, 9)    (1, 9)  (11, 3)   (8, 8)    (5, 4)
job_8     (3, 2)   (6, 1)   (5, 7)  (11, 6)   (3, 5)   (3, 7)   (3, 2)    (3, 8)   (10, 5)   (11, 4)  (11, 3)    (6, 7)   (0, 2)    (3, 5)   (9, 9)  (10, 8)    (8, 3)
job_9     (3, 4)   (0, 7)   (1, 5)   (7, 3)  (10, 3)  (2, 10)   (6, 2)    (9, 8)    (6, 2)    (0, 8)  (10, 1)    (0, 3)   (7, 7)    (2, 8)   (7, 4)   (0, 2)   (11, 8)
job_10    (9, 9)   (8, 8)   (5, 6)  (11, 7)  (10, 3)  (11, 1)  (11, 9)    (6, 1)    (6, 9)    (0, 1)   (1, 7)    (9, 9)   (5, 1)    (0, 5)   (5, 7)   (7, 1)    (8, 7)
job_11    (7, 3)   (9, 7)   (3, 7)   (1, 4)   (9, 1)   (4, 7)   (2, 9)  (11, 10)    (4, 1)    (1, 6)   (0, 8)    (6, 6)   (2, 5)    (0, 5)   (5, 8)   (0, 1)    (0, 7)
job_12    (7, 3)   (3, 4)  (11, 9)   (3, 5)   (8, 4)   (8, 9)  (6, 10)   (3, 10)    (9, 8)   (11, 1)  (3, 10)    (2, 6)  (10, 6)    (9, 7)   (5, 8)   (1, 4)    (8, 4)
job_13    (1, 9)   (2, 6)   (9, 5)   (7, 7)   (4, 9)   (0, 8)   (9, 4)    (5, 4)    (1, 3)    (0, 6)   (0, 1)    (9, 1)   (5, 3)  (11, 10)  (10, 2)   (1, 1)   (10, 8)
job_14    (5, 3)   (8, 5)  (10, 3)   (4, 2)   (5, 6)  (9, 10)   (9, 4)    (5, 3)    (9, 4)    (1, 7)  (11, 8)  (11, 10)   (3, 5)    (3, 9)   (8, 6)   (7, 4)    (8, 3)
job_15    (1, 9)  (2, 10)   (7, 5)   (9, 5)   (3, 3)   (2, 1)  (10, 2)    (9, 4)    (5, 6)   (10, 6)  (7, 10)    (7, 8)  (10, 5)    (7, 8)   (2, 9)   (4, 4)    (9, 6)
job_16    (6, 4)   (3, 1)   (8, 9)   (2, 8)  (6, 10)   (8, 8)   (3, 8)    (5, 3)    (2, 4)    (0, 1)   (0, 3)    (3, 5)  (11, 5)   (4, 10)   (6, 6)   (3, 8)    (9, 3)
job_17    (4, 3)   (1, 6)   (2, 5)   (0, 8)   (3, 2)   (5, 6)  (7, 10)    (7, 4)   (11, 1)    (5, 5)  (11, 5)    (4, 1)   (0, 4)   (3, 10)   (6, 2)   (6, 3)    (4, 3)


Solution:
Machine 0: job_2_task_1   job_17_task_3  job_9_task_1   job_4_task_4   job_5_task_4   job_13_task_5  job_6_task_8   job_11_task_10 job_5_task_8   job_9_task_9   job_10_task_9  job_16_task_9  job_9_task_11  job_16_task_10 job_3_task_9   job_13_task_9  job_13_task_10 job_10_task_13 job_1_task_13  job_8_task_12  job_11_task_13 job_1_task_15  job_17_task_12 job_0_task_13  job_11_task_15 job_11_task_16 job_9_task_15  job_6_task_15  job_4_task_16  
           [5,8]          [30,38]        [40,47]        [54,62]        [62,64]        [65,73]        [85,91]        [91,99]        [99,104]       [104,112]      [112,113]      [113,114]      [114,117]      [117,120]      [120,123]      [123,129]      [129,130]      [130,135]      [135,142]      [142,144]      [144,149]      [149,154]      [157,161]      [161,171]      [171,172]      [172,179]      [179,181]      [181,187]      [187,193]      
Machine 1: job_15_task_0  job_13_task_0  job_17_task_1  job_7_task_3   job_11_task_3  job_6_task_4   job_9_task_2   job_1_task_7   job_14_task_9  job_11_task_9  job_10_task_10 job_13_task_8  job_3_task_10  job_5_task_12  job_3_task_11  job_2_task_13  job_7_task_12  job_13_task_15 job_7_task_13  job_12_task_15 job_2_task_16  
           [0,9]          [9,18]         [18,24]        [26,35]        [36,40]        [40,45]        [47,52]        [52,59]        [77,84]        [84,90]        [113,120]      [120,123]      [123,130]      [130,139]      [139,146]      [146,151]      [156,165]      [165,166]      [166,175]      [177,181]      [181,188]      
Machine 2: job_15_task_1  job_13_task_1  job_17_task_2  job_16_task_3  job_15_task_5  job_0_task_3   job_2_task_7   job_11_task_6  job_9_task_5   job_16_task_8  job_15_task_14 job_5_task_11  job_12_task_11 job_0_task_8   job_11_task_12 job_0_task_10  job_5_task_13  job_9_task_13  
           [9,19]         [19,25]        [25,30]        [35,43]        [43,44]        [44,51]        [51,56]        [56,65]        [65,75]        [108,112]      [112,121]      [121,125]      [125,131]      [131,133]      [133,138]      [138,148]      [148,157]      [157,165]      
Machine 3: job_1_task_0   job_12_task_1  job_8_task_0   job_0_task_1   job_16_task_1  job_2_task_3   job_12_task_3  job_11_task_2  job_9_task_0   job_15_task_4  job_2_task_6   job_1_task_6   job_8_task_4   job_8_task_5   job_8_task_6   job_8_task_7   job_3_task_3   job_17_task_4  job_12_task_7  job_1_task_9   job_16_task_6  job_0_task_5   job_12_task_10 job_0_task_7   job_6_task_9   job_16_task_11 job_4_task_12  job_14_task_12 job_8_task_13  job_14_task_13 job_16_task_15 job_0_task_14  job_17_task_13 job_3_task_15  
           [0,5]          [5,9]          [9,11]         [11,13]        [13,14]        [14,24]        [24,29]        [29,36]        [36,40]        [40,43]        [43,50]        [50,51]        [51,56]        [56,63]        [63,65]        [65,73]        [73,76]        [76,78]        [78,88]        [88,97]        [97,105]       [105,114]      [114,124]      [124,127]      [127,129]      [129,134]      [134,144]      [144,149]      [149,154]      [154,163]      [163,171]      [171,173]      [173,183]      [183,192]      
Machine 4: job_0_task_0   job_17_task_0  job_0_task_2   job_2_task_4   job_4_task_2   job_5_task_2   job_14_task_3  job_11_task_5  job_13_task_4  job_4_task_6   job_11_task_8  job_3_task_6   job_5_task_10  job_2_task_11  job_15_task_15 job_2_task_12  job_0_task_9   job_16_task_13 job_17_task_11 job_5_task_15  job_17_task_16 
           [0,5]          [5,8]          [13,17]        [24,33]        [33,40]        [41,47]        [47,49]        [49,56]        [56,65]        [70,79]        [79,80]        [96,97]        [105,115]      [115,117]      [121,125]      [125,133]      [133,135]      [146,156]      [156,157]      [163,166]      [188,191]      
Machine 5: job_14_task_0  job_8_task_2   job_10_task_2  job_2_task_5   job_14_task_4  job_15_task_8  job_6_task_6   job_14_task_7  job_17_task_5  job_5_task_7   job_16_task_7  job_13_task_7  job_17_task_9  job_10_task_12 job_13_task_12 job_10_task_14 job_4_task_13  job_7_task_11  job_0_task_12  job_11_task_14 job_12_task_14 job_4_task_15  job_7_task_16  
           [0,3]          [13,20]        [22,28]        [33,40]        [49,55]        [55,61]        [61,70]        [70,73]        [78,84]        [84,94]        [105,108]      [111,115]      [121,126]      [129,130]      [131,134]      [135,142]      [144,149]      [149,156]      [156,161]      [161,169]      [169,177]      [177,180]      [186,190]      
Machine 6: job_5_task_0   job_16_task_0  job_8_task_1   job_1_task_2   job_6_task_0   job_3_task_1   job_1_task_4   job_1_task_5   job_16_task_4  job_12_task_6  job_0_task_4   job_1_task_8   job_9_task_6   job_3_task_4   job_4_task_7   job_10_task_7  job_4_task_8   job_9_task_8   job_10_task_8  job_1_task_10  job_4_task_10  job_11_task_11 job_8_task_11  job_6_task_11  job_2_task_14  job_16_task_14 job_17_task_14 job_17_task_15 
           [0,8]          [8,12]         [12,13]        [13,18]        [18,25]        [25,31]        [31,36]        [36,46]        [46,56]        [56,66]        [66,73]        [73,78]        [78,80]        [80,90]        [90,94]        [94,95]        [95,98]        [98,100]       [100,109]      [109,115]      [115,122]      [122,128]      [128,135]      [138,144]      [151,156]      [156,162]      [183,185]      [185,188]      
Machine 7: job_12_task_0  job_4_task_0   job_11_task_0  job_3_task_0   job_15_task_2  job_6_task_2   job_3_task_2   job_13_task_3  job_9_task_3   job_4_task_5   job_15_task_10 job_5_task_6   job_15_task_11 job_17_task_6  job_17_task_7  job_15_task_13 job_4_task_11  job_9_task_12  job_10_task_15 job_3_task_13  job_5_task_14  job_6_task_14  job_14_task_15 job_9_task_14  job_0_task_15  job_0_task_16  
           [0,3]          [3,9]          [9,12]         [12,19]        [19,24]        [33,34]        [34,43]        [44,51]        [52,55]        [62,70]        [70,80]        [80,82]        [82,90]        [90,100]       [100,104]      [104,112]      [122,130]      [130,137]      [142,143]      [152,156]      [157,163]      [163,171]      [171,175]      [175,179]      [179,180]      [185,191]      
Machine 8: job_2_task_0   job_14_task_1  job_2_task_2   job_10_task_1  job_7_task_2   job_16_task_2  job_12_task_4  job_12_task_5  job_4_task_3   job_5_task_3   job_7_task_4   job_16_task_5  job_6_task_7   job_5_task_9   job_1_task_11  job_10_task_16 job_3_task_12  job_14_task_14 job_5_task_16  job_14_task_16 job_7_task_15  job_12_task_16 job_8_task_16  
           [0,5]          [5,10]         [10,14]        [14,22]        [22,26]        [26,35]        [35,39]        [39,48]        [48,54]        [54,61]        [61,67]        [67,75]        [75,85]        [104,105]      [115,120]      [143,150]      [150,152]      [163,169]      [169,174]      [175,178]      [178,186]      [186,190]      [190,193]      
Machine 9: job_10_task_0  job_11_task_1  job_1_task_3   job_15_task_3  job_6_task_3   job_13_task_2  job_11_task_4  job_15_task_7  job_14_task_5  job_14_task_6  job_7_task_5   job_14_task_8  job_7_task_7   job_9_task_7   job_3_task_5   job_12_task_8  job_4_task_9   job_13_task_6  job_10_task_11 job_13_task_11 job_15_task_16 job_1_task_14  job_0_task_11  job_6_task_12  job_6_task_13  job_12_task_13 job_8_task_14  job_3_task_14  job_16_task_16 job_3_task_16  
           [0,9]          [12,19]        [19,28]        [28,33]        [34,39]        [39,44]        [44,45]        [46,50]        [55,65]        [65,69]        [69,70]        [73,77]        [77,86]        [86,94]        [94,96]        [96,104]       [104,107]      [107,111]      [120,129]      [130,131]      [131,137]      [142,148]      [148,150]      [150,151]      [151,158]      [158,165]      [165,174]      [174,175]      [175,178]      [192,193]      
Machine 10: job_7_task_0   job_1_task_1   job_7_task_1   job_4_task_1   job_6_task_1   job_10_task_4  job_5_task_1   job_14_task_2  job_15_task_6  job_9_task_4   job_15_task_9  job_5_task_5   job_8_task_8   job_2_task_9   job_15_task_12 job_3_task_7   job_9_task_10  job_1_task_12  job_6_task_10  job_12_task_12 job_7_task_10  job_4_task_14  job_13_task_14 job_1_task_16  job_13_task_16 job_8_task_15  job_6_task_16  
           [0,10]         [10,13]        [13,22]        [22,27]        [27,33]        [35,38]        [38,41]        [41,44]        [44,46]        [55,58]        [61,67]        [67,75]        [75,80]        [80,88]        [90,95]        [97,102]       [112,113]      [120,128]      [129,138]      [138,144]      [144,149]      [149,151]      [161,163]      [163,173]      [173,181]      [181,189]      [189,191]      
Machine 11: job_12_task_2  job_8_task_3   job_10_task_3  job_10_task_5  job_10_task_6  job_6_task_5   job_2_task_8   job_11_task_7  job_7_task_6   job_8_task_9   job_14_task_10 job_7_task_8   job_8_task_10  job_2_task_10  job_12_task_9  job_3_task_8   job_0_task_6   job_17_task_8  job_14_task_11 job_7_task_9   job_16_task_12 job_17_task_10 job_13_task_13 job_2_task_15  job_7_task_14  job_9_task_16  
           [9,18]         [20,26]        [28,35]        [38,39]        [39,48]        [48,57]        [57,65]        [65,75]        [75,77]        [80,84]        [84,92]        [92,97]        [97,100]       [100,107]      [107,108]      [108,118]      [118,120]      [120,121]      [121,131]      [131,141]      [141,146]      [146,151]      [151,161]      [161,163]      [175,178]      [181,189]      
Optimal Schedule Length: 193.0
Total (Unoptimized Schedule Length): 1698
Statistics
  - conflicts: 0
  - branches : 0
  - wall time: 0.263003831s