
Problem
         task_0    task_1   task_2   task_3    task_4    task_5   task_6    task_7   task_8   task_9   task_10 task_11  task_12   task_13  task_14   task_15   task_16  task_17   task_18
job_0    (7, 8)   (12, 8)  (7, 10)   (0, 6)   (11, 2)   (10, 8)   (8, 6)    (0, 2)  (10, 7)   (3, 2)  (11, 10)  (2, 5)   (5, 5)    (9, 2)   (6, 2)    (6, 7)   (6, 10)   (9, 6)   (11, 8)
job_1    (1, 6)  (11, 10)   (6, 9)  (12, 2)   (10, 7)    (8, 6)  (10, 9)    (9, 3)  (6, 10)   (9, 6)    (8, 6)  (6, 2)  (11, 8)    (8, 9)  (11, 8)   (12, 7)    (6, 3)   (3, 8)   (4, 10)
job_2   (3, 10)   (10, 6)   (3, 1)   (2, 8)    (0, 2)    (7, 3)  (8, 10)   (12, 8)   (1, 2)   (6, 6)    (3, 2)  (3, 5)   (9, 9)    (2, 6)  (12, 9)    (0, 5)   (11, 1)   (8, 1)    (8, 7)
job_3    (4, 7)    (6, 6)   (8, 2)   (2, 1)   (6, 10)   (12, 3)   (1, 8)    (2, 5)   (2, 4)  (11, 7)   (10, 5)  (6, 8)   (7, 2)   (1, 10)   (0, 2)    (2, 4)   (11, 5)   (5, 9)  (12, 10)
job_4   (10, 1)    (1, 8)  (11, 1)  (4, 10)    (7, 8)   (11, 8)   (4, 5)    (4, 4)   (3, 9)   (1, 8)    (6, 8)  (2, 4)   (0, 9)    (5, 9)  (8, 10)   (8, 10)   (11, 5)   (2, 4)  (11, 10)
job_5    (2, 2)    (1, 9)   (8, 9)   (4, 4)    (1, 4)  (12, 10)  (6, 10)  (11, 10)  (8, 10)  (12, 4)   (2, 10)  (2, 8)   (7, 4)    (3, 2)  (11, 3)    (9, 2)    (7, 7)   (6, 9)   (12, 3)
job_6   (10, 1)   (9, 10)   (6, 4)   (5, 4)    (9, 1)    (5, 4)   (2, 6)    (5, 3)   (2, 8)   (3, 2)    (4, 5)  (8, 1)   (7, 6)    (7, 7)  (11, 6)    (0, 7)  (12, 10)  (0, 10)   (8, 10)
job_7   (4, 10)    (1, 2)  (10, 3)  (11, 7)   (2, 10)   (12, 1)   (2, 4)    (9, 9)   (0, 2)   (1, 9)    (2, 3)  (4, 1)   (0, 3)    (9, 4)  (10, 7)   (4, 10)   (9, 10)   (3, 2)    (9, 2)
job_8    (3, 9)   (2, 10)   (1, 9)   (4, 2)    (3, 1)   (11, 2)   (9, 1)    (6, 8)  (0, 10)   (2, 3)    (5, 3)  (0, 1)   (7, 7)    (6, 9)  (3, 10)   (10, 1)    (3, 2)   (7, 4)    (9, 2)
job_9   (10, 1)    (6, 9)  (12, 5)  (10, 1)    (1, 4)   (12, 5)   (5, 2)    (6, 9)  (11, 7)   (9, 4)    (1, 9)  (5, 4)   (6, 3)    (6, 7)  (12, 7)    (1, 9)   (10, 9)  (4, 10)    (6, 8)
job_10   (7, 8)    (2, 3)   (2, 3)   (2, 2)  (12, 10)    (2, 7)   (2, 4)    (4, 9)   (8, 7)   (4, 3)    (3, 7)  (2, 8)  (12, 5)   (12, 7)  (10, 7)    (9, 6)    (2, 1)   (9, 2)    (6, 4)
job_11  (11, 6)    (7, 4)   (1, 1)  (10, 4)   (12, 9)    (2, 1)   (5, 6)   (10, 5)   (4, 8)  (11, 2)   (10, 9)  (8, 9)   (9, 6)    (6, 5)   (2, 7)    (6, 6)    (8, 4)  (2, 10)   (10, 3)
job_12   (7, 2)    (5, 5)  (12, 7)  (12, 6)    (0, 2)    (4, 3)   (5, 2)    (4, 2)   (0, 2)   (2, 2)    (3, 7)  (3, 5)   (9, 9)    (5, 4)   (2, 1)    (6, 6)    (2, 9)   (4, 1)    (2, 3)
job_13   (9, 3)    (8, 8)   (4, 5)  (11, 6)    (8, 3)    (0, 6)   (6, 4)    (0, 1)   (6, 4)  (6, 10)    (7, 2)  (2, 5)   (7, 9)    (9, 4)   (9, 5)   (4, 10)   (12, 1)   (3, 2)    (2, 3)
job_14   (0, 3)    (1, 7)   (4, 8)  (6, 10)   (10, 7)    (9, 3)  (3, 10)    (4, 6)  (11, 1)   (2, 9)    (4, 7)  (9, 7)   (0, 5)    (3, 7)   (6, 7)    (4, 4)   (10, 8)  (10, 4)    (8, 6)
job_15  (11, 1)   (12, 8)   (2, 7)   (5, 4)    (6, 3)    (4, 7)   (9, 3)    (5, 5)   (8, 3)   (1, 8)    (5, 7)  (8, 3)   (8, 3)  (12, 10)   (7, 7)   (12, 3)    (4, 4)   (8, 6)    (4, 6)
job_16   (5, 2)    (7, 4)   (5, 8)   (3, 4)    (7, 3)    (1, 7)  (10, 7)   (10, 5)   (0, 1)  (3, 10)   (11, 1)  (0, 3)   (9, 6)    (4, 6)   (6, 9)  (12, 10)   (10, 6)   (6, 2)    (2, 2)


Solution:
Machine 0: job_14_task_0  job_0_task_3   job_2_task_4   job_13_task_5  job_0_task_7   job_12_task_4  job_13_task_7  job_16_task_8  job_8_task_8   job_4_task_12  job_7_task_8   job_12_task_8  job_16_task_11 job_14_task_12 job_6_task_15  job_7_task_12  job_8_task_11  job_3_task_14  job_6_task_17  job_2_task_15  
           [0,3]          [30,36]        [50,52]        [68,74]        [75,77]        [90,92]        [93,94]        [100,101]      [101,111]      [111,120]      [120,122]      [122,124]      [124,127]      [127,132]      [132,139]      [139,142]      [142,143]      [159,161]      [165,175]      [188,193]      
Machine 1: job_1_task_0   job_4_task_1   job_5_task_1   job_14_task_1  job_9_task_4   job_11_task_2  job_7_task_1   job_8_task_2   job_5_task_4   job_4_task_9   job_3_task_6   job_16_task_5  job_9_task_10  job_2_task_8   job_15_task_9  job_7_task_9   job_9_task_15  job_3_task_13  
           [0,6]          [6,14]         [14,23]        [23,30]        [30,34]        [34,35]        [35,37]        [37,46]        [46,50]        [65,73]        [73,81]        [81,88]        [88,97]        [97,99]        [101,109]      [122,131]      [140,149]      [149,159]      
Machine 2: job_5_task_0   job_10_task_1  job_3_task_3   job_10_task_2  job_10_task_3  job_8_task_1   job_15_task_2  job_2_task_3   job_10_task_5  job_11_task_5  job_7_task_4   job_6_task_6   job_10_task_6  job_6_task_8   job_3_task_7   job_3_task_8   job_7_task_6   job_4_task_11  job_14_task_9  job_5_task_10  job_0_task_11  job_12_task_9  job_8_task_9   job_7_task_10  job_10_task_11 job_13_task_11 job_5_task_11  job_11_task_14 job_2_task_13  job_3_task_15  job_12_task_14 job_4_task_17  job_10_task_16 job_11_task_17 job_12_task_16 job_13_task_18 job_12_task_18 job_16_task_18 
           [0,2]          [16,19]        [19,20]        [20,23]        [23,25]        [25,35]        [35,42]        [42,50]        [50,57]        [57,58]        [58,68]        [68,74]        [74,78]        [78,86]        [86,91]        [91,95]        [95,99]        [99,103]       [103,112]      [112,122]      [122,127]      [127,129]      [129,132]      [132,135]      [135,143]      [143,148]      [148,156]      [156,163]      [163,169]      [169,173]      [173,174]      [174,178]      [194,195]      [200,210]      [210,219]      [219,222]      [222,225]      [225,227]      
Machine 3: job_2_task_0   job_8_task_0   job_2_task_2   job_4_task_8   job_16_task_3  job_14_task_6  job_8_task_4   job_0_task_9   job_6_task_9   job_16_task_9  job_2_task_10  job_2_task_11  job_10_task_10 job_12_task_10 job_12_task_11 job_14_task_13 job_5_task_13  job_8_task_14  job_7_task_17  job_1_task_17  job_8_task_16  job_13_task_17 
           [0,10]         [10,19]        [19,20]        [56,65]        [65,69]        [69,79]        [79,80]        [84,86]        [86,88]        [101,111]      [116,118]      [118,123]      [124,131]      [131,138]      [138,143]      [143,150]      [163,165]      [180,190]      [190,192]      [199,207]      [207,209]      [212,214]      
Machine 4: job_3_task_0   job_7_task_0   job_4_task_3   job_14_task_2  job_5_task_3   job_13_task_2  job_4_task_6   job_4_task_7   job_8_task_3   job_11_task_8  job_15_task_5  job_14_task_7  job_10_task_7  job_6_task_10  job_12_task_5  job_14_task_10 job_12_task_7  job_10_task_9  job_7_task_11  job_16_task_13 job_9_task_17  job_7_task_15  job_14_task_15 job_13_task_15 job_15_task_16 job_1_task_18  job_12_task_17 job_15_task_18 
           [0,7]          [7,17]         [17,27]        [30,38]        [38,42]        [42,47]        [47,52]        [52,56]        [56,58]        [74,82]        [82,89]        [89,95]        [95,104]       [104,109]      [109,112]      [112,119]      [119,121]      [121,124]      [135,136]      [138,144]      [158,168]      [168,178]      [178,182]      [182,192]      [201,205]      [207,217]      [219,220]      [220,226]      
Machine 5: job_16_task_0  job_6_task_3   job_15_task_3  job_9_task_6   job_16_task_2  job_6_task_5   job_11_task_6  job_12_task_1  job_6_task_7   job_15_task_7  job_9_task_11  job_15_task_10 job_12_task_6  job_4_task_13  job_0_task_12  job_8_task_10  job_12_task_13 job_3_task_17  
           [0,2]          [39,43]        [43,47]        [47,49]        [49,57]        [57,61]        [61,67]        [67,72]        [74,77]        [92,97]        [97,101]       [109,116]      [116,118]      [120,129]      [129,134]      [134,137]      [162,166]      [178,187]      
Machine 6: job_9_task_1   job_3_task_1   job_1_task_2   job_3_task_4   job_6_task_2   job_14_task_3  job_9_task_7   job_1_task_8   job_5_task_6   job_15_task_4  job_4_task_10  job_13_task_6  job_8_task_7   job_1_task_11  job_13_task_8  job_9_task_12  job_2_task_9   job_13_task_9  job_9_task_13  job_3_task_11  job_11_task_13 job_16_task_14 job_0_task_14  job_0_task_15  job_14_task_14 job_8_task_13  job_0_task_16  job_11_task_15 job_1_task_16  job_12_task_15 job_5_task_17  job_9_task_18  job_16_task_17 job_10_task_18 
           [1,10]         [10,16]        [16,25]        [25,35]        [35,39]        [39,49]        [49,58]        [58,68]        [68,78]        [78,81]        [81,89]        [89,93]        [93,101]       [101,103]      [103,107]      [107,110]      [110,116]      [116,126]      [126,133]      [133,141]      [141,146]      [146,155]      [155,157]      [157,164]      [164,171]      [171,180]      [180,190]      [190,196]      [196,199]      [199,205]      [205,214]      [214,222]      [222,224]      [224,228]      
Machine 7: job_0_task_0   job_10_task_0  job_11_task_1  job_0_task_2   job_4_task_4   job_16_task_1  job_12_task_0  job_2_task_5   job_16_task_4  job_6_task_12  job_6_task_13  job_13_task_10 job_3_task_12  job_8_task_12  job_13_task_12 job_5_task_12  job_15_task_14 job_5_task_16  job_8_task_17  
           [0,8]          [8,16]         [16,20]        [20,30]        [30,38]        [38,42]        [42,44]        [52,55]        [69,72]        [112,118]      [118,125]      [126,128]      [141,143]      [143,150]      [150,159]      [159,163]      [163,170]      [173,180]      [209,213]      
Machine 8: job_13_task_1  job_3_task_2   job_5_task_2   job_1_task_5   job_2_task_6   job_13_task_4  job_0_task_6   job_1_task_10  job_5_task_8   job_15_task_8  job_10_task_8  job_6_task_11  job_11_task_11 job_1_task_13  job_15_task_11 job_15_task_12 job_4_task_14  job_4_task_15  job_6_task_18  job_2_task_17  job_11_task_16 job_2_task_18  job_15_task_17 job_14_task_18 
           [3,11]         [16,18]        [23,32]        [38,44]        [55,65]        [65,68]        [69,75]        [76,82]        [88,98]        [98,101]       [104,111]      [111,112]      [112,121]      [121,130]      [130,133]      [133,136]      [136,146]      [146,156]      [175,185]      [194,195]      [196,200]      [200,207]      [207,213]      [213,219]      
Machine 9: job_13_task_0  job_6_task_1   job_6_task_4   job_1_task_7   job_14_task_5  job_9_task_9   job_1_task_9   job_15_task_6  job_8_task_6   job_7_task_7   job_14_task_11 job_11_task_12 job_16_task_12 job_2_task_12  job_0_task_13  job_7_task_13  job_12_task_12 job_13_task_13 job_13_task_14 job_5_task_15  job_7_task_16  job_10_task_15 job_0_task_17  job_10_task_17 job_7_task_18  job_8_task_18  
           [0,3]          [3,13]         [43,44]        [54,57]        [61,64]        [66,70]        [70,76]        [89,92]        [92,93]        [99,108]       [119,126]      [126,132]      [132,138]      [138,147]      [147,149]      [149,153]      [153,162]      [162,166]      [166,171]      [171,173]      [178,188]      [188,194]      [194,200]      [200,202]      [202,204]      [213,215]      
Machine 10: job_9_task_0   job_4_task_0   job_6_task_0   job_2_task_1   job_9_task_3   job_1_task_4   job_11_task_3  job_7_task_2   job_1_task_6   job_14_task_4  job_0_task_5   job_11_task_7  job_0_task_8   job_16_task_6  job_16_task_7  job_11_task_10 job_3_task_10  job_9_task_16  job_7_task_14  job_10_task_14 job_14_task_16 job_14_task_17 job_16_task_16 job_8_task_15  job_11_task_18 
           [0,1]          [1,2]          [2,3]          [10,16]        [21,22]        [31,38]        [38,42]        [42,45]        [45,54]        [54,61]        [61,69]        [69,74]        [77,84]        [88,95]        [95,100]       [100,109]      [110,115]      [149,158]      [158,165]      [179,186]      [186,194]      [194,198]      [198,204]      [204,205]      [210,213]      
Machine 11: job_11_task_0  job_1_task_1   job_4_task_2   job_15_task_0  job_0_task_4   job_4_task_5   job_7_task_3   job_13_task_3  job_9_task_8   job_5_task_7   job_8_task_5   job_11_task_9  job_0_task_10  job_14_task_8  job_3_task_9   job_1_task_12  job_16_task_10 job_6_task_14  job_1_task_14  job_4_task_16  job_5_task_14  job_3_task_16  job_4_task_18  job_2_task_16  job_0_task_18  
           [0,6]          [6,16]         [16,17]        [17,18]        [36,38]        [38,46]        [46,53]        [53,59]        [59,66]        [78,88]        [88,90]        [90,92]        [92,102]       [102,103]      [103,110]      [110,118]      [118,119]      [125,131]      [131,139]      [156,161]      [165,168]      [173,178]      [178,188]      [193,194]      [200,208]      
Machine 12: job_0_task_1   job_9_task_2   job_15_task_1  job_1_task_3   job_10_task_4  job_9_task_5   job_11_task_4  job_5_task_5   job_3_task_5   job_7_task_5   job_2_task_7   job_12_task_2  job_12_task_3  job_5_task_9   job_9_task_14  job_15_task_13 job_10_task_12 job_6_task_16  job_1_task_15  job_10_task_13 job_2_task_14  job_16_task_15 job_15_task_15 job_3_task_18  job_13_task_16 job_5_task_18  
           [8,16]         [16,21]        [21,29]        [29,31]        [31,41]        [41,46]        [46,55]        [55,65]        [65,68]        [68,69]        [69,77]        [77,84]        [84,90]        [98,102]       [133,140]      [140,150]      [150,155]      [155,165]      [165,172]      [172,179]      [179,188]      [188,198]      [198,201]      [201,211]      [211,212]      [214,217]      
Optimal Schedule Length: 228.0
Total (Unoptimized Schedule Length): 1804
Statistics
  - conflicts: 0
  - branches : 0
  - wall time: 0.38564695600000004s