
Problem
         task_0  task_1   task_2   task_3   task_4   task_5   task_6   task_7   task_8   task_9 task_10  task_11  task_12  task_13  task_14  task_15 task_16  task_17  task_18 task_19
job_0    (0, 4)  (3, 7)   (0, 8)   (3, 5)   (5, 1)   (0, 5)   (5, 6)   (1, 7)   (0, 8)   (1, 5)  (3, 9)   (2, 2)   (4, 1)  (3, 10)   (0, 1)   (4, 5)  (1, 7)  (1, 10)   (0, 3)  (1, 8)
job_1    (4, 8)  (1, 3)   (4, 1)   (0, 2)   (4, 7)   (3, 9)   (1, 8)   (1, 5)   (2, 6)   (5, 2)  (4, 1)  (3, 10)  (4, 10)   (3, 4)   (2, 1)   (0, 4)  (5, 8)   (4, 3)   (3, 8)  (2, 1)
job_2    (1, 2)  (5, 8)   (4, 2)   (2, 5)   (5, 5)   (1, 9)  (2, 10)  (5, 10)   (5, 3)   (1, 2)  (4, 4)   (3, 1)  (2, 10)   (0, 6)   (1, 7)  (1, 10)  (4, 2)  (0, 10)   (0, 8)  (5, 7)
job_3    (2, 2)  (4, 9)   (2, 8)   (1, 6)   (5, 9)   (2, 5)   (4, 4)   (2, 9)   (1, 3)   (4, 9)  (3, 2)   (3, 7)   (4, 8)   (4, 2)   (3, 7)   (5, 6)  (5, 3)  (2, 10)   (1, 7)  (1, 9)
job_4    (4, 2)  (2, 5)   (2, 4)   (4, 7)   (1, 8)   (1, 7)   (5, 7)   (1, 9)   (0, 2)   (3, 2)  (4, 5)   (5, 9)   (3, 2)   (4, 1)   (3, 5)   (0, 9)  (4, 4)   (2, 1)  (0, 10)  (2, 4)
job_5   (1, 10)  (5, 5)   (5, 8)   (3, 4)   (3, 7)   (4, 4)   (4, 8)   (0, 5)  (0, 10)   (0, 2)  (0, 3)   (2, 6)   (0, 4)   (0, 8)   (4, 6)   (4, 4)  (1, 4)   (0, 4)   (0, 2)  (5, 9)
job_6    (2, 6)  (2, 5)   (1, 9)   (2, 6)   (4, 4)   (5, 9)   (1, 3)   (1, 4)   (0, 5)  (4, 10)  (2, 4)   (2, 4)   (2, 8)   (4, 1)   (0, 1)   (1, 9)  (2, 8)   (5, 6)  (3, 10)  (0, 2)
job_7    (4, 5)  (2, 4)   (1, 8)   (1, 2)   (4, 2)   (2, 3)   (3, 2)   (4, 2)   (1, 2)   (3, 4)  (4, 6)  (0, 10)   (4, 1)   (4, 6)  (2, 10)   (2, 7)  (1, 4)   (1, 4)   (0, 7)  (0, 3)
job_8    (4, 7)  (4, 8)   (2, 7)  (3, 10)   (1, 3)  (2, 10)   (5, 1)   (3, 9)   (5, 2)   (2, 4)  (1, 4)   (5, 4)   (0, 2)   (3, 7)   (4, 6)   (3, 6)  (5, 7)   (0, 6)  (0, 10)  (5, 3)
job_9    (2, 3)  (0, 6)   (1, 9)   (3, 2)   (5, 8)   (0, 1)   (5, 7)   (4, 2)   (4, 6)   (3, 9)  (2, 8)   (4, 7)  (2, 10)   (1, 2)   (1, 8)   (1, 8)  (2, 1)   (5, 6)   (1, 7)  (3, 1)
job_10   (3, 6)  (3, 5)   (1, 1)   (4, 9)   (2, 5)   (0, 8)   (1, 2)   (2, 8)   (1, 3)   (4, 8)  (0, 1)   (5, 5)   (1, 4)  (1, 10)   (2, 6)   (4, 7)  (1, 8)   (3, 8)   (3, 7)  (0, 2)
job_11   (4, 5)  (1, 1)   (3, 6)   (5, 6)   (3, 3)   (4, 9)   (2, 5)   (4, 6)  (2, 10)   (3, 6)  (4, 1)   (1, 1)   (4, 5)   (1, 7)   (0, 2)  (5, 10)  (5, 5)   (4, 9)   (4, 2)  (3, 9)
job_12   (5, 1)  (4, 1)   (0, 6)   (3, 4)   (4, 5)   (3, 9)   (0, 2)   (4, 8)   (5, 3)   (0, 7)  (2, 3)   (3, 2)   (2, 2)   (1, 5)   (1, 1)   (5, 9)  (0, 7)   (2, 2)   (3, 8)  (3, 1)
job_13  (2, 10)  (1, 7)   (5, 8)   (1, 5)   (0, 1)   (1, 3)   (2, 8)   (5, 6)   (0, 5)   (3, 6)  (4, 8)   (5, 7)   (3, 7)  (0, 10)   (3, 3)   (1, 5)  (4, 9)   (0, 1)   (2, 6)  (5, 3)
job_14   (5, 2)  (1, 5)   (4, 2)  (3, 10)  (2, 10)   (1, 1)   (5, 5)   (1, 8)   (4, 8)   (3, 9)  (5, 8)   (3, 9)   (3, 2)   (0, 8)   (0, 3)   (0, 2)  (4, 1)   (3, 2)   (0, 4)  (1, 2)
job_15   (3, 7)  (1, 4)  (4, 10)   (1, 9)   (2, 9)   (0, 3)  (0, 10)   (2, 6)   (5, 8)   (4, 6)  (2, 8)   (4, 8)   (1, 2)   (0, 2)   (4, 3)   (4, 4)  (0, 2)   (3, 3)   (1, 6)  (4, 5)
job_16  (5, 10)  (3, 9)   (5, 8)   (3, 3)   (5, 1)   (4, 1)   (5, 6)   (2, 1)  (4, 10)   (3, 1)  (3, 6)   (1, 4)   (5, 3)   (3, 2)  (4, 10)   (1, 9)  (4, 8)   (5, 7)   (1, 8)  (5, 7)


Solution:
Machine 0: job_0_task_0   job_0_task_2   job_9_task_1   job_10_task_5  job_1_task_3   job_0_task_5   job_13_task_4  job_9_task_5   job_15_task_5  job_15_task_6  job_12_task_2  job_5_task_7   job_0_task_8   job_13_task_8  job_6_task_8   job_5_task_8   job_12_task_6  job_5_task_9   job_5_task_10  job_10_task_10 job_4_task_8   job_2_task_13  job_8_task_12  job_7_task_11  job_12_task_9  job_5_task_12  job_5_task_13  job_6_task_14  job_13_task_13 job_11_task_14 job_0_task_14  job_2_task_17  job_2_task_18  job_14_task_13 job_12_task_16 job_14_task_14 job_14_task_15 job_0_task_18  job_1_task_15  job_15_task_13 job_6_task_19  job_8_task_17  job_4_task_15  job_8_task_18  job_15_task_16 job_10_task_19 job_5_task_17  job_5_task_18  job_14_task_18 job_4_task_18  job_13_task_17 job_7_task_18  job_7_task_19  
           [0,4]          [20,28]        [29,35]        [71,79]        [79,81]        [81,86]        [86,87]        [87,88]        [90,93]        [93,103]       [103,109]      [115,120]      [120,128]      [128,133]      [133,138]      [138,148]      [148,150]      [150,152]      [152,155]      [167,168]      [170,172]      [174,180]      [187,189]      [191,201]      [202,209]      [209,213]      [213,221]      [221,222]      [222,232]      [238,240]      [241,242]      [244,254]      [254,262]      [262,270]      [270,277]      [277,280]      [280,282]      [285,288]      [289,293]      [295,297]      [300,302]      [302,308]      [308,317]      [317,327]      [327,329]      [329,331]      [331,335]      [335,337]      [337,341]      [341,351]      [351,352]      [352,359]      [359,362]      
Machine 1: job_2_task_0   job_5_task_0   job_15_task_1  job_13_task_1  job_10_task_2  job_3_task_3   job_11_task_1  job_14_task_1  job_9_task_2   job_6_task_2   job_2_task_5   job_15_task_3  job_1_task_1   job_13_task_3  job_4_task_4   job_13_task_5  job_8_task_4   job_7_task_2   job_10_task_6  job_4_task_5   job_0_task_7   job_7_task_3   job_6_task_6   job_3_task_8   job_14_task_5  job_6_task_7   job_1_task_6   job_2_task_9   job_14_task_7  job_10_task_8  job_1_task_7   job_7_task_8   job_4_task_7   job_0_task_9   job_16_task_11 job_8_task_10  job_10_task_12 job_10_task_13 job_2_task_14  job_2_task_15  job_11_task_11 job_6_task_15  job_11_task_13 job_12_task_13 job_12_task_14 job_13_task_15 job_0_task_16  job_9_task_13  job_9_task_14  job_16_task_15 job_0_task_17  job_9_task_15  job_15_task_12 job_3_task_18  job_10_task_16 job_7_task_16  job_7_task_17  job_16_task_18 job_5_task_16  job_9_task_18  job_15_task_18 job_3_task_19  job_0_task_19  job_14_task_19 
           [0,2]          [2,12]         [12,16]        [16,23]        [25,26]        [26,32]        [32,33]        [33,38]        [38,47]        [47,56]        [56,65]        [65,74]        [74,77]        [77,82]        [82,90]        [90,93]        [93,96]        [96,104]       [104,106]      [106,113]      [113,120]      [120,122]      [122,125]      [125,128]      [128,129]      [129,133]      [133,141]      [141,143]      [143,151]      [151,154]      [154,159]      [159,161]      [161,170]      [170,175]      [175,179]      [179,183]      [183,187]      [187,197]      [197,204]      [204,214]      [214,215]      [222,231]      [231,238]      [238,243]      [243,244]      [244,249]      [249,256]      [256,258]      [258,266]      [266,275]      [275,285]      [285,293]      [293,295]      [295,302]      [302,310]      [310,314]      [314,318]      [318,326]      [326,330]      [330,337]      [337,343]      [343,352]      [352,360]      [360,362]      
Machine 2: job_3_task_0   job_13_task_0  job_6_task_0   job_3_task_2   job_9_task_0   job_2_task_3   job_6_task_1   job_8_task_2   job_4_task_1   job_4_task_2   job_3_task_5   job_6_task_3   job_10_task_4  job_2_task_6   job_15_task_4  job_7_task_1   job_13_task_6  job_3_task_7   job_14_task_4  job_8_task_5   job_11_task_6  job_10_task_7  job_16_task_7  job_7_task_5   job_11_task_8  job_15_task_7  job_2_task_12  job_8_task_9   job_1_task_8   job_9_task_10  job_6_task_10  job_6_task_11  job_0_task_11  job_5_task_11  job_6_task_12  job_15_task_10 job_12_task_10 job_10_task_14 job_12_task_12 job_6_task_16  job_9_task_12  job_7_task_14  job_3_task_17  job_1_task_14  job_7_task_15  job_9_task_16  job_12_task_17 job_4_task_17  job_1_task_19  job_13_task_18 job_4_task_19  
           [0,2]          [2,12]         [12,18]        [18,26]        [26,29]        [29,34]        [34,39]        [39,46]        [46,51]        [51,55]        [55,60]        [60,66]        [66,71]        [71,81]        [81,90]        [90,94]        [94,102]       [102,111]      [111,121]      [121,131]      [131,136]      [136,144]      [144,145]      [145,148]      [148,158]      [158,164]      [164,174]      [174,178]      [178,184]      [184,192]      [192,196]      [196,200]      [200,202]      [202,208]      [208,216]      [216,224]      [224,227]      [227,233]      [233,235]      [235,243]      [243,253]      [268,278]      [278,288]      [288,289]      [289,296]      [296,297]      [297,299]      [339,340]      [350,351]      [352,358]      [358,362]      
Machine 3: job_15_task_0  job_10_task_0  job_0_task_1   job_10_task_1  job_16_task_1  job_11_task_2  job_0_task_3   job_8_task_3   job_9_task_3   job_5_task_3   job_14_task_3  job_11_task_4  job_16_task_3  job_5_task_4   job_1_task_5   job_12_task_3  job_9_task_9   job_12_task_5  job_8_task_7   job_7_task_6   job_13_task_9  job_2_task_11  job_16_task_9  job_16_task_10 job_7_task_9   job_3_task_10  job_3_task_11  job_11_task_9  job_0_task_10  job_4_task_9   job_16_task_13 job_8_task_13  job_13_task_12 job_14_task_9  job_1_task_11  job_12_task_11 job_0_task_13  job_13_task_14 job_14_task_11 job_14_task_12 job_4_task_12  job_3_task_14  job_1_task_13  job_8_task_15  job_6_task_18  job_4_task_14  job_12_task_18 job_10_task_17 job_10_task_18 job_12_task_19 job_15_task_17 job_14_task_17 job_9_task_19  job_1_task_18  job_11_task_19 
           [0,7]          [7,13]         [13,20]        [20,25]        [25,34]        [34,40]        [40,45]        [46,56]        [56,58]        [58,62]        [62,72]        [72,75]        [75,78]        [78,85]        [95,104]       [109,113]      [121,130]      [130,139]      [139,148]      [148,150]      [150,156]      [156,157]      [157,158]      [158,164]      [164,168]      [168,170]      [170,177]      [177,183]      [183,192]      [192,194]      [194,196]      [196,203]      [203,210]      [210,219]      [219,229]      [229,231]      [231,241]      [241,244]      [244,253]      [253,255]      [259,261]      [261,268]      [278,282]      [284,290]      [290,300]      [300,305]      [305,313]      [313,321]      [321,328]      [328,329]      [329,332]      [335,337]      [337,338]      [342,350]      [353,362]      
Machine 4: job_8_task_0   job_3_task_1   job_8_task_1   job_2_task_2   job_11_task_0  job_15_task_2  job_4_task_0   job_1_task_0   job_10_task_3  job_14_task_2  job_7_task_0   job_4_task_3   job_6_task_4   job_1_task_2   job_11_task_5  job_1_task_4   job_3_task_6   job_12_task_1  job_16_task_5  job_5_task_5   job_9_task_7   job_5_task_6   job_9_task_8   job_12_task_4  job_7_task_4   job_3_task_9   job_11_task_7  job_2_task_10  job_16_task_8  job_7_task_7   job_10_task_9  job_6_task_9   job_13_task_10 job_7_task_10  job_12_task_7  job_14_task_8  job_15_task_9  job_11_task_10 job_1_task_10  job_0_task_12  job_6_task_13  job_3_task_12  job_11_task_12 job_9_task_11  job_4_task_10  job_2_task_16  job_0_task_15  job_16_task_14 job_3_task_13  job_7_task_12  job_7_task_13  job_1_task_12  job_8_task_14  job_15_task_11 job_4_task_13  job_10_task_15 job_16_task_16 job_5_task_14  job_15_task_14 job_5_task_15  job_15_task_15 job_11_task_17 job_14_task_16 job_4_task_16  job_1_task_17  job_13_task_16 job_11_task_18 job_15_task_19 
           [0,7]          [7,16]         [16,24]        [24,26]        [26,31]        [31,41]        [41,43]        [43,51]        [51,60]        [60,62]        [62,67]        [67,74]        [74,78]        [78,79]        [79,88]        [88,95]        [95,99]        [99,100]       [100,101]      [101,105]      [105,107]      [107,115]      [115,121]      [121,126]      [126,128]      [128,137]      [137,143]      [143,147]      [147,157]      [157,159]      [159,167]      [167,177]      [177,185]      [185,191]      [191,199]      [199,207]      [207,213]      [213,214]      [214,215]      [215,216]      [216,217]      [217,225]      [225,230]      [230,237]      [237,242]      [242,244]      [244,249]      [249,259]      [259,261]      [261,262]      [262,268]      [268,278]      [278,284]      [284,292]      [292,293]      [293,300]      [300,308]      [308,314]      [314,317]      [317,321]      [321,325]      [325,334]      [334,335]      [335,339]      [339,342]      [342,351]      [351,353]      [353,358]      
Machine 5: job_16_task_0  job_2_task_1   job_5_task_1   job_14_task_0  job_13_task_2  job_3_task_4   job_2_task_4   job_5_task_2   job_11_task_3  job_16_task_2  job_9_task_4   job_0_task_4   job_12_task_0  job_16_task_4  job_6_task_5   job_0_task_6   job_9_task_6   job_16_task_6  job_2_task_7   job_13_task_7  job_2_task_8   job_4_task_6   job_8_task_6   job_14_task_6  job_8_task_8   job_15_task_8  job_10_task_11 job_16_task_12 job_8_task_11  job_1_task_9   job_13_task_11 job_12_task_8  job_14_task_10 job_11_task_15 job_4_task_11  job_12_task_15 job_3_task_15  job_3_task_16  job_11_task_16 job_6_task_17  job_2_task_19  job_8_task_16  job_1_task_16  job_16_task_17 job_9_task_17  job_16_task_19 job_8_task_19  job_5_task_19  job_13_task_19 
           [0,10]         [10,18]        [18,23]        [23,25]        [25,33]        [33,42]        [42,47]        [47,55]        [55,61]        [61,69]        [69,77]        [77,78]        [78,79]        [79,80]        [80,89]        [89,95]        [95,102]       [102,108]      [108,118]      [118,124]      [124,127]      [127,134]      [134,135]      [135,140]      [148,150]      [164,172]      [172,177]      [179,182]      [183,187]      [187,189]      [189,196]      [199,202]      [219,227]      [240,250]      [250,259]      [259,268]      [268,274]      [274,277]      [277,282]      [282,288]      [288,295]      [295,302]      [302,310]      [310,317]      [317,323]      [326,333]      [333,336]      [337,346]      [358,361]      
Optimal Schedule Length: 362.0
Total (Unoptimized Schedule Length): 1863
Statistics
  - conflicts: 0
  - branches : 0
  - wall time: 0.9589391070000001s