
Problem
         task_0  task_1   task_2   task_3   task_4   task_5   task_6   task_7   task_8   task_9  task_10  task_11  task_12
job_0    (5, 7)  (6, 6)   (6, 5)   (0, 1)   (6, 1)  (3, 10)   (5, 5)   (2, 5)   (0, 7)   (5, 9)   (6, 8)   (3, 4)   (3, 9)
job_1    (0, 8)  (0, 6)   (7, 2)   (1, 3)  (5, 10)   (0, 3)   (3, 6)  (7, 10)   (1, 5)   (5, 1)   (5, 2)   (0, 7)   (3, 6)
job_2    (6, 6)  (7, 1)  (6, 10)   (4, 7)  (2, 10)   (2, 8)   (7, 5)   (1, 6)   (7, 7)   (0, 9)   (7, 1)   (2, 9)   (6, 1)
job_3    (3, 2)  (4, 9)   (6, 8)   (7, 3)   (3, 5)   (4, 3)   (3, 4)   (3, 8)   (4, 2)  (2, 10)   (1, 5)   (5, 1)  (4, 10)
job_4    (4, 7)  (1, 3)   (0, 6)   (0, 3)   (4, 2)   (3, 2)   (5, 5)   (6, 2)   (0, 1)   (1, 6)  (2, 10)   (3, 4)   (0, 9)
job_5    (7, 1)  (4, 4)   (4, 7)   (2, 2)   (6, 1)   (1, 9)  (0, 10)  (6, 10)   (0, 7)   (1, 8)   (4, 6)   (7, 8)   (3, 3)
job_6    (1, 4)  (5, 1)   (4, 1)   (3, 8)   (5, 1)  (1, 10)   (7, 4)   (4, 2)   (4, 8)   (6, 6)   (1, 2)   (3, 3)   (6, 2)
job_7    (6, 3)  (4, 2)   (2, 2)   (7, 8)   (2, 4)   (2, 2)   (1, 3)   (4, 6)   (0, 4)   (1, 4)   (0, 8)  (5, 10)  (5, 10)
job_8    (3, 9)  (1, 1)   (7, 5)   (7, 6)   (1, 4)   (6, 3)   (3, 2)   (4, 9)   (0, 7)   (7, 7)   (6, 2)   (1, 6)   (4, 1)
job_9    (2, 8)  (4, 3)   (4, 6)   (7, 7)   (4, 7)   (3, 2)   (3, 2)   (4, 6)   (3, 2)   (0, 2)   (3, 3)  (4, 10)   (7, 9)
job_10   (2, 7)  (5, 5)   (3, 4)   (6, 6)   (7, 7)   (7, 9)   (4, 3)  (6, 10)   (3, 7)   (3, 3)   (0, 8)   (3, 8)   (4, 7)
job_11   (4, 7)  (5, 8)   (7, 2)   (5, 6)   (6, 2)   (7, 9)   (4, 1)   (2, 1)   (7, 2)  (7, 10)   (2, 5)   (5, 3)   (7, 2)
job_12   (5, 8)  (3, 9)   (5, 7)   (7, 7)   (6, 4)  (4, 10)   (2, 8)   (3, 5)   (3, 4)   (2, 9)   (5, 9)   (7, 6)   (0, 3)
job_13   (2, 4)  (6, 8)   (3, 4)  (7, 10)   (1, 8)   (0, 3)   (3, 6)  (7, 10)   (5, 3)   (1, 6)   (1, 1)  (3, 10)   (5, 4)
job_14  (3, 10)  (0, 6)   (6, 5)   (5, 2)   (4, 3)  (1, 10)   (4, 1)   (7, 1)   (2, 7)   (6, 5)   (7, 2)   (0, 4)   (4, 3)
job_15   (3, 9)  (3, 2)   (6, 5)   (7, 4)   (2, 7)  (3, 10)   (4, 7)   (2, 8)   (1, 1)   (0, 8)   (4, 7)   (3, 4)   (5, 5)
job_16   (6, 8)  (6, 7)   (2, 2)   (4, 4)   (6, 8)   (2, 4)   (4, 4)   (5, 1)  (5, 10)  (6, 10)   (4, 5)   (1, 1)   (1, 7)


Solution:
Machine 0: job_1_task_0   job_1_task_1   job_4_task_2   job_4_task_3   job_1_task_5   job_14_task_1  job_13_task_5  job_0_task_3   job_7_task_8   job_5_task_6   job_15_task_9  job_0_task_8   job_5_task_8   job_4_task_8   job_7_task_10  job_9_task_9   job_8_task_8   job_10_task_10 job_2_task_9   job_1_task_11  job_4_task_12  job_14_task_11 job_12_task_12 
           [0,8]          [8,14]         [14,20]        [20,23]        [45,48]        [49,55]        [55,58]        [58,59]        [61,65]        [83,93]        [98,106]       [106,113]      [113,120]      [120,121]      [121,129]      [132,134]      [134,141]      [141,149]      [149,158]      [158,165]      [173,182]      [182,186]      [186,189]      
Machine 1: job_6_task_0   job_4_task_1   job_1_task_3   job_7_task_6   job_8_task_1   job_13_task_4  job_6_task_5   job_5_task_5   job_7_task_9   job_8_task_4   job_15_task_8  job_2_task_7   job_14_task_5  job_1_task_8   job_13_task_9  job_4_task_9   job_5_task_9   job_13_task_10 job_3_task_10  job_6_task_10  job_8_task_11  job_16_task_11 job_16_task_12 
           [0,4]          [7,10]         [16,19]        [30,33]        [39,40]        [44,52]        [64,74]        [74,83]        [83,87]        [87,91]        [97,98]        [98,104]       [104,114]      [114,119]      [119,125]      [125,131]      [131,139]      [139,140]      [140,145]      [148,150]      [150,156]      [156,157]      [157,164]      
Machine 2: job_13_task_0  job_10_task_0  job_7_task_2   job_9_task_0   job_7_task_4   job_7_task_5   job_2_task_4   job_2_task_5   job_15_task_4  job_5_task_3   job_16_task_2  job_12_task_6  job_15_task_7  job_16_task_5  job_0_task_7   job_3_task_9   job_12_task_9  job_14_task_8  job_11_task_7  job_4_task_10  job_11_task_10 job_2_task_11  
           [0,4]          [4,11]         [13,15]        [15,23]        [24,28]        [28,30]        [36,46]        [46,54]        [55,62]        [62,64]        [64,66]        [78,86]        [89,97]        [97,101]       [101,106]      [117,127]      [130,139]      [139,146]      [146,147]      [147,157]      [160,165]      [175,184]      
Machine 3: job_15_task_0  job_12_task_1  job_3_task_0   job_15_task_1  job_13_task_2  job_10_task_2  job_8_task_0   job_14_task_0  job_1_task_6   job_6_task_3   job_13_task_6  job_15_task_5  job_0_task_5   job_3_task_4   job_4_task_5   job_9_task_5   job_12_task_7  job_3_task_6   job_3_task_7   job_8_task_6   job_9_task_6   job_10_task_8  job_12_task_8  job_9_task_8   job_10_task_9  job_0_task_11  job_0_task_12  job_9_task_10  job_10_task_11 job_13_task_11 job_4_task_11  job_15_task_11 job_6_task_11  job_1_task_12  job_5_task_12  
           [0,9]          [9,18]         [18,20]        [20,22]        [22,26]        [26,30]        [30,39]        [39,49]        [49,55]        [55,63]        [63,69]        [69,79]        [79,89]        [89,94]        [94,96]        [96,98]        [98,103]       [103,107]      [107,115]      [115,117]      [117,119]      [119,126]      [126,130]      [130,132]      [132,135]      [135,139]      [139,148]      [148,151]      [151,159]      [159,169]      [169,173]      [173,177]      [177,180]      [180,186]      [186,189]      
Machine 4: job_4_task_0   job_5_task_1   job_7_task_1   job_11_task_0  job_3_task_1   job_2_task_3   job_9_task_1   job_9_task_2   job_4_task_4   job_6_task_2   job_5_task_2   job_7_task_7   job_10_task_6  job_12_task_5  job_16_task_3  job_15_task_6  job_9_task_4   job_3_task_5   job_14_task_4  job_16_task_6  job_15_task_10 job_14_task_6  job_3_task_8   job_6_task_7   job_9_task_7   job_8_task_7   job_6_task_8   job_11_task_6  job_5_task_10  job_16_task_10 job_9_task_11  job_3_task_12  job_10_task_12 job_8_task_12  job_14_task_12 
           [0,7]          [7,11]         [11,13]        [13,20]        [20,29]        [29,36]        [36,39]        [39,45]        [45,47]        [47,48]        [48,55]        [55,61]        [64,67]        [68,78]        [78,82]        [82,89]        [89,96]        [96,99]        [99,102]       [102,106]      [106,113]      [114,115]      [115,117]      [117,119]      [119,125]      [125,134]      [134,142]      [142,143]      [143,149]      [149,154]      [154,164]      [164,174]      [174,181]      [181,182]      [186,189]      
Machine 5: job_12_task_0  job_0_task_0   job_10_task_1  job_12_task_2  job_11_task_1  job_1_task_4   job_6_task_1   job_6_task_4   job_14_task_3  job_0_task_6   job_11_task_3  job_4_task_6   job_13_task_8  job_16_task_7  job_0_task_9   job_16_task_8  job_7_task_11  job_12_task_10 job_1_task_9   job_1_task_10  job_3_task_11  job_7_task_12  job_11_task_11 job_13_task_12 job_15_task_12 
           [0,8]          [8,15]         [15,20]        [20,27]        [27,35]        [35,45]        [45,46]        [63,64]        [83,85]        [89,94]        [94,100]       [100,105]      [105,108]      [108,109]      [113,122]      [122,132]      [132,142]      [142,151]      [151,152]      [152,154]      [154,155]      [155,165]      [165,168]      [169,173]      [177,182]      
Machine 6: job_2_task_0   job_7_task_0   job_13_task_1  job_2_task_2   job_0_task_1   job_10_task_3  job_15_task_2  job_16_task_0  job_0_task_2   job_16_task_1  job_12_task_4  job_5_task_4   job_3_task_2   job_0_task_4   job_14_task_2  job_16_task_4  job_10_task_7  job_5_task_7   job_8_task_5   job_11_task_4  job_4_task_7   job_0_task_10  job_16_task_9  job_6_task_9   job_8_task_10  job_14_task_9  job_6_task_12  job_2_task_12  
           [0,6]          [6,9]          [9,17]         [17,27]        [27,33]        [33,39]        [39,44]        [44,52]        [52,57]        [57,64]        [64,68]        [68,69]        [69,77]        [77,78]        [78,83]        [83,91]        [91,101]       [101,111]      [111,114]      [114,116]      [116,118]      [122,130]      [132,142]      [142,148]      [148,150]      [150,155]      [180,182]      [184,185]      
Machine 7: job_5_task_0   job_2_task_1   job_1_task_2   job_7_task_3   job_12_task_3  job_13_task_3  job_10_task_4  job_15_task_3  job_10_task_5  job_8_task_2   job_9_task_3   job_3_task_3   job_8_task_3   job_11_task_2  job_2_task_6   job_13_task_7  job_1_task_7   job_6_task_6   job_11_task_5  job_2_task_8   job_14_task_7  job_8_task_9   job_11_task_8  job_11_task_9  job_5_task_11  job_12_task_11 job_2_task_10  job_14_task_10 job_9_task_12  job_11_task_12 
           [0,1]          [6,7]          [14,16]        [16,24]        [27,34]        [34,44]        [44,51]        [51,55]        [55,64]        [64,69]        [69,76]        [77,80]        [80,86]        [86,88]        [88,93]        [93,103]       [103,113]      [113,117]      [117,126]      [126,133]      [133,134]      [141,148]      [148,150]      [150,160]      [160,168]      [168,174]      [174,175]      [175,177]      [177,186]      [186,188]      
Optimal Schedule Length: 189.0
Total (Unoptimized Schedule Length): 1194
Statistics
  - conflicts: 0
  - branches : 0
  - wall time: 0.12861830800000001s