
 Problem
         task_0  task_1  task_2  task_3  task_4  task_5  task_6  task_7  task_8  task_9 task_10 task_11 task_12 task_13 task_14 task_15 task_16 task_17 task_18
job_0   (3, 2)  (0, 9)  (4, 2)  (4, 7)  (0, 4)  (2, 3)  (1, 8)  (1, 1)  (0, 6)  (0, 1)  (0, 9)  (3, 0)  (3, 7)  (3, 6)  (0, 1)  (2, 3)  (4, 7)  (4, 8)  (2, 0)
job_1   (4, 9)  (3, 2)  (3, 0)  (4, 4)  (0, 9)  (0, 0)  (0, 1)  (2, 1)  (4, 5)  (2, 2)  (2, 7)  (4, 0)  (3, 9)  (3, 2)  (4, 5)  (0, 2)  (4, 1)  (1, 6)  (4, 7)
job_2   (1, 7)  (1, 4)  (4, 1)  (2, 4)  (2, 9)  (3, 5)  (4, 5)  (4, 3)  (1, 7)  (4, 4)  (0, 2)  (0, 9)  (3, 1)  (3, 0)  (4, 9)  (4, 8)  (2, 5)  (3, 0)  (0, 7)
job_3   (3, 2)  (4, 4)  (2, 8)  (0, 4)  (4, 9)  (3, 0)  (2, 3)  (3, 0)  (4, 7)  (2, 5)  (0, 1)  (4, 6)  (2, 5)  (4, 5)  (4, 6)  (3, 7)  (4, 7)  (0, 6)  (0, 3)
job_4   (4, 9)  (4, 5)  (1, 1)  (4, 2)  (3, 0)  (0, 4)  (3, 5)  (1, 8)  (4, 8)  (3, 9)  (1, 1)  (0, 3)  (2, 7)  (3, 2)  (2, 6)  (4, 9)  (1, 5)  (2, 5)  (0, 3)
job_5   (2, 2)  (3, 8)  (3, 8)  (1, 5)  (2, 1)  (4, 8)  (3, 8)  (2, 6)  (2, 1)  (2, 7)  (3, 9)  (3, 6)  (4, 9)  (1, 9)  (4, 5)  (3, 1)  (2, 6)  (3, 8)  (3, 4)
job_6   (1, 2)  (4, 4)  (2, 8)  (4, 5)  (0, 5)  (2, 6)  (4, 5)  (3, 3)  (1, 2)  (0, 7)  (4, 1)  (2, 0)  (2, 1)  (3, 0)  (4, 3)  (4, 1)  (0, 2)  (3, 4)  (2, 1)
job_7   (1, 6)  (1, 6)  (2, 9)  (4, 5)  (2, 0)  (0, 4)  (4, 9)  (4, 1)  (4, 8)  (2, 9)  (2, 1)  (0, 8)  (3, 8)  (1, 5)  (2, 6)  (4, 2)  (3, 7)  (2, 2)  (4, 0)
job_8   (0, 2)  (3, 4)  (0, 1)  (3, 1)  (4, 2)  (2, 5)  (4, 0)  (1, 0)  (3, 9)  (4, 5)  (0, 8)  (1, 0)  (1, 7)  (0, 1)  (3, 1)  (2, 3)  (1, 2)  (3, 2)  (3, 1)
job_9   (4, 6)  (4, 3)  (3, 0)  (1, 5)  (1, 0)  (4, 7)  (3, 6)  (3, 5)  (3, 9)  (3, 7)  (3, 4)  (0, 7)  (1, 2)  (3, 0)  (4, 6)  (3, 0)  (3, 9)  (1, 4)  (4, 9)
job_10  (0, 5)  (4, 8)  (3, 4)  (0, 1)  (1, 0)  (2, 1)  (1, 1)  (0, 3)  (1, 0)  (1, 4)  (0, 1)  (4, 6)  (3, 5)  (4, 4)  (3, 1)  (4, 2)  (2, 3)  (3, 6)  (3, 4)
job_11  (2, 9)  (4, 9)  (3, 9)  (0, 3)  (1, 3)  (1, 6)  (3, 5)  (3, 1)  (4, 8)  (3, 2)  (3, 6)  (3, 7)  (2, 3)  (2, 8)  (3, 5)  (4, 0)  (4, 4)  (3, 4)  (2, 6)
job_12  (3, 1)  (4, 8)  (0, 9)  (3, 8)  (2, 6)  (4, 2)  (2, 8)  (0, 2)  (4, 9)  (4, 4)  (3, 4)  (2, 4)  (4, 1)  (1, 2)  (0, 4)  (3, 6)  (3, 5)  (0, 9)  (2, 6)
job_13  (4, 1)  (0, 6)  (2, 0)  (3, 5)  (4, 3)  (1, 8)  (0, 1)  (3, 6)  (3, 4)  (2, 1)  (2, 5)  (0, 0)  (2, 3)  (1, 7)  (3, 1)  (0, 3)  (4, 4)  (4, 8)  (0, 7)
job_14  (0, 6)  (2, 9)  (2, 6)  (4, 0)  (3, 0)  (1, 1)  (1, 3)  (2, 9)  (4, 6)  (4, 3)  (1, 6)  (1, 9)  (0, 7)  (0, 6)  (4, 6)  (2, 9)  (1, 3)  (1, 3)  (3, 1)

Solution:
Machine 0: job_14_task_0  job_10_task_0  job_8_task_0   job_12_task_2  job_0_task_1   job_8_task_2   job_11_task_3  job_3_task_3   job_7_task_5   job_13_task_1  job_4_task_5   job_0_task_4   job_0_task_8   job_12_task_7  job_0_task_9   job_0_task_10  job_1_task_4   job_1_task_5   job_13_task_6  job_1_task_6   job_9_task_11  job_3_task_10  job_13_task_11 job_7_task_11  job_10_task_3  job_4_task_11  job_10_task_7  job_13_task_15 job_0_task_14  job_6_task_4   job_14_task_12 job_10_task_10 job_2_task_10  job_2_task_11  job_14_task_13 job_12_task_14 job_8_task_10  job_6_task_9   job_12_task_17 job_8_task_13  job_1_task_15  job_4_task_18  job_2_task_18  job_3_task_17  job_3_task_18  job_13_task_18 job_6_task_16  
           [0,6]          [6,11]         [11,13]        [17,26]        [26,35]        [35,36]        [43,46]        [52,56]        [58,62]        [62,68]        [74,78]        [86,90]        [102,108]      [108,110]      [110,111]      [111,120]      [120,129]      [129,129]      [129,130]      [130,131]      [131,138]      [141,142]      [148,148]      [162,170]      [170,171]      [171,174]      [174,177]      [177,180]      [180,181]      [190,195]      [195,202]      [202,203]      [203,205]      [205,214]      [214,220]      [229,233]      [240,248]      [248,255]      [255,264]      [264,265]      [286,288]      [294,297]      [303,310]      [310,316]      [316,319]      [326,333]      [347,349]      
Machine 1: job_7_task_0   job_7_task_1   job_2_task_0   job_5_task_3   job_2_task_1   job_6_task_0   job_14_task_5  job_14_task_6  job_11_task_4  job_11_task_5  job_9_task_3   job_4_task_2   job_9_task_4   job_4_task_7   job_0_task_6   job_0_task_7   job_13_task_5  job_9_task_12  job_13_task_13 job_2_task_8   job_4_task_10  job_10_task_4  job_10_task_6  job_14_task_10 job_10_task_8  job_14_task_11 job_10_task_9  job_7_task_13  job_8_task_7   job_5_task_13  job_12_task_13 job_6_task_8   job_8_task_11  job_8_task_12  job_9_task_17  job_4_task_16  job_14_task_16 job_8_task_16  job_14_task_17 job_1_task_17  
           [0,6]          [6,12]         [12,19]        [19,24]        [24,28]        [28,30]        [43,44]        [44,47]        [47,50]        [50,56]        [56,61]        [61,62]        [61,61]        [84,92]        [93,101]       [101,102]      [109,117]      [138,140]      [151,158]      [158,165]      [165,166]      [171,171]      [172,173]      [175,181]      [181,181]      [181,190]      [190,194]      [194,199]      [199,199]      [218,227]      [227,229]      [244,246]      [248,248]      [248,255]      [270,274]      [281,286]      [286,289]      [289,291]      [291,294]      [327,333]      
Machine 2: job_5_task_0   job_11_task_0  job_14_task_1  job_7_task_2   job_5_task_4   job_14_task_2  job_12_task_4  job_3_task_2   job_5_task_7   job_2_task_3   job_7_task_4   job_2_task_4   job_13_task_2  job_14_task_7  job_5_task_8   job_5_task_9   job_0_task_5   job_3_task_6   job_12_task_6  job_6_task_2   job_3_task_9   job_1_task_7   job_13_task_9  job_13_task_10 job_13_task_12 job_7_task_9   job_7_task_10  job_10_task_5  job_4_task_12  job_0_task_15  job_4_task_14  job_8_task_5   job_1_task_9   job_1_task_10  job_12_task_11 job_6_task_5   job_3_task_12  job_11_task_12 job_11_task_13 job_7_task_14  job_12_task_18 job_5_task_16  job_14_task_15 job_8_task_15  job_4_task_17  job_2_task_16  job_10_task_16 job_6_task_11  job_6_task_12  job_11_task_18 job_7_task_17  job_6_task_18  job_0_task_18  
           [0,2]          [2,11]         [11,20]        [20,29]        [29,30]        [30,36]        [36,42]        [44,52]        [52,58]        [58,62]        [58,58]        [62,71]        [71,71]        [71,80]        [80,81]        [81,88]        [90,93]        [96,99]        [99,107]       [128,136]      [136,141]      [141,142]      [142,143]      [143,148]      [148,151]      [152,161]      [161,162]      [171,172]      [174,181]      [181,184]      [184,190]      [190,195]      [195,197]      [197,204]      [204,208]      [208,214]      [214,219]      [219,222]      [222,230]      [230,236]      [264,270]      [271,277]      [277,286]      [286,289]      [289,294]      [298,303]      [311,314]      [332,332]      [332,333]      [335,341]      [342,344]      [353,354]      [355,355]      
Machine 3: job_12_task_0  job_3_task_0   job_5_task_1   job_5_task_2   job_0_task_0   job_8_task_1   job_12_task_3  job_11_task_2  job_5_task_6   job_14_task_4  job_8_task_3   job_9_task_2   job_11_task_6  job_11_task_7  job_9_task_6   job_4_task_4   job_13_task_3  job_4_task_6   job_2_task_5   job_1_task_1   job_1_task_2   job_9_task_7   job_3_task_5   job_9_task_8   job_3_task_7   job_5_task_10  job_5_task_11  job_0_task_11  job_9_task_9   job_9_task_10  job_13_task_7  job_13_task_8  job_0_task_12  job_9_task_13  job_4_task_9   job_0_task_13  job_10_task_2  job_13_task_14 job_7_task_12  job_4_task_13  job_11_task_9  job_11_task_10 job_11_task_11 job_12_task_10 job_8_task_8   job_1_task_12  job_2_task_12  job_1_task_13  job_2_task_13  job_10_task_12 job_12_task_15 job_6_task_7   job_12_task_16 job_3_task_15  job_11_task_14 job_9_task_15  job_9_task_16  job_5_task_15  job_8_task_14  job_5_task_17  job_5_task_18  job_10_task_14 job_8_task_17  job_8_task_18  job_14_task_18 job_2_task_17  job_10_task_17 job_10_task_18 job_11_task_17 job_6_task_13  job_7_task_16  job_6_task_17  
           [0,1]          [1,3]          [3,11]         [11,19]        [19,21]        [21,25]        [26,34]        [34,43]        [43,51]        [43,43]        [51,52]        [51,51]        [56,61]        [61,62]        [68,74]        [74,74]        [74,79]        [79,84]        [84,89]        [89,91]        [91,91]        [91,96]        [96,96]        [96,105]       [105,105]      [105,114]      [114,120]      [120,120]      [120,127]      [127,131]      [131,137]      [137,141]      [141,148]      [141,141]      [148,157]      [157,163]      [163,167]      [167,168]      [170,178]      [181,183]      [183,185]      [185,191]      [191,198]      [199,203]      [203,212]      [212,221]      [221,222]      [222,224]      [222,222]      [230,235]      [235,241]      [241,244]      [244,249]      [249,256]      [256,261]      [261,261]      [261,270]      [270,271]      [271,272]      [277,285]      [285,289]      [290,291]      [291,293]      [293,294]      [294,295]      [303,303]      [314,320]      [320,324]      [331,335]      [335,335]      [335,342]      [349,353]      
Machine 4: job_4_task_0   job_12_task_1  job_9_task_0   job_11_task_1  job_5_task_5   job_3_task_1   job_14_task_3  job_9_task_1   job_4_task_1   job_2_task_2   job_7_task_3   job_13_task_0  job_0_task_2   job_9_task_5   job_4_task_3   job_1_task_0   job_0_task_3   job_3_task_4   job_12_task_5  job_7_task_6   job_13_task_4  job_1_task_3   job_2_task_6   job_14_task_8  job_6_task_1   job_3_task_8   job_4_task_8   job_7_task_7   job_7_task_8   job_2_task_7   job_10_task_1  job_12_task_8  job_14_task_9  job_11_task_8  job_8_task_4   job_6_task_3   job_1_task_8   job_8_task_6   job_12_task_9  job_2_task_9   job_3_task_11  job_1_task_11  job_5_task_12  job_12_task_12 job_3_task_13  job_10_task_11 job_6_task_6   job_8_task_9   job_3_task_14  job_2_task_14  job_9_task_14  job_5_task_14  job_11_task_15 job_14_task_14 job_4_task_15  job_1_task_14  job_10_task_13 job_2_task_15  job_13_task_16 job_3_task_16  job_10_task_15 job_0_task_16  job_13_task_17 job_1_task_16  job_11_task_16 job_6_task_10  job_7_task_15  job_9_task_18  job_6_task_14  job_6_task_15  job_7_task_18  job_0_task_17  job_1_task_18  
           [0,9]          [9,17]         [17,23]        [23,32]        [32,40]        [40,44]        [40,40]        [44,47]        [47,52]        [52,53]        [53,58]        [58,59]        [59,61]        [61,68]        [68,70]        [70,79]        [79,86]        [86,95]        [95,97]        [97,106]       [106,109]      [109,113]      [113,118]      [118,124]      [124,128]      [128,135]      [135,143]      [143,144]      [144,152]      [152,155]      [155,163]      [163,172]      [172,175]      [175,183]      [183,185]      [185,190]      [190,195]      [195,195]      [195,199]      [199,203]      [203,209]      [209,209]      [209,218]      [218,219]      [219,224]      [224,230]      [230,235]      [235,240]      [240,246]      [246,255]      [255,261]      [261,266]      [261,261]      [266,272]      [272,281]      [281,286]      [286,290]      [290,298]      [298,302]      [302,309]      [309,311]      [311,318]      [318,326]      [326,327]      [327,331]      [331,332]      [332,334]      [334,343]      [343,346]      [346,347]      [346,346]      [347,355]      [355,362]      
Optimal Schedule Length: 362.0
Total (Unoptimized Schedule Length): 1257
Statistics
  - conflicts: 0
  - branches : 131
  - wall time: 0.019389s