
 Problem
          task_0   task_1   task_2   task_3   task_4   task_5   task_6   task_7   task_8   task_9  task_10  task_11  task_12  task_13  task_14  task_15  task_16  task_17  task_18
job_0    (3, 4)   (6, 6)   (6, 0)   (2, 3)   (4, 5)   (9, 0)   (1, 7)  (12, 2)   (1, 9)   (5, 3)   (8, 6)   (1, 2)   (9, 9)   (8, 5)  (10, 9)  (13, 4)  (12, 4)   (6, 8)   (2, 2)
job_1    (4, 5)   (5, 5)  (12, 1)   (3, 9)   (2, 8)  (14, 4)  (18, 5)  (18, 3)   (2, 3)   (8, 0)  (13, 4)   (1, 6)  (17, 7)  (17, 1)   (8, 1)  (17, 1)  (11, 1)  (18, 2)   (8, 5)
job_2   (10, 6)   (0, 8)   (3, 1)  (15, 1)   (4, 0)   (2, 2)   (5, 2)   (2, 8)   (6, 8)   (9, 6)  (15, 6)   (3, 0)   (6, 7)   (8, 0)  (18, 0)  (11, 9)   (8, 2)   (2, 3)  (17, 3)
job_3    (4, 7)   (1, 1)  (17, 7)   (4, 5)  (14, 4)   (5, 8)  (10, 3)  (18, 0)   (6, 1)  (16, 1)   (3, 7)   (8, 9)  (15, 8)   (1, 0)   (6, 8)   (5, 7)   (0, 0)   (7, 5)  (15, 5)
job_4   (16, 3)  (11, 8)   (5, 7)  (18, 3)  (10, 4)   (7, 4)   (9, 0)   (9, 8)  (17, 3)  (18, 5)   (1, 6)  (15, 4)   (0, 3)  (16, 3)  (14, 5)  (10, 7)   (3, 4)  (13, 7)   (4, 3)
job_5   (16, 8)   (2, 8)  (11, 1)   (8, 3)   (8, 4)  (12, 9)  (13, 6)   (7, 4)   (7, 6)   (9, 4)  (13, 5)   (9, 1)   (7, 5)  (17, 1)   (1, 8)  (12, 4)   (2, 6)   (9, 0)   (7, 8)
job_6   (13, 1)  (18, 6)   (7, 8)   (9, 5)   (7, 3)   (9, 3)   (9, 9)   (0, 2)   (5, 2)  (12, 1)   (7, 7)   (8, 7)   (7, 1)   (7, 5)  (16, 0)  (14, 3)  (10, 4)  (10, 6)  (12, 0)
job_7    (5, 0)   (5, 4)   (2, 8)   (0, 1)  (16, 7)  (14, 4)  (18, 2)   (5, 3)  (13, 9)  (15, 6)   (9, 7)   (9, 9)   (7, 4)   (0, 8)   (8, 4)  (18, 6)  (10, 3)   (8, 9)   (7, 1)
job_8   (10, 2)   (0, 4)  (10, 0)  (12, 0)   (1, 6)   (4, 5)   (2, 8)  (16, 5)   (0, 9)  (15, 7)  (12, 5)   (0, 5)  (14, 4)   (8, 8)  (15, 0)  (11, 8)  (17, 9)  (16, 6)  (14, 6)
job_9    (3, 3)   (5, 3)   (5, 6)   (2, 1)  (12, 5)  (15, 3)   (3, 3)   (4, 2)  (15, 8)   (4, 1)   (6, 0)   (2, 9)   (6, 2)  (10, 3)  (11, 5)  (18, 9)   (9, 9)  (13, 7)   (9, 2)
job_10  (10, 4)  (13, 0)  (12, 3)  (10, 1)  (16, 5)   (2, 7)   (7, 5)  (10, 7)   (2, 0)  (15, 7)  (14, 5)  (10, 6)   (3, 0)   (1, 2)  (14, 7)  (11, 6)   (0, 1)   (6, 7)  (15, 0)
job_11  (10, 4)   (0, 2)   (4, 6)   (2, 9)  (10, 5)   (4, 5)   (4, 3)   (2, 9)  (15, 4)   (5, 9)  (15, 1)  (18, 0)  (18, 3)   (8, 6)  (18, 7)   (9, 4)   (0, 3)  (18, 6)  (11, 2)
job_12  (18, 6)   (0, 6)   (8, 4)   (7, 1)  (16, 7)  (17, 0)   (5, 5)   (1, 7)   (5, 7)  (14, 8)   (9, 6)  (12, 7)   (1, 7)   (9, 6)  (18, 5)   (0, 5)  (14, 2)  (14, 8)  (13, 0)
job_13   (3, 5)  (13, 7)   (1, 7)  (14, 6)  (11, 4)   (6, 3)   (6, 9)  (12, 8)   (6, 1)   (2, 1)  (11, 9)   (1, 5)   (5, 0)  (15, 3)   (5, 2)   (5, 3)  (14, 2)  (11, 2)   (3, 5)
job_14   (6, 2)   (8, 6)  (17, 5)   (3, 8)  (11, 4)   (9, 3)  (17, 3)  (18, 5)  (14, 3)  (13, 4)   (1, 9)   (5, 2)  (11, 3)   (2, 0)   (2, 8)  (16, 5)  (11, 5)  (11, 9)  (14, 1)
job_15  (17, 6)   (3, 0)   (5, 1)  (13, 0)   (4, 5)   (2, 5)   (8, 3)   (6, 6)   (2, 7)  (15, 6)  (17, 7)   (2, 5)   (2, 0)   (8, 7)  (10, 4)   (7, 9)   (8, 2)  (16, 6)   (4, 2)
job_16   (1, 6)   (5, 2)   (0, 4)  (18, 4)   (5, 0)  (16, 5)  (18, 6)   (1, 8)  (15, 2)   (5, 0)  (17, 1)   (2, 1)   (7, 0)  (16, 1)   (1, 5)  (11, 6)  (17, 1)   (0, 7)  (10, 2)

Solution:
Machine 0: job_8_task_1   job_12_task_1  job_11_task_1  job_7_task_3   job_16_task_2  job_2_task_1   job_8_task_8   job_6_task_7   job_8_task_11  job_7_task_13  job_4_task_12  job_3_task_16  job_10_task_16 job_11_task_16 job_12_task_15 job_16_task_17 
           [2,6]          [6,12]         [12,14]        [14,15]        [15,19]        [19,27]        [36,45]        [45,47]        [58,63]        [66,74]        [88,91]        [103,103]      [105,106]      [108,111]      [111,116]      [126,133]      
Machine 1: job_16_task_0  job_8_task_4   job_3_task_1   job_13_task_2  job_0_task_6   job_0_task_8   job_12_task_7  job_16_task_7  job_14_task_10 job_0_task_11  job_16_task_14 job_4_task_10  job_10_task_13 job_3_task_13  job_12_task_12 job_13_task_11 job_1_task_11  job_5_task_14  
           [0,6]          [6,12]         [12,13]        [16,23]        [23,30]        [32,41]        [41,48]        [51,59]        [61,70]        [70,72]        [72,77]        [78,84]        [86,88]        [88,88]        [88,95]        [98,103]       [105,111]      [111,119]      
Machine 2: job_7_task_2   job_0_task_3   job_5_task_1   job_8_task_6   job_9_task_3   job_11_task_3  job_15_task_5  job_10_task_5  job_2_task_5   job_11_task_7  job_16_task_11 job_2_task_7   job_10_task_8  job_1_task_4   job_14_task_13 job_15_task_8  job_13_task_9  job_9_task_11  job_1_task_8   job_15_task_11 job_14_task_14 job_15_task_12 job_5_task_16  job_2_task_17  job_0_task_18  
           [4,12]         [12,15]        [15,23]        [23,31]        [31,32]        [32,41]        [41,46]        [46,53]        [53,55]        [55,64]        [64,65]        [65,73]        [65,65]        [73,81]        [81,81]        [81,88]        [88,89]        [89,98]        [98,101]       [102,107]      [107,115]      [107,107]      [123,129]      [131,134]      [135,137]      
Machine 3: job_0_task_0   job_13_task_0  job_9_task_0   job_15_task_1  job_14_task_3  job_2_task_2   job_9_task_6   job_3_task_10  job_1_task_3   job_10_task_12 job_2_task_11  job_4_task_16  job_13_task_18 
           [0,4]          [4,9]          [9,12]         [9,9]          [13,21]        [27,28]        [40,43]        [51,58]        [63,72]        [86,86]        [100,100]      [110,114]      [132,137]      
Machine 4: job_3_task_0   job_1_task_0   job_8_task_5   job_0_task_4   job_11_task_2  job_3_task_3   job_2_task_4   job_15_task_4  job_9_task_7   job_11_task_5  job_11_task_6  job_9_task_9   job_4_task_18  job_15_task_18 
           [0,7]          [7,12]         [12,17]        [17,22]        [22,28]        [28,33]        [33,33]        [33,38]        [43,45]        [46,51]        [51,54]        [70,71]        [130,133]      [135,137]      
Machine 5: job_7_task_0   job_7_task_1   job_16_task_1  job_15_task_2  job_9_task_1   job_9_task_2   job_4_task_2   job_7_task_7   job_16_task_4  job_12_task_6  job_3_task_5   job_0_task_9   job_12_task_8  job_2_task_6   job_1_task_1   job_6_task_8   job_16_task_9  job_14_task_11 job_11_task_9  job_3_task_15  job_13_task_12 job_13_task_14 job_13_task_15 
           [0,0]          [0,4]          [6,8]          [9,10]         [12,15]        [15,21]        [21,28]        [28,31]        [28,28]        [31,36]        [37,45]        [45,48]        [48,55]        [55,57]        [57,62]        [63,65]        [63,63]        [70,72]        [72,81]        [96,103]       [103,103]      [111,113]      [113,116]      
Machine 6: job_14_task_0  job_0_task_1   job_0_task_2   job_13_task_5  job_13_task_6  job_3_task_8   job_15_task_7  job_9_task_10  job_13_task_8  job_2_task_8   job_3_task_14  job_9_task_12  job_2_task_12  job_10_task_17 job_0_task_17  
           [0,2]          [4,10]         [10,10]        [36,39]        [39,48]        [49,50]        [50,56]        [71,71]        [71,72]        [73,81]        [88,96]        [98,100]       [100,107]      [107,114]      [127,135]      
Machine 7: job_6_task_2   job_12_task_3  job_6_task_4   job_4_task_5   job_10_task_6  job_5_task_7   job_7_task_12  job_5_task_8   job_16_task_12 job_6_task_10  job_6_task_12  job_6_task_13  job_5_task_12  job_3_task_17  job_15_task_15 job_7_task_18  job_5_task_18  
           [12,20]        [20,21]        [27,30]        [35,39]        [53,58]        [58,62]        [62,66]        [66,72]        [66,66]        [72,79]        [86,87]        [87,92]        [102,107]      [107,112]      [118,127]      [127,128]      [129,137]      
Machine 8: job_14_task_1  job_12_task_2  job_5_task_3   job_5_task_4   job_15_task_6  job_0_task_10  job_3_task_11  job_8_task_13  job_7_task_14  job_6_task_11  job_0_task_13  job_11_task_13 job_1_task_9   job_2_task_13  job_15_task_13 job_7_task_17  job_1_task_14  job_15_task_16 job_2_task_16  job_1_task_18  
           [2,8]          [12,16]        [26,29]        [29,33]        [47,50]        [50,56]        [58,67]        [67,75]        [75,79]        [79,86]        [86,91]        [91,97]        [101,101]      [107,107]      [107,114]      [114,123]      [123,124]      [127,129]      [129,131]      [131,136]      
Machine 9: job_0_task_5   job_6_task_3   job_14_task_5  job_6_task_5   job_6_task_6   job_4_task_6   job_7_task_10  job_7_task_11  job_4_task_7   job_12_task_10 job_0_task_12  job_2_task_9   job_5_task_9   job_12_task_13 job_5_task_11  job_11_task_15 job_9_task_16  job_5_task_17  job_9_task_18  
           [22,22]        [22,27]        [27,30]        [30,33]        [33,42]        [42,42]        [46,53]        [53,62]        [62,70]        [70,76]        [76,85]        [85,91]        [91,95]        [95,101]       [101,102]      [104,108]      [118,127]      [129,129]      [135,137]      
Machine 10: job_8_task_0   job_11_task_0  job_8_task_2   job_10_task_0  job_2_task_0   job_10_task_3  job_4_task_4   job_11_task_4  job_3_task_6   job_10_task_7  job_10_task_11 job_7_task_16  job_0_task_14  job_9_task_13  job_4_task_15  job_15_task_14 job_6_task_16  job_6_task_17  job_16_task_18 
           [0,2]          [2,6]          [6,6]          [6,10]         [10,16]        [19,20]        [31,35]        [41,46]        [46,49]        [58,65]        [80,86]        [86,89]        [91,100]       [100,103]      [103,110]      [114,118]      [118,122]      [122,128]      [133,135]      
Machine 11: job_4_task_1   job_14_task_4  job_5_task_2   job_13_task_4  job_14_task_12 job_8_task_15  job_16_task_15 job_13_task_10 job_10_task_15 job_9_task_14  job_2_task_15  job_13_task_17 job_14_task_16 job_1_task_16  job_14_task_17 job_11_task_18 
           [11,19]        [21,25]        [25,26]        [32,36]        [72,75]        [75,83]        [83,89]        [89,98]        [98,104]       [104,109]      [109,118]      [118,120]      [120,125]      [125,126]      [126,135]      [135,137]      
Machine 12: job_8_task_3   job_10_task_2  job_0_task_7   job_9_task_4   job_5_task_5   job_8_task_10  job_1_task_2   job_13_task_7  job_6_task_9   job_12_task_11 job_5_task_15  job_0_task_16  job_6_task_18  
           [6,6]          [16,19]        [30,32]        [32,37]        [37,46]        [53,58]        [62,63]        [63,71]        [71,72]        [76,83]        [119,123]      [123,127]      [128,128]      
Machine 13: job_6_task_0   job_13_task_1  job_10_task_1  job_15_task_3  job_7_task_8   job_14_task_9  job_5_task_6   job_5_task_10  job_1_task_10  job_0_task_15  job_4_task_17  job_9_task_17  job_12_task_18 
           [0,1]          [9,16]         [16,16]        [16,16]        [31,40]        [42,46]        [46,52]        [95,100]       [101,105]      [115,119]      [119,126]      [128,135]      [128,128]      
Machine 14: job_7_task_5   job_13_task_3  job_3_task_4   job_14_task_8  job_12_task_9  job_8_task_12  job_10_task_10 job_1_task_5   job_10_task_14 job_4_task_14  job_8_task_18  job_6_task_15  job_13_task_16 job_12_task_16 job_12_task_17 job_14_task_18 
           [22,26]        [26,32]        [33,37]        [39,42]        [55,63]        [63,67]        [75,80]        [82,86]        [91,98]        [98,103]       [103,109]      [109,112]      [116,118]      [118,120]      [120,128]      [135,136]      
Machine 15: job_2_task_3   job_9_task_5   job_7_task_9   job_8_task_9   job_9_task_8   job_16_task_8  job_11_task_8  job_10_task_9  job_3_task_12  job_8_task_14  job_11_task_10 job_4_task_11  job_15_task_9  job_2_task_10  job_13_task_13 job_3_task_18  job_10_task_18 
           [28,29]        [37,40]        [40,46]        [46,53]        [53,61]        [61,63]        [64,68]        [68,75]        [75,83]        [75,75]        [83,84]        [84,88]        [88,94]        [94,100]       [108,111]      [114,119]      [114,114]      
Machine 16: job_5_task_0   job_4_task_0   job_7_task_4   job_12_task_4  job_8_task_7   job_16_task_5  job_10_task_4  job_3_task_9   job_16_task_13 job_4_task_13  job_6_task_14  job_8_task_17  job_14_task_15 job_15_task_17 
           [0,8]          [8,11]         [15,22]        [22,29]        [31,36]        [36,41]        [41,46]        [50,51]        [69,70]        [91,94]        [94,94]        [94,100]       [115,120]      [129,135]      
Machine 17: job_15_task_0  job_14_task_2  job_3_task_2   job_12_task_5  job_14_task_6  job_16_task_10 job_4_task_8   job_8_task_16  job_15_task_10 job_5_task_13  job_1_task_12  job_1_task_13  job_1_task_15  job_16_task_16 job_2_task_18  
           [0,6]          [8,13]         [13,20]        [31,31]        [31,34]        [63,64]        [70,73]        [83,92]        [95,102]       [107,108]      [111,118]      [118,119]      [124,125]      [125,126]      [134,137]      
Machine 18: job_12_task_0  job_6_task_1   job_16_task_3  job_7_task_6   job_4_task_3   job_14_task_7  job_16_task_6  job_3_task_7   job_4_task_9   job_7_task_15  job_11_task_11 job_11_task_12 job_1_task_6   job_1_task_7   job_11_task_14 job_12_task_14 job_2_task_14  job_9_task_15  job_11_task_17 job_1_task_17  
           [0,6]          [6,12]         [19,23]        [26,28]        [28,31]        [34,39]        [41,47]        [49,49]        [73,78]        [79,85]        [85,85]        [85,88]        [88,93]        [93,96]        [97,104]       [104,109]      [109,109]      [109,118]      [118,124]      [126,128]      
Optimal Schedule Length: 137.0
Total (Unoptimized Schedule Length): 1408
Statistics
  - conflicts: 0
  - branches : 54
  - wall time: 0.5918150000000001s