
 Problem
          task_0   task_1   task_2   task_3   task_4   task_5   task_6   task_7   task_8   task_9  task_10  task_11  task_12  task_13  task_14  task_15  task_16  task_17
job_0   (15, 0)   (4, 4)  (11, 1)   (3, 9)   (5, 3)  (10, 9)   (2, 2)  (11, 0)  (11, 0)  (14, 6)   (2, 4)   (3, 4)   (1, 2)   (6, 8)  (13, 4)   (9, 8)  (11, 2)   (8, 7)
job_1   (13, 2)   (6, 8)   (3, 6)   (9, 1)   (1, 3)   (8, 6)  (15, 7)   (3, 3)   (9, 0)   (3, 8)   (6, 5)   (8, 7)  (13, 5)   (5, 1)   (6, 7)  (11, 9)  (15, 6)   (2, 4)
job_2    (2, 9)   (5, 6)   (8, 0)  (13, 0)  (10, 2)  (11, 8)   (1, 2)   (3, 6)   (1, 6)   (9, 6)   (0, 4)   (0, 3)   (0, 8)  (12, 6)   (5, 1)  (12, 0)  (10, 2)   (4, 9)
job_3   (15, 9)   (8, 4)   (3, 4)   (6, 6)   (5, 2)   (6, 5)   (0, 1)   (1, 9)   (7, 6)  (14, 5)   (2, 8)   (5, 8)   (2, 1)   (9, 9)   (9, 9)  (13, 2)  (12, 9)  (15, 8)
job_4   (15, 9)   (3, 7)   (3, 3)   (8, 4)   (1, 7)   (8, 5)  (12, 8)   (2, 1)   (4, 4)   (0, 8)   (0, 0)   (1, 8)  (11, 9)   (5, 0)   (2, 3)  (10, 6)   (0, 1)   (4, 7)
job_5    (9, 7)   (0, 5)  (12, 4)  (14, 7)   (4, 9)   (3, 9)  (13, 1)  (11, 8)  (11, 7)   (3, 0)   (1, 0)  (12, 7)   (2, 1)   (9, 2)   (4, 8)  (10, 6)  (14, 7)   (6, 1)
job_6    (0, 7)   (5, 8)  (10, 3)   (0, 1)  (15, 1)  (15, 1)   (7, 7)   (3, 4)  (12, 0)   (0, 5)   (7, 5)  (13, 4)  (14, 5)   (2, 9)   (7, 9)   (5, 0)   (6, 1)   (0, 5)
job_7   (12, 1)   (6, 6)  (11, 1)   (9, 3)  (10, 0)   (8, 6)   (7, 7)   (3, 6)  (10, 8)   (1, 1)   (3, 1)   (0, 5)  (11, 8)   (3, 7)   (3, 9)  (10, 2)  (14, 5)  (13, 1)
job_8    (2, 6)   (2, 5)   (2, 9)   (8, 2)   (5, 1)   (1, 1)   (3, 5)  (14, 6)  (11, 1)   (3, 2)   (6, 3)   (8, 8)  (10, 8)  (10, 0)   (2, 8)   (4, 0)   (4, 2)   (2, 5)
job_9   (10, 1)  (14, 8)  (11, 3)  (14, 5)   (2, 0)   (4, 8)  (14, 9)   (8, 6)  (13, 7)   (4, 5)   (3, 7)   (2, 5)   (1, 0)   (5, 6)   (8, 9)   (1, 2)   (6, 0)   (8, 1)
job_10  (10, 3)  (15, 6)   (0, 2)  (14, 9)   (3, 7)   (1, 5)   (7, 9)   (8, 9)   (2, 2)  (12, 5)   (7, 6)   (9, 9)  (10, 5)  (11, 6)  (13, 5)   (9, 4)   (8, 5)   (3, 8)
job_11  (13, 2)  (15, 0)   (7, 8)  (14, 8)  (12, 3)   (3, 3)   (7, 6)   (2, 0)  (14, 0)  (14, 5)   (8, 5)   (1, 6)   (9, 1)   (1, 9)   (0, 3)  (10, 1)   (9, 9)   (9, 8)
job_12   (3, 8)   (9, 7)  (12, 9)   (6, 7)  (12, 1)  (14, 7)  (12, 1)   (1, 5)   (4, 5)  (10, 9)   (5, 5)  (15, 7)  (13, 1)   (2, 1)  (11, 8)   (7, 1)  (14, 8)   (6, 7)
job_13   (2, 9)   (0, 5)  (10, 6)   (8, 2)   (7, 4)   (7, 4)   (1, 6)  (14, 5)  (14, 6)   (4, 3)  (15, 8)  (14, 4)   (4, 8)   (4, 0)   (0, 2)  (11, 1)  (15, 3)   (9, 1)
job_14   (4, 9)   (1, 9)   (1, 9)   (0, 5)  (11, 0)   (6, 4)   (5, 8)  (12, 3)   (3, 5)  (15, 5)  (12, 0)  (15, 8)  (10, 5)  (12, 1)   (8, 3)  (14, 2)  (14, 8)   (9, 2)
job_15  (15, 7)  (11, 0)  (15, 3)  (12, 7)   (7, 3)   (8, 6)   (8, 4)  (11, 3)   (6, 4)  (13, 6)   (4, 8)   (4, 7)   (6, 0)   (2, 5)   (0, 6)   (6, 6)   (1, 0)  (11, 4)

Solution:
Machine 0: job_6_task_0   job_5_task_1   job_10_task_2  job_13_task_1  job_6_task_3   job_14_task_3  job_3_task_6   job_2_task_10  job_2_task_11  job_6_task_9   job_2_task_12  job_4_task_9   job_4_task_10  job_7_task_11  job_11_task_14 job_15_task_14 job_6_task_17  job_4_task_16  job_13_task_14 
           [0,7]          [7,12]         [15,17]        [17,22]        [24,25]        [31,36]        [40,41]        [67,71]        [71,74]        [74,79]        [79,87]        [89,97]        [97,97]        [97,102]       [102,105]      [105,111]      [120,125]      [130,131]      [131,133]      
Machine 1: job_14_task_1  job_14_task_2  job_1_task_4   job_10_task_5  job_2_task_6   job_3_task_7   job_12_task_7  job_2_task_8   job_8_task_5   job_4_task_4   job_11_task_11 job_13_task_6  job_5_task_10  job_7_task_9   job_11_task_13 job_0_task_12  job_4_task_11  job_9_task_12  job_15_task_16 job_9_task_15  
           [13,22]        [22,31]        [31,34]        [34,39]        [39,41]        [41,50]        [50,55]        [55,61]        [61,62]        [62,69]        [71,77]        [77,83]        [85,85]        [85,86]        [86,95]        [100,102]      [102,110]      [113,113]      [126,126]      [129,131]      
Machine 2: job_13_task_0  job_2_task_0   job_8_task_0   job_8_task_1   job_9_task_4   job_8_task_2   job_0_task_6   job_11_task_7  job_10_task_8  job_3_task_10  job_12_task_13 job_3_task_12  job_4_task_7   job_0_task_10  job_5_task_12  job_15_task_13 job_6_task_13  job_9_task_11  job_8_task_14  job_4_task_14  job_8_task_17  job_1_task_17  
           [0,9]          [9,18]         [18,24]        [24,29]        [24,24]        [29,38]        [40,42]        [54,54]        [60,62]        [67,75]        [82,83]        [83,84]        [84,85]        [85,89]        [92,93]        [94,99]        [99,108]       [108,113]      [113,121]      [121,124]      [129,134]      [134,138]      
Machine 3: job_12_task_0  job_0_task_3   job_3_task_2   job_1_task_2   job_10_task_4  job_4_task_1   job_4_task_2   job_11_task_5  job_2_task_7   job_5_task_5   job_8_task_6   job_6_task_7   job_7_task_7   job_1_task_7   job_8_task_9   job_1_task_9   job_5_task_9   job_14_task_8  job_7_task_10  job_0_task_11  job_9_task_10  job_7_task_13  job_7_task_14  job_10_task_17 
           [0,8]          [8,17]         [17,21]        [21,27]        [27,34]        [34,41]        [41,44]        [44,47]        [47,53]        [53,62]        [62,67]        [67,71]        [71,77]        [77,80]        [80,82]        [82,90]        [82,82]        [90,95]        [95,96]        [96,100]       [100,107]      [111,118]      [118,127]      [127,135]      
Machine 4: job_0_task_1   job_14_task_0  job_9_task_5   job_5_task_4   job_12_task_8  job_15_task_10 job_15_task_11 job_4_task_8   job_9_task_9   job_5_task_14  job_13_task_9  job_2_task_17  job_8_task_15  job_8_task_16  job_13_task_12 job_4_task_17  job_13_task_13 
           [0,4]          [4,13]         [24,32]        [41,50]        [55,60]        [69,77]        [77,84]        [85,89]        [89,94]        [95,103]       [103,106]      [106,115]      [121,121]      [121,123]      [123,131]      [131,138]      [131,131]      
Machine 5: job_6_task_1   job_0_task_4   job_2_task_1   job_3_task_4   job_14_task_6  job_8_task_4   job_12_task_10 job_3_task_11  job_2_task_14  job_1_task_13  job_9_task_13  job_6_task_15  job_4_task_13  
           [7,15]         [17,20]        [20,26]        [28,30]        [43,51]        [52,53]        [69,74]        [75,83]        [98,99]        [111,112]      [113,119]      [119,119]      [120,120]      
Machine 6: job_7_task_1   job_1_task_1   job_3_task_3   job_12_task_3  job_3_task_5   job_14_task_5  job_15_task_8  job_8_task_10  job_15_task_12 job_1_task_10  job_0_task_13  job_1_task_14  job_6_task_16  job_15_task_15 job_12_task_17 job_9_task_16  job_5_task_17  
           [1,7]          [7,15]         [21,27]        [27,34]        [34,39]        [39,43]        [57,61]        [82,85]        [85,85]        [90,95]        [102,110]      [112,119]      [119,120]      [120,126]      [126,133]      [133,133]      [134,135]      
Machine 7: job_11_task_2  job_7_task_6   job_15_task_4  job_13_task_4  job_10_task_6  job_11_task_6  job_3_task_8   job_6_task_6   job_10_task_10 job_13_task_5  job_6_task_10  job_12_task_15 job_6_task_14  
           [9,17]         [24,31]        [32,35]        [35,39]        [39,48]        [48,54]        [54,60]        [60,67]        [67,73]        [73,77]        [81,86]        [94,95]        [108,117]      
Machine 8: job_3_task_1   job_7_task_5   job_2_task_2   job_13_task_3  job_15_task_5  job_15_task_6  job_4_task_3   job_8_task_3   job_10_task_7  job_1_task_5   job_11_task_10 job_4_task_5   job_9_task_7   job_8_task_11  job_1_task_11  job_10_task_16 job_14_task_14 job_9_task_14  job_0_task_17  job_9_task_17  
           [10,14]        [18,24]        [28,28]        [29,31]        [35,41]        [41,45]        [45,49]        [49,51]        [51,60]        [60,66]        [66,71]        [71,76]        [76,82]        [85,93]        [95,102]       [109,114]      [116,119]      [120,129]      [130,137]      [137,138]      
Machine 9: job_5_task_0   job_12_task_1  job_7_task_3   job_1_task_3   job_2_task_9   job_10_task_11 job_1_task_8   job_11_task_12 job_3_task_13  job_5_task_13  job_3_task_14  job_10_task_15 job_11_task_16 job_0_task_15  job_11_task_17 job_14_task_17 job_13_task_17 
           [0,7]          [8,15]         [15,18]        [27,28]        [61,67]        [73,82]        [82,82]        [82,83]        [84,93]        [93,95]        [95,104]       [105,109]      [110,119]      [119,127]      [127,135]      [135,137]      [137,138]      
Machine 10: job_9_task_0   job_10_task_0  job_7_task_4   job_6_task_2   job_13_task_2  job_2_task_4   job_0_task_5   job_12_task_9  job_7_task_8   job_10_task_12 job_8_task_12  job_2_task_16  job_8_task_13  job_5_task_15  job_11_task_15 job_14_task_12 job_4_task_15  job_7_task_15  
           [0,1]          [1,4]          [18,18]        [20,23]        [23,29]        [29,31]        [31,40]        [60,69]        [77,85]        [85,90]        [93,101]       [101,103]      [101,101]      [103,109]      [109,110]      [110,115]      [124,130]      [130,132]      
Machine 11: job_0_task_2   job_9_task_2   job_7_task_2   job_15_task_1  job_2_task_5   job_14_task_4  job_0_task_7   job_0_task_8   job_15_task_7  job_5_task_7   job_8_task_8   job_5_task_8   job_12_task_14 job_10_task_13 job_7_task_12  job_4_task_12  job_1_task_15  job_0_task_16  job_13_task_15 job_15_task_17 
           [4,5]          [9,12]         [14,15]        [22,22]        [31,39]        [39,39]        [42,42]        [42,42]        [54,57]        [63,71]        [73,74]        [75,82]        [83,91]        [91,97]        [102,110]      [110,119]      [119,128]      [128,130]      [133,134]      [134,138]      
Machine 12: job_7_task_0   job_5_task_2   job_12_task_2  job_15_task_3  job_12_task_4  job_11_task_4  job_12_task_6  job_14_task_7  job_10_task_9  job_6_task_8   job_4_task_6   job_5_task_11  job_2_task_13  job_2_task_15  job_14_task_10 job_3_task_16  job_14_task_13 
           [0,1]          [12,16]        [16,25]        [25,32]        [37,38]        [39,42]        [48,49]        [51,54]        [62,67]        [73,73]        [76,84]        [85,92]        [92,98]        [99,99]        [100,100]      [106,115]      [115,116]      
Machine 13: job_1_task_0   job_11_task_0  job_2_task_3   job_5_task_6   job_15_task_9  job_12_task_12 job_9_task_8   job_6_task_11  job_10_task_14 job_3_task_15  job_1_task_12  job_0_task_14  job_7_task_17  
           [0,2]          [2,4]          [28,28]        [62,63]        [63,69]        [81,82]        [82,89]        [89,93]        [97,102]       [104,106]      [106,111]      [112,116]      [137,138]      
Machine 14: job_9_task_1   job_9_task_3   job_10_task_3  job_11_task_3  job_5_task_3   job_12_task_5  job_9_task_6   job_11_task_8  job_11_task_9  job_3_task_9   job_8_task_7   job_0_task_9   job_13_task_7  job_13_task_8  job_6_task_12  job_12_task_16 job_5_task_16  job_13_task_11 job_14_task_15 job_14_task_16 job_7_task_16  
           [1,9]          [12,17]        [17,26]        [26,34]        [34,41]        [41,48]        [48,57]        [57,57]        [57,62]        [62,67]        [67,73]        [73,79]        [83,88]        [88,94]        [94,99]        [99,107]       [109,116]      [116,120]      [122,124]      [124,132]      [132,137]      
Machine 15: job_0_task_0   job_3_task_0   job_10_task_1  job_11_task_1  job_15_task_0  job_15_task_2  job_4_task_0   job_6_task_4   job_6_task_5   job_1_task_6   job_12_task_11 job_14_task_9  job_14_task_11 job_13_task_10 job_3_task_17  job_1_task_16  job_13_task_16 
           [0,0]          [0,9]          [9,15]         [9,9]          [15,22]        [22,25]        [25,34]        [35,36]        [36,37]        [66,73]        [74,81]        [95,100]       [100,108]      [108,116]      [117,125]      [128,134]      [134,137]      
Optimal Schedule Length: 138.0
Total (Unoptimized Schedule Length): 1350
Statistics
  - conflicts: 0
  - branches : 56
  - wall time: 3.8876090000000003s