
 Problem
         task_0  task_1  task_2  task_3  task_4  task_5  task_6  task_7  task_8  task_9 task_10 task_11 task_12
job_0   (1, 2)  (1, 6)  (3, 7)  (2, 0)  (0, 7)  (2, 2)  (2, 4)  (1, 4)  (0, 2)  (3, 8)  (3, 9)  (0, 7)  (1, 7)
job_1   (1, 7)  (0, 4)  (3, 7)  (1, 5)  (1, 4)  (0, 0)  (1, 8)  (1, 6)  (0, 4)  (3, 5)  (2, 4)  (1, 8)  (2, 9)
job_2   (0, 8)  (1, 3)  (0, 5)  (1, 0)  (1, 8)  (0, 8)  (1, 8)  (0, 9)  (2, 2)  (3, 6)  (0, 5)  (2, 3)  (1, 7)
job_3   (2, 8)  (2, 2)  (2, 7)  (3, 8)  (2, 9)  (3, 3)  (0, 9)  (0, 4)  (3, 7)  (1, 5)  (1, 6)  (0, 5)  (2, 5)
job_4   (1, 9)  (2, 3)  (0, 0)  (2, 7)  (0, 9)  (3, 2)  (2, 1)  (2, 6)  (3, 8)  (3, 5)  (1, 0)  (0, 2)  (1, 3)
job_5   (3, 1)  (3, 1)  (1, 3)  (2, 9)  (2, 3)  (0, 2)  (0, 0)  (0, 4)  (0, 6)  (2, 8)  (3, 9)  (2, 0)  (2, 7)
job_6   (2, 4)  (1, 0)  (1, 1)  (0, 7)  (2, 9)  (3, 7)  (1, 1)  (0, 4)  (2, 7)  (2, 1)  (3, 3)  (3, 1)  (0, 4)
job_7   (0, 5)  (3, 3)  (1, 3)  (3, 3)  (1, 0)  (2, 2)  (3, 4)  (0, 0)  (0, 5)  (3, 0)  (3, 1)  (1, 3)  (0, 2)
job_8   (1, 2)  (2, 0)  (2, 3)  (0, 5)  (2, 9)  (0, 4)  (1, 8)  (1, 8)  (0, 3)  (3, 9)  (1, 8)  (0, 8)  (1, 3)
job_9   (3, 8)  (2, 7)  (2, 2)  (1, 2)  (1, 7)  (3, 1)  (1, 9)  (1, 8)  (1, 8)  (2, 2)  (0, 8)  (0, 5)  (1, 1)
job_10  (1, 1)  (0, 1)  (2, 5)  (2, 4)  (3, 4)  (3, 3)  (0, 6)  (2, 3)  (1, 4)  (2, 2)  (3, 6)  (2, 8)  (1, 2)
job_11  (3, 0)  (2, 8)  (0, 8)  (0, 1)  (2, 2)  (1, 8)  (3, 7)  (3, 2)  (2, 5)  (1, 9)  (1, 9)  (1, 0)  (3, 0)
job_12  (1, 3)  (3, 7)  (2, 8)  (1, 3)  (0, 0)  (1, 5)  (2, 1)  (2, 6)  (0, 4)  (0, 4)  (2, 7)  (2, 8)  (3, 9)
job_13  (3, 5)  (3, 7)  (0, 4)  (2, 5)  (0, 8)  (1, 6)  (1, 6)  (1, 7)  (0, 1)  (3, 8)  (2, 6)  (2, 1)  (1, 1)
job_14  (1, 1)  (0, 3)  (3, 0)  (0, 7)  (0, 1)  (2, 8)  (0, 4)  (0, 1)  (3, 4)  (3, 1)  (3, 4)  (0, 5)  (2, 5)

Solution:
Machine 0: job_2_task_0   job_1_task_1   job_7_task_0   job_8_task_3   job_2_task_2   job_13_task_2  job_8_task_5   job_2_task_5   job_11_task_2  job_0_task_4   job_10_task_1  job_11_task_3  job_3_task_6   job_1_task_5   job_6_task_3   job_12_task_4  job_13_task_4  job_4_task_2   job_14_task_1  job_14_task_3  job_4_task_4   job_14_task_4  job_3_task_7   job_5_task_5   job_5_task_6   job_5_task_7   job_12_task_8  job_2_task_7   job_0_task_8   job_8_task_8   job_10_task_6  job_1_task_8   job_5_task_8   job_12_task_9  job_14_task_6  job_14_task_7  job_13_task_8  job_0_task_11  job_6_task_7   job_2_task_10  job_9_task_10  job_8_task_11  job_9_task_11  job_3_task_11  job_7_task_7   job_7_task_8   job_14_task_11 job_4_task_11  job_6_task_12  job_7_task_12  
           [0,8]          [8,12]         [12,17]        [17,22]        [22,27]        [27,31]        [36,40]        [40,48]        [48,56]        [56,63]        [63,64]        [64,65]        [66,75]        [75,75]        [75,82]        [75,75]        [82,90]        [90,90]        [90,93]        [93,100]       [100,109]      [109,110]      [110,114]      [114,116]      [116,116]      [116,120]      [120,124]      [124,133]      [133,135]      [135,138]      [138,144]      [144,148]      [148,154]      [154,158]      [158,162]      [162,163]      [163,164]      [167,174]      [174,178]      [178,183]      [187,195]      [195,203]      [203,208]      [210,215]      [216,216]      [216,221]      [221,226]      [226,228]      [239,243]      [243,245]      
Machine 1: job_1_task_0   job_8_task_0   job_0_task_0   job_12_task_0  job_2_task_1   job_0_task_1   job_4_task_0   job_2_task_3   job_2_task_4   job_10_task_0  job_8_task_6   job_1_task_3   job_9_task_3   job_5_task_2   job_9_task_4   job_1_task_4   job_6_task_1   job_12_task_3  job_6_task_2   job_14_task_0  job_12_task_5  job_1_task_6   job_9_task_6   job_2_task_6   job_11_task_5  job_8_task_7   job_0_task_7   job_13_task_5  job_1_task_7   job_9_task_7   job_13_task_6  job_13_task_7  job_9_task_8   job_7_task_2   job_10_task_8  job_6_task_6   job_3_task_9   job_7_task_4   job_8_task_10  job_11_task_9  job_1_task_11  job_3_task_10  job_11_task_10 job_2_task_12  job_11_task_11 job_0_task_12  job_4_task_10  job_8_task_12  job_4_task_12  job_7_task_11  job_10_task_12 job_13_task_12 job_9_task_12  
           [0,7]          [7,9]          [9,11]         [11,14]        [14,17]        [17,23]        [23,32]        [32,32]        [32,40]        [40,41]        [41,49]        [49,54]        [54,56]        [56,59]        [59,66]        [66,70]        [70,70]        [70,73]        [73,74]        [74,75]        [75,80]        [80,88]        [88,97]        [97,105]       [105,113]      [113,121]      [121,125]      [125,131]      [131,137]      [137,145]      [145,151]      [151,158]      [158,166]      [166,169]      [169,173]      [173,174]      [174,179]      [179,179]      [179,187]      [187,196]      [196,204]      [204,210]      [210,219]      [219,226]      [219,219]      [226,233]      [226,226]      [233,236]      [236,239]      [239,242]      [242,244]      [244,245]      [245,246]      
Machine 2: job_3_task_0   job_3_task_1   job_8_task_1   job_8_task_2   job_3_task_2   job_9_task_1   job_8_task_4   job_11_task_1  job_12_task_2  job_0_task_3   job_9_task_2   job_3_task_4   job_6_task_0   job_13_task_3  job_5_task_3   job_10_task_2  job_4_task_1   job_0_task_5   job_4_task_3   job_11_task_4  job_10_task_3  job_0_task_6   job_12_task_6  job_5_task_4   job_12_task_7  job_6_task_4   job_14_task_5  job_4_task_6   job_4_task_7   job_2_task_8   job_10_task_7  job_11_task_8  job_5_task_9   job_12_task_10 job_1_task_10  job_10_task_9  job_12_task_11 job_7_task_5   job_9_task_9   job_6_task_8   job_2_task_11  job_10_task_11 job_6_task_9   job_1_task_12  job_5_task_11  job_13_task_10 job_5_task_12  job_3_task_12  job_14_task_12 job_13_task_11 
           [0,8]          [8,10]         [10,10]        [10,13]        [13,20]        [20,27]        [27,36]        [36,44]        [44,52]        [52,52]        [52,54]        [54,63]        [63,67]        [67,72]        [72,81]        [81,86]        [86,89]        [89,91]        [91,98]        [98,100]       [100,104]      [104,108]      [108,109]      [109,112]      [112,118]      [118,127]      [127,135]      [135,136]      [136,142]      [142,144]      [144,147]      [147,152]      [154,162]      [162,169]      [169,173]      [173,175]      [175,183]      [183,185]      [185,187]      [187,194]      [194,197]      [197,205]      [205,206]      [206,215]      [215,215]      [215,221]      [221,228]      [228,233]      [233,238]      [238,239]      
Machine 3: job_9_task_0   job_11_task_0  job_13_task_0  job_13_task_1  job_12_task_1  job_3_task_3   job_1_task_2   job_0_task_2   job_5_task_0   job_5_task_1   job_7_task_1   job_3_task_5   job_9_task_5   job_14_task_2  job_10_task_4  job_10_task_5  job_4_task_5   job_11_task_6  job_3_task_8   job_6_task_5   job_11_task_7  job_0_task_9   job_8_task_9   job_1_task_9   job_0_task_10  job_2_task_9   job_7_task_3   job_14_task_8  job_4_task_8   job_10_task_10 job_13_task_9  job_5_task_10  job_14_task_9  job_7_task_6   job_14_task_10 job_4_task_9   job_11_task_12 job_7_task_9   job_12_task_12 job_6_task_10  job_7_task_10  job_6_task_11  
           [0,8]          [0,0]          [8,13]         [13,20]        [20,27]        [27,35]        [35,42]        [42,49]        [49,50]        [50,51]        [51,54]        [63,66]        [66,67]        [93,93]        [104,108]      [108,111]      [111,113]      [113,120]      [120,127]      [127,134]      [134,136]      [136,144]      [144,153]      [153,158]      [158,167]      [167,173]      [173,176]      [176,180]      [180,188]      [188,194]      [194,202]      [202,211]      [211,212]      [212,216]      [216,220]      [220,225]      [220,220]      [225,225]      [225,234]      [234,237]      [237,238]      [238,239]      
Optimal Schedule Length: 246.0
Total (Unoptimized Schedule Length): 894
Statistics
  - conflicts: 0
  - branches : 50
  - wall time: 0.019758s