
 Problem
         task_0  task_1  task_2  task_3  task_4  task_5  task_6  task_7  task_8  task_9 task_10 task_11 task_12 task_13 task_14 task_15 task_16 task_17 task_18
job_0   (7, 7)  (7, 9)  (1, 7)  (7, 2)  (7, 4)  (0, 4)  (5, 6)  (3, 8)  (6, 9)  (2, 5)  (5, 7)  (5, 9)  (7, 3)  (0, 6)  (5, 0)  (1, 6)  (3, 0)  (4, 1)  (1, 0)
job_1   (2, 8)  (6, 3)  (1, 5)  (0, 9)  (2, 6)  (0, 5)  (1, 4)  (4, 8)  (3, 0)  (1, 8)  (0, 5)  (5, 8)  (2, 0)  (4, 7)  (3, 7)  (1, 1)  (3, 9)  (2, 4)  (1, 3)
job_2   (1, 5)  (6, 6)  (5, 9)  (2, 1)  (3, 5)  (2, 2)  (5, 9)  (3, 6)  (5, 2)  (1, 5)  (0, 0)  (0, 5)  (3, 0)  (5, 7)  (2, 3)  (7, 7)  (4, 3)  (1, 7)  (7, 4)
job_3   (7, 6)  (5, 3)  (0, 3)  (1, 5)  (0, 8)  (3, 5)  (6, 1)  (3, 6)  (0, 4)  (1, 7)  (4, 7)  (5, 5)  (1, 5)  (5, 2)  (0, 9)  (7, 9)  (3, 6)  (6, 8)  (0, 3)
job_4   (3, 1)  (7, 9)  (3, 3)  (6, 0)  (6, 9)  (3, 4)  (0, 4)  (6, 6)  (6, 7)  (0, 2)  (2, 8)  (2, 3)  (0, 0)  (2, 0)  (3, 0)  (0, 2)  (5, 3)  (4, 3)  (7, 9)
job_5   (6, 0)  (3, 9)  (6, 5)  (2, 4)  (1, 6)  (4, 3)  (3, 9)  (4, 7)  (1, 9)  (6, 1)  (6, 2)  (2, 8)  (0, 8)  (2, 6)  (5, 5)  (6, 5)  (3, 1)  (7, 4)  (6, 3)
job_6   (6, 7)  (3, 9)  (1, 2)  (5, 4)  (1, 8)  (7, 1)  (5, 1)  (5, 3)  (2, 5)  (7, 4)  (5, 1)  (4, 4)  (4, 0)  (4, 5)  (4, 8)  (0, 3)  (3, 5)  (7, 8)  (4, 9)
job_7   (4, 4)  (2, 5)  (4, 0)  (3, 1)  (1, 7)  (7, 1)  (7, 5)  (5, 4)  (3, 6)  (0, 6)  (0, 6)  (4, 6)  (3, 7)  (3, 5)  (6, 6)  (7, 3)  (4, 8)  (4, 9)  (4, 0)
job_8   (4, 3)  (0, 4)  (5, 7)  (2, 6)  (7, 9)  (2, 0)  (6, 6)  (5, 4)  (7, 6)  (7, 5)  (2, 2)  (0, 3)  (7, 2)  (4, 6)  (5, 0)  (7, 7)  (7, 9)  (4, 2)  (2, 7)
job_9   (7, 9)  (5, 9)  (6, 9)  (6, 1)  (6, 8)  (6, 4)  (4, 8)  (5, 9)  (1, 5)  (2, 5)  (5, 4)  (6, 0)  (3, 3)  (6, 2)  (3, 8)  (3, 7)  (3, 3)  (4, 1)  (6, 6)
job_10  (0, 6)  (7, 9)  (3, 4)  (7, 6)  (5, 9)  (7, 7)  (1, 5)  (2, 3)  (0, 0)  (3, 7)  (3, 2)  (4, 2)  (1, 6)  (6, 6)  (3, 3)  (4, 6)  (5, 0)  (7, 6)  (3, 5)
job_11  (3, 1)  (6, 8)  (4, 8)  (4, 9)  (3, 8)  (5, 3)  (7, 9)  (6, 1)  (5, 9)  (2, 9)  (4, 2)  (0, 0)  (3, 8)  (0, 0)  (3, 7)  (2, 3)  (3, 6)  (5, 1)  (4, 1)
job_12  (4, 5)  (3, 3)  (7, 5)  (6, 9)  (7, 4)  (5, 1)  (3, 0)  (0, 7)  (0, 4)  (6, 7)  (5, 0)  (7, 8)  (7, 4)  (3, 3)  (5, 1)  (7, 8)  (2, 8)  (5, 1)  (6, 2)
job_13  (4, 3)  (3, 3)  (1, 2)  (3, 9)  (6, 9)  (0, 3)  (6, 2)  (5, 6)  (0, 8)  (7, 0)  (6, 4)  (0, 2)  (2, 5)  (5, 7)  (2, 9)  (7, 8)  (6, 9)  (3, 6)  (7, 2)
job_14  (2, 0)  (5, 3)  (7, 9)  (1, 3)  (6, 2)  (0, 9)  (1, 6)  (5, 0)  (0, 4)  (4, 3)  (1, 2)  (0, 1)  (7, 9)  (1, 2)  (5, 9)  (7, 6)  (0, 2)  (6, 0)  (4, 9)
job_15  (0, 7)  (5, 7)  (1, 1)  (0, 1)  (5, 2)  (4, 1)  (7, 1)  (3, 0)  (4, 2)  (6, 6)  (2, 9)  (1, 2)  (6, 2)  (7, 9)  (7, 7)  (5, 0)  (3, 1)  (3, 5)  (1, 2)

Solution:
Machine 0: job_10_task_0  job_15_task_0  job_3_task_2   job_8_task_1   job_3_task_4   job_1_task_3   job_15_task_3  job_1_task_5   job_13_task_5  job_14_task_5  job_13_task_8  job_3_task_8   job_0_task_5   job_14_task_8  job_13_task_11 job_7_task_9   job_7_task_10  job_4_task_6   job_12_task_7  job_12_task_8  job_10_task_8  job_14_task_11 job_1_task_10  job_2_task_10  job_2_task_11  job_8_task_11  job_5_task_12  job_3_task_14  job_4_task_9   job_6_task_15  job_11_task_11 job_11_task_13 job_4_task_12  job_4_task_15  job_3_task_18  job_14_task_16 job_0_task_13  
           [0,6]          [6,13]         [13,16]        [16,20]        [21,29]        [29,38]        [38,39]        [44,49]        [49,52]        [61,70]        [70,78]        [78,82]        [82,86]        [86,90]        [90,92]        [92,98]        [98,104]       [104,108]      [108,115]      [115,119]      [119,119]      [119,120]      [120,125]      [125,125]      [125,130]      [130,133]      [133,141]      [141,150]      [150,152]      [152,155]      [162,162]      [176,176]      [178,178]      [183,185]      [209,212]      [216,218]      [227,233]      
Machine 1: job_2_task_0   job_13_task_2  job_3_task_3   job_1_task_2   job_6_task_2   job_15_task_2  job_7_task_4   job_5_task_4   job_14_task_3  job_6_task_4   job_1_task_6   job_0_task_2   job_14_task_6  job_1_task_9   job_3_task_9   job_5_task_8   job_9_task_8   job_14_task_10 job_10_task_6  job_2_task_9   job_3_task_12  job_14_task_13 job_10_task_12 job_15_task_11 job_1_task_15  job_2_task_17  job_1_task_18  job_0_task_15  job_15_task_18 job_0_task_18  
           [0,5]          [13,15]        [16,21]        [21,26]        [26,28]        [28,29]        [32,39]        [39,45]        [45,48]        [48,56]        [56,60]        [60,67]        [70,76]        [76,84]        [84,91]        [91,100]       [100,105]      [105,107]      [111,116]      [116,121]      [121,126]      [136,138]      [139,145]      [149,151]      [183,184]      [194,201]      [221,224]      [233,239]      [240,242]      [242,242]      
Machine 2: job_1_task_0   job_14_task_0  job_7_task_1   job_5_task_3   job_1_task_4   job_8_task_3   job_2_task_3   job_2_task_5   job_8_task_5   job_13_task_12 job_5_task_11  job_6_task_8   job_10_task_7  job_9_task_9   job_8_task_10  job_11_task_9  job_1_task_12  job_15_task_10 job_13_task_14 job_4_task_10  job_2_task_14  job_5_task_13  job_4_task_11  job_0_task_9   job_4_task_13  job_11_task_15 job_12_task_16 job_1_task_17  job_8_task_18  
           [0,8]          [0,0]          [8,13]         [29,33]        [38,44]        [44,50]        [50,51]        [58,60]        [90,90]        [92,97]        [103,111]      [111,116]      [116,119]      [119,124]      [127,129]      [129,138]      [138,138]      [140,149]      [149,158]      [158,166]      [166,169]      [169,175]      [175,178]      [178,183]      [178,178]      [195,198]      [201,209]      [217,221]      [221,228]      
Machine 3: job_11_task_0  job_5_task_1   job_13_task_1  job_6_task_1   job_13_task_3  job_7_task_3   job_12_task_1  job_10_task_2  job_4_task_0   job_11_task_4  job_3_task_5   job_2_task_4   job_5_task_6   job_3_task_7   job_1_task_8   job_4_task_2   job_2_task_7   job_7_task_8   job_4_task_5   job_0_task_7   job_12_task_6  job_7_task_12  job_10_task_9  job_10_task_10 job_15_task_7  job_7_task_13  job_2_task_12  job_9_task_12  job_10_task_14 job_12_task_13 job_9_task_14  job_11_task_12 job_1_task_14  job_4_task_14  job_6_task_16  job_11_task_14 job_3_task_16  job_9_task_15  job_1_task_16  job_9_task_16  job_5_task_16  job_13_task_17 job_11_task_16 job_15_task_16 job_15_task_17 job_0_task_16  job_10_task_18 
           [0,1]          [1,10]         [10,13]        [13,22]        [22,31]        [31,32]        [32,35]        [35,39]        [39,40]        [40,48]        [48,53]        [53,58]        [58,67]        [67,73]        [73,73]        [73,76]        [78,84]        [84,90]        [90,94]        [97,105]       [105,105]      [110,117]      [119,126]      [126,128]      [126,126]      [128,133]      [133,133]      [151,154]      [154,157]      [157,160]      [160,168]      [168,176]      [176,183]      [183,183]      [183,188]      [188,195]      [195,201]      [201,208]      [208,217]      [217,220]      [220,221]      [221,227]      [227,233]      [234,235]      [235,240]      [240,240]      [240,245]      
Machine 4: job_13_task_0  job_7_task_0   job_8_task_0   job_12_task_0  job_7_task_2   job_11_task_2  job_11_task_3  job_5_task_5   job_15_task_5  job_1_task_7   job_9_task_6   job_5_task_7   job_3_task_10  job_14_task_9  job_7_task_11  job_15_task_8  job_6_task_11  job_6_task_12  job_6_task_13  job_10_task_11 job_6_task_14  job_8_task_13  job_1_task_13  job_11_task_10 job_10_task_15 job_4_task_17  job_2_task_16  job_7_task_16  job_7_task_17  job_7_task_18  job_8_task_17  job_9_task_17  job_14_task_18 job_6_task_18  job_11_task_18 job_0_task_17  
           [0,3]          [3,7]          [7,10]         [10,15]        [15,15]        [15,23]        [23,32]        [45,48]        [51,52]        [60,68]        [74,82]        [82,89]        [91,98]        [98,101]       [104,110]      [126,128]      [128,132]      [132,132]      [132,137]      [137,139]      [139,147]      [147,153]      [153,160]      [160,162]      [162,168]      [188,191]      [191,194]      [194,202]      [202,211]      [211,211]      [211,213]      [220,221]      [221,230]      [230,239]      [239,240]      [240,241]      
Machine 5: job_14_task_1  job_3_task_1   job_15_task_1  job_9_task_1   job_8_task_2   job_6_task_3   job_2_task_2   job_15_task_4  job_11_task_5  job_10_task_4  job_13_task_7  job_2_task_6   job_7_task_7   job_14_task_7  job_9_task_7   job_0_task_6   job_12_task_5  job_8_task_7   job_6_task_6   job_6_task_7   job_3_task_11  job_2_task_8   job_11_task_8  job_6_task_10  job_13_task_13 job_1_task_11  job_3_task_13  job_12_task_10 job_9_task_10  job_2_task_13  job_8_task_14  job_14_task_14 job_10_task_16 job_12_task_14 job_5_task_14  job_4_task_16  job_0_task_10  job_0_task_11  job_12_task_17 job_0_task_14  job_11_task_17 job_15_task_15 
           [0,3]          [6,9]          [13,20]        [20,29]        [29,36]        [36,40]        [40,49]        [49,51]        [51,54]        [54,63]        [63,69]        [69,78]        [78,82]        [78,78]        [82,91]        [91,97]        [97,98]        [98,102]       [102,103]      [103,106]      [106,111]      [111,113]      [113,122]      [122,123]      [123,130]      [130,138]      [138,140]      [138,138]      [143,147]      [154,161]      [154,154]      [161,170]      [170,170]      [170,171]      [180,185]      [185,188]      [188,195]      [195,204]      [209,210]      [233,233]      [233,234]      [234,234]      
Machine 6: job_5_task_0   job_6_task_0   job_11_task_1  job_1_task_1   job_2_task_1   job_5_task_2   job_9_task_2   job_13_task_4  job_9_task_3   job_9_task_4   job_3_task_6   job_13_task_6  job_14_task_4  job_12_task_3  job_9_task_5   job_4_task_3   job_4_task_4   job_13_task_10 job_8_task_6   job_5_task_9   job_5_task_10  job_11_task_7  job_0_task_8   job_4_task_7   job_4_task_8   job_12_task_9  job_15_task_9  job_10_task_13 job_7_task_14  job_9_task_11  job_9_task_13  job_15_task_12 job_13_task_16 job_5_task_15  job_3_task_17  job_12_task_18 job_14_task_17 job_9_task_18  job_5_task_18  
           [0,0]          [0,7]          [7,15]         [15,18]        [18,24]        [24,29]        [29,38]        [38,47]        [47,48]        [48,56]        [56,57]        [57,59]        [59,61]        [61,70]        [70,74]        [76,76]        [76,85]        [85,89]        [90,96]        [100,101]      [101,103]      [104,105]      [105,114]      [114,120]      [120,127]      [127,134]      [134,140]      [145,151]      [151,157]      [151,151]      [157,159]      [159,161]      [174,183]      [185,190]      [201,209]      [210,212]      [218,218]      [221,227]      [253,256]      
Machine 7: job_3_task_0   job_9_task_0   job_0_task_0   job_10_task_1  job_14_task_2  job_10_task_3  job_0_task_1   job_7_task_5   job_12_task_2  job_4_task_1   job_7_task_6   job_0_task_3   job_0_task_4   job_8_task_4   job_13_task_9  job_12_task_4  job_6_task_5   job_11_task_6  job_10_task_5  job_8_task_8   job_6_task_9   job_15_task_6  job_8_task_9   job_14_task_12 job_8_task_12  job_12_task_11 job_12_task_12 job_3_task_15  job_8_task_15  job_13_task_15 job_15_task_13 job_2_task_15  job_7_task_15  job_12_task_15 job_8_task_16  job_14_task_15 job_6_task_17  job_0_task_12  job_15_task_14 job_10_task_17 job_4_task_18  job_5_task_17  job_2_task_18  job_13_task_18 
           [0,6]          [6,15]         [15,22]        [22,31]        [31,40]        [40,46]        [46,55]        [55,56]        [56,61]        [61,70]        [70,75]        [75,77]        [77,81]        [81,90]        [81,81]        [90,94]        [94,95]        [95,104]       [104,111]      [111,117]      [117,121]      [121,122]      [122,127]      [127,136]      [136,138]      [138,146]      [146,150]      [150,159]      [159,166]      [166,174]      [174,183]      [183,190]      [190,193]      [193,201]      [201,210]      [210,216]      [216,224]      [224,227]      [227,234]      [234,240]      [240,249]      [249,253]      [253,257]      [257,259]      
Optimal Schedule Length: 259.0
Total (Unoptimized Schedule Length): 1420
Statistics
  - conflicts: 0
  - branches : 74
  - wall time: 0.16051400000000002s