
 Problem
         task_0  task_1  task_2  task_3  task_4  task_5  task_6  task_7  task_8  task_9 task_10
job_0   (2, 3)  (2, 3)  (3, 2)  (3, 1)  (1, 7)  (1, 7)  (2, 6)  (2, 0)  (2, 2)  (0, 9)  (2, 6)
job_1   (3, 0)  (3, 6)  (1, 3)  (3, 5)  (3, 2)  (2, 4)  (1, 5)  (3, 4)  (0, 7)  (2, 9)  (0, 8)
job_2   (1, 6)  (1, 1)  (0, 0)  (3, 7)  (2, 9)  (2, 6)  (2, 2)  (3, 9)  (1, 0)  (0, 9)  (1, 5)
job_3   (1, 9)  (1, 9)  (3, 5)  (2, 4)  (3, 4)  (0, 2)  (1, 2)  (1, 4)  (1, 5)  (2, 9)  (3, 8)
job_4   (3, 0)  (1, 3)  (0, 5)  (3, 8)  (2, 8)  (1, 9)  (3, 0)  (1, 5)  (3, 0)  (2, 7)  (2, 7)
job_5   (2, 6)  (0, 7)  (0, 5)  (2, 0)  (1, 8)  (2, 8)  (1, 5)  (3, 9)  (0, 8)  (0, 7)  (1, 3)
job_6   (3, 3)  (2, 5)  (1, 6)  (3, 2)  (1, 8)  (1, 9)  (0, 2)  (3, 5)  (1, 7)  (0, 1)  (2, 3)
job_7   (1, 7)  (2, 8)  (2, 6)  (3, 0)  (0, 6)  (1, 7)  (1, 6)  (0, 8)  (0, 6)  (1, 6)  (3, 0)
job_8   (0, 2)  (1, 0)  (0, 6)  (3, 8)  (2, 3)  (0, 9)  (3, 8)  (1, 5)  (1, 7)  (3, 9)  (0, 9)
job_9   (3, 6)  (0, 9)  (2, 0)  (2, 3)  (3, 9)  (1, 2)  (3, 3)  (3, 9)  (3, 5)  (3, 4)  (2, 6)
job_10  (2, 0)  (3, 9)  (1, 8)  (2, 0)  (0, 5)  (1, 8)  (1, 6)  (1, 3)  (2, 2)  (3, 2)  (0, 0)
job_11  (0, 4)  (1, 9)  (2, 1)  (3, 4)  (0, 1)  (3, 6)  (0, 9)  (0, 3)  (3, 8)  (2, 7)  (3, 5)
job_12  (2, 3)  (2, 1)  (2, 7)  (1, 3)  (3, 5)  (3, 7)  (0, 7)  (0, 3)  (2, 6)  (2, 2)  (2, 0)
job_13  (0, 7)  (2, 3)  (3, 5)  (0, 7)  (3, 3)  (3, 2)  (0, 4)  (2, 0)  (0, 2)  (2, 0)  (1, 2)
job_14  (2, 8)  (3, 2)  (1, 4)  (1, 1)  (1, 2)  (0, 8)  (1, 9)  (1, 2)  (1, 1)  (2, 9)  (0, 0)
job_15  (1, 3)  (3, 2)  (2, 6)  (3, 1)  (1, 9)  (3, 9)  (0, 0)  (0, 5)  (1, 6)  (0, 7)  (2, 8)
job_16  (3, 2)  (3, 5)  (3, 8)  (2, 5)  (2, 0)  (1, 3)  (3, 9)  (2, 1)  (2, 9)  (0, 0)  (0, 3)
job_17  (3, 9)  (2, 4)  (3, 4)  (2, 8)  (1, 5)  (0, 8)  (2, 2)  (1, 7)  (1, 8)  (3, 8)  (0, 0)
job_18  (2, 3)  (3, 7)  (1, 7)  (2, 3)  (1, 4)  (0, 2)  (2, 1)  (3, 0)  (3, 9)  (1, 7)  (0, 9)

Solution:
Machine 0: job_8_task_0   job_11_task_0  job_5_task_1   job_8_task_2   job_5_task_2   job_9_task_1   job_13_task_0  job_4_task_2   job_8_task_5   job_2_task_2   job_7_task_4   job_11_task_4  job_17_task_5  job_10_task_4  job_11_task_6  job_11_task_7  job_18_task_5  job_14_task_5  job_15_task_6  job_15_task_7  job_3_task_5   job_1_task_8   job_0_task_9   job_5_task_8   job_13_task_3  job_7_task_7   job_6_task_6   job_12_task_6  job_7_task_8   job_2_task_9   job_15_task_9  job_12_task_7  job_5_task_9   job_16_task_9  job_8_task_10  job_18_task_10 job_13_task_6  job_1_task_10  job_6_task_9   job_13_task_8  job_16_task_10 job_17_task_10 job_14_task_10 job_10_task_10 
           [0,2]          [2,6]          [6,13]         [13,19]        [19,24]        [24,33]        [33,40]        [40,45]        [45,54]        [54,54]        [63,69]        [72,73]        [85,93]        [103,108]      [108,117]      [117,120]      [124,126]      [131,139]      [140,140]      [140,145]      [145,147]      [153,160]      [160,169]      [169,177]      [177,184]      [184,192]      [192,194]      [194,201]      [201,207]      [207,216]      [216,223]      [223,226]      [226,233]      [226,226]      [233,242]      [242,251]      [251,255]      [255,263]      [263,264]      [264,266]      [266,269]      [266,266]      [274,274]      [278,278]      
Machine 1: job_3_task_0   job_7_task_0   job_8_task_1   job_15_task_0  job_2_task_0   job_11_task_1  job_4_task_1   job_3_task_1   job_2_task_1   job_5_task_4   job_1_task_2   job_15_task_4  job_6_task_2   job_18_task_2  job_17_task_4  job_12_task_3  job_7_task_5   job_10_task_2  job_0_task_4   job_14_task_2  job_1_task_6   job_14_task_3  job_18_task_4  job_5_task_6   job_14_task_4  job_6_task_4   job_8_task_7   job_0_task_5   job_9_task_5   job_3_task_6   job_4_task_5   job_6_task_5   job_3_task_7   job_7_task_6   job_16_task_5  job_8_task_8   job_17_task_7  job_3_task_8   job_2_task_8   job_15_task_8  job_10_task_5  job_14_task_6  job_4_task_7   job_18_task_9  job_17_task_8  job_10_task_6  job_14_task_7  job_6_task_8   job_14_task_8  job_10_task_7  job_7_task_9   job_2_task_10  job_5_task_10  job_13_task_10 
           [0,9]          [9,16]         [9,9]          [16,19]        [19,25]        [25,34]        [34,37]        [37,46]        [46,47]        [47,55]        [55,58]        [58,67]        [67,73]        [73,80]        [80,85]        [85,88]        [88,95]        [95,103]       [103,110]      [110,114]      [114,119]      [119,120]      [120,124]      [124,129]      [129,131]      [131,139]      [139,144]      [144,151]      [151,153]      [153,155]      [155,164]      [164,173]      [173,177]      [177,183]      [183,186]      [186,193]      [193,200]      [200,205]      [205,205]      [205,211]      [211,219]      [219,228]      [228,233]      [233,240]      [240,248]      [248,254]      [254,256]      [256,263]      [263,264]      [264,267]      [267,273]      [273,278]      [278,281]      [281,283]      
Machine 2: job_5_task_0   job_10_task_0  job_18_task_0  job_17_task_1  job_0_task_0   job_7_task_1   job_5_task_3   job_14_task_0  job_15_task_2  job_8_task_4   job_9_task_2   job_6_task_1   job_17_task_3  job_7_task_2   job_11_task_2  job_12_task_0  job_0_task_1   job_12_task_1  job_9_task_3   job_12_task_2  job_5_task_5   job_2_task_4   job_3_task_3   job_1_task_5   job_4_task_4   job_10_task_3  job_18_task_3  job_2_task_5   job_16_task_3  job_13_task_1  job_16_task_4  job_18_task_6  job_17_task_6  job_2_task_6   job_0_task_6   job_0_task_7   job_0_task_8   job_1_task_9   job_0_task_10  job_3_task_9   job_16_task_7  job_16_task_8  job_11_task_9  job_12_task_8  job_4_task_9   job_15_task_10 job_4_task_10  job_9_task_10  job_13_task_7  job_14_task_9  job_10_task_8  job_13_task_9  job_6_task_10  job_12_task_9  job_12_task_10 
           [0,6]          [0,0]          [6,9]          [9,13]         [13,16]        [16,24]        [24,24]        [24,32]        [32,38]        [38,41]        [38,38]        [41,46]        [46,54]        [54,60]        [60,61]        [61,64]        [64,67]        [67,68]        [68,71]        [71,78]        [78,86]        [86,95]        [95,99]        [99,103]       [103,111]      [103,103]      [111,114]      [114,120]      [120,125]      [125,128]      [125,125]      [128,129]      [129,131]      [131,133]      [151,157]      [157,157]      [157,159]      [160,169]      [169,175]      [205,214]      [214,215]      [215,224]      [224,231]      [231,237]      [237,244]      [244,252]      [252,259]      [259,265]      [259,259]      [265,274]      [274,276]      [274,274]      [276,279]      [279,281]      [281,281]      
Machine 3: job_1_task_0   job_4_task_0   job_17_task_0  job_9_task_0   job_1_task_1   job_8_task_3   job_15_task_1  job_6_task_0   job_17_task_2  job_18_task_1  job_15_task_3  job_16_task_0  job_4_task_3   job_2_task_3   job_1_task_3   job_7_task_3   job_11_task_3  job_3_task_2   job_16_task_1  job_10_task_1  job_0_task_2   job_1_task_4   job_0_task_3   job_14_task_1  job_11_task_5  job_16_task_2  job_8_task_6   job_9_task_4   job_6_task_3   job_18_task_7  job_15_task_5  job_3_task_4   job_12_task_4  job_1_task_7   job_9_task_6   job_5_task_7   job_4_task_6   job_13_task_2  job_12_task_5  job_18_task_8  job_9_task_7   job_2_task_7   job_16_task_6  job_11_task_8  job_8_task_9   job_6_task_7   job_4_task_8   job_9_task_8   job_13_task_4  job_13_task_5  job_9_task_9   job_3_task_10  job_17_task_9  job_11_task_10 job_7_task_10  job_10_task_9  
           [0,0]          [0,0]          [0,9]          [9,15]         [15,21]        [21,29]        [29,31]        [31,34]        [34,38]        [38,45]        [45,46]        [46,48]        [48,56]        [56,63]        [63,68]        [63,63]        [68,72]        [72,77]        [77,82]        [82,91]        [91,93]        [93,95]        [95,96]        [96,98]        [98,104]       [104,112]      [112,120]      [120,129]      [129,131]      [129,129]      [131,140]      [140,144]      [144,149]      [149,153]      [153,156]      [156,165]      [165,165]      [165,170]      [170,177]      [177,186]      [186,195]      [195,204]      [204,213]      [213,221]      [221,230]      [230,235]      [235,235]      [235,240]      [240,243]      [243,245]      [245,249]      [249,257]      [257,265]      [265,270]      [273,273]      [276,278]      
Optimal Schedule Length: 283.0
Total (Unoptimized Schedule Length): 1006
Statistics
  - conflicts: 1
  - branches : 210
  - wall time: 0.013362s