
 Problem
         task_0  task_1  task_2  task_3  task_4  task_5  task_6  task_7  task_8  task_9 task_10 task_11 task_12 task_13 task_14 task_15 task_16 task_17
job_0   (6, 5)  (6, 5)  (4, 3)  (1, 9)  (6, 5)  (2, 8)  (2, 9)  (6, 7)  (3, 3)  (4, 9)  (5, 2)  (3, 5)  (2, 1)  (3, 4)  (5, 6)  (0, 2)  (4, 4)  (0, 0)
job_1   (6, 5)  (1, 6)  (3, 0)  (0, 8)  (3, 0)  (2, 6)  (2, 2)  (5, 0)  (1, 6)  (2, 8)  (3, 9)  (5, 0)  (5, 7)  (6, 9)  (4, 7)  (2, 3)  (1, 8)  (6, 1)
job_2   (0, 5)  (5, 9)  (1, 5)  (6, 6)  (2, 4)  (4, 5)  (1, 2)  (0, 2)  (4, 4)  (5, 9)  (6, 2)  (1, 7)  (0, 8)  (3, 7)  (5, 1)  (3, 1)  (3, 8)  (5, 4)
job_3   (2, 8)  (1, 9)  (0, 4)  (1, 5)  (4, 1)  (5, 1)  (4, 1)  (0, 5)  (0, 9)  (3, 0)  (3, 8)  (1, 9)  (5, 9)  (2, 7)  (3, 4)  (3, 5)  (2, 0)  (6, 7)
job_4   (2, 8)  (0, 4)  (6, 1)  (3, 8)  (5, 5)  (1, 8)  (1, 6)  (5, 9)  (5, 8)  (2, 1)  (3, 2)  (0, 9)  (2, 7)  (0, 2)  (6, 8)  (1, 5)  (2, 5)  (5, 5)
job_5   (0, 5)  (5, 8)  (0, 4)  (0, 5)  (6, 6)  (6, 2)  (5, 7)  (6, 5)  (2, 1)  (3, 8)  (0, 3)  (5, 0)  (2, 5)  (3, 8)  (1, 3)  (2, 4)  (2, 7)  (5, 1)
job_6   (1, 3)  (3, 2)  (3, 3)  (0, 0)  (1, 3)  (3, 6)  (0, 8)  (5, 0)  (2, 1)  (1, 8)  (4, 9)  (2, 9)  (4, 9)  (3, 1)  (3, 9)  (0, 7)  (1, 7)  (1, 2)
job_7   (3, 7)  (6, 3)  (6, 3)  (0, 6)  (1, 3)  (6, 4)  (6, 9)  (6, 8)  (3, 2)  (5, 1)  (4, 3)  (0, 3)  (2, 7)  (4, 2)  (0, 8)  (1, 6)  (2, 5)  (4, 5)
job_8   (6, 7)  (3, 8)  (3, 6)  (4, 0)  (1, 9)  (2, 9)  (1, 8)  (1, 3)  (6, 6)  (3, 3)  (3, 8)  (2, 9)  (1, 8)  (1, 2)  (6, 7)  (1, 9)  (0, 2)  (2, 1)
job_9   (2, 6)  (6, 4)  (3, 0)  (2, 2)  (0, 1)  (1, 5)  (1, 3)  (5, 7)  (3, 3)  (6, 9)  (2, 5)  (5, 9)  (5, 8)  (6, 2)  (3, 2)  (4, 0)  (3, 9)  (6, 2)
job_10  (2, 2)  (4, 0)  (2, 0)  (4, 2)  (3, 0)  (6, 5)  (0, 2)  (4, 8)  (3, 3)  (1, 3)  (3, 9)  (4, 2)  (3, 5)  (1, 2)  (0, 9)  (1, 4)  (1, 1)  (4, 0)
job_11  (5, 3)  (3, 0)  (4, 1)  (5, 5)  (6, 0)  (4, 2)  (5, 5)  (6, 9)  (6, 6)  (4, 5)  (3, 5)  (0, 3)  (5, 9)  (1, 6)  (3, 5)  (0, 6)  (0, 3)  (3, 6)
job_12  (2, 4)  (6, 4)  (0, 8)  (2, 5)  (6, 7)  (1, 0)  (4, 7)  (1, 4)  (3, 7)  (0, 3)  (4, 8)  (6, 7)  (4, 9)  (2, 5)  (6, 9)  (0, 6)  (2, 0)  (6, 3)
job_13  (1, 6)  (0, 2)  (4, 9)  (0, 1)  (2, 4)  (5, 6)  (0, 4)  (6, 8)  (5, 0)  (3, 3)  (5, 0)  (0, 5)  (1, 8)  (2, 3)  (3, 6)  (4, 0)  (3, 8)  (1, 0)
job_14  (2, 2)  (3, 3)  (6, 1)  (2, 3)  (1, 9)  (6, 7)  (4, 2)  (0, 8)  (1, 0)  (1, 6)  (5, 8)  (5, 0)  (2, 7)  (1, 9)  (4, 2)  (3, 0)  (4, 0)  (2, 6)
job_15  (4, 7)  (5, 3)  (1, 5)  (2, 8)  (0, 2)  (6, 2)  (0, 8)  (2, 9)  (0, 4)  (0, 3)  (3, 1)  (2, 0)  (6, 0)  (4, 1)  (3, 9)  (2, 8)  (1, 0)  (2, 7)
job_16  (1, 9)  (4, 4)  (4, 5)  (1, 0)  (2, 4)  (0, 1)  (1, 4)  (2, 6)  (3, 3)  (5, 2)  (5, 2)  (3, 1)  (1, 1)  (6, 5)  (1, 3)  (4, 7)  (3, 4)  (2, 9)
job_17  (0, 3)  (6, 1)  (3, 9)  (2, 7)  (5, 2)  (0, 2)  (3, 5)  (2, 3)  (3, 3)  (5, 0)  (4, 0)  (4, 6)  (0, 8)  (2, 8)  (5, 2)  (2, 9)  (3, 5)  (5, 9)

Solution:
Machine 0: job_2_task_0   job_17_task_0  job_4_task_1   job_5_task_0   job_12_task_2  job_13_task_1  job_5_task_2   job_5_task_3   job_3_task_2   job_6_task_3   job_16_task_5  job_13_task_3  job_7_task_3   job_1_task_3   job_6_task_6   job_17_task_5  job_9_task_4   job_3_task_7   job_3_task_8   job_12_task_9  job_10_task_6  job_17_task_12 job_11_task_11 job_15_task_4  job_5_task_10  job_4_task_11  job_15_task_6  job_14_task_7  job_13_task_6  job_2_task_7   job_15_task_8  job_15_task_9  job_4_task_13  job_7_task_11  job_2_task_12  job_13_task_11 job_7_task_14  job_6_task_15  job_10_task_14 job_11_task_15 job_12_task_15 job_11_task_16 job_0_task_15  job_8_task_16  job_0_task_17  
           [0,5]          [5,8]          [8,12]         [12,17]        [17,25]        [25,27]        [27,31]        [31,36]        [36,40]        [36,36]        [40,41]        [41,42]        [42,48]        [48,56]        [56,64]        [64,66]        [66,67]        [78,83]        [83,92]        [92,95]        [95,97]        [97,105]       [105,108]      [108,110]      [110,113]      [113,122]      [122,130]      [130,138]      [138,142]      [142,144]      [144,148]      [148,151]      [151,153]      [153,156]      [170,178]      [178,183]      [183,191]      [191,198]      [199,208]      [208,214]      [214,220]      [220,223]      [223,225]      [225,227]      [229,229]      
Machine 1: job_6_task_0   job_13_task_0  job_16_task_0  job_2_task_2   job_3_task_1   job_8_task_4   job_16_task_3  job_1_task_1   job_12_task_5  job_6_task_4   job_4_task_5   job_0_task_3   job_3_task_3   job_12_task_7  job_16_task_6  job_9_task_5   job_4_task_6   job_7_task_4   job_15_task_2  job_8_task_6   job_14_task_4  job_9_task_6   job_6_task_9   job_10_task_9  job_8_task_7   job_1_task_8   job_2_task_6   job_14_task_8  job_3_task_11  job_14_task_9  job_16_task_12 job_11_task_13 job_2_task_11  job_16_task_14 job_8_task_12  job_8_task_13  job_13_task_12 job_7_task_15  job_10_task_13 job_14_task_13 job_4_task_15  job_5_task_14  job_8_task_15  job_6_task_16  job_15_task_16 job_1_task_16  job_10_task_15 job_6_task_17  job_10_task_16 job_13_task_17 
           [0,3]          [3,9]          [9,18]         [18,23]        [23,32]        [32,41]        [32,32]        [41,47]        [41,41]        [47,50]        [50,58]        [58,67]        [67,72]        [72,76]        [76,80]        [80,85]        [85,91]        [91,94]        [94,99]        [99,107]       [107,116]      [116,119]      [119,127]      [127,130]      [130,133]      [133,139]      [139,141]      [139,139]      [141,150]      [150,156]      [156,157]      [157,163]      [163,170]      [170,173]      [173,181]      [181,183]      [183,191]      [191,197]      [197,199]      [199,208]      [208,213]      [213,216]      [216,225]      [225,232]      [225,225]      [232,240]      [240,244]      [244,246]      [246,247]      [261,261]      
Machine 2: job_4_task_0   job_12_task_0  job_3_task_0   job_9_task_0   job_12_task_3  job_14_task_0  job_16_task_4  job_10_task_0  job_14_task_3  job_8_task_5   job_10_task_2  job_17_task_3  job_9_task_3   job_1_task_5   job_2_task_4   job_6_task_8   job_17_task_7  job_1_task_6   job_0_task_5   job_16_task_7  job_0_task_6   job_5_task_8   job_15_task_3  job_4_task_9   job_13_task_4  job_5_task_12  job_17_task_13 job_4_task_12  job_15_task_7  job_1_task_9   job_6_task_11  job_9_task_10  job_8_task_11  job_7_task_12  job_12_task_13 job_15_task_11 job_3_task_13  job_14_task_12 job_17_task_15 job_0_task_12  job_13_task_13 job_15_task_15 job_1_task_15  job_12_task_16 job_5_task_15  job_7_task_16  job_4_task_16  job_5_task_16  job_15_task_17 job_16_task_17 job_3_task_16  job_14_task_17 job_8_task_17  
           [0,8]          [8,12]         [12,20]        [20,26]        [26,31]        [31,33]        [33,37]        [37,39]        [39,42]        [42,51]        [42,42]        [51,58]        [58,60]        [60,66]        [66,70]        [70,71]        [71,74]        [74,76]        [76,84]        [84,90]        [90,99]        [99,100]       [100,108]      [108,109]      [109,113]      [113,118]      [118,126]      [126,133]      [133,142]      [142,150]      [150,159]      [159,164]      [164,173]      [173,180]      [180,185]      [180,180]      [185,192]      [192,199]      [199,208]      [208,209]      [209,212]      [212,220]      [220,223]      [220,220]      [223,227]      [227,232]      [232,237]      [237,244]      [244,251]      [251,260]      [260,260]      [260,266]      [266,267]      
Machine 3: job_7_task_0   job_8_task_1   job_11_task_1  job_8_task_2   job_4_task_3   job_6_task_1   job_6_task_2   job_14_task_1  job_17_task_2  job_9_task_2   job_1_task_2   job_6_task_5   job_10_task_4  job_1_task_4   job_17_task_6  job_17_task_8  job_12_task_8  job_11_task_10 job_16_task_8  job_3_task_9   job_3_task_10  job_5_task_9   job_4_task_10  job_10_task_8  job_0_task_8   job_16_task_11 job_5_task_13  job_9_task_8   job_0_task_11  job_10_task_10 job_7_task_8   job_10_task_12 job_8_task_9   job_8_task_10  job_1_task_10  job_13_task_9  job_6_task_13  job_15_task_10 job_6_task_14  job_15_task_14 job_2_task_13  job_11_task_14 job_9_task_14  job_3_task_14  job_0_task_13  job_14_task_15 job_2_task_15  job_9_task_16  job_17_task_16 job_13_task_14 job_2_task_16  job_16_task_16 job_3_task_15  job_13_task_16 job_11_task_17 
           [0,7]          [7,15]         [7,7]          [15,21]        [21,29]        [29,31]        [31,34]        [34,37]        [37,46]        [46,46]        [47,47]        [50,56]        [50,50]        [56,56]        [66,71]        [74,77]        [77,84]        [84,89]        [90,93]        [93,93]        [93,101]       [101,109]      [109,111]      [111,114]      [114,117]      [117,118]      [118,126]      [126,129]      [129,134]      [134,143]      [143,145]      [145,150]      [150,153]      [153,161]      [161,170]      [170,173]      [173,174]      [174,175]      [175,184]      [184,193]      [193,200]      [200,205]      [205,207]      [207,211]      [211,215]      [211,211]      [215,216]      [216,225]      [225,230]      [230,236]      [236,244]      [244,248]      [248,253]      [253,261]      [261,267]      
Machine 4: job_15_task_0  job_11_task_2  job_16_task_1  job_8_task_3   job_11_task_5  job_16_task_2  job_0_task_2   job_13_task_2  job_10_task_1  job_12_task_6  job_10_task_3  job_2_task_5   job_3_task_4   job_3_task_6   job_17_task_10 job_11_task_9  job_17_task_11 job_12_task_10 job_10_task_7  job_0_task_9   job_14_task_6  job_6_task_10  job_10_task_11 job_2_task_8   job_7_task_10  job_12_task_12 job_6_task_12  job_16_task_15 job_7_task_13  job_15_task_13 job_1_task_14  job_9_task_15  job_14_task_14 job_14_task_16 job_0_task_16  job_7_task_17  job_13_task_15 job_10_task_17 
           [0,7]          [7,8]          [18,22]        [22,22]        [22,24]        [24,29]        [29,32]        [32,41]        [41,41]        [41,48]        [48,50]        [70,75]        [75,76]        [77,78]        [77,77]        [78,83]        [83,89]        [95,103]       [103,111]      [117,126]      [126,128]      [128,137]      [143,145]      [145,149]      [149,152]      [153,162]      [162,171]      [173,180]      [180,182]      [182,183]      [192,199]      [207,207]      [208,210]      [211,211]      [225,229]      [232,237]      [237,237]      [247,247]      
Machine 5: job_11_task_0  job_2_task_1   job_11_task_3  job_5_task_1   job_15_task_1  job_4_task_4   job_11_task_6  job_17_task_4  job_6_task_7   job_1_task_7   job_3_task_5   job_17_task_9  job_5_task_6   job_4_task_7   job_4_task_8   job_16_task_9  job_16_task_10 job_5_task_11  job_13_task_5  job_9_task_7   job_0_task_10  job_11_task_12 job_17_task_14 job_7_task_9   job_2_task_9   job_3_task_12  job_9_task_11  job_13_task_8  job_1_task_11  job_1_task_12  job_13_task_10 job_14_task_10 job_9_task_12  job_14_task_11 job_2_task_14  job_0_task_14  job_17_task_17 job_4_task_17  job_2_task_17  job_5_task_17  
           [0,3]          [5,14]         [14,19]        [19,27]        [27,30]        [30,35]        [35,40]        [58,60]        [64,64]        [76,76]        [76,77]        [77,77]        [80,87]        [91,100]       [100,108]      [108,110]      [110,112]      [113,113]      [113,119]      [119,126]      [126,128]      [128,137]      [137,139]      [145,146]      [149,158]      [158,167]      [167,176]      [167,167]      [176,176]      [176,183]      [176,176]      [183,191]      [191,199]      [191,191]      [200,201]      [215,221]      [230,239]      [239,244]      [244,248]      [248,249]      
Machine 6: job_8_task_0   job_0_task_0   job_12_task_1  job_4_task_2   job_1_task_0   job_0_task_1   job_11_task_4  job_17_task_1  job_7_task_1   job_12_task_4  job_14_task_2  job_7_task_2   job_9_task_1   job_2_task_3   job_11_task_7  job_5_task_4   job_0_task_4   job_11_task_8  job_5_task_5   job_10_task_5  job_5_task_7   job_7_task_5   job_7_task_6   job_0_task_7   job_15_task_5  job_14_task_5  job_7_task_7   job_9_task_9   job_8_task_8   job_12_task_11 job_13_task_7  job_2_task_10  job_16_task_13 job_4_task_14  job_15_task_12 job_1_task_13  job_12_task_14 job_9_task_13  job_8_task_14  job_12_task_17 job_9_task_17  job_1_task_17  job_3_task_17  
           [0,7]          [7,12]         [12,16]        [16,17]        [17,22]        [22,27]        [22,22]        [27,28]        [28,31]        [31,38]        [38,39]        [39,42]        [42,46]        [46,52]        [52,61]        [61,67]        [67,72]        [72,78]        [78,80]        [80,85]        [87,92]        [94,98]        [98,107]       [107,114]      [114,116]      [116,123]      [123,131]      [131,140]      [140,146]      [146,153]      [153,161]      [161,163]      [163,168]      [168,176]      [180,180]      [183,192]      [192,201]      [201,203]      [203,210]      [220,223]      [225,227]      [240,241]      [260,267]      
Optimal Schedule Length: 267.0
Total (Unoptimized Schedule Length): 1497
Statistics
  - conflicts: 0
  - branches : 153
  - wall time: 0.55684s