
 Problem
         task_0  task_1  task_2  task_3  task_4  task_5  task_6  task_7  task_8  task_9 task_10 task_11 task_12 task_13 task_14 task_15 task_16 task_17 task_18
job_0   (3, 7)  (2, 9)  (1, 6)  (1, 8)  (2, 7)  (4, 7)  (4, 5)  (4, 5)  (1, 7)  (1, 8)  (3, 8)  (0, 3)  (3, 2)  (4, 9)  (4, 3)  (4, 4)  (3, 5)  (1, 6)  (1, 9)
job_1   (1, 4)  (3, 9)  (2, 3)  (1, 3)  (2, 5)  (0, 1)  (3, 0)  (0, 9)  (1, 4)  (2, 9)  (2, 5)  (0, 3)  (1, 6)  (0, 9)  (0, 2)  (2, 7)  (0, 3)  (3, 1)  (3, 4)
job_2   (0, 8)  (2, 6)  (2, 6)  (4, 1)  (0, 1)  (1, 2)  (4, 5)  (3, 1)  (2, 3)  (0, 5)  (0, 3)  (4, 9)  (4, 1)  (2, 5)  (1, 5)  (0, 3)  (1, 4)  (2, 2)  (0, 7)
job_3   (1, 5)  (2, 3)  (1, 4)  (4, 0)  (1, 6)  (2, 9)  (1, 8)  (2, 7)  (0, 6)  (4, 8)  (4, 9)  (4, 8)  (0, 6)  (3, 2)  (2, 8)  (1, 7)  (4, 6)  (4, 8)  (4, 1)
job_4   (2, 1)  (2, 8)  (4, 9)  (0, 1)  (3, 4)  (2, 4)  (1, 6)  (1, 1)  (4, 3)  (0, 4)  (4, 1)  (1, 1)  (0, 7)  (1, 4)  (4, 2)  (4, 4)  (2, 6)  (0, 2)  (0, 1)
job_5   (1, 7)  (0, 0)  (3, 2)  (0, 5)  (3, 7)  (0, 6)  (3, 3)  (4, 4)  (0, 2)  (4, 7)  (4, 8)  (2, 0)  (3, 2)  (0, 7)  (0, 5)  (1, 9)  (4, 9)  (2, 2)  (4, 1)
job_6   (4, 9)  (2, 6)  (0, 0)  (2, 5)  (1, 9)  (0, 2)  (0, 9)  (3, 0)  (0, 0)  (1, 6)  (2, 3)  (2, 1)  (3, 5)  (4, 3)  (2, 0)  (3, 7)  (1, 1)  (4, 2)  (3, 5)
job_7   (0, 2)  (2, 8)  (4, 8)  (1, 2)  (4, 4)  (4, 9)  (2, 0)  (3, 5)  (1, 7)  (2, 0)  (1, 9)  (3, 9)  (4, 7)  (4, 6)  (2, 3)  (1, 0)  (3, 4)  (0, 7)  (2, 5)
job_8   (2, 4)  (1, 6)  (4, 6)  (0, 5)  (0, 0)  (2, 8)  (3, 5)  (4, 6)  (0, 0)  (1, 3)  (2, 7)  (2, 8)  (4, 1)  (3, 2)  (3, 9)  (0, 0)  (0, 6)  (2, 3)  (4, 9)
job_9   (3, 7)  (0, 5)  (1, 7)  (2, 5)  (0, 8)  (2, 1)  (1, 6)  (2, 2)  (0, 4)  (2, 2)  (3, 9)  (4, 1)  (2, 4)  (2, 3)  (0, 1)  (2, 7)  (0, 4)  (1, 5)  (4, 1)
job_10  (1, 5)  (4, 9)  (0, 8)  (3, 8)  (4, 1)  (0, 0)  (2, 6)  (2, 7)  (2, 9)  (1, 8)  (0, 7)  (1, 9)  (0, 3)  (4, 8)  (2, 0)  (2, 4)  (0, 4)  (3, 8)  (4, 2)
job_11  (4, 6)  (2, 2)  (1, 0)  (1, 8)  (4, 1)  (1, 8)  (0, 2)  (4, 4)  (3, 5)  (4, 0)  (1, 3)  (0, 3)  (4, 4)  (4, 4)  (1, 7)  (0, 5)  (1, 6)  (2, 3)  (2, 9)
job_12  (3, 7)  (0, 2)  (1, 8)  (1, 2)  (0, 4)  (1, 4)  (3, 9)  (0, 3)  (2, 2)  (3, 2)  (3, 9)  (3, 1)  (4, 0)  (3, 7)  (1, 2)  (1, 9)  (4, 4)  (1, 1)  (4, 1)

Solution:
Machine 0: job_7_task_0   job_2_task_0   job_9_task_1   job_5_task_1   job_10_task_2  job_5_task_3   job_12_task_1  job_10_task_5  job_5_task_5   job_4_task_3   job_8_task_3   job_8_task_4   job_3_task_8   job_1_task_5   job_12_task_4  job_1_task_7   job_5_task_8   job_6_task_2   job_9_task_4   job_2_task_4   job_11_task_6  job_8_task_8   job_0_task_11  job_12_task_7  job_10_task_10 job_6_task_5   job_2_task_9   job_6_task_6   job_2_task_10  job_9_task_8   job_11_task_11 job_3_task_12  job_6_task_8   job_1_task_11  job_5_task_13  job_4_task_9   job_10_task_12 job_5_task_14  job_1_task_13  job_4_task_12  job_8_task_15  job_11_task_15 job_9_task_14  job_8_task_16  job_1_task_14  job_2_task_15  job_10_task_16 job_7_task_17  job_9_task_16  job_1_task_16  job_4_task_17  job_4_task_18  job_2_task_18  
           [0,2]          [2,10]         [14,19]        [21,21]        [24,32]        [32,37]        [37,39]        [41,41]        [47,53]        [53,54]        [66,71]        [71,71]        [80,86]        [86,87]        [89,93]        [93,102]       [102,104]      [102,102]      [104,112]      [112,113]      [113,115]      [118,118]      [127,130]      [136,139]      [139,146]      [146,148]      [148,153]      [153,162]      [162,165]      [165,169]      [169,172]      [172,178]      [172,172]      [178,181]      [181,188]      [188,192]      [192,195]      [195,200]      [200,209]      [209,216]      [209,209]      [216,221]      [221,222]      [222,228]      [228,230]      [230,233]      [233,237]      [237,244]      [244,248]      [248,251]      [251,253]      [253,254]      [259,266]      
Machine 1: job_3_task_0   job_10_task_0  job_1_task_0   job_5_task_0   job_0_task_2   job_3_task_2   job_11_task_2  job_0_task_3   job_3_task_4   job_8_task_1   job_7_task_3   job_11_task_3  job_3_task_6   job_1_task_3   job_9_task_2   job_12_task_2  job_12_task_3  job_0_task_8   job_11_task_5  job_7_task_8   job_0_task_9   job_2_task_5   job_12_task_5  job_1_task_8   job_10_task_9  job_6_task_4   job_7_task_10  job_9_task_6   job_8_task_9   job_11_task_10 job_4_task_6   job_10_task_11 job_4_task_7   job_6_task_9   job_1_task_12  job_11_task_14 job_4_task_11  job_3_task_15  job_2_task_14  job_5_task_15  job_4_task_13  job_7_task_15  job_11_task_16 job_12_task_14 job_0_task_17  job_12_task_15 job_2_task_16  job_6_task_16  job_9_task_17  job_12_task_17 job_0_task_18  
           [0,5]          [5,10]         [10,14]        [14,21]        [21,27]        [27,31]        [27,27]        [31,39]        [39,45]        [45,51]        [51,53]        [53,61]        [61,69]        [69,72]        [72,79]        [79,87]        [87,89]        [89,96]        [96,104]       [104,111]      [111,119]      [119,121]      [121,125]      [125,129]      [129,137]      [137,146]      [146,155]      [155,161]      [161,164]      [164,167]      [167,173]      [173,182]      [182,183]      [183,189]      [189,195]      [195,202]      [202,203]      [203,210]      [210,215]      [215,224]      [224,228]      [224,224]      [228,234]      [234,236]      [236,242]      [242,251]      [251,255]      [255,256]      [256,261]      [261,262]      [262,271]      
Machine 2: job_8_task_0   job_7_task_1   job_0_task_1   job_3_task_1   job_11_task_1  job_1_task_2   job_4_task_0   job_2_task_1   job_4_task_1   job_0_task_4   job_3_task_5   job_10_task_6  job_10_task_7  job_3_task_7   job_1_task_4   job_7_task_6   job_8_task_5   job_6_task_1   job_9_task_3   job_2_task_2   job_10_task_8  job_6_task_3   job_7_task_9   job_9_task_5   job_4_task_5   job_1_task_9   job_1_task_10  job_2_task_8   job_12_task_8  job_5_task_11  job_9_task_7   job_8_task_10  job_8_task_11  job_9_task_9   job_6_task_10  job_6_task_11  job_3_task_14  job_2_task_13  job_9_task_12  job_10_task_14 job_9_task_13  job_6_task_14  job_7_task_14  job_10_task_15 job_9_task_15  job_8_task_17  job_1_task_15  job_11_task_17 job_4_task_16  job_11_task_18 job_2_task_17  job_7_task_18  job_5_task_17  
           [0,4]          [4,12]         [12,21]        [21,24]        [24,26]        [26,29]        [29,30]        [30,36]        [36,44]        [44,51]        [51,60]        [60,66]        [66,73]        [73,80]        [80,85]        [85,85]        [85,93]        [93,99]        [99,104]       [104,110]      [110,119]      [119,124]      [119,119]      [124,125]      [125,129]      [129,138]      [138,143]      [143,146]      [146,148]      [150,150]      [161,163]      [164,171]      [171,179]      [179,181]      [189,192]      [192,193]      [194,202]      [202,207]      [207,211]      [207,207]      [211,214]      [214,214]      [214,217]      [217,221]      [222,229]      [229,232]      [232,239]      [239,242]      [242,248]      [248,257]      [257,259]      [259,264]      [264,266]      
Machine 3: job_0_task_0   job_9_task_0   job_1_task_1   job_5_task_2   job_12_task_0  job_10_task_3  job_5_task_4   job_5_task_6   job_4_task_4   job_7_task_7   job_1_task_6   job_8_task_6   job_0_task_10  job_12_task_6  job_11_task_8  job_2_task_7   job_0_task_12  job_12_task_9  job_5_task_12  job_12_task_10 job_7_task_11  job_6_task_7   job_12_task_11 job_0_task_16  job_12_task_13 job_9_task_10  job_3_task_13  job_8_task_13  job_8_task_14  job_6_task_12  job_6_task_15  job_7_task_16  job_10_task_17 job_1_task_17  job_1_task_18  job_6_task_18  
           [0,7]          [7,14]         [14,23]        [23,25]        [25,32]        [32,40]        [40,47]        [53,56]        [56,60]        [85,90]        [90,90]        [93,98]        [119,127]      [127,136]      [136,141]      [141,142]      [142,144]      [148,150]      [150,152]      [152,161]      [161,170]      [170,170]      [170,171]      [171,176]      [176,183]      [183,192]      [192,194]      [194,196]      [196,205]      [205,210]      [214,221]      [224,228]      [237,245]      [251,252]      [252,256]      [266,271]      
Machine 4: job_11_task_0  job_6_task_0   job_10_task_1  job_7_task_2   job_3_task_3   job_10_task_4  job_4_task_2   job_0_task_5   job_8_task_2   job_7_task_4   job_0_task_6   job_7_task_5   job_0_task_7   job_11_task_4  job_3_task_9   job_5_task_7   job_3_task_10  job_2_task_3   job_8_task_7   job_11_task_7  job_2_task_6   job_5_task_9   job_3_task_11  job_5_task_10  job_11_task_9  job_0_task_13  job_0_task_14  job_0_task_15  job_2_task_11  job_11_task_12 job_12_task_12 job_11_task_13 job_4_task_8   job_7_task_12  job_8_task_12  job_4_task_10  job_2_task_12  job_9_task_11  job_10_task_13 job_7_task_13  job_6_task_13  job_3_task_16  job_3_task_17  job_4_task_14  job_4_task_15  job_5_task_16  job_8_task_18  job_12_task_16 job_10_task_18 job_3_task_18  job_6_task_17  job_5_task_18  job_9_task_18  job_12_task_18 
           [0,6]          [6,15]         [15,24]        [24,32]        [32,32]        [40,41]        [44,53]        [53,60]        [60,66]        [66,70]        [70,75]        [75,84]        [84,89]        [89,90]        [90,98]        [98,102]       [102,111]      [111,112]      [112,118]      [118,122]      [122,127]      [127,134]      [134,142]      [142,150]      [142,142]      [150,159]      [159,162]      [162,166]      [166,175]      [175,179]      [175,175]      [179,183]      [183,186]      [186,193]      [193,194]      [194,195]      [195,196]      [196,197]      [197,205]      [205,211]      [211,214]      [214,220]      [220,228]      [228,230]      [230,234]      [234,243]      [243,252]      [252,256]      [256,258]      [258,259]      [264,266]      [267,268]      [269,270]      [270,271]      
Optimal Schedule Length: 271.0
Total (Unoptimized Schedule Length): 1149
Statistics
  - conflicts: 0
  - branches : 63
  - wall time: 0.024924s