
 Problem
         task_0  task_1  task_2  task_3  task_4  task_5  task_6  task_7  task_8  task_9 task_10 task_11 task_12 task_13 task_14
job_0   (5, 5)  (5, 2)  (1, 5)  (2, 2)  (4, 4)  (1, 5)  (2, 3)  (0, 5)  (0, 8)  (5, 5)  (3, 5)  (0, 0)  (4, 0)  (4, 2)  (1, 0)
job_1   (2, 6)  (3, 6)  (4, 7)  (2, 4)  (0, 9)  (2, 4)  (3, 5)  (3, 5)  (2, 6)  (2, 5)  (0, 3)  (4, 7)  (4, 0)  (1, 1)  (2, 4)
job_2   (4, 9)  (5, 8)  (2, 3)  (3, 1)  (5, 1)  (3, 9)  (3, 4)  (3, 0)  (2, 2)  (3, 5)  (0, 4)  (3, 2)  (5, 7)  (2, 6)  (4, 0)
job_3   (5, 0)  (3, 0)  (1, 0)  (4, 6)  (4, 3)  (0, 1)  (5, 2)  (1, 4)  (0, 9)  (0, 8)  (1, 3)  (2, 9)  (1, 1)  (1, 6)  (0, 8)
job_4   (2, 8)  (3, 1)  (4, 2)  (5, 1)  (3, 3)  (3, 9)  (1, 7)  (3, 9)  (3, 0)  (4, 2)  (1, 9)  (0, 6)  (4, 7)  (1, 2)  (2, 0)
job_5   (3, 1)  (5, 4)  (3, 8)  (1, 7)  (1, 9)  (4, 5)  (2, 5)  (1, 6)  (2, 5)  (0, 0)  (1, 8)  (2, 0)  (1, 3)  (4, 9)  (0, 9)
job_6   (2, 5)  (0, 3)  (5, 0)  (5, 8)  (2, 3)  (2, 8)  (4, 6)  (4, 6)  (5, 2)  (3, 9)  (4, 3)  (1, 1)  (1, 9)  (4, 8)  (1, 8)
job_7   (0, 9)  (1, 7)  (0, 2)  (5, 1)  (4, 0)  (3, 0)  (3, 5)  (1, 5)  (1, 1)  (1, 8)  (2, 6)  (3, 6)  (0, 2)  (1, 7)  (2, 5)
job_8   (5, 0)  (2, 0)  (5, 5)  (1, 2)  (5, 3)  (5, 1)  (2, 0)  (2, 0)  (5, 5)  (1, 3)  (4, 1)  (0, 4)  (1, 3)  (2, 4)  (3, 4)
job_9   (0, 2)  (3, 5)  (5, 7)  (1, 4)  (4, 6)  (3, 2)  (2, 0)  (2, 5)  (2, 2)  (5, 4)  (4, 9)  (2, 6)  (1, 4)  (3, 1)  (2, 2)
job_10  (0, 5)  (5, 8)  (1, 6)  (3, 5)  (1, 2)  (3, 2)  (4, 3)  (0, 8)  (4, 3)  (3, 7)  (4, 1)  (1, 6)  (2, 3)  (3, 1)  (3, 9)
job_11  (4, 5)  (4, 5)  (2, 0)  (4, 7)  (2, 8)  (4, 6)  (3, 5)  (1, 9)  (2, 4)  (5, 7)  (0, 6)  (2, 0)  (2, 5)  (0, 0)  (5, 8)
job_12  (3, 8)  (5, 5)  (3, 2)  (3, 5)  (1, 1)  (2, 6)  (2, 6)  (3, 9)  (3, 9)  (1, 3)  (3, 4)  (1, 1)  (3, 7)  (4, 0)  (5, 5)
job_13  (5, 0)  (4, 7)  (4, 9)  (5, 8)  (0, 3)  (2, 8)  (5, 0)  (2, 4)  (3, 3)  (3, 9)  (4, 6)  (4, 9)  (0, 7)  (1, 3)  (5, 7)
job_14  (1, 0)  (4, 2)  (4, 0)  (2, 8)  (0, 8)  (2, 3)  (2, 6)  (1, 8)  (1, 9)  (2, 7)  (3, 7)  (3, 0)  (5, 7)  (4, 3)  (0, 5)
job_15  (1, 4)  (3, 5)  (1, 6)  (5, 7)  (4, 9)  (2, 4)  (3, 3)  (1, 3)  (5, 0)  (1, 7)  (4, 7)  (5, 7)  (3, 2)  (4, 5)  (0, 1)

Solution:
Machine 0: job_10_task_0  job_6_task_1   job_7_task_0   job_9_task_0   job_7_task_2   job_13_task_4  job_14_task_4  job_1_task_4   job_3_task_5   job_3_task_8   job_3_task_9   job_10_task_7  job_5_task_9   job_0_task_7   job_0_task_8   job_13_task_12 job_11_task_10 job_1_task_10  job_4_task_11  job_2_task_10  job_7_task_12  job_11_task_13 job_5_task_14  job_8_task_11  job_3_task_14  job_0_task_11  job_14_task_14 job_15_task_14 
           [0,5]          [5,8]          [8,17]         [17,19]        [27,29]        [32,35]        [35,43]        [47,56]        [74,75]        [84,93]        [93,101]       [109,117]      [117,117]      [119,124]      [124,132]      [132,139]      [139,145]      [149,152]      [158,164]      [164,168]      [168,170]      [170,170]      [174,183]      [183,187]      [187,195]      [195,195]      [195,200]      [200,201]      
Machine 1: job_3_task_2   job_14_task_0  job_15_task_0  job_0_task_2   job_8_task_3   job_15_task_2  job_7_task_1   job_0_task_5   job_5_task_3   job_5_task_4   job_10_task_2  job_12_task_4  job_9_task_3   job_7_task_7   job_7_task_8   job_7_task_9   job_4_task_6   job_3_task_7   job_14_task_7  job_10_task_4  job_14_task_8  job_5_task_7   job_3_task_10  job_11_task_7  job_15_task_7  job_15_task_9  job_5_task_10  job_6_task_11  job_6_task_12  job_4_task_10  job_5_task_12  job_12_task_9  job_8_task_9   job_10_task_11 job_3_task_12  job_7_task_13  job_3_task_13  job_12_task_11 job_9_task_12  job_13_task_13 job_8_task_12  job_0_task_14  job_1_task_13  job_6_task_14  job_4_task_13  
           [0,0]          [0,0]          [0,4]          [7,12]         [12,14]        [14,20]        [20,27]        [27,32]        [32,39]        [39,48]        [48,54]        [54,55]        [55,59]        [59,64]        [64,65]        [65,73]        [73,80]        [80,84]        [84,92]        [92,94]        [94,103]       [103,109]      [109,112]      [112,121]      [121,124]      [124,131]      [131,139]      [139,140]      [140,149]      [149,158]      [158,161]      [161,164]      [164,167]      [167,173]      [173,174]      [174,181]      [181,187]      [187,188]      [188,192]      [192,195]      [195,198]      [198,198]      [198,199]      [199,207]      [207,209]      
Machine 2: job_6_task_0   job_8_task_1   job_1_task_0   job_4_task_0   job_0_task_3   job_6_task_4   job_14_task_3  job_6_task_5   job_11_task_2  job_1_task_3   job_13_task_5  job_11_task_4  job_13_task_7  job_9_task_6   job_14_task_5  job_14_task_6  job_2_task_2   job_8_task_6   job_8_task_7   job_12_task_5  job_1_task_5   job_12_task_6  job_5_task_6   job_15_task_5  job_9_task_7   job_5_task_8   job_9_task_8   job_0_task_6   job_7_task_10  job_11_task_8  job_14_task_9  job_1_task_8   job_2_task_8   job_5_task_11  job_1_task_9   job_3_task_11  job_11_task_11 job_9_task_11  job_11_task_12 job_10_task_12 job_7_task_14  job_2_task_13  job_8_task_13  job_1_task_14  job_9_task_14  job_4_task_14  
           [0,5]          [0,0]          [5,11]         [11,19]        [19,21]        [24,27]        [27,35]        [35,43]        [35,35]        [43,47]        [47,55]        [55,63]        [63,67]        [67,67]        [67,70]        [70,76]        [76,79]        [76,76]        [76,76]        [79,85]        [85,89]        [89,95]        [95,100]       [100,104]      [104,109]      [109,114]      [114,116]      [116,119]      [119,125]      [125,129]      [129,136]      [136,142]      [142,144]      [142,142]      [144,149]      [149,158]      [149,149]      [158,164]      [164,169]      [173,176]      [181,186]      [192,198]      [198,202]      [202,206]      [206,208]      [209,209]      
Machine 3: job_3_task_1   job_5_task_0   job_12_task_0  job_15_task_1  job_1_task_1   job_5_task_2   job_9_task_1   job_7_task_5   job_7_task_6   job_4_task_1   job_12_task_2  job_12_task_3  job_4_task_4   job_4_task_5   job_10_task_3  job_9_task_5   job_13_task_8  job_13_task_9  job_2_task_3   job_4_task_7   job_1_task_6   job_4_task_8   job_10_task_5  job_2_task_5   job_11_task_6  job_15_task_6  job_12_task_7  job_6_task_9   job_1_task_7   job_2_task_6   job_2_task_7   job_12_task_8  job_10_task_9  job_2_task_9   job_7_task_11  job_14_task_10 job_12_task_10 job_14_task_11 job_2_task_11  job_15_task_12 job_10_task_13 job_0_task_10  job_10_task_14 job_12_task_12 job_9_task_13  job_8_task_14  
           [0,0]          [0,1]          [1,9]          [9,14]         [14,20]        [20,28]        [28,33]        [33,33]        [33,38]        [38,39]        [39,41]        [41,46]        [47,50]        [50,59]        [59,64]        [65,67]        [67,70]        [70,79]        [79,80]        [80,89]        [89,94]        [89,89]        [94,96]        [96,105]       [105,110]      [110,113]      [113,122]      [122,131]      [131,136]      [136,140]      [140,140]      [140,149]      [149,156]      [156,161]      [161,167]      [167,174]      [174,178]      [174,174]      [178,180]      [180,182]      [182,183]      [183,188]      [188,197]      [197,204]      [204,205]      [205,209]      
Machine 4: job_13_task_1  job_13_task_2  job_11_task_0  job_0_task_4   job_14_task_1  job_11_task_1  job_14_task_2  job_1_task_2   job_7_task_4   job_4_task_2   job_11_task_3  job_2_task_0   job_9_task_4   job_3_task_3   job_3_task_4   job_6_task_6   job_15_task_4  job_5_task_5   job_11_task_5  job_6_task_7   job_10_task_6  job_13_task_10 job_13_task_11 job_10_task_8  job_9_task_10  job_6_task_10  job_4_task_9   job_15_task_10 job_6_task_13  job_10_task_10 job_1_task_11  job_1_task_12  job_5_task_13  job_8_task_10  job_4_task_12  job_15_task_13 job_14_task_13 job_0_task_12  job_0_task_13  job_2_task_14  job_12_task_13 
           [0,7]          [7,16]         [16,21]        [21,25]        [25,27]        [27,32]        [27,27]        [33,40]        [33,33]        [40,42]        [42,49]        [49,58]        [59,65]        [65,71]        [71,74]        [74,80]        [80,89]        [89,94]        [94,100]       [100,106]      [106,109]      [109,115]      [115,124]      [124,127]      [127,136]      [136,139]      [139,141]      [141,148]      [149,157]      [157,158]      [158,165]      [165,165]      [165,174]      [174,175]      [175,182]      [182,187]      [187,190]      [195,195]      [195,197]      [198,198]      [204,204]      
Machine 5: job_0_task_0   job_3_task_0   job_8_task_0   job_13_task_0  job_0_task_1   job_8_task_2   job_5_task_1   job_6_task_2   job_6_task_3   job_13_task_3  job_7_task_3   job_12_task_1  job_10_task_1  job_4_task_3   job_9_task_2   job_15_task_3  job_2_task_1   job_13_task_6  job_8_task_4   job_8_task_5   job_3_task_6   job_8_task_8   job_2_task_4   job_6_task_8   job_9_task_9   job_15_task_8  job_11_task_9  job_0_task_9   job_15_task_11 job_11_task_14 job_14_task_12 job_2_task_12  job_13_task_14 job_12_task_14 
           [0,5]          [0,0]          [0,0]          [0,0]          [5,7]          [7,12]         [12,16]        [12,12]        [16,24]        [24,32]        [32,33]        [33,38]        [38,46]        [46,47]        [47,54]        [54,61]        [61,69]        [61,61]        [69,72]        [72,73]        [75,77]        [77,82]        [82,83]        [106,108]      [116,120]      [124,124]      [129,136]      [136,141]      [148,155]      [170,178]      [178,185]      [185,192]      [195,202]      [204,209]      
Optimal Schedule Length: 209.0
Total (Unoptimized Schedule Length): 1067
Statistics
  - conflicts: 0
  - branches : 79
  - wall time: 0.23043000000000002s