
 Problem
          task_0   task_1   task_2   task_3   task_4   task_5   task_6   task_7   task_8   task_9  task_10  task_11  task_12  task_13  task_14  task_15  task_16  task_17  task_18
job_0    (2, 4)   (2, 9)   (0, 4)  (13, 2)   (2, 4)   (4, 5)  (12, 2)  (10, 2)   (3, 1)  (11, 7)  (12, 5)   (3, 4)  (11, 5)  (10, 4)   (3, 0)  (10, 9)  (13, 0)   (1, 6)   (4, 8)
job_1    (7, 6)  (10, 5)   (3, 0)   (0, 6)  (13, 8)   (0, 9)   (8, 7)   (1, 0)   (6, 1)   (5, 9)   (7, 8)  (12, 1)   (0, 3)   (4, 5)   (8, 0)   (8, 0)   (3, 0)   (1, 9)   (9, 2)
job_2   (11, 7)   (5, 1)   (4, 0)   (6, 7)   (5, 7)   (2, 2)   (4, 4)   (0, 8)   (1, 2)  (10, 1)   (0, 7)  (13, 0)   (8, 1)  (13, 5)   (1, 4)   (4, 9)   (6, 8)  (11, 5)  (12, 7)
job_3    (1, 5)   (7, 3)   (2, 1)   (5, 1)  (13, 0)   (6, 2)   (9, 6)   (0, 9)   (8, 7)   (5, 6)  (13, 0)   (0, 2)   (4, 5)   (1, 6)   (5, 9)   (2, 9)   (0, 7)   (9, 2)   (9, 0)
job_4   (13, 8)   (9, 5)   (6, 8)   (4, 2)   (0, 7)  (10, 7)   (7, 7)  (12, 1)   (0, 0)  (12, 6)   (9, 0)  (12, 7)   (8, 4)   (9, 8)   (4, 7)  (10, 3)   (1, 8)   (8, 4)  (11, 3)
job_5   (13, 3)   (8, 3)   (8, 2)  (10, 2)   (7, 5)   (4, 4)  (11, 0)   (6, 5)   (8, 6)  (12, 0)   (9, 3)   (4, 3)  (13, 9)  (10, 9)   (6, 0)   (3, 7)   (5, 4)   (0, 1)   (8, 4)
job_6    (0, 2)  (10, 9)  (11, 5)   (3, 6)  (12, 7)  (13, 1)  (10, 7)  (13, 2)   (3, 3)  (11, 7)   (5, 0)   (9, 5)   (7, 1)   (4, 5)  (10, 8)   (9, 2)  (10, 6)   (1, 0)   (1, 3)
job_7   (11, 8)   (2, 6)  (10, 1)   (9, 2)   (6, 8)   (3, 6)   (1, 7)   (8, 0)  (11, 8)   (9, 0)   (4, 0)   (8, 1)   (6, 0)  (11, 2)   (8, 0)   (1, 0)   (3, 4)  (13, 5)  (12, 1)
job_8    (9, 3)   (2, 6)  (10, 4)  (10, 8)  (10, 4)   (9, 5)  (10, 8)   (5, 6)   (0, 1)   (0, 7)   (5, 2)   (0, 7)   (7, 6)  (13, 3)   (0, 5)   (4, 5)   (5, 2)   (2, 4)  (11, 6)
job_9    (0, 6)   (0, 4)   (1, 9)   (4, 3)  (12, 5)  (12, 4)  (13, 3)  (12, 8)   (0, 8)   (7, 5)   (5, 2)  (13, 6)  (11, 8)   (8, 9)   (8, 2)   (7, 4)   (4, 8)   (4, 2)   (3, 7)
job_10  (11, 4)  (10, 0)  (12, 7)  (11, 0)   (0, 2)   (2, 8)  (13, 7)   (4, 6)  (13, 7)   (2, 7)   (3, 4)   (7, 7)   (8, 6)  (12, 1)  (12, 9)  (10, 1)   (2, 3)   (6, 3)   (1, 8)
job_11   (8, 6)   (3, 4)   (3, 1)  (10, 5)   (4, 7)   (7, 3)  (13, 5)   (5, 6)   (1, 9)  (10, 2)   (4, 9)   (9, 8)   (9, 0)   (4, 5)  (10, 0)   (4, 1)  (10, 9)   (9, 1)   (3, 5)
job_12  (10, 5)   (0, 0)  (11, 2)   (9, 6)  (13, 1)  (12, 3)   (5, 1)   (9, 0)   (0, 5)  (12, 1)  (12, 5)  (10, 6)   (2, 4)   (8, 9)   (5, 1)   (1, 0)   (3, 3)  (12, 1)  (10, 4)
job_13  (11, 2)   (7, 5)   (0, 3)   (7, 9)  (13, 6)  (11, 8)   (5, 7)  (13, 2)   (9, 2)  (12, 0)   (4, 9)   (3, 8)   (8, 0)   (4, 0)  (13, 2)  (13, 6)  (10, 4)   (4, 5)   (7, 7)
job_14  (13, 6)   (9, 3)   (2, 2)   (9, 8)   (6, 2)   (2, 3)   (5, 4)  (11, 8)   (3, 4)   (3, 0)   (0, 2)   (0, 3)   (6, 9)  (13, 3)   (0, 6)  (13, 4)   (0, 4)  (12, 2)   (9, 3)
job_15   (2, 6)   (3, 5)  (13, 7)   (5, 4)   (3, 5)   (7, 0)  (10, 6)   (8, 9)  (10, 3)   (9, 4)   (8, 1)   (1, 4)  (13, 3)   (0, 2)  (13, 9)   (4, 3)   (1, 5)  (12, 1)   (7, 5)

Solution:
Machine 0: job_6_task_0   job_9_task_0   job_9_task_1   job_12_task_1  job_13_task_2  job_10_task_4  job_0_task_2   job_4_task_4   job_1_task_3   job_3_task_7   job_2_task_7   job_4_task_8   job_1_task_5   job_2_task_10  job_9_task_8   job_3_task_11  job_12_task_8  job_8_task_8   job_14_task_10 job_8_task_9   job_15_task_13 job_8_task_11  job_14_task_11 job_1_task_12  job_8_task_14  job_14_task_14 job_5_task_17  job_3_task_16  job_14_task_16 
           [0,2]          [2,8]          [8,12]         [8,8]          [13,16]        [17,19]        [19,23]        [23,30]        [30,36]        [36,45]        [45,53]        [45,45]        [53,62]        [62,69]        [69,77]        [77,79]        [79,84]        [84,85]        [85,87]        [87,94]        [94,96]        [96,103]       [103,106]      [106,109]      [114,119]      [119,125]      [125,126]      [126,133]      [133,137]      
Machine 1: job_3_task_0   job_9_task_2   job_11_task_8  job_2_task_8   job_1_task_7   job_2_task_14  job_15_task_11 job_3_task_13  job_0_task_17  job_7_task_6   job_15_task_16 job_4_task_16  job_1_task_17  job_12_task_15 job_7_task_15  job_10_task_18 job_6_task_17  job_6_task_18  
           [0,5]          [12,21]        [44,53]        [53,55]        [69,69]        [76,80]        [85,89]        [89,95]        [96,102]       [102,109]      [109,114]      [114,122]      [122,131]      [122,122]      [131,131]      [131,139]      [139,139]      [139,142]      
Machine 2: job_0_task_0   job_15_task_0  job_0_task_1   job_3_task_2   job_8_task_1   job_0_task_4   job_10_task_5  job_2_task_5   job_14_task_2  job_7_task_1   job_14_task_5  job_10_task_9  job_12_task_12 job_3_task_15  job_10_task_16 job_8_task_17  
           [0,4]          [4,10]         [10,19]        [19,20]        [20,26]        [26,30]        [30,38]        [38,40]        [40,42]        [42,48]        [52,55]        [68,75]        [98,102]       [105,114]      [123,126]      [132,136]      
Machine 3: job_11_task_1  job_11_task_2  job_15_task_1  job_6_task_3   job_1_task_2   job_15_task_4  job_0_task_8   job_0_task_11  job_14_task_8  job_6_task_8   job_10_task_10 job_14_task_9  job_0_task_14  job_13_task_11 job_7_task_5   job_5_task_15  job_1_task_16  job_12_task_16 job_9_task_18  job_7_task_16  job_11_task_18 
           [6,10]         [10,11]        [12,17]        [22,28]        [30,30]        [42,47]        [48,49]        [67,71]        [71,75]        [75,78]        [78,82]        [78,78]        [83,83]        [83,91]        [96,102]       [107,114]      [122,122]      [122,125]      [125,132]      [132,136]      [136,141]      
Machine 4: job_2_task_2   job_4_task_3   job_11_task_4  job_5_task_5   job_0_task_5   job_2_task_6   job_9_task_3   job_10_task_7  job_5_task_11  job_11_task_10 job_13_task_10 job_11_task_13 job_3_task_12  job_11_task_15 job_2_task_15  job_6_task_13  job_13_task_13 job_4_task_14  job_15_task_15 job_1_task_13  job_9_task_16  job_7_task_10  job_9_task_17  job_8_task_15  job_13_task_17 job_0_task_18  
           [18,18]        [21,23]        [23,30]        [30,34]        [34,39]        [40,44]        [44,47]        [47,53]        [53,56]        [56,65]        [65,74]        [74,79]        [79,84]        [84,85]        [85,94]        [94,99]        [94,94]        [99,106]       [106,109]      [109,114]      [114,122]      [122,122]      [122,124]      [124,129]      [129,134]      [134,142]      
Machine 5: job_2_task_1   job_3_task_3   job_15_task_3  job_2_task_4   job_11_task_7  job_13_task_6  job_12_task_6  job_3_task_9   job_14_task_6  job_8_task_7   job_9_task_10  job_1_task_9   job_6_task_10  job_8_task_10  job_3_task_14  job_12_task_14 job_5_task_16  job_8_task_16  
           [17,18]        [23,24]        [24,28]        [28,35]        [38,44]        [44,51]        [51,52]        [53,59]        [59,63]        [75,81]        [82,84]        [85,94]        [85,85]        [94,96]        [96,105]       [120,121]      [121,125]      [130,132]      
Machine 6: job_4_task_2   job_2_task_3   job_3_task_5   job_5_task_7   job_14_task_4  job_1_task_8   job_7_task_4   job_2_task_16  job_5_task_14  job_14_task_12 job_10_task_17 job_7_task_12  
           [13,21]        [21,28]        [28,30]        [35,40]        [50,52]        [69,70]        [88,96]        [99,107]       [107,107]      [107,116]      [126,129]      [129,129]      
Machine 7: job_1_task_0   job_13_task_1  job_3_task_1   job_13_task_3  job_5_task_4   job_11_task_5  job_4_task_6   job_15_task_5  job_9_task_9   job_10_task_11 job_6_task_12  job_1_task_10  job_8_task_12  job_9_task_15  job_15_task_18 job_13_task_18 
           [2,8]          [8,13]         [13,16]        [16,25]        [25,30]        [30,33]        [37,44]        [47,47]        [77,82]        [82,89]        [93,94]        [96,104]       [104,110]      [110,114]      [130,135]      [135,142]      
Machine 8: job_11_task_0  job_5_task_1   job_5_task_2   job_5_task_8   job_3_task_8   job_15_task_7  job_1_task_6   job_2_task_12  job_15_task_10 job_4_task_12  job_10_task_12 job_13_task_12 job_9_task_13  job_9_task_14  job_7_task_7   job_12_task_13 job_1_task_14  job_1_task_15  job_7_task_11  job_4_task_17  job_5_task_18  job_7_task_14  
           [0,6]          [11,14]        [14,16]        [40,46]        [46,53]        [53,62]        [62,69]        [70,71]        [84,85]        [86,90]        [93,99]        [93,93]        [99,108]       [108,110]      [110,110]      [110,119]      [119,119]      [119,119]      [126,127]      [127,131]      [131,135]      [131,131]      
Machine 9: job_8_task_0   job_4_task_1   job_12_task_3  job_14_task_1  job_3_task_6   job_14_task_3  job_5_task_10  job_12_task_7  job_13_task_8  job_8_task_5   job_11_task_11 job_11_task_12 job_4_task_10  job_15_task_9  job_7_task_3   job_6_task_11  job_4_task_13  job_6_task_15  job_7_task_9   job_11_task_17 job_1_task_18  job_3_task_17  job_14_task_18 job_3_task_18  
           [0,3]          [8,13]         [13,19]        [19,22]        [30,36]        [42,50]        [50,53]        [53,53]        [55,57]        [59,64]        [65,73]        [73,73]        [79,79]        [80,84]        [84,86]        [86,91]        [91,99]        [118,120]      [118,118]      [132,133]      [135,137]      [137,139]      [139,142]      [142,142]      
Machine 10: job_12_task_0  job_6_task_1   job_10_task_1  job_11_task_3  job_5_task_3   job_1_task_1   job_8_task_2   job_4_task_5   job_8_task_3   job_0_task_7   job_15_task_6  job_11_task_9  job_8_task_4   job_2_task_9   job_6_task_6   job_8_task_6   job_15_task_8  job_0_task_13  job_7_task_2   job_0_task_15  job_11_task_14 job_12_task_11 job_5_task_13  job_4_task_15  job_6_task_14  job_13_task_16 job_10_task_15 job_11_task_16 job_6_task_16  job_12_task_18 
           [0,5]          [5,14]         [5,5]          [14,19]        [19,21]        [21,26]        [26,30]        [30,37]        [37,45]        [45,47]        [47,53]        [53,55]        [55,59]        [59,60]        [60,67]        [67,75]        [75,78]        [78,82]        [82,83]        [83,92]        [83,83]        [92,98]        [98,107]       [107,110]      [110,118]      [118,122]      [122,123]      [123,132]      [132,138]      [138,142]      
Machine 11: job_10_task_0  job_13_task_0  job_12_task_2  job_2_task_0   job_6_task_2   job_10_task_3  job_7_task_0   job_5_task_6   job_13_task_5  job_0_task_9   job_14_task_7  job_0_task_12  job_6_task_9   job_9_task_12  job_7_task_8   job_2_task_17  job_7_task_13  job_4_task_18  job_8_task_18  
           [0,4]          [6,8]          [8,10]         [10,17]        [17,22]        [17,17]        [22,30]        [35,35]        [35,43]        [49,56]        [63,71]        [73,78]        [78,85]        [91,99]        [110,118]      [118,123]      [129,131]      [131,134]      [136,142]      
Machine 12: job_10_task_2  job_6_task_4   job_12_task_5  job_0_task_6   job_4_task_7   job_5_task_9   job_9_task_4   job_9_task_5   job_0_task_10  job_9_task_7   job_13_task_9  job_4_task_9   job_4_task_11  job_12_task_9  job_12_task_10 job_1_task_11  job_10_task_13 job_10_task_14 job_15_task_17 job_12_task_17 job_2_task_18  job_14_task_17 job_7_task_18  
           [10,17]        [28,35]        [39,42]        [42,44]        [44,45]        [46,46]        [47,52]        [52,56]        [56,61]        [61,69]        [61,61]        [73,79]        [79,86]        [86,87]        [87,92]        [105,106]      [106,107]      [107,116]      [116,117]      [129,130]      [130,137]      [137,139]      [141,142]      
Machine 13: job_4_task_0   job_5_task_0   job_14_task_0  job_15_task_2  job_0_task_3   job_3_task_4   job_13_task_4  job_12_task_4  job_11_task_6  job_10_task_6  job_1_task_4   job_13_task_7  job_9_task_6   job_6_task_5   job_3_task_10  job_10_task_8  job_6_task_7   job_2_task_11  job_2_task_13  job_5_task_12  job_9_task_11  job_15_task_12 job_13_task_14 job_0_task_16  job_15_task_14 job_13_task_15 job_8_task_13  job_14_task_13 job_14_task_15 job_7_task_17  
           [0,8]          [8,11]         [11,17]        [17,24]        [24,26]        [24,24]        [26,32]        [32,33]        [33,38]        [38,45]        [45,53]        [53,55]        [56,59]        [59,60]        [60,60]        [61,68]        [68,70]        [70,70]        [71,76]        [76,85]        [85,91]        [91,94]        [94,96]        [96,96]        [96,105]       [105,111]      [111,114]      [116,119]      [125,129]      [136,141]      
Optimal Schedule Length: 142.0
Total (Unoptimized Schedule Length): 1299
Statistics
  - conflicts: 0
  - branches : 25
  - wall time: 6.355936000000001s