
 Problem
          task_0   task_1   task_2   task_3   task_4   task_5   task_6   task_7   task_8   task_9  task_10  task_11  task_12  task_13  task_14  task_15  task_16
job_0    (5, 6)   (5, 6)   (0, 8)   (9, 6)   (4, 4)  (10, 8)  (10, 0)   (3, 4)   (8, 4)   (9, 0)  (12, 3)   (5, 3)   (0, 1)   (8, 1)   (5, 2)  (14, 3)   (0, 3)
job_1   (14, 8)   (0, 3)  (12, 7)  (10, 2)  (13, 9)  (16, 7)  (10, 4)   (7, 3)   (3, 7)  (15, 9)   (5, 5)   (2, 1)  (16, 3)  (12, 8)  (14, 5)   (4, 3)   (1, 9)
job_2   (11, 1)  (15, 7)  (14, 8)  (16, 0)   (7, 1)  (12, 6)   (2, 8)  (14, 7)  (13, 8)   (6, 7)  (16, 9)   (1, 1)  (10, 7)   (4, 2)   (2, 4)  (11, 1)   (0, 7)
job_3   (16, 2)  (16, 6)   (8, 8)  (15, 8)   (5, 5)   (3, 2)  (12, 4)  (12, 8)  (12, 4)   (7, 5)  (14, 0)  (12, 5)  (15, 3)   (2, 6)  (10, 0)   (8, 2)   (6, 2)
job_4    (0, 1)   (9, 1)  (15, 1)  (15, 1)   (3, 9)  (14, 7)  (10, 2)   (3, 9)   (5, 4)  (10, 4)   (5, 4)   (1, 7)   (8, 0)   (9, 2)   (3, 7)   (9, 5)   (2, 9)
job_5    (7, 2)   (8, 6)  (15, 6)   (4, 9)  (12, 3)   (7, 3)   (3, 7)  (12, 3)  (15, 4)   (0, 7)  (15, 2)  (11, 9)   (2, 4)  (14, 4)   (3, 7)   (1, 3)  (11, 0)
job_6    (8, 2)  (15, 2)   (3, 6)  (12, 2)   (6, 6)  (10, 3)  (13, 2)   (0, 7)   (8, 5)   (7, 7)  (13, 6)   (4, 7)   (8, 8)   (0, 3)   (0, 8)   (5, 7)  (12, 8)
job_7   (12, 0)   (3, 1)   (3, 8)   (9, 1)   (7, 1)   (2, 6)  (10, 1)  (12, 5)  (14, 3)   (4, 4)   (1, 8)   (1, 6)  (10, 6)   (6, 5)  (14, 8)   (8, 6)  (12, 9)
job_8    (0, 1)   (0, 1)  (12, 4)  (15, 6)   (9, 0)   (6, 1)   (7, 9)  (15, 3)  (12, 5)   (9, 2)   (3, 3)  (15, 2)   (8, 9)   (4, 0)  (16, 7)   (1, 6)   (0, 9)
job_9    (0, 0)   (5, 9)   (6, 3)   (5, 6)  (16, 5)  (13, 6)  (16, 6)   (0, 7)   (2, 6)   (5, 0)  (16, 6)   (8, 5)  (13, 7)   (9, 3)  (16, 8)  (10, 8)  (15, 3)
job_10  (13, 7)   (4, 2)   (9, 2)   (6, 8)  (10, 2)   (0, 7)   (0, 3)  (16, 5)   (7, 9)   (8, 3)  (11, 3)   (4, 4)   (1, 8)   (3, 7)  (10, 9)   (6, 6)   (9, 1)
job_11  (10, 2)   (2, 4)  (13, 9)  (12, 8)   (8, 9)   (0, 4)  (16, 8)  (15, 4)  (11, 9)   (7, 3)   (8, 8)   (8, 7)   (4, 2)   (5, 3)   (6, 8)  (13, 0)  (16, 5)
job_12   (2, 4)   (5, 3)   (1, 6)  (11, 0)  (16, 2)   (7, 1)   (1, 8)  (10, 9)   (4, 2)   (4, 5)  (14, 3)   (7, 1)  (13, 7)   (6, 1)   (4, 4)  (10, 5)  (16, 4)
job_13   (5, 3)  (14, 9)  (11, 1)   (0, 2)  (15, 1)   (6, 6)   (0, 6)   (5, 1)  (11, 5)   (4, 8)  (10, 1)   (4, 4)   (4, 0)   (0, 6)   (7, 0)  (16, 3)   (7, 7)
job_14  (15, 7)  (13, 7)   (2, 7)   (4, 0)   (6, 0)   (3, 9)   (7, 7)  (11, 4)  (14, 5)   (6, 9)  (13, 3)  (14, 7)   (2, 1)  (10, 5)  (12, 7)   (7, 3)  (13, 1)
job_15   (2, 8)   (5, 2)   (0, 0)  (14, 8)   (9, 8)   (8, 7)   (6, 8)   (0, 4)  (16, 2)   (5, 3)   (6, 2)   (3, 9)   (9, 9)  (16, 9)  (16, 6)   (8, 3)  (14, 1)
job_16   (2, 0)  (15, 1)  (12, 1)  (16, 2)   (8, 7)   (5, 3)   (6, 0)   (2, 0)  (15, 3)   (7, 9)   (8, 1)   (8, 8)  (12, 2)  (11, 4)  (15, 4)   (0, 3)   (8, 4)
job_17   (1, 3)   (5, 8)   (2, 5)  (10, 0)  (13, 0)  (12, 1)   (1, 4)  (11, 2)  (16, 5)  (15, 6)  (15, 5)   (6, 6)  (14, 3)  (12, 3)  (10, 8)   (9, 8)   (7, 4)
job_18   (8, 2)   (4, 6)   (9, 9)   (0, 0)  (12, 0)  (14, 7)   (2, 8)  (11, 9)   (5, 6)   (1, 8)   (7, 3)   (3, 7)   (0, 0)   (3, 9)   (0, 4)  (15, 1)   (0, 1)

Solution:
Machine 0: job_4_task_0   job_9_task_0   job_8_task_0   job_8_task_1   job_1_task_1   job_10_task_5  job_15_task_2  job_10_task_6  job_18_task_3  job_6_task_7   job_11_task_5  job_13_task_3  job_0_task_2   job_9_task_7   job_15_task_7  job_13_task_6  job_6_task_13  job_6_task_14  job_5_task_9   job_13_task_13 job_8_task_16  job_0_task_12  job_18_task_12 job_2_task_16  job_16_task_15 job_18_task_14 job_0_task_16  job_18_task_16 
           [0,1]          [0,0]          [1,2]          [2,3]          [8,11]         [22,29]        [22,22]        [29,32]        [29,29]        [32,39]        [39,43]        [43,45]        [45,53]        [53,60]        [60,64]        [65,71]        [74,77]        [77,85]        [85,92]        [92,98]        [98,107]       [107,108]      [107,107]      [108,115]      [115,118]      [118,122]      [122,125]      [125,126]      
Machine 1: job_17_task_0  job_12_task_2  job_12_task_6  job_17_task_6  job_7_task_10  job_7_task_11  job_4_task_11  job_10_task_12 job_8_task_15  job_2_task_11  job_18_task_9  job_1_task_16  job_5_task_15  
           [0,3]          [16,22]        [30,38]        [38,42]        [51,59]        [59,65]        [65,72]        [74,82]        [82,88]        [88,89]        [89,97]        [114,123]      [123,126]      
Machine 2: job_12_task_0  job_16_task_0  job_11_task_1  job_15_task_0  job_7_task_5   job_14_task_2  job_17_task_2  job_2_task_6   job_18_task_6  job_9_task_8   job_16_task_7  job_1_task_11  job_14_task_12 job_2_task_14  job_5_task_12  job_3_task_13  job_4_task_16  
           [0,4]          [0,0]          [4,8]          [8,16]         [19,25]        [25,32]        [32,37]        [44,52]        [52,60]        [60,66]        [60,60]        [87,88]        [98,99]        [99,103]       [105,109]      [109,115]      [115,124]      
Machine 3: job_7_task_1   job_7_task_2   job_6_task_2   job_4_task_4   job_14_task_5  job_4_task_7   job_8_task_10  job_3_task_5   job_5_task_6   job_1_task_8   job_15_task_11 job_0_task_7   job_10_task_13 job_4_task_14  job_18_task_11 job_18_task_13 job_5_task_14  
           [0,1]          [1,9]          [10,16]        [19,28]        [32,41]        [42,51]        [51,54]        [54,56]        [56,63]        [66,73]        [73,82]        [82,86]        [86,93]        [93,100]       [100,107]      [107,116]      [116,123]      
Machine 4: job_10_task_1  job_18_task_1  job_5_task_3   job_14_task_3  job_7_task_9   job_12_task_8  job_12_task_9  job_6_task_11  job_0_task_4   job_8_task_13  job_10_task_11 job_13_task_9  job_13_task_11 job_12_task_14 job_13_task_12 job_2_task_13  job_11_task_12 job_1_task_15  
           [8,10]         [10,16]        [32,41]        [32,32]        [47,51]        [52,54]        [54,59]        [59,66]        [66,70]        [70,70]        [70,74]        [79,87]        [88,92]        [92,96]        [92,92]        [96,98]        [108,110]      [111,114]      
Machine 5: job_9_task_1   job_13_task_0  job_12_task_1  job_15_task_1  job_9_task_3   job_17_task_1  job_0_task_0   job_0_task_1   job_3_task_4   job_4_task_8   job_16_task_5  job_4_task_10  job_9_task_9   job_15_task_9  job_13_task_7  job_18_task_8  job_1_task_10  job_6_task_15  job_0_task_11  job_11_task_13 job_0_task_14  
           [0,9]          [10,13]        [13,16]        [16,18]        [18,24]        [24,32]        [32,38]        [38,44]        [44,49]        [51,55]        [55,58]        [59,63]        [66,66]        [67,70]        [71,72]        [72,78]        [82,87]        [87,94]        [102,105]      [110,113]      [113,115]      
Machine 6: job_9_task_2   job_10_task_3  job_6_task_4   job_8_task_5   job_14_task_4  job_13_task_5  job_15_task_6  job_16_task_6  job_17_task_11 job_15_task_10 job_2_task_9   job_14_task_9  job_12_task_13 job_7_task_13  job_10_task_15 job_11_task_14 job_3_task_16  
           [9,12]         [12,20]        [20,26]        [26,27]        [32,32]        [46,52]        [52,60]        [60,60]        [62,68]        [70,72]        [72,79]        [79,88]        [88,89]        [90,95]        [105,111]      [113,121]      [122,124]      
Machine 7: job_5_task_0   job_7_task_4   job_2_task_4   job_12_task_5  job_8_task_6   job_10_task_8  job_6_task_9   job_5_task_5   job_14_task_6  job_1_task_7   job_16_task_9  job_12_task_11 job_3_task_9   job_11_task_9  job_18_task_10 job_13_task_14 job_13_task_16 job_14_task_15 job_17_task_16 
           [0,2]          [10,11]        [25,26]        [26,27]        [27,36]        [37,46]        [46,53]        [53,56]        [56,63]        [63,66]        [66,75]        [75,76]        [81,86]        [88,91]        [97,100]       [100,100]      [112,119]      [119,122]      [122,126]      
Machine 8: job_6_task_0   job_18_task_0  job_5_task_1   job_3_task_2   job_16_task_4  job_11_task_4  job_6_task_8   job_15_task_5  job_10_task_9  job_8_task_12  job_6_task_12  job_4_task_12  job_16_task_10 job_16_task_11 job_9_task_11  job_0_task_8   job_11_task_10 job_11_task_11 job_0_task_13  job_7_task_15  job_15_task_15 job_3_task_15  job_16_task_16 
           [0,2]          [2,4]          [4,10]         [10,18]        [18,25]        [30,39]        [40,45]        [45,52]        [54,57]        [57,66]        [66,74]        [74,74]        [75,76]        [76,84]        [84,89]        [89,93]        [93,101]       [101,108]      [108,109]      [111,117]      [117,120]      [120,122]      [122,126]      
Machine 9: job_4_task_1   job_7_task_3   job_10_task_2  job_18_task_2  job_8_task_4   job_15_task_4  job_8_task_9   job_0_task_3   job_4_task_13  job_15_task_12 job_17_task_15 job_0_task_9   job_9_task_13  job_4_task_15  job_10_task_16 
           [1,2]          [9,10]         [10,12]        [16,25]        [25,25]        [33,41]        [49,51]        [60,66]        [74,76]        [82,91]        [91,99]        [99,99]        [99,102]       [102,107]      [111,112]      
Machine 10: job_11_task_0  job_1_task_3   job_10_task_4  job_6_task_5   job_7_task_6   job_17_task_3  job_4_task_6   job_12_task_7  job_4_task_9   job_1_task_6   job_7_task_12  job_0_task_5   job_0_task_6   job_17_task_14 job_13_task_10 job_2_task_12  job_10_task_14 job_14_task_13 job_12_task_15 job_3_task_14  job_9_task_15  
           [0,2]          [18,20]        [20,22]        [26,29]        [31,32]        [37,37]        [40,42]        [43,52]        [55,59]        [59,63]        [65,71]        [71,79]        [79,79]        [79,87]        [87,88]        [89,96]        [96,105]       [105,110]      [110,115]      [115,115]      [115,123]      
Machine 11: job_2_task_0   job_12_task_3  job_13_task_2  job_17_task_7  job_10_task_10 job_18_task_7  job_14_task_7  job_13_task_8  job_11_task_8  job_16_task_13 job_5_task_11  job_2_task_15  job_5_task_16  
           [0,1]          [22,22]        [29,30]        [42,44]        [57,60]        [61,70]        [70,74]        [74,79]        [79,88]        [88,92]        [96,105]       [107,108]      [126,126]      
Machine 12: job_7_task_0   job_16_task_2  job_8_task_2   job_1_task_2   job_6_task_3   job_11_task_3  job_7_task_7   job_17_task_5  job_2_task_5   job_18_task_4  job_8_task_8   job_5_task_4   job_3_task_6   job_5_task_7   job_3_task_7   job_17_task_13 job_3_task_8   job_16_task_12 job_3_task_11  job_1_task_13  job_0_task_10  job_6_task_16  job_14_task_14 job_7_task_16  
           [0,0]          [1,2]          [3,7]          [11,18]        [18,20]        [22,30]        [32,37]        [37,38]        [38,44]        [38,38]        [44,49]        [49,52]        [56,60]        [63,66]        [66,74]        [74,77]        [77,81]        [84,86]        [86,91]        [91,99]        [99,102]       [102,110]      [110,117]      [117,126]      
Machine 13: job_10_task_0  job_11_task_2  job_14_task_1  job_6_task_6   job_9_task_5   job_1_task_4   job_17_task_4  job_6_task_10  job_2_task_8   job_12_task_12 job_14_task_10 job_9_task_12  job_11_task_15 job_14_task_16 
           [0,7]          [8,17]         [17,24]        [29,31]        [31,37]        [37,46]        [37,37]        [53,59]        [63,71]        [76,83]        [88,91]        [91,98]        [121,121]      [122,123]      
Machine 14: job_1_task_0   job_2_task_2   job_13_task_1  job_15_task_3  job_4_task_5   job_7_task_8   job_18_task_5  job_2_task_7   job_12_task_10 job_17_task_12 job_14_task_8  job_3_task_10  job_14_task_11 job_7_task_14  job_1_task_14  job_5_task_13  job_0_task_15  job_15_task_16 
           [0,8]          [8,16]         [16,25]        [25,33]        [33,40]        [40,43]        [43,50]        [53,60]        [60,63]        [71,74]        [74,79]        [86,86]        [91,98]        [98,106]       [106,111]      [112,116]      [116,119]      [120,121]      
Machine 15: job_16_task_1  job_2_task_1   job_6_task_1   job_14_task_0  job_4_task_2   job_4_task_3   job_8_task_3   job_5_task_2   job_3_task_3   job_8_task_7   job_13_task_4  job_17_task_9  job_8_task_11  job_17_task_10 job_16_task_8  job_11_task_7  job_5_task_8   job_1_task_9   job_5_task_10  job_16_task_14 job_3_task_12  job_18_task_15 job_9_task_16  
           [0,1]          [1,8]          [8,10]         [10,17]        [17,18]        [18,19]        [19,25]        [25,31]        [31,39]        [41,44]        [45,46]        [49,55]        [55,57]        [57,62]        [62,65]        [65,69]        [69,73]        [73,82]        [94,96]        [96,100]       [100,103]      [122,123]      [123,126]      
Machine 16: job_3_task_0   job_3_task_1   job_16_task_3  job_12_task_4  job_2_task_3   job_9_task_4   job_10_task_7  job_9_task_6   job_17_task_8  job_1_task_5   job_11_task_6  job_15_task_8  job_9_task_10  job_8_task_14  job_2_task_10  job_1_task_12  job_15_task_13 job_13_task_15 job_9_task_14  job_15_task_14 job_12_task_16 job_11_task_16 
           [0,2]          [2,8]          [8,10]         [22,24]        [25,25]        [25,30]        [32,37]        [37,43]        [44,49]        [49,56]        [56,64]        [64,66]        [66,72]        [72,79]        [79,88]        [88,91]        [91,100]       [100,103]      [103,111]      [111,117]      [117,121]      [121,126]      
Optimal Schedule Length: 126.0
Total (Unoptimized Schedule Length): 1465
Statistics
  - conflicts: 0
  - branches : 119
  - wall time: 368.545074s