
 Problem
          task_0   task_1   task_2   task_3   task_4   task_5   task_6   task_7   task_8   task_9  task_10  task_11  task_12  task_13  task_14  task_15  task_16  task_17
job_0    (1, 8)  (12, 3)   (6, 9)   (7, 7)   (7, 2)   (2, 5)  (12, 6)   (4, 6)   (8, 2)   (1, 8)   (6, 6)   (7, 0)   (5, 6)   (1, 4)   (9, 0)   (5, 1)  (13, 3)   (4, 3)
job_1    (7, 8)   (9, 0)   (8, 6)  (12, 1)  (11, 6)   (0, 0)  (10, 7)   (8, 0)  (12, 7)  (12, 3)   (6, 0)  (13, 5)   (1, 0)   (7, 1)   (4, 3)   (6, 6)  (12, 4)   (3, 6)
job_2    (8, 1)  (10, 8)   (0, 1)   (4, 8)   (9, 6)   (7, 7)   (7, 7)  (13, 1)   (1, 2)   (1, 9)  (12, 6)  (13, 3)   (5, 5)   (2, 6)   (0, 3)   (4, 6)  (13, 7)   (5, 8)
job_3    (2, 9)   (7, 6)   (5, 8)   (0, 7)   (7, 7)   (8, 5)  (13, 1)   (3, 7)   (9, 5)  (12, 3)  (11, 7)   (0, 2)   (7, 9)  (10, 8)   (3, 8)   (6, 5)   (5, 6)   (7, 9)
job_4   (12, 8)   (7, 7)   (4, 3)   (2, 7)   (9, 7)   (1, 6)   (0, 9)   (8, 2)   (2, 6)   (4, 7)  (11, 9)  (12, 2)  (13, 1)   (3, 9)   (4, 9)   (6, 2)   (7, 7)   (6, 0)
job_5    (8, 4)   (0, 3)  (11, 9)   (8, 5)  (13, 7)  (10, 5)   (2, 7)   (9, 6)   (1, 6)   (6, 0)   (9, 2)  (12, 2)   (8, 3)  (12, 8)   (1, 3)   (1, 5)   (8, 2)   (2, 3)
job_6    (4, 4)   (1, 8)   (7, 1)  (12, 6)  (12, 4)  (11, 1)   (8, 1)  (12, 8)   (8, 3)   (5, 6)  (10, 5)   (9, 5)  (12, 8)  (11, 9)   (4, 4)   (0, 3)   (0, 0)  (12, 0)
job_7    (3, 1)   (0, 2)   (8, 2)   (6, 3)  (12, 8)   (0, 0)  (10, 3)   (4, 7)   (8, 5)  (11, 3)   (0, 5)   (0, 0)   (4, 3)   (8, 3)  (13, 7)  (13, 0)   (6, 5)   (7, 9)
job_8    (2, 3)   (1, 7)  (13, 0)  (10, 9)  (13, 7)  (10, 2)   (3, 3)  (12, 9)   (8, 0)   (3, 2)   (6, 7)   (5, 6)  (11, 1)   (5, 7)  (10, 8)   (7, 8)   (0, 3)   (7, 7)
job_9   (10, 2)  (12, 6)   (1, 4)  (13, 7)  (10, 3)   (0, 2)   (4, 1)   (5, 2)  (13, 6)   (4, 0)   (3, 2)   (8, 6)   (0, 8)  (12, 5)   (5, 8)  (12, 8)   (3, 6)   (5, 0)
job_10   (2, 2)  (10, 5)   (9, 1)   (7, 5)   (9, 8)   (3, 5)   (0, 7)   (5, 2)   (1, 4)   (1, 0)   (7, 3)   (5, 7)   (9, 5)   (1, 6)   (0, 6)  (11, 2)   (1, 6)  (11, 3)
job_11   (2, 7)   (2, 1)  (10, 1)  (10, 8)   (9, 5)   (9, 5)   (2, 9)   (5, 7)   (7, 1)   (5, 2)   (7, 3)  (13, 8)  (13, 5)   (2, 0)   (8, 3)  (10, 8)   (5, 2)   (0, 4)
job_12  (10, 0)   (5, 9)  (10, 3)   (0, 9)   (8, 2)   (9, 8)   (3, 8)   (3, 9)   (1, 0)   (1, 1)   (5, 9)  (13, 5)  (13, 4)   (4, 4)   (4, 7)   (9, 4)   (8, 4)   (2, 4)
job_13   (1, 6)   (9, 0)  (13, 6)   (7, 0)   (2, 0)  (11, 6)  (13, 5)   (9, 0)   (3, 1)  (10, 4)   (2, 2)   (4, 2)   (5, 5)   (4, 8)   (4, 7)   (9, 2)  (13, 8)   (5, 8)
job_14   (1, 6)   (5, 5)   (9, 1)   (5, 0)  (11, 0)   (9, 7)  (13, 3)   (0, 5)   (1, 3)   (2, 2)   (7, 8)   (1, 2)  (10, 2)  (11, 1)   (0, 3)   (7, 9)   (7, 7)   (8, 8)
job_15  (12, 3)  (10, 2)  (11, 7)   (7, 3)   (5, 4)   (2, 4)   (6, 4)  (10, 1)   (5, 2)   (4, 9)  (11, 1)  (10, 0)   (9, 3)  (12, 9)  (12, 6)  (13, 8)  (13, 0)   (0, 7)
job_16  (11, 2)   (5, 7)   (9, 0)  (10, 1)  (13, 4)  (11, 3)   (4, 4)   (0, 4)   (8, 1)   (4, 7)  (12, 3)   (7, 0)   (5, 5)  (12, 9)   (1, 2)  (11, 5)   (2, 5)  (12, 9)
job_17   (8, 6)   (5, 2)   (8, 8)   (1, 7)   (7, 3)  (11, 3)  (10, 7)   (1, 8)   (7, 9)   (6, 1)  (13, 0)   (5, 7)   (7, 5)   (6, 4)   (4, 7)   (8, 2)  (11, 5)   (0, 1)
job_18   (8, 5)   (1, 5)   (4, 0)  (10, 1)   (0, 9)   (3, 7)  (11, 0)   (3, 7)   (8, 1)   (9, 4)   (5, 9)   (4, 2)  (12, 5)   (6, 4)   (1, 9)  (12, 5)   (1, 0)   (4, 0)

Solution:
Machine 0: job_7_task_1   job_5_task_1   job_2_task_2   job_12_task_3  job_3_task_3   job_9_task_5   job_1_task_5   job_16_task_7  job_7_task_5   job_4_task_6   job_14_task_7  job_9_task_12  job_7_task_10  job_7_task_11  job_3_task_11  job_10_task_6  job_18_task_4  job_14_task_14 job_6_task_15  job_2_task_14  job_6_task_16  job_10_task_14 job_8_task_16  job_15_task_17 job_11_task_17 job_17_task_17 
           [1,3]          [5,8]          [10,11]        [13,22]        [30,37]        [37,39]        [40,40]        [40,44]        [45,45]        [47,56]        [56,61]        [61,69]        [69,74]        [74,74]        [76,78]        [82,89]        [97,106]       [108,111]      [123,126]      [126,129]      [126,126]      [132,138]      [148,151]      [152,159]      [159,163]      [163,164]      
Machine 1: job_13_task_0  job_6_task_1   job_9_task_2   job_0_task_0   job_14_task_0  job_17_task_3  job_4_task_5   job_12_task_8  job_12_task_9  job_8_task_1   job_14_task_8  job_1_task_12  job_2_task_8   job_17_task_7  job_2_task_9   job_0_task_9   job_18_task_1  job_10_task_8  job_10_task_9  job_16_task_14 job_14_task_11 job_5_task_8   job_0_task_13  job_10_task_13 job_5_task_14  job_5_task_15  job_10_task_16 job_18_task_14 job_18_task_16 
           [0,6]          [6,14]         [14,18]        [18,26]        [26,32]        [34,41]        [41,47]        [52,52]        [52,53]        [53,60]        [61,64]        [64,64]        [64,66]        [66,74]        [74,83]        [83,91]        [91,96]        [96,100]       [100,100]      [100,102]      [102,104]      [104,110]      [110,114]      [126,132]      [135,138]      [138,143]      [143,149]      [150,159]      [164,164]      
Machine 2: job_3_task_0   job_8_task_0   job_10_task_0  job_11_task_0  job_13_task_4  job_11_task_1  job_4_task_3   job_13_task_10 job_15_task_5  job_0_task_5   job_11_task_6  job_14_task_9  job_4_task_8   job_5_task_6   job_16_task_16 job_2_task_13  job_11_task_13 job_5_task_17  job_12_task_17 
           [0,9]          [9,12]         [12,14]        [15,22]        [15,15]        [22,23]        [23,30]        [39,41]        [41,45]        [53,58]        [59,68]        [68,70]        [70,76]        [76,83]        [107,112]      [112,118]      [136,136]      [149,152]      [159,163]      
Machine 3: job_7_task_0   job_13_task_8  job_12_task_6  job_12_task_7  job_9_task_10  job_3_task_7   job_10_task_5  job_8_task_6   job_8_task_9   job_4_task_13  job_18_task_5  job_18_task_7  job_3_task_14  job_9_task_16  job_1_task_17  
           [0,1]          [34,35]        [35,43]        [43,52]        [52,54]        [54,61]        [76,81]        [84,87]        [98,100]       [101,110]      [110,117]      [117,124]      [124,132]      [132,138]      [150,156]      
Machine 4: job_6_task_0   job_2_task_3   job_4_task_2   job_16_task_6  job_9_task_6   job_13_task_11 job_16_task_9  job_9_task_9   job_7_task_7   job_13_task_13 job_0_task_7   job_7_task_12  job_4_task_9   job_15_task_9  job_1_task_14  job_12_task_13 job_18_task_2  job_13_task_14 job_4_task_14  job_6_task_14  job_12_task_14 job_2_task_15  job_18_task_11 job_17_task_14 job_0_task_17  job_18_task_17 
           [0,4]          [11,19]        [19,22]        [34,38]        [39,40]        [41,43]        [45,52]        [52,52]        [53,60]        [60,68]        [68,74]        [74,77]        [77,84]        [84,93]        [93,96]        [96,100]       [96,96]        [100,107]      [110,119]      [119,123]      [123,130]      [131,137]      [139,141]      [145,152]      [159,162]      [164,164]      
Machine 5: job_12_task_1  job_16_task_1  job_17_task_1  job_3_task_2   job_14_task_1  job_15_task_4  job_9_task_7   job_14_task_3  job_13_task_12 job_15_task_8  job_12_task_10 job_6_task_9   job_16_task_12 job_11_task_7  job_9_task_14  job_11_task_9  job_10_task_7  job_2_task_12  job_0_task_12  job_10_task_11 job_8_task_11  job_17_task_11 job_8_task_13  job_18_task_10 job_3_task_16  job_9_task_17  job_13_task_17 job_11_task_16 job_0_task_15  job_2_task_17  
           [0,9]          [12,19]        [19,21]        [22,30]        [32,37]        [37,41]        [42,44]        [42,42]        [44,49]        [50,52]        [53,62]        [62,68]        [68,73]        [73,80]        [80,88]        [88,90]        [90,92]        [92,97]        [97,103]       [103,110]      [110,116]      [116,123]      [123,130]      [130,139]      [139,145]      [139,139]      [145,153]      [153,155]      [155,156]      [156,164]      
Machine 6: job_7_task_3   job_0_task_2   job_15_task_6  job_1_task_10  job_0_task_10  job_7_task_16  job_8_task_10  job_17_task_9  job_1_task_15  job_5_task_9   job_4_task_15  job_3_task_15  job_4_task_17  job_17_task_13 job_18_task_13 
           [26,29]        [33,42]        [45,49]        [57,57]        [91,97]        [97,102]       [102,109]      [109,110]      [110,116]      [110,110]      [119,121]      [132,137]      [141,141]      [141,145]      [146,150]      
Machine 7: job_1_task_0   job_4_task_1   job_6_task_2   job_13_task_3  job_3_task_1   job_2_task_5   job_15_task_3  job_3_task_4   job_0_task_3   job_0_task_4   job_17_task_4  job_2_task_6   job_10_task_3  job_16_task_11 job_1_task_13  job_14_task_10 job_3_task_12  job_11_task_8  job_17_task_8  job_0_task_11  job_11_task_10 job_10_task_10 job_7_task_17  job_14_task_15 job_4_task_16  job_14_task_16 job_17_task_12 job_8_task_15  job_3_task_17  job_8_task_17  
           [0,8]          [8,15]         [15,16]        [15,15]        [16,22]        [25,32]        [32,35]        [37,44]        [44,51]        [51,53]        [53,56]        [56,63]        [63,68]        [63,63]        [68,69]        [70,78]        [78,87]        [87,88]        [88,97]        [97,97]        [97,100]       [100,103]      [103,112]      [112,121]      [121,128]      [128,135]      [135,140]      [140,148]      [148,157]      [157,164]      
Machine 8: job_2_task_0   job_5_task_0   job_17_task_0  job_1_task_2   job_5_task_3   job_12_task_4  job_7_task_2   job_17_task_2  job_6_task_6   job_18_task_0  job_16_task_8  job_1_task_7   job_3_task_5   job_6_task_8   job_9_task_11  job_7_task_8   job_4_task_7   job_0_task_8   job_7_task_13  job_8_task_8   job_5_task_12  job_18_task_8  job_11_task_14 job_14_task_17 job_5_task_16  job_17_task_15 job_12_task_16 
           [0,1]          [1,5]          [5,11]         [11,17]        [17,22]        [22,24]        [24,26]        [26,34]        [34,35]        [35,40]        [44,45]        [47,47]        [47,52]        [52,55]        [55,61]        [61,66]        [66,68]        [74,76]        [77,80]        [98,98]        [119,122]      [124,125]      [136,139]      [139,147]      [147,149]      [152,154]      [154,158]      
Machine 9: job_13_task_1  job_1_task_1   job_2_task_4   job_16_task_2  job_10_task_2  job_12_task_5  job_4_task_4   job_13_task_7  job_14_task_2  job_14_task_5  job_11_task_4  job_11_task_5  job_3_task_8   job_10_task_4  job_6_task_11  job_5_task_7   job_15_task_12 job_13_task_15 job_5_task_10  job_0_task_14  job_10_task_12 job_18_task_9  job_12_task_15 
           [6,6]          [8,8]          [19,25]        [19,19]        [25,26]        [26,34]        [34,41]        [34,34]        [41,42]        [42,49]        [49,54]        [54,59]        [61,66]        [68,76]        [80,85]        [85,91]        [94,97]        [107,109]      [110,112]      [114,114]      [117,122]      [125,129]      [150,154]      
Machine 10: job_9_task_0   job_12_task_0  job_2_task_1   job_12_task_2  job_10_task_1  job_15_task_1  job_16_task_3  job_11_task_2  job_11_task_3  job_9_task_4   job_13_task_9  job_1_task_6   job_15_task_7  job_7_task_6   job_5_task_5   job_17_task_6  job_8_task_3   job_6_task_10  job_8_task_5   job_15_task_11 job_18_task_3  job_3_task_13  job_14_task_12 job_8_task_14  job_11_task_15 
           [0,2]          [0,0]          [2,10]         [10,13]        [15,20]        [20,22]        [22,23]        [23,24]        [24,32]        [32,35]        [35,39]        [40,47]        [49,50]        [50,53]        [53,58]        [59,66]        [66,75]        [75,80]        [82,84]        [94,94]        [96,97]        [97,105]       [105,107]      [130,138]      [139,147]      
Machine 11: job_16_task_0  job_5_task_2   job_13_task_5  job_15_task_2  job_6_task_5   job_16_task_5  job_1_task_4   job_14_task_4  job_17_task_5  job_7_task_9   job_3_task_10  job_4_task_10  job_15_task_10 job_16_task_15 job_14_task_13 job_6_task_13  job_8_task_12  job_18_task_6  job_10_task_15 job_10_task_17 job_17_task_16 
           [0,2]          [8,17]         [17,23]        [23,30]        [30,31]        [31,34]        [34,40]        [42,42]        [56,59]        [66,69]        [69,76]        [84,93]        [93,94]        [102,107]      [107,108]      [108,117]      [117,118]      [117,117]      [138,140]      [149,152]      [154,159]      
Machine 12: job_4_task_0   job_9_task_1   job_15_task_0  job_6_task_3   job_6_task_4   job_1_task_3   job_0_task_1   job_7_task_4   job_6_task_7   job_1_task_8   job_1_task_9   job_16_task_10 job_0_task_6   job_3_task_9   job_9_task_13  job_16_task_13 job_2_task_10  job_8_task_7   job_4_task_11  job_6_task_12  job_15_task_13 job_5_task_11  job_9_task_15  job_5_task_13  job_6_task_17  job_15_task_14 job_18_task_12 job_1_task_16  job_16_task_17 job_18_task_15 
           [0,8]          [8,14]         [14,17]        [17,23]        [23,27]        [27,28]        [28,31]        [31,39]        [39,47]        [47,54]        [54,57]        [57,60]        [60,66]        [66,69]        [69,74]        [74,83]        [83,89]        [89,98]        [98,100]       [100,108]      [108,117]      [117,119]      [119,127]      [127,135]      [135,135]      [135,141]      [141,146]      [146,150]      [150,159]      [159,164]      
Machine 13: job_13_task_2  job_9_task_3   job_16_task_4  job_13_task_6  job_5_task_4   job_9_task_8   job_14_task_6  job_3_task_6   job_1_task_11  job_8_task_2   job_2_task_7   job_12_task_11 job_8_task_4   job_7_task_14  job_2_task_11  job_7_task_15  job_12_task_12 job_4_task_12  job_17_task_10 job_13_task_16 job_11_task_11 job_11_task_12 job_2_task_16  job_15_task_15 job_15_task_16 job_0_task_16  
           [6,12]         [18,25]        [25,29]        [29,34]        [34,41]        [44,50]        [50,53]        [53,54]        [57,62]        [62,62]        [63,64]        [64,69]        [75,82]        [82,89]        [89,92]        [89,89]        [92,96]        [100,101]      [110,110]      [114,122]      [122,130]      [130,135]      [137,144]      [144,152]      [152,152]      [156,159]      
Optimal Schedule Length: 164.0
Total (Unoptimized Schedule Length): 1526
Statistics
  - conflicts: 0
  - branches : 169
  - wall time: 0.376523s