
 Problem
          task_0   task_1   task_2   task_3   task_4   task_5   task_6   task_7   task_8   task_9  task_10  task_11  task_12  task_13  task_14  task_15
job_0    (1, 8)  (11, 7)   (4, 2)   (0, 9)  (10, 0)   (0, 2)   (8, 5)  (11, 2)  (10, 7)   (6, 8)  (13, 7)   (0, 7)   (6, 6)   (1, 5)   (3, 4)   (1, 8)
job_1   (11, 5)  (13, 7)   (1, 6)  (12, 3)   (5, 5)   (4, 7)   (9, 1)   (6, 9)   (3, 4)  (12, 7)   (7, 5)  (12, 5)   (2, 1)   (9, 2)   (2, 8)  (13, 8)
job_2    (6, 4)   (6, 2)   (3, 3)   (5, 4)   (9, 6)  (11, 2)  (11, 0)   (1, 2)  (12, 8)   (6, 7)   (7, 7)  (12, 8)   (5, 6)  (12, 6)   (6, 7)   (7, 3)
job_3    (5, 1)  (10, 7)  (12, 8)   (9, 2)  (11, 9)  (11, 4)  (11, 5)  (13, 9)   (0, 7)   (3, 5)   (9, 0)   (9, 7)   (6, 2)   (5, 0)   (1, 7)   (5, 1)
job_4    (9, 1)   (2, 9)   (0, 7)   (3, 2)   (9, 0)  (12, 0)   (5, 2)   (0, 3)   (5, 1)   (9, 3)  (11, 6)   (9, 2)   (2, 8)   (7, 7)   (8, 5)  (13, 5)
job_5   (11, 8)   (1, 8)   (7, 2)  (10, 1)   (3, 2)  (10, 6)   (4, 0)  (11, 8)   (4, 4)   (4, 5)   (1, 8)   (5, 5)  (11, 7)   (1, 6)   (2, 0)   (2, 6)
job_6    (0, 2)  (11, 2)   (9, 3)   (8, 0)   (2, 5)   (0, 5)   (5, 5)  (13, 9)   (8, 5)  (12, 8)   (9, 2)   (7, 0)  (10, 2)  (13, 1)   (7, 2)  (10, 4)
job_7    (9, 6)   (3, 8)  (13, 8)   (8, 8)  (13, 4)   (4, 1)   (5, 3)   (3, 4)   (4, 6)   (2, 0)   (6, 2)  (12, 0)   (7, 7)  (13, 2)  (13, 0)  (13, 6)
job_8    (3, 2)  (12, 2)   (5, 4)  (13, 3)   (5, 9)  (13, 7)   (4, 2)  (11, 9)   (6, 8)   (5, 7)  (12, 7)   (6, 5)   (7, 6)   (6, 0)  (11, 0)   (8, 2)
job_9    (8, 0)   (8, 4)  (12, 0)   (0, 0)   (1, 9)  (10, 3)  (13, 6)   (2, 4)   (8, 5)   (4, 5)   (4, 6)   (7, 8)   (4, 8)   (9, 7)  (12, 8)   (9, 1)
job_10  (11, 0)   (1, 2)  (12, 2)   (5, 1)  (13, 2)   (2, 3)  (11, 8)   (5, 6)   (3, 8)   (4, 8)   (0, 3)   (5, 3)   (7, 5)   (4, 6)  (10, 7)  (13, 9)
job_11   (3, 7)   (7, 1)   (1, 6)   (2, 7)   (6, 3)   (2, 4)   (9, 7)   (3, 2)   (7, 9)  (12, 1)   (4, 4)   (9, 3)   (1, 0)   (8, 9)   (2, 4)   (7, 3)
job_12   (5, 9)   (1, 9)   (3, 2)   (6, 0)   (6, 7)  (11, 3)   (8, 2)   (2, 8)   (2, 0)  (12, 8)   (8, 5)   (8, 5)   (8, 7)   (6, 1)  (11, 6)   (8, 3)
job_13  (13, 2)  (11, 3)   (9, 3)   (2, 1)   (4, 0)   (3, 8)   (2, 6)   (2, 8)   (3, 9)   (0, 1)   (6, 9)  (10, 0)   (3, 2)  (13, 9)  (11, 7)   (6, 1)
job_14  (10, 9)   (7, 2)   (1, 8)  (10, 4)   (7, 7)   (4, 1)   (3, 8)   (4, 1)   (1, 2)   (2, 1)   (2, 1)   (8, 7)  (11, 1)   (0, 5)   (8, 8)   (2, 0)
job_15   (0, 3)   (9, 6)   (5, 3)   (2, 9)   (5, 1)  (11, 3)   (1, 9)   (5, 9)  (10, 9)   (6, 5)   (3, 5)   (5, 0)   (8, 6)  (12, 3)  (10, 2)   (2, 9)
job_16   (4, 9)   (6, 9)   (6, 7)   (0, 2)  (12, 0)  (13, 2)  (11, 9)  (13, 7)   (8, 9)  (10, 8)   (4, 5)   (6, 9)   (8, 1)   (3, 0)   (3, 3)   (1, 8)
job_17  (13, 2)   (6, 7)  (10, 8)  (12, 0)   (8, 9)  (11, 7)  (11, 5)   (5, 8)  (10, 9)  (12, 9)   (8, 3)   (4, 7)   (2, 3)   (2, 8)   (7, 5)   (5, 2)

Solution:
Machine 0: job_15_task_0  job_6_task_0   job_9_task_3   job_0_task_3   job_0_task_5   job_16_task_3  job_6_task_5   job_4_task_2   job_10_task_10 job_13_task_9  job_4_task_7   job_0_task_11  job_3_task_8   job_14_task_13 
           [3,6]          [6,8]          [8,8]          [20,29]        [29,31]        [31,33]        [33,38]        [38,45]        [59,62]        [70,71]        [71,74]        [74,81]        [99,106]       [112,117]      
Machine 1: job_10_task_1  job_0_task_0   job_1_task_2   job_12_task_1  job_9_task_4   job_2_task_7   job_5_task_1   job_14_task_2  job_11_task_2  job_15_task_6  job_14_task_8  job_5_task_10  job_0_task_13  job_0_task_15  job_11_task_12 job_5_task_13  job_3_task_14  job_16_task_15 
           [0,2]          [2,10]         [12,18]        [18,27]        [27,36]        [36,38]        [38,46]        [46,54]        [54,60]        [60,69]        [82,84]        [89,97]        [97,102]       [106,114]      [106,106]      [114,120]      [120,127]      [127,135]      
Machine 2: job_4_task_1   job_10_task_5  job_13_task_3  job_15_task_3  job_6_task_4   job_13_task_6  job_13_task_7  job_12_task_7  job_9_task_7   job_12_task_8  job_11_task_3  job_7_task_9   job_11_task_5  job_1_task_12  job_14_task_9  job_14_task_10 job_1_task_14  job_17_task_12 job_17_task_13 job_4_task_12  job_11_task_14 job_15_task_15 job_5_task_14  job_5_task_15  job_14_task_15 
           [5,14]         [14,17]        [17,18]        [19,28]        [28,33]        [33,39]        [39,47]        [48,56]        [56,60]        [56,56]        [60,67]        [67,67]        [70,74]        [86,87]        [87,88]        [88,89]        [89,97]        [97,100]       [100,108]      [108,116]      [116,120]      [120,129]      [129,129]      [129,135]      [135,135]      
Machine 3: job_8_task_0   job_7_task_1   job_2_task_2   job_13_task_5  job_12_task_2  job_11_task_0  job_10_task_8  job_1_task_8   job_5_task_4   job_4_task_3   job_7_task_7   job_13_task_8  job_14_task_6  job_11_task_7  job_15_task_10 job_13_task_12 job_0_task_14  job_3_task_9   job_16_task_13 job_16_task_14 
           [5,7]          [8,16]         [16,19]        [19,27]        [27,29]        [29,36]        [37,45]        [45,49]        [51,53]        [53,55]        [55,59]        [59,68]        [71,79]        [81,83]        [95,100]       [100,102]      [102,106]      [106,111]      [124,124]      [124,127]      
Machine 4: job_16_task_0  job_0_task_2   job_13_task_4  job_1_task_5   job_7_task_5   job_10_task_9  job_5_task_6   job_7_task_8   job_9_task_9   job_14_task_5  job_9_task_10  job_5_task_8   job_14_task_7  job_8_task_6   job_5_task_9   job_17_task_11 job_11_task_10 job_16_task_10 job_10_task_13 job_9_task_12  
           [0,9]          [18,20]        [18,18]        [28,35]        [40,41]        [51,59]        [59,59]        [59,65]        [65,70]        [70,71]        [71,77]        [77,81]        [81,82]        [82,84]        [84,89]        [89,96]        [96,100]       [100,105]      [105,111]      [111,119]      
Machine 5: job_12_task_0  job_3_task_0   job_10_task_3  job_8_task_2   job_15_task_2  job_2_task_3   job_1_task_4   job_15_task_4  job_10_task_7  job_6_task_6   job_8_task_4   job_7_task_6   job_17_task_7  job_4_task_6   job_15_task_7  job_4_task_8   job_2_task_12  job_10_task_11 job_5_task_11  job_15_task_11 job_8_task_9   job_3_task_13  job_17_task_15 job_3_task_15  
           [1,10]         [10,11]        [11,12]        [12,16]        [16,19]        [19,23]        [23,28]        [28,29]        [29,35]        [38,43]        [43,52]        [52,55]        [55,63]        [63,65]        [69,78]        [78,79]        [79,85]        [85,88]        [101,106]      [101,101]      [107,114]      [120,120]      [120,122]      [127,128]      
Machine 6: job_2_task_0   job_17_task_1  job_2_task_1   job_16_task_1  job_16_task_2  job_12_task_3  job_12_task_4  job_1_task_7   job_2_task_9   job_0_task_9   job_11_task_4  job_7_task_10  job_13_task_10 job_0_task_12  job_15_task_9  job_2_task_14  job_8_task_8   job_16_task_11 job_3_task_12  job_12_task_13 job_8_task_11  job_13_task_15 job_8_task_13  
           [0,4]          [4,11]         [11,13]        [13,22]        [22,29]        [29,29]        [29,36]        [36,45]        [46,53]        [53,61]        [67,70]        [70,72]        [72,81]        [81,87]        [87,92]        [92,99]        [99,107]       [107,116]      [118,120]      [120,121]      [122,127]      [127,128]      [133,133]      
Machine 7: job_11_task_1  job_14_task_1  job_5_task_2   job_2_task_10  job_14_task_4  job_1_task_10  job_7_task_12  job_11_task_8  job_10_task_12 job_9_task_11  job_2_task_15  job_6_task_11  job_17_task_14 job_6_task_14  job_4_task_13  job_11_task_15 job_8_task_12  
           [43,44]        [44,46]        [46,48]        [53,60]        [63,70]        [70,75]        [75,82]        [83,92]        [92,97]        [97,105]       [105,108]      [105,105]      [108,113]      [115,117]      [117,124]      [124,127]      [127,133]      
Machine 8: job_9_task_0   job_9_task_1   job_17_task_4  job_6_task_3   job_7_task_3   job_0_task_6   job_12_task_6  job_6_task_8   job_9_task_8   job_12_task_10 job_12_task_11 job_16_task_8  job_17_task_10 job_12_task_12 job_14_task_11 job_15_task_12 job_11_task_13 job_16_task_12 job_14_task_14 job_4_task_14  job_12_task_15 job_8_task_15  
           [0,0]          [0,4]          [19,28]        [28,28]        [28,36]        [36,41]        [46,48]        [55,60]        [60,65]        [65,70]        [70,75]        [75,84]        [84,87]        [87,94]        [94,101]       [101,107]      [107,116]      [116,117]      [117,125]      [125,130]      [130,133]      [133,135]      
Machine 9: job_4_task_0   job_7_task_0   job_15_task_1  job_13_task_2  job_6_task_2   job_2_task_4   job_1_task_6   job_4_task_4   job_3_task_3   job_11_task_6  job_4_task_9   job_1_task_13  job_6_task_10  job_11_task_11 job_4_task_11  job_3_task_10  job_3_task_11  job_9_task_13  job_9_task_15  
           [1,2]          [2,8]          [8,14]         [14,17]        [17,20]        [27,33]        [35,36]        [56,56]        [70,72]        [74,81]        [84,87]        [87,89]        [101,103]      [103,106]      [106,108]      [111,111]      [111,118]      [119,126]      [134,135]      
Machine 10: job_14_task_0  job_17_task_2  job_3_task_1   job_0_task_4   job_9_task_5   job_0_task_8   job_5_task_3   job_5_task_5   job_14_task_3  job_17_task_8  job_15_task_8  job_16_task_9  job_13_task_11 job_6_task_12  job_10_task_14 job_15_task_14 job_6_task_15  
           [2,11]         [11,19]        [19,26]        [29,29]        [37,40]        [43,50]        [50,51]        [53,59]        [59,63]        [63,72]        [78,87]        [87,95]        [100,100]      [105,107]      [111,118]      [118,120]      [120,124]      
Machine 11: job_1_task_0   job_10_task_0  job_13_task_1  job_6_task_1   job_0_task_1   job_10_task_6  job_5_task_0   job_2_task_5   job_2_task_6   job_15_task_5  job_12_task_5  job_0_task_7   job_17_task_5  job_17_task_6  job_16_task_6  job_5_task_7   job_3_task_4   job_3_task_5   job_3_task_6   job_8_task_7   job_4_task_10  job_14_task_12 job_5_task_12  job_13_task_14 job_12_task_14 job_8_task_14  
           [0,5]          [0,0]          [5,8]          [8,10]         [10,17]        [17,25]        [25,33]        [33,35]        [35,35]        [35,38]        [38,41]        [41,43]        [43,50]        [50,55]        [55,64]        [64,72]        [72,81]        [81,85]        [85,90]        [90,99]        [100,106]      [106,107]      [107,114]      [117,124]      [124,130]      [133,133]      
Machine 12: job_9_task_2   job_8_task_1   job_10_task_2  job_1_task_3   job_17_task_3  job_3_task_2   job_16_task_4  job_2_task_8   job_1_task_9   job_4_task_5   job_12_task_9  job_2_task_11  job_7_task_11  job_17_task_9  job_1_task_11  job_2_task_13  job_11_task_9  job_6_task_9   job_15_task_13 job_8_task_10  job_9_task_14  
           [4,4]          [7,9]          [9,11]         [19,22]        [19,19]        [26,34]        [34,34]        [38,46]        [49,56]        [56,56]        [56,64]        [64,72]        [72,72]        [72,81]        [81,86]        [86,92]        [92,93]        [93,101]       [112,115]      [115,122]      [126,134]      
Machine 13: job_17_task_0  job_13_task_0  job_1_task_1   job_10_task_4  job_8_task_3   job_7_task_2   job_16_task_5  job_7_task_4   job_9_task_6   job_6_task_7   job_0_task_10  job_16_task_7  job_8_task_5   job_7_task_13  job_7_task_14  job_7_task_15  job_3_task_7   job_13_task_13 job_6_task_13  job_1_task_15  job_10_task_15 job_4_task_15  
           [0,2]          [2,4]          [5,12]         [12,14]        [17,20]        [20,28]        [34,36]        [36,40]        [40,46]        [46,55]        [61,68]        [68,75]        [75,82]        [82,84]        [84,84]        [84,90]        [90,99]        [103,112]      [112,113]      [113,121]      [121,130]      [130,135]      
Optimal Schedule Length: 135.0
Total (Unoptimized Schedule Length): 1337
Statistics
  - conflicts: 0
  - branches : 264
  - wall time: 6.868447000000001s