
 Problem
         task_0  task_1  task_2  task_3  task_4  task_5  task_6  task_7  task_8  task_9 task_10 task_11 task_12 task_13 task_14 task_15 task_16 task_17
job_0   (0, 2)  (3, 3)  (2, 3)  (5, 3)  (0, 2)  (6, 2)  (1, 4)  (9, 9)  (8, 2)  (3, 4)  (8, 3)  (8, 4)  (7, 1)  (7, 1)  (5, 1)  (3, 6)  (2, 4)  (0, 9)
job_1   (4, 4)  (8, 0)  (7, 5)  (2, 2)  (0, 6)  (0, 3)  (1, 1)  (3, 8)  (9, 6)  (9, 2)  (0, 9)  (3, 6)  (6, 8)  (1, 0)  (5, 5)  (8, 3)  (1, 2)  (1, 2)
job_2   (9, 4)  (1, 2)  (5, 6)  (8, 7)  (9, 5)  (2, 6)  (0, 7)  (2, 7)  (6, 0)  (9, 3)  (8, 1)  (0, 9)  (9, 5)  (9, 1)  (2, 4)  (7, 1)  (5, 3)  (2, 8)
job_3   (3, 4)  (5, 1)  (5, 0)  (5, 3)  (7, 3)  (3, 7)  (6, 9)  (6, 0)  (8, 5)  (9, 0)  (4, 7)  (2, 2)  (7, 0)  (9, 5)  (8, 1)  (0, 0)  (5, 0)  (7, 1)
job_4   (9, 7)  (9, 8)  (3, 6)  (0, 6)  (8, 2)  (0, 7)  (4, 5)  (7, 7)  (9, 8)  (2, 8)  (3, 4)  (1, 2)  (7, 2)  (0, 0)  (2, 9)  (1, 5)  (6, 0)  (1, 3)
job_5   (9, 2)  (0, 7)  (4, 9)  (6, 0)  (4, 4)  (4, 1)  (8, 0)  (8, 3)  (1, 5)  (8, 6)  (1, 2)  (7, 6)  (5, 9)  (1, 0)  (8, 9)  (4, 0)  (6, 2)  (1, 8)
job_6   (9, 6)  (4, 9)  (3, 4)  (5, 8)  (6, 4)  (9, 7)  (6, 2)  (1, 4)  (6, 6)  (9, 0)  (8, 9)  (0, 5)  (8, 0)  (9, 5)  (6, 6)  (8, 0)  (2, 2)  (5, 5)
job_7   (1, 1)  (1, 7)  (9, 1)  (9, 3)  (3, 8)  (3, 4)  (7, 3)  (5, 5)  (2, 9)  (6, 3)  (5, 1)  (8, 9)  (9, 6)  (6, 0)  (3, 0)  (4, 8)  (1, 6)  (8, 5)
job_8   (4, 1)  (6, 8)  (0, 7)  (6, 2)  (4, 7)  (3, 6)  (2, 4)  (3, 6)  (2, 1)  (9, 7)  (2, 2)  (2, 8)  (0, 7)  (4, 6)  (0, 4)  (7, 9)  (9, 5)  (2, 2)
job_9   (2, 6)  (7, 6)  (7, 1)  (3, 3)  (1, 4)  (6, 4)  (9, 7)  (5, 3)  (6, 0)  (7, 7)  (1, 4)  (3, 2)  (5, 9)  (4, 1)  (3, 3)  (5, 6)  (4, 8)  (1, 6)
job_10  (3, 0)  (5, 4)  (3, 0)  (0, 5)  (0, 5)  (7, 0)  (3, 0)  (9, 8)  (0, 5)  (8, 3)  (9, 7)  (0, 7)  (0, 6)  (7, 8)  (1, 0)  (4, 4)  (5, 9)  (0, 6)
job_11  (1, 2)  (5, 7)  (4, 4)  (5, 7)  (4, 4)  (5, 2)  (9, 1)  (7, 4)  (9, 5)  (7, 8)  (4, 7)  (9, 5)  (5, 1)  (8, 2)  (2, 1)  (3, 6)  (9, 5)  (5, 0)
job_12  (2, 1)  (5, 6)  (8, 6)  (0, 3)  (6, 7)  (6, 4)  (4, 3)  (4, 7)  (5, 0)  (3, 9)  (8, 4)  (4, 0)  (0, 8)  (0, 6)  (3, 4)  (2, 6)  (3, 5)  (0, 6)
job_13  (3, 2)  (6, 3)  (1, 0)  (5, 7)  (1, 2)  (7, 6)  (8, 6)  (1, 1)  (2, 4)  (6, 2)  (1, 8)  (8, 8)  (2, 9)  (3, 8)  (8, 8)  (4, 3)  (2, 0)  (6, 7)
job_14  (5, 2)  (5, 4)  (9, 8)  (4, 5)  (4, 2)  (6, 0)  (4, 1)  (5, 5)  (0, 4)  (2, 4)  (7, 6)  (2, 9)  (7, 0)  (3, 6)  (4, 2)  (7, 2)  (6, 9)  (5, 5)
job_15  (7, 1)  (7, 4)  (6, 1)  (8, 9)  (7, 3)  (1, 2)  (4, 4)  (0, 2)  (9, 3)  (5, 0)  (3, 0)  (9, 7)  (8, 4)  (9, 5)  (9, 8)  (2, 8)  (9, 9)  (2, 9)

Solution:
Machine 0: job_0_task_0   job_5_task_1   job_10_task_3  job_12_task_3  job_8_task_2   job_1_task_4   job_10_task_4  job_4_task_3   job_15_task_7  job_4_task_5   job_1_task_5   job_10_task_8  job_0_task_4   job_2_task_6   job_14_task_8  job_12_task_12 job_10_task_11 job_10_task_12 job_8_task_12  job_12_task_13 job_4_task_13  job_6_task_11  job_8_task_14  job_1_task_10  job_2_task_11  job_12_task_17 job_10_task_17 job_0_task_17  job_3_task_15  
           [0,2]          [2,9]          [9,14]         [16,19]        [19,26]        [26,32]        [32,37]        [37,43]        [43,45]        [45,52]        [52,55]        [55,60]        [60,62]        [62,69]        [69,73]        [78,86]        [90,97]        [97,103]       [103,110]      [110,116]      [116,116]      [116,121]      [121,125]      [126,135]      [135,144]      [144,150]      [150,156]      [156,165]      [179,179]      
Machine 1: job_7_task_0   job_7_task_1   job_11_task_0  job_13_task_2  job_13_task_4  job_2_task_1   job_15_task_5  job_13_task_7  job_9_task_4   job_13_task_10 job_5_task_8   job_1_task_6   job_5_task_10  job_0_task_6   job_9_task_10  job_6_task_7   job_4_task_11  job_10_task_14 job_9_task_17  job_5_task_13  job_5_task_17  job_4_task_15  job_1_task_13  job_4_task_17  job_7_task_16  job_1_task_16  job_1_task_17  
           [0,1]          [1,8]          [8,10]         [8,8]          [17,19]        [23,25]        [28,30]        [31,32]        [32,36]        [38,46]        [46,51]        [55,56]        [60,62]        [64,68]        [69,73]        [73,77]        [111,113]      [111,111]      [113,119]      [119,119]      [133,141]      [141,146]      [149,149]      [149,152]      [157,163]      [163,165]      [165,167]      
Machine 2: job_12_task_0  job_9_task_0   job_0_task_2   job_1_task_3   job_13_task_8  job_7_task_8   job_8_task_6   job_2_task_5   job_8_task_8   job_13_task_12 job_2_task_7   job_8_task_10  job_14_task_9  job_8_task_11  job_14_task_11 job_4_task_9   job_12_task_15 job_3_task_11  job_4_task_14  job_13_task_16 job_15_task_15 job_0_task_16  job_6_task_16  job_15_task_17 job_2_task_14  job_11_task_14 job_8_task_17  job_2_task_17  
           [0,1]          [1,7]          [7,10]         [10,12]        [32,36]        [36,45]        [45,49]        [52,58]        [58,59]        [59,68]        [69,76]        [76,78]        [78,82]        [82,90]        [90,99]        [99,107]       [120,126]      [128,130]      [131,140]      [131,131]      [140,148]      [148,152]      [155,157]      [157,166]      [166,170]      [171,172]      [173,175]      [175,183]      
Machine 3: job_10_task_0  job_13_task_0  job_0_task_1   job_3_task_0   job_10_task_2  job_7_task_4   job_7_task_5   job_6_task_2   job_9_task_3   job_4_task_2   job_10_task_6  job_8_task_5   job_8_task_7   job_1_task_7   job_12_task_9  job_3_task_5   job_9_task_11  job_13_task_13 job_9_task_14  job_0_task_9   job_14_task_13 job_4_task_10  job_15_task_10 job_12_task_14 job_0_task_15  job_12_task_16 job_1_task_11  job_7_task_14  job_11_task_15 
           [0,0]          [0,2]          [2,5]          [5,9]          [5,5]          [12,20]        [20,24]        [24,28]        [28,31]        [31,37]        [37,37]        [39,45]        [49,55]        [56,64]        [64,73]        [73,80]        [80,82]        [82,90]        [92,95]        [95,99]        [99,105]       [107,111]      [107,107]      [116,120]      [120,126]      [126,131]      [135,141]      [149,149]      [172,178]      
Machine 4: job_8_task_0   job_1_task_0   job_6_task_1   job_5_task_2   job_5_task_4   job_5_task_5   job_8_task_4   job_15_task_6  job_14_task_3  job_12_task_6  job_14_task_4  job_12_task_7  job_14_task_6  job_11_task_2  job_4_task_6   job_11_task_4  job_12_task_11 job_9_task_13  job_9_task_16  job_14_task_14 job_8_task_13  job_10_task_15 job_3_task_10  job_13_task_15 job_5_task_15  job_11_task_10 job_7_task_15  
           [0,1]          [1,5]          [8,17]         [17,26]        [26,30]        [30,31]        [32,39]        [39,43]        [43,48]        [48,51]        [51,53]        [53,60]        [60,61]        [61,65]        [65,70]        [74,78]        [78,78]        [91,92]        [101,109]      [109,111]      [111,117]      [117,121]      [121,128]      [128,131]      [131,131]      [131,138]      [149,157]      
Machine 5: job_10_task_1  job_12_task_1  job_13_task_3  job_14_task_0  job_14_task_1  job_3_task_1   job_3_task_2   job_2_task_2   job_7_task_7   job_6_task_3   job_0_task_3   job_11_task_1  job_3_task_3   job_7_task_10  job_9_task_7   job_12_task_8  job_14_task_7  job_11_task_3  job_11_task_5  job_9_task_12  job_9_task_15  job_5_task_12  job_15_task_9  job_0_task_14  job_10_task_16 job_14_task_17 job_1_task_14  job_6_task_17  job_11_task_12 job_2_task_16  job_3_task_16  job_11_task_17 
           [0,4]          [4,10]         [10,17]        [17,19]        [19,23]        [23,24]        [24,24]        [25,31]        [31,36]        [36,44]        [44,47]        [47,54]        [54,57]        [57,58]        [59,62]        [62,62]        [62,67]        [67,74]        [78,80]        [82,91]        [95,101]       [107,116]      [107,107]      [116,117]      [121,130]      [130,135]      [149,154]      [157,162]      [168,169]      [171,174]      [179,179]      [183,183]      
Machine 6: job_13_task_1  job_15_task_2  job_8_task_1   job_12_task_4  job_5_task_3   job_12_task_5  job_8_task_3   job_13_task_9  job_9_task_5   job_6_task_4   job_7_task_9   job_14_task_5  job_0_task_5   job_9_task_8   job_6_task_6   job_2_task_8   job_6_task_8   job_3_task_6   job_3_task_7   job_14_task_16 job_5_task_16  job_13_task_17 job_1_task_12  job_4_task_16  job_6_task_14  job_7_task_13  
           [2,5]          [5,6]          [6,14]         [19,26]        [26,26]        [26,30]        [30,32]        [36,38]        [38,42]        [44,48]        [48,51]        [53,53]        [62,64]        [62,62]        [66,68]        [76,76]        [77,83]        [83,92]        [92,92]        [117,126]      [131,133]      [133,140]      [141,149]      [149,149]      [149,155]      [149,149]      
Machine 7: job_15_task_0  job_15_task_1  job_1_task_2   job_9_task_1   job_9_task_2   job_13_task_5  job_15_task_4  job_7_task_6   job_10_task_5  job_3_task_4   job_9_task_9   job_4_task_7   job_5_task_11  job_14_task_10 job_11_task_7  job_14_task_12 job_10_task_13 job_0_task_12  job_0_task_13  job_4_task_12  job_14_task_15 job_11_task_9  job_8_task_15  job_3_task_12  job_2_task_15  job_3_task_17  
           [0,1]          [1,5]          [5,10]         [10,16]        [16,17]        [19,25]        [25,28]        [28,31]        [37,37]        [57,60]        [62,69]        [70,77]        [77,83]        [83,89]        [89,93]        [99,99]        [103,111]      [111,112]      [112,113]      [113,115]      [115,117]      [119,127]      [127,136]      [136,136]      [170,171]      [179,180]      
Machine 8: job_1_task_1   job_12_task_2  job_15_task_3  job_13_task_6  job_2_task_3   job_5_task_6   job_5_task_7   job_4_task_4   job_13_task_11 job_5_task_9   job_10_task_9  job_7_task_11  job_12_task_10 job_0_task_8   job_6_task_10  job_13_task_14 job_0_task_10  job_0_task_11  job_3_task_8   job_15_task_12 job_5_task_14  job_6_task_12  job_2_task_10  job_1_task_15  job_6_task_15  job_7_task_17  job_11_task_13 job_3_task_14  
           [5,5]          [10,16]        [16,25]        [25,31]        [31,38]        [31,31]        [38,41]        [43,45]        [46,54]        [54,60]        [60,63]        [63,72]        [73,77]        [82,84]        [84,93]        [93,101]       [101,104]      [104,108]      [108,113]      [114,118]      [121,130]      [121,121]      [130,131]      [155,158]      [155,155]      [163,168]      [169,171]      [178,179]      
Machine 9: job_5_task_0   job_6_task_0   job_7_task_2   job_7_task_3   job_4_task_0   job_2_task_0   job_4_task_1   job_14_task_2  job_10_task_7  job_2_task_4   job_9_task_6   job_6_task_5   job_8_task_9   job_0_task_7   job_11_task_6  job_6_task_9   job_10_task_10 job_4_task_8   job_1_task_8   job_15_task_8  job_15_task_11 job_3_task_9   job_11_task_8  job_15_task_13 job_1_task_9   job_2_task_9   job_15_task_14 job_7_task_12  job_6_task_13  job_15_task_16 job_2_task_12  job_2_task_13  job_11_task_11 job_8_task_16  job_3_task_13  job_11_task_16 
           [0,2]          [2,8]          [8,9]          [9,12]         [12,19]        [19,23]        [23,31]        [31,39]        [39,47]        [47,52]        [52,59]        [59,66]        [66,73]        [73,82]        [82,83]        [83,83]        [83,90]        [90,98]        [98,104]       [104,107]      [107,114]      [114,114]      [114,119]      [119,124]      [124,126]      [126,129]      [129,137]      [137,143]      [143,148]      [148,157]      [157,162]      [162,163]      [163,168]      [168,173]      [173,178]      [178,183]      
Optimal Schedule Length: 183.0
Total (Unoptimized Schedule Length): 1227
Statistics
  - conflicts: 0
  - branches : 85
  - wall time: 0.079339s