
 Problem
         task_0  task_1  task_2  task_3  task_4  task_5  task_6  task_7  task_8  task_9 task_10 task_11 task_12 task_13 task_14 task_15
job_0   (1, 3)  (2, 7)  (0, 0)  (0, 3)  (2, 7)  (0, 3)  (2, 2)  (0, 8)  (2, 1)  (2, 5)  (1, 5)  (0, 9)  (0, 5)  (1, 3)  (2, 0)  (1, 6)
job_1   (2, 2)  (1, 1)  (1, 9)  (1, 1)  (1, 9)  (0, 9)  (1, 7)  (2, 1)  (2, 8)  (1, 2)  (0, 0)  (2, 2)  (0, 6)  (0, 5)  (2, 1)  (0, 6)
job_2   (2, 7)  (1, 9)  (2, 1)  (2, 4)  (2, 3)  (2, 2)  (2, 1)  (2, 5)  (2, 8)  (2, 1)  (0, 9)  (2, 0)  (2, 0)  (0, 8)  (2, 0)  (2, 0)
job_3   (0, 5)  (2, 3)  (1, 3)  (2, 2)  (0, 4)  (1, 3)  (0, 8)  (1, 4)  (2, 4)  (2, 5)  (2, 4)  (2, 0)  (0, 3)  (0, 8)  (2, 5)  (2, 0)
job_4   (2, 0)  (1, 0)  (2, 3)  (0, 5)  (2, 5)  (1, 9)  (0, 1)  (0, 9)  (1, 6)  (2, 7)  (0, 7)  (0, 2)  (0, 3)  (0, 4)  (0, 1)  (2, 8)
job_5   (2, 3)  (1, 2)  (1, 9)  (0, 1)  (0, 3)  (1, 8)  (1, 1)  (1, 8)  (2, 6)  (0, 2)  (0, 0)  (0, 0)  (1, 9)  (0, 3)  (1, 7)  (0, 9)
job_6   (0, 6)  (0, 5)  (2, 7)  (1, 2)  (1, 4)  (0, 2)  (0, 2)  (2, 2)  (2, 4)  (0, 4)  (1, 6)  (2, 7)  (1, 5)  (2, 7)  (0, 5)  (0, 2)
job_7   (1, 7)  (2, 3)  (1, 8)  (1, 5)  (2, 4)  (0, 5)  (0, 0)  (2, 6)  (1, 0)  (2, 2)  (0, 3)  (2, 7)  (1, 0)  (1, 5)  (2, 7)  (1, 8)
job_8   (2, 9)  (2, 3)  (1, 3)  (2, 6)  (2, 0)  (2, 8)  (2, 0)  (1, 1)  (0, 6)  (1, 1)  (2, 9)  (2, 9)  (0, 0)  (1, 6)  (1, 9)  (2, 7)
job_9   (1, 7)  (1, 4)  (0, 0)  (2, 4)  (0, 0)  (2, 2)  (2, 0)  (2, 8)  (1, 9)  (0, 8)  (1, 8)  (2, 4)  (0, 2)  (0, 1)  (2, 7)  (2, 8)
job_10  (2, 6)  (1, 7)  (2, 7)  (1, 9)  (0, 4)  (2, 1)  (0, 3)  (1, 3)  (2, 4)  (0, 4)  (0, 3)  (1, 2)  (0, 5)  (0, 0)  (1, 8)  (0, 8)
job_11  (0, 3)  (2, 4)  (0, 9)  (0, 5)  (2, 3)  (1, 6)  (0, 2)  (1, 9)  (1, 6)  (2, 6)  (1, 9)  (1, 6)  (2, 2)  (0, 7)  (2, 3)  (0, 1)
job_12  (2, 6)  (0, 0)  (0, 7)  (1, 9)  (0, 2)  (1, 6)  (2, 4)  (1, 8)  (0, 6)  (2, 9)  (0, 3)  (2, 3)  (1, 3)  (0, 5)  (2, 2)  (2, 8)

Solution:
Machine 0: job_11_task_0  job_6_task_0   job_12_task_1  job_12_task_2  job_11_task_2  job_11_task_3  job_6_task_1   job_4_task_3   job_3_task_0   job_0_task_2   job_12_task_4  job_0_task_3   job_5_task_3   job_5_task_4   job_9_task_2   job_9_task_4   job_11_task_6  job_0_task_5   job_1_task_5   job_10_task_4  job_3_task_4   job_0_task_7   job_10_task_6  job_7_task_5   job_6_task_5   job_7_task_6   job_8_task_8   job_6_task_6   job_3_task_6   job_6_task_9   job_12_task_8  job_7_task_10  job_9_task_9   job_4_task_6   job_12_task_10 job_4_task_7   job_5_task_9   job_5_task_10  job_5_task_11  job_10_task_9  job_10_task_10 job_4_task_10  job_4_task_11  job_4_task_12  job_4_task_13  job_9_task_12  job_0_task_11  job_0_task_12  job_4_task_14  job_8_task_12  job_10_task_12 job_5_task_13  job_10_task_13 job_1_task_10  job_9_task_13  job_3_task_12  job_1_task_12  job_1_task_13  job_3_task_13  job_2_task_10  job_11_task_13 job_12_task_13 job_5_task_15  job_10_task_15 job_2_task_13  job_6_task_14  job_1_task_15  job_6_task_15  job_11_task_15 
           [0,3]          [3,9]          [9,9]          [9,16]         [16,25]        [25,30]        [30,35]        [35,40]        [40,45]        [45,45]        [45,47]        [47,50]        [54,55]        [55,58]        [61,61]        [68,68]        [82,84]        [85,88]        [91,100]       [100,104]      [114,118]      [118,126]      [126,129]      [129,134]      [134,136]      [134,134]      [136,142]      [142,144]      [144,152]      [152,156]      [156,162]      [162,165]      [165,173]      [173,174]      [174,177]      [177,186]      [198,200]      [200,200]      [200,200]      [200,204]      [204,207]      [207,214]      [214,216]      [216,219]      [219,223]      [223,225]      [225,234]      [234,239]      [239,240]      [239,239]      [240,245]      [245,248]      [245,245]      [248,248]      [248,249]      [249,252]      [252,258]      [258,263]      [263,271]      [271,280]      [280,287]      [287,292]      [292,301]      [301,309]      [309,317]      [317,322]      [322,328]      [328,330]      [330,331]      
Machine 1: job_4_task_1   job_9_task_0   job_7_task_0   job_0_task_0   job_12_task_3  job_10_task_1  job_5_task_1   job_1_task_1   job_1_task_2   job_5_task_2   job_8_task_2   job_9_task_1   job_7_task_2   job_1_task_3   job_12_task_5  job_11_task_5  job_1_task_4   job_10_task_3  job_3_task_2   job_5_task_5   job_6_task_3   job_7_task_3   job_6_task_4   job_2_task_1   job_8_task_7   job_11_task_7  job_3_task_5   job_7_task_8   job_12_task_7  job_9_task_8   job_5_task_6   job_4_task_5   job_5_task_7   job_7_task_12  job_8_task_9   job_11_task_8  job_4_task_8   job_10_task_7  job_6_task_10  job_3_task_7   job_9_task_10  job_1_task_6   job_0_task_10  job_11_task_10 job_10_task_11 job_5_task_12  job_1_task_9   job_8_task_13  job_7_task_13  job_6_task_12  job_11_task_11 job_12_task_12 job_5_task_14  job_10_task_14 job_8_task_14  job_0_task_13  job_7_task_15  job_0_task_15  
           [0,0]          [0,7]          [7,14]         [14,17]        [17,26]        [26,33]        [33,35]        [35,36]        [36,45]        [45,54]        [54,57]        [57,61]        [61,69]        [69,70]        [70,76]        [76,82]        [82,91]        [91,100]       [100,103]      [103,111]      [111,113]      [113,118]      [118,122]      [122,131]      [131,132]      [132,141]      [141,144]      [144,144]      [144,152]      [152,161]      [161,162]      [162,171]      [171,179]      [179,179]      [179,180]      [180,186]      [186,192]      [192,195]      [195,201]      [201,205]      [205,213]      [213,220]      [220,225]      [225,234]      [234,236]      [236,245]      [245,247]      [247,253]      [253,258]      [258,263]      [263,269]      [269,272]      [272,279]      [279,287]      [287,296]      [296,299]      [299,307]      [307,313]      
Machine 2: job_4_task_0   job_12_task_0  job_11_task_1  job_8_task_0   job_10_task_0  job_5_task_0   job_4_task_2   job_1_task_0   job_8_task_1   job_0_task_1   job_7_task_1   job_4_task_4   job_10_task_2  job_8_task_3   job_8_task_4   job_9_task_3   job_11_task_4  job_6_task_2   job_0_task_4   job_9_task_5   job_3_task_1   job_9_task_6   job_8_task_5   job_8_task_6   job_9_task_7   job_12_task_6  job_0_task_6   job_3_task_3   job_2_task_0   job_10_task_5  job_7_task_4   job_0_task_8   job_0_task_9   job_2_task_2   job_2_task_3   job_7_task_7   job_2_task_4   job_6_task_7   job_6_task_8   job_2_task_5   job_2_task_6   job_7_task_9   job_2_task_7   job_12_task_9  job_7_task_11  job_12_task_11 job_8_task_10  job_5_task_8   job_10_task_8  job_4_task_9   job_11_task_9  job_9_task_11  job_3_task_8   job_1_task_7   job_1_task_8   job_8_task_11  job_3_task_9   job_3_task_10  job_1_task_11  job_3_task_11  job_6_task_11  job_2_task_8   job_2_task_9   job_7_task_14  job_11_task_12 job_9_task_14  job_1_task_14  job_2_task_11  job_2_task_12  job_6_task_13  job_4_task_15  job_12_task_14 job_0_task_14  job_12_task_15 job_9_task_15  job_8_task_15  job_2_task_14  job_2_task_15  job_11_task_14 job_3_task_14  job_3_task_15  
           [0,0]          [0,6]          [6,10]         [10,19]        [19,25]        [25,28]        [28,31]        [31,33]        [33,36]        [36,43]        [43,46]        [46,51]        [51,58]        [58,64]        [64,64]        [64,68]        [68,71]        [71,78]        [78,85]        [85,87]        [87,90]        [87,87]        [90,98]        [98,98]        [98,106]       [106,110]      [110,112]      [112,114]      [114,121]      [121,122]      [122,126]      [126,127]      [127,132]      [132,133]      [133,137]      [137,143]      [143,146]      [146,148]      [148,152]      [152,154]      [154,155]      [155,157]      [157,162]      [162,171]      [171,178]      [178,181]      [181,190]      [190,196]      [196,200]      [200,207]      [207,213]      [213,217]      [217,221]      [221,222]      [222,230]      [230,239]      [239,244]      [244,248]      [248,250]      [248,248]      [250,257]      [257,265]      [265,266]      [266,273]      [273,275]      [275,282]      [282,283]      [282,282]      [282,282]      [283,290]      [290,298]      [298,300]      [300,300]      [300,308]      [308,316]      [316,323]      [323,323]      [323,323]      [323,326]      [326,331]      [331,331]      
Optimal Schedule Length: 331.0
Total (Unoptimized Schedule Length): 921
Statistics
  - conflicts: 0
  - branches : 78
  - wall time: 0.26869200000000004s