
 Problem
         task_0  task_1  task_2  task_3  task_4  task_5  task_6  task_7  task_8  task_9 task_10 task_11 task_12 task_13 task_14
job_0   (2, 9)  (3, 2)  (3, 7)  (4, 7)  (2, 3)  (4, 2)  (6, 1)  (5, 3)  (0, 6)  (3, 1)  (4, 1)  (5, 4)  (3, 1)  (2, 0)  (1, 9)
job_1   (0, 3)  (6, 4)  (2, 9)  (5, 4)  (4, 9)  (6, 0)  (4, 5)  (3, 1)  (5, 9)  (2, 6)  (5, 5)  (2, 5)  (1, 6)  (2, 0)  (0, 1)
job_2   (0, 9)  (6, 0)  (2, 6)  (2, 9)  (1, 7)  (1, 4)  (6, 6)  (1, 7)  (4, 3)  (0, 6)  (4, 0)  (1, 8)  (4, 2)  (2, 1)  (6, 9)
job_3   (4, 4)  (1, 0)  (1, 5)  (6, 4)  (6, 7)  (4, 1)  (6, 0)  (3, 4)  (3, 2)  (2, 5)  (3, 5)  (1, 2)  (0, 5)  (5, 9)  (4, 8)
job_4   (2, 1)  (6, 7)  (4, 7)  (6, 6)  (4, 8)  (3, 2)  (1, 0)  (5, 8)  (4, 3)  (1, 4)  (6, 8)  (1, 9)  (0, 1)  (5, 2)  (2, 0)
job_5   (5, 9)  (3, 6)  (1, 5)  (0, 3)  (3, 2)  (2, 2)  (1, 5)  (4, 9)  (6, 3)  (2, 3)  (6, 9)  (6, 2)  (5, 1)  (4, 6)  (2, 5)
job_6   (2, 3)  (0, 8)  (6, 7)  (0, 5)  (5, 2)  (1, 1)  (3, 1)  (5, 1)  (1, 0)  (1, 3)  (2, 2)  (0, 3)  (4, 2)  (6, 8)  (4, 3)
job_7   (5, 8)  (3, 7)  (2, 5)  (6, 7)  (4, 5)  (3, 2)  (6, 3)  (3, 6)  (1, 1)  (5, 6)  (4, 6)  (1, 1)  (5, 8)  (1, 7)  (6, 1)
job_8   (3, 5)  (3, 5)  (6, 7)  (0, 7)  (5, 6)  (3, 0)  (5, 8)  (4, 9)  (6, 7)  (2, 4)  (2, 2)  (0, 2)  (3, 0)  (6, 9)  (2, 2)
job_9   (4, 3)  (6, 7)  (4, 5)  (4, 8)  (6, 9)  (5, 4)  (0, 3)  (2, 1)  (1, 4)  (3, 2)  (2, 7)  (3, 4)  (0, 6)  (5, 8)  (2, 4)
job_10  (5, 4)  (0, 1)  (0, 0)  (4, 6)  (3, 4)  (1, 0)  (3, 3)  (2, 5)  (4, 2)  (0, 3)  (5, 8)  (6, 8)  (2, 5)  (1, 1)  (3, 8)
job_11  (0, 7)  (5, 0)  (6, 5)  (0, 3)  (2, 5)  (2, 5)  (6, 8)  (6, 5)  (1, 6)  (6, 4)  (4, 2)  (2, 0)  (4, 5)  (3, 8)  (4, 2)
job_12  (0, 5)  (6, 6)  (5, 4)  (4, 0)  (5, 3)  (3, 5)  (3, 2)  (3, 9)  (4, 1)  (3, 8)  (3, 8)  (5, 5)  (1, 7)  (3, 4)  (6, 3)
job_13  (4, 3)  (5, 9)  (1, 0)  (5, 5)  (2, 6)  (1, 5)  (5, 3)  (2, 0)  (0, 4)  (1, 5)  (3, 2)  (3, 3)  (4, 0)  (5, 4)  (5, 6)
job_14  (0, 4)  (4, 0)  (2, 4)  (1, 8)  (2, 5)  (1, 9)  (4, 9)  (6, 2)  (6, 3)  (4, 8)  (5, 5)  (1, 8)  (0, 7)  (1, 7)  (5, 5)
job_15  (5, 9)  (3, 7)  (3, 2)  (0, 6)  (3, 1)  (5, 7)  (5, 7)  (2, 3)  (1, 0)  (2, 3)  (1, 8)  (4, 5)  (1, 4)  (6, 7)  (5, 7)
job_16  (3, 9)  (5, 6)  (0, 5)  (2, 7)  (0, 0)  (1, 9)  (2, 8)  (0, 6)  (4, 0)  (3, 4)  (5, 5)  (3, 8)  (4, 9)  (1, 7)  (1, 6)
job_17  (4, 7)  (3, 7)  (0, 5)  (2, 1)  (5, 6)  (0, 7)  (1, 5)  (3, 5)  (6, 9)  (3, 3)  (0, 1)  (6, 2)  (5, 6)  (6, 2)  (4, 0)

Solution:
Machine 0: job_14_task_0  job_2_task_0   job_12_task_0  job_16_task_2  job_1_task_0   job_11_task_0  job_8_task_3   job_16_task_4  job_10_task_1  job_10_task_2  job_15_task_3  job_11_task_3  job_17_task_2  job_6_task_1   job_5_task_3   job_16_task_7  job_17_task_5  job_9_task_6   job_6_task_3   job_10_task_9  job_2_task_9   job_3_task_12  job_14_task_12 job_13_task_8  job_0_task_8   job_9_task_12  job_6_task_11  job_8_task_11  job_17_task_10 job_4_task_12  job_1_task_14  
           [0,4]          [4,13]         [13,18]        [18,23]        [23,26]        [26,33]        [33,40]        [33,33]        [40,41]        [41,41]        [41,47]        [47,50]        [50,55]        [55,63]        [63,66]        [66,72]        [82,89]        [89,92]        [102,107]      [115,118]      [127,133]      [133,138]      [138,145]      [145,149]      [149,155]      [155,161]      [161,164]      [164,166]      [166,167]      [189,190]      [212,213]      
Machine 1: job_3_task_1   job_14_task_3  job_3_task_2   job_16_task_5  job_14_task_5  job_5_task_2   job_2_task_4   job_13_task_2  job_2_task_5   job_10_task_5  job_5_task_6   job_15_task_8  job_2_task_7   job_17_task_6  job_4_task_6   job_15_task_10 job_9_task_8   job_13_task_5  job_7_task_8   job_11_task_8  job_14_task_11 job_3_task_11  job_4_task_9   job_2_task_11  job_6_task_5   job_15_task_12 job_6_task_8   job_6_task_9   job_13_task_9  job_7_task_11  job_12_task_12 job_16_task_13 job_14_task_13 job_4_task_11  job_10_task_13 job_0_task_14  job_7_task_13  job_1_task_12  job_16_task_14 
           [14,14]        [14,22]        [22,27]        [33,42]        [42,51]        [51,56]        [56,63]        [56,56]        [63,67]        [63,63]        [74,79]        [82,82]        [84,91]        [91,96]        [96,96]        [96,104]       [104,108]      [108,113]      [113,114]      [114,120]      [120,128]      [128,130]      [132,136]      [137,145]      [145,146]      [146,150]      [150,150]      [150,153]      [153,158]      [158,159]      [159,166]      [166,173]      [173,180]      [180,189]      [189,190]      [190,199]      [199,206]      [206,212]      [212,218]      
Machine 2: job_4_task_0   job_0_task_0   job_14_task_2  job_6_task_0   job_2_task_2   job_16_task_3  job_14_task_4  job_2_task_3   job_1_task_2   job_7_task_2   job_16_task_6  job_11_task_4  job_17_task_3  job_5_task_5   job_11_task_5  job_15_task_7  job_15_task_9  job_10_task_7  job_13_task_4  job_9_task_7   job_3_task_9   job_0_task_4   job_9_task_10  job_5_task_9   job_1_task_9   job_8_task_9   job_8_task_10  job_13_task_7  job_6_task_10  job_11_task_11 job_2_task_13  job_10_task_12 job_1_task_11  job_0_task_13  job_5_task_14  job_9_task_14  job_8_task_14  job_1_task_13  job_4_task_14  
           [0,1]          [1,10]         [10,14]        [14,17]        [17,23]        [23,30]        [30,35]        [35,44]        [44,53]        [53,58]        [58,66]        [66,71]        [71,72]        [72,74]        [74,79]        [79,82]        [82,85]        [85,90]        [91,97]        [97,98]        [98,103]       [103,106]      [114,121]      [121,124]      [126,132]      [132,136]      [136,138]      [143,143]      [153,155]      [155,155]      [156,157]      [158,163]      [163,168]      [181,181]      [187,192]      [192,196]      [196,198]      [212,212]      [219,219]      
Machine 3: job_16_task_0  job_8_task_0   job_8_task_1   job_15_task_1  job_7_task_1   job_5_task_1   job_15_task_2  job_17_task_1  job_15_task_4  job_12_task_5  job_0_task_1   job_12_task_6  job_10_task_4  job_0_task_2   job_5_task_4   job_8_task_5   job_12_task_7  job_10_task_6  job_7_task_5   job_3_task_7   job_16_task_9  job_4_task_5   job_3_task_8   job_7_task_7   job_1_task_7   job_16_task_11 job_9_task_9   job_12_task_9  job_3_task_10  job_17_task_7  job_12_task_10 job_9_task_11  job_6_task_6   job_17_task_9  job_0_task_9   job_13_task_10 job_13_task_11 job_11_task_13 job_8_task_12  job_12_task_13 job_0_task_12  job_10_task_14 
           [0,9]          [9,14]         [14,19]        [19,26]        [26,33]        [33,39]        [39,41]        [41,48]        [48,49]        [49,54]        [54,56]        [56,58]        [58,62]        [62,69]        [69,71]        [69,69]        [71,80]        [80,83]        [83,85]        [85,89]        [89,93]        [93,95]        [95,97]        [97,103]       [103,104]      [104,112]      [112,114]      [114,122]      [122,127]      [127,132]      [132,140]      [140,144]      [146,147]      [150,153]      [155,156]      [158,160]      [160,163]      [163,171]      [171,171]      [171,175]      [180,181]      [190,198]      
Machine 4: job_9_task_0   job_17_task_0  job_3_task_0   job_14_task_1  job_4_task_2   job_9_task_2   job_9_task_3   job_13_task_0  job_12_task_3  job_10_task_3  job_14_task_6  job_4_task_4   job_1_task_4   job_7_task_4   job_16_task_8  job_3_task_5   job_14_task_9  job_1_task_6   job_0_task_3   job_5_task_7   job_12_task_8  job_10_task_8  job_8_task_7   job_2_task_8   job_0_task_5   job_4_task_8   job_15_task_11 job_2_task_10  job_16_task_12 job_7_task_10  job_11_task_10 job_2_task_12  job_0_task_10  job_11_task_12 job_13_task_12 job_6_task_12  job_3_task_14  job_11_task_14 job_5_task_13  job_6_task_14  job_17_task_14 
           [0,3]          [3,10]         [10,14]        [10,10]        [14,21]        [21,26]        [26,34]        [34,37]        [37,37]        [41,47]        [51,60]        [60,68]        [68,77]        [77,82]        [77,77]        [82,83]        [83,91]        [91,96]        [96,103]       [103,112]      [112,113]      [113,115]      [115,124]      [124,127]      [127,129]      [129,132]      [132,137]      [137,137]      [137,146]      [146,152]      [152,154]      [154,156]      [156,157]      [157,162]      [163,163]      [164,166]      [168,176]      [176,178]      [181,187]      [187,190]      [208,208]      
Machine 5: job_15_task_0  job_16_task_1  job_7_task_0   job_5_task_0   job_12_task_2  job_10_task_0  job_11_task_1  job_12_task_4  job_13_task_1  job_15_task_5  job_1_task_3   job_8_task_4   job_15_task_6  job_17_task_4  job_9_task_5   job_13_task_3  job_8_task_6   job_16_task_10 job_4_task_7   job_14_task_10 job_1_task_8   job_10_task_10 job_7_task_9   job_13_task_6  job_6_task_4   job_0_task_7   job_6_task_7   job_12_task_11 job_1_task_10  job_3_task_13  job_7_task_12  job_0_task_11  job_5_task_12  job_9_task_13  job_13_task_13 job_15_task_14 job_17_task_12 job_13_task_14 job_14_task_14 job_4_task_13  
           [0,9]          [9,15]         [15,23]        [23,32]        [32,36]        [36,40]        [36,36]        [40,43]        [43,52]        [52,59]        [59,63]        [63,69]        [69,76]        [76,82]        [82,86]        [86,91]        [91,99]        [99,104]       [104,112]      [112,117]      [117,126]      [126,134]      [134,140]      [140,143]      [143,145]      [145,148]      [148,149]      [149,154]      [154,159]      [159,168]      [168,176]      [176,180]      [180,181]      [181,189]      [189,193]      [193,200]      [200,206]      [206,212]      [212,217]      [217,219]      
Machine 6: job_4_task_1   job_9_task_1   job_2_task_1   job_12_task_1  job_8_task_2   job_1_task_1   job_3_task_3   job_11_task_2  job_9_task_4   job_4_task_3   job_7_task_3   job_3_task_4   job_14_task_7  job_14_task_8  job_1_task_5   job_2_task_6   job_3_task_6   job_11_task_6  job_7_task_6   job_6_task_2   job_11_task_7  job_5_task_8   job_11_task_9  job_8_task_8   job_0_task_6   job_5_task_10  job_17_task_8  job_10_task_11 job_4_task_10  job_5_task_11  job_15_task_13 job_6_task_13  job_8_task_13  job_17_task_11 job_2_task_14  job_12_task_14 job_17_task_13 job_7_task_14  
           [1,8]          [8,15]         [15,15]        [18,24]        [24,31]        [31,35]        [35,39]        [39,44]        [44,53]        [53,59]        [59,66]        [66,73]        [73,75]        [75,78]        [78,78]        [78,84]        [84,84]        [84,92]        [92,95]        [95,102]       [102,107]      [112,115]      [120,124]      [124,131]      [131,132]      [132,141]      [141,150]      [150,158]      [158,166]      [166,168]      [168,175]      [175,183]      [183,192]      [192,194]      [194,203]      [203,206]      [206,208]      [208,209]      
Optimal Schedule Length: 219.0
Total (Unoptimized Schedule Length): 1230
Statistics
  - conflicts: 0
  - branches : 94
  - wall time: 0.018211s