
 Problem
         task_0  task_1  task_2  task_3  task_4  task_5  task_6  task_7  task_8  task_9 task_10 task_11 task_12
job_0   (2, 4)  (4, 1)  (2, 4)  (5, 9)  (3, 7)  (0, 3)  (1, 5)  (0, 1)  (5, 1)  (3, 4)  (5, 7)  (2, 0)  (0, 2)
job_1   (1, 8)  (0, 8)  (3, 8)  (5, 7)  (5, 0)  (1, 6)  (1, 2)  (2, 5)  (0, 7)  (0, 5)  (3, 3)  (2, 3)  (1, 1)
job_2   (1, 6)  (0, 7)  (5, 1)  (1, 9)  (2, 7)  (0, 6)  (0, 5)  (4, 5)  (2, 0)  (4, 1)  (0, 8)  (1, 3)  (4, 8)
job_3   (3, 0)  (5, 7)  (2, 5)  (4, 9)  (5, 5)  (2, 4)  (2, 6)  (5, 5)  (2, 8)  (1, 7)  (5, 4)  (2, 2)  (0, 8)
job_4   (2, 4)  (2, 3)  (3, 0)  (5, 7)  (3, 6)  (4, 3)  (0, 8)  (3, 0)  (0, 2)  (4, 9)  (0, 4)  (4, 7)  (5, 5)
job_5   (2, 2)  (4, 8)  (5, 5)  (3, 1)  (1, 3)  (4, 2)  (1, 2)  (1, 9)  (5, 4)  (0, 1)  (2, 3)  (1, 4)  (1, 7)
job_6   (0, 7)  (3, 3)  (2, 2)  (5, 3)  (4, 7)  (3, 3)  (2, 4)  (3, 2)  (1, 8)  (5, 9)  (0, 8)  (0, 2)  (0, 5)
job_7   (2, 4)  (4, 9)  (2, 3)  (5, 8)  (2, 7)  (0, 0)  (2, 9)  (2, 9)  (3, 9)  (5, 0)  (4, 8)  (0, 9)  (3, 5)
job_8   (3, 9)  (0, 4)  (1, 3)  (3, 8)  (2, 0)  (5, 3)  (3, 9)  (1, 9)  (4, 6)  (1, 1)  (3, 6)  (5, 6)  (2, 7)
job_9   (5, 4)  (0, 0)  (4, 3)  (0, 7)  (1, 8)  (3, 5)  (5, 6)  (5, 4)  (5, 0)  (4, 6)  (5, 1)  (4, 6)  (2, 1)
job_10  (3, 1)  (5, 5)  (0, 5)  (4, 0)  (4, 3)  (2, 4)  (1, 2)  (5, 0)  (5, 4)  (2, 6)  (0, 7)  (1, 2)  (5, 9)
job_11  (5, 5)  (0, 0)  (4, 9)  (0, 9)  (1, 5)  (1, 3)  (1, 1)  (2, 6)  (1, 5)  (5, 2)  (0, 0)  (5, 1)  (2, 6)
job_12  (4, 1)  (2, 6)  (5, 4)  (3, 4)  (1, 0)  (0, 2)  (1, 2)  (3, 3)  (3, 2)  (4, 8)  (3, 3)  (1, 9)  (2, 7)
job_13  (0, 5)  (5, 5)  (5, 3)  (2, 3)  (0, 8)  (0, 9)  (1, 9)  (5, 5)  (5, 4)  (5, 7)  (3, 1)  (0, 4)  (3, 6)
job_14  (3, 5)  (2, 3)  (2, 1)  (3, 5)  (5, 0)  (5, 4)  (1, 6)  (1, 2)  (5, 6)  (3, 9)  (2, 9)  (0, 3)  (3, 6)
job_15  (4, 6)  (0, 6)  (4, 5)  (1, 1)  (0, 4)  (2, 4)  (3, 0)  (3, 8)  (5, 6)  (4, 8)  (5, 3)  (0, 1)  (1, 2)
job_16  (2, 5)  (0, 3)  (2, 4)  (3, 1)  (1, 1)  (5, 2)  (3, 2)  (4, 6)  (0, 2)  (2, 5)  (2, 3)  (2, 8)  (2, 8)
job_17  (1, 3)  (2, 0)  (0, 4)  (0, 0)  (2, 9)  (2, 8)  (3, 6)  (5, 5)  (0, 2)  (1, 0)  (5, 0)  (0, 5)  (3, 6)
job_18  (3, 6)  (0, 7)  (3, 3)  (1, 2)  (0, 9)  (4, 3)  (2, 6)  (3, 2)  (4, 9)  (0, 8)  (5, 8)  (3, 2)  (3, 3)

Solution:
Machine 0: job_13_task_0  job_6_task_0   job_8_task_1   job_18_task_1  job_2_task_1   job_11_task_1  job_1_task_1   job_7_task_5   job_9_task_1   job_13_task_4  job_18_task_4  job_15_task_1  job_16_task_1  job_17_task_2  job_13_task_5  job_17_task_3  job_9_task_3   job_10_task_2  job_11_task_3  job_12_task_5  job_15_task_4  job_2_task_5   job_4_task_6   job_2_task_6   job_4_task_8   job_13_task_11 job_16_task_8  job_2_task_10  job_0_task_5   job_18_task_9  job_1_task_8   job_10_task_10 job_4_task_10  job_0_task_7   job_5_task_9   job_6_task_10  job_7_task_11  job_11_task_10 job_17_task_8  job_1_task_9   job_17_task_11 job_14_task_11 job_3_task_12  job_6_task_11  job_6_task_12  job_15_task_11 job_0_task_12  
           [0,5]          [5,12]         [12,16]        [16,23]        [23,30]        [23,23]        [30,38]        [38,38]        [38,38]        [38,46]        [46,55]        [55,61]        [61,64]        [64,68]        [68,77]        [68,68]        [77,84]        [84,89]        [89,98]        [98,100]       [100,104]      [104,110]      [110,118]      [118,123]      [123,125]      [125,129]      [129,131]      [131,139]      [139,142]      [142,150]      [150,157]      [157,164]      [164,168]      [168,169]      [169,170]      [170,178]      [178,187]      [178,178]      [187,189]      [189,194]      [194,199]      [199,202]      [202,210]      [210,212]      [212,217]      [217,218]      [218,220]      
Machine 1: job_2_task_0   job_1_task_0   job_17_task_0  job_8_task_2   job_18_task_3  job_2_task_3   job_14_task_6  job_14_task_7  job_15_task_3  job_8_task_7   job_12_task_4  job_13_task_6  job_16_task_4  job_9_task_4   job_5_task_4   job_1_task_5   job_12_task_6  job_5_task_6   job_11_task_4  job_6_task_8   job_10_task_6  job_5_task_7   job_1_task_6   job_11_task_5  job_11_task_6  job_3_task_9   job_8_task_9   job_0_task_6   job_2_task_11  job_12_task_11 job_11_task_8  job_10_task_11 job_5_task_11  job_5_task_12  job_17_task_9  job_1_task_12  job_15_task_12 
           [0,6]          [6,14]         [14,17]        [17,20]        [26,28]        [32,41]        [60,66]        [66,68]        [68,69]        [69,78]        [78,78]        [78,87]        [87,88]        [88,96]        [96,99]        [99,105]       [105,107]      [107,109]      [109,114]      [114,122]      [122,124]      [124,133]      [133,135]      [135,138]      [138,139]      [139,146]      [146,147]      [147,152]      [152,155]      [156,165]      [165,170]      [170,172]      [183,187]      [187,194]      [194,194]      [216,217]      [218,220]      
Machine 2: job_7_task_0   job_4_task_0   job_3_task_2   job_4_task_1   job_7_task_2   job_13_task_3  job_17_task_1  job_14_task_1  job_6_task_2   job_14_task_2  job_7_task_4   job_5_task_0   job_8_task_4   job_16_task_0  job_12_task_1  job_7_task_6   job_0_task_0   job_3_task_5   job_0_task_2   job_2_task_4   job_16_task_2  job_17_task_4  job_3_task_6   job_7_task_7   job_6_task_6   job_18_task_6  job_10_task_5  job_15_task_5  job_17_task_5  job_2_task_8   job_3_task_8   job_16_task_9  job_1_task_7   job_10_task_9  job_11_task_7  job_16_task_10 job_14_task_10 job_16_task_11 job_5_task_10  job_3_task_11  job_16_task_12 job_0_task_11  job_8_task_12  job_12_task_12 job_11_task_12 job_1_task_11  job_9_task_12  
           [0,4]          [4,8]          [8,13]         [13,16]        [16,19]        [19,22]        [19,19]        [22,25]        [25,27]        [27,28]        [28,35]        [35,37]        [35,35]        [37,42]        [42,48]        [48,57]        [57,61]        [61,65]        [65,69]        [69,76]        [76,80]        [80,89]        [89,95]        [95,104]       [104,108]      [108,114]      [114,118]      [118,122]      [122,130]      [130,130]      [130,138]      [138,143]      [143,148]      [148,154]      [154,160]      [160,163]      [163,172]      [172,180]      [180,183]      [183,185]      [185,193]      [193,193]      [193,200]      [200,207]      [207,213]      [213,216]      [216,217]      
Machine 3: job_3_task_0   job_8_task_0   job_18_task_0  job_14_task_0  job_4_task_2   job_6_task_1   job_18_task_2  job_8_task_3   job_14_task_3  job_10_task_0  job_1_task_2   job_4_task_4   job_8_task_6   job_6_task_5   job_12_task_3  job_5_task_3   job_16_task_3  job_0_task_4   job_14_task_9  job_16_task_6  job_9_task_5   job_6_task_7   job_12_task_7  job_7_task_8   job_4_task_7   job_15_task_6  job_18_task_7  job_13_task_10 job_12_task_8  job_15_task_7  job_17_task_6  job_13_task_12 job_8_task_10  job_12_task_10 job_18_task_11 job_0_task_9   job_18_task_12 job_7_task_12  job_1_task_10  job_17_task_12 job_14_task_12 
           [0,0]          [0,9]          [9,15]         [15,20]        [20,20]        [20,23]        [23,26]        [26,34]        [34,39]        [39,40]        [40,48]        [48,54]        [54,63]        [63,66]        [66,70]        [70,71]        [80,81]        [85,92]        [92,101]       [101,103]      [103,108]      [108,110]      [110,113]      [113,122]      [122,122]      [122,122]      [122,124]      [124,125]      [125,127]      [127,135]      [135,141]      [141,147]      [147,153]      [153,156]      [170,172]      [172,176]      [176,179]      [187,192]      [194,197]      [199,205]      [205,211]      
Machine 4: job_15_task_0  job_7_task_1   job_3_task_3   job_12_task_0  job_11_task_2  job_6_task_4   job_5_task_1   job_9_task_2   job_4_task_5   job_18_task_5  job_0_task_1   job_15_task_2  job_8_task_8   job_10_task_3  job_10_task_4  job_5_task_5   job_16_task_7  job_2_task_7   job_2_task_9   job_18_task_8  job_12_task_9  job_4_task_9   job_7_task_10  job_9_task_9   job_15_task_9  job_4_task_11  job_2_task_12  job_9_task_11  
           [0,6]          [6,15]         [15,24]        [24,25]        [25,34]        [34,41]        [41,49]        [49,52]        [54,57]        [57,60]        [61,62]        [62,67]        [78,84]        [89,89]        [89,92]        [99,101]       [103,109]      [123,128]      [130,131]      [131,140]      [140,148]      [148,157]      [157,165]      [165,171]      [171,179]      [179,186]      [186,194]      [194,200]      
Machine 5: job_3_task_1   job_13_task_1  job_13_task_2  job_11_task_0  job_7_task_3   job_6_task_3   job_2_task_2   job_9_task_0   job_4_task_3   job_3_task_4   job_14_task_4  job_8_task_5   job_10_task_1  job_14_task_5  job_12_task_2  job_5_task_2   job_1_task_3   job_0_task_3   job_1_task_4   job_14_task_8  job_16_task_5  job_13_task_7  job_3_task_7   job_13_task_8  job_13_task_9  job_9_task_6   job_9_task_7   job_7_task_9   job_9_task_8   job_10_task_7  job_10_task_8  job_6_task_9   job_15_task_8  job_5_task_8   job_17_task_7  job_3_task_10  job_8_task_11  job_18_task_10 job_0_task_8   job_11_task_9  job_10_task_12 job_0_task_10  job_9_task_10  job_11_task_11 job_15_task_10 job_4_task_12  job_17_task_10 
           [0,7]          [7,12]         [12,15]        [15,20]        [20,28]        [28,31]        [31,32]        [32,36]        [36,43]        [43,48]        [43,43]        [48,51]        [51,56]        [56,60]        [60,64]        [64,69]        [69,76]        [76,85]        [76,76]        [85,91]        [91,93]        [93,98]        [98,103]       [103,107]      [107,114]      [114,120]      [120,124]      [124,124]      [124,124]      [124,124]      [124,128]      [128,137]      [137,143]      [143,147]      [147,152]      [152,156]      [156,162]      [162,170]      [170,171]      [171,173]      [173,182]      [182,189]      [189,190]      [190,191]      [191,194]      [194,199]      [194,194]      
Optimal Schedule Length: 220.0
Total (Unoptimized Schedule Length): 1120
Statistics
  - conflicts: 0
  - branches : 72
  - wall time: 0.080836s