
 Problem
          task_0   task_1   task_2   task_3   task_4   task_5   task_6   task_7   task_8   task_9  task_10  task_11  task_12  task_13  task_14  task_15  task_16  task_17
job_0    (9, 0)  (11, 4)   (2, 8)   (5, 2)   (2, 0)   (1, 6)   (5, 7)   (0, 1)   (2, 9)   (3, 6)  (11, 2)   (9, 6)   (6, 9)  (10, 7)   (2, 9)   (1, 8)   (3, 8)   (3, 1)
job_1    (2, 2)   (3, 6)   (6, 6)   (1, 6)   (9, 2)   (1, 5)   (5, 6)   (5, 0)   (4, 5)   (5, 7)   (9, 4)   (4, 7)   (4, 0)  (11, 5)  (10, 5)   (5, 5)   (7, 2)   (5, 5)
job_2    (9, 0)  (10, 7)   (6, 7)   (5, 8)   (1, 1)   (0, 5)  (10, 5)   (0, 7)   (7, 1)   (6, 2)   (6, 0)   (2, 2)   (6, 5)   (2, 9)   (6, 2)   (2, 7)  (10, 2)   (9, 7)
job_3    (4, 0)   (7, 8)   (9, 1)   (5, 2)   (1, 3)   (1, 9)   (1, 3)   (4, 3)  (11, 9)   (7, 0)   (6, 4)  (10, 6)   (9, 9)   (9, 6)   (0, 0)   (1, 2)   (7, 4)   (5, 7)
job_4    (6, 7)   (6, 9)   (9, 6)   (1, 7)   (0, 7)   (3, 9)   (5, 6)   (5, 4)   (4, 2)   (8, 4)   (0, 5)   (4, 6)   (3, 2)   (8, 3)  (10, 4)   (4, 3)  (11, 4)   (9, 2)
job_5   (10, 8)   (8, 8)  (11, 0)   (3, 9)   (7, 8)   (5, 5)   (3, 0)   (9, 3)   (2, 9)   (0, 3)   (3, 3)  (10, 9)   (9, 0)   (0, 3)   (3, 4)  (10, 1)   (4, 6)   (9, 0)
job_6    (3, 4)   (9, 7)   (7, 1)  (10, 1)  (10, 4)   (6, 0)   (9, 0)  (10, 9)   (5, 8)   (0, 8)  (11, 7)   (0, 1)   (0, 7)   (3, 8)   (3, 5)   (8, 8)   (9, 2)   (0, 3)
job_7    (2, 7)   (9, 3)  (10, 9)   (4, 1)  (11, 6)   (5, 6)   (2, 3)   (7, 0)  (10, 3)  (11, 8)  (10, 0)   (2, 8)   (3, 4)   (2, 2)   (5, 9)   (9, 0)  (11, 0)   (4, 3)
job_8   (11, 9)   (7, 5)   (0, 8)  (10, 8)   (8, 3)   (2, 3)   (0, 6)   (2, 3)   (9, 1)   (8, 6)   (1, 2)  (10, 7)   (1, 1)   (0, 8)   (4, 9)   (6, 8)   (4, 9)   (2, 0)
job_9   (10, 9)   (7, 7)   (2, 9)   (8, 8)   (6, 4)   (3, 2)   (9, 2)   (1, 3)   (0, 6)   (2, 6)   (3, 5)  (10, 6)   (4, 9)   (1, 9)   (2, 0)   (4, 5)  (10, 6)   (7, 7)
job_10   (1, 8)  (10, 9)   (1, 6)   (0, 1)   (7, 5)  (10, 3)   (6, 3)  (11, 6)   (1, 3)   (1, 9)   (9, 3)   (5, 6)   (0, 5)   (0, 9)   (1, 1)   (4, 3)   (0, 6)   (3, 3)
job_11   (3, 8)  (11, 5)   (7, 4)  (10, 4)   (8, 4)   (9, 3)   (1, 5)   (8, 4)   (0, 9)   (8, 3)   (0, 3)   (4, 5)   (1, 6)  (11, 0)   (3, 0)   (3, 7)   (6, 5)   (9, 2)
job_12   (4, 0)   (8, 6)   (4, 4)   (1, 3)   (8, 1)   (8, 5)  (10, 3)   (2, 4)   (2, 1)   (9, 2)   (2, 4)   (9, 5)   (9, 7)   (7, 8)   (9, 1)   (2, 6)   (2, 9)   (2, 4)
job_13   (7, 0)   (4, 4)   (4, 9)   (5, 5)   (9, 6)   (8, 6)  (10, 2)   (8, 7)  (10, 3)  (11, 9)   (5, 6)   (5, 5)  (11, 4)  (10, 7)   (1, 0)   (7, 3)  (11, 8)   (0, 6)
job_14   (1, 2)   (3, 6)   (7, 6)   (2, 2)   (6, 4)   (0, 8)   (9, 6)   (5, 3)  (11, 7)   (9, 2)  (10, 8)   (6, 6)   (5, 1)   (4, 9)   (1, 6)   (1, 0)   (2, 8)  (10, 6)
job_15   (2, 8)   (7, 4)  (10, 4)   (8, 5)   (0, 3)   (1, 9)   (1, 4)   (9, 7)   (0, 2)   (8, 1)   (5, 2)   (7, 0)   (1, 5)   (8, 7)   (5, 3)   (5, 7)   (5, 9)   (1, 5)
job_16   (0, 6)   (2, 7)   (9, 9)   (0, 6)  (11, 0)  (10, 0)   (1, 7)   (3, 4)   (9, 5)   (9, 7)   (0, 1)   (9, 7)  (11, 6)   (3, 4)   (4, 2)   (9, 1)   (6, 6)   (4, 0)
job_17  (11, 0)   (0, 7)  (11, 5)   (8, 8)   (4, 9)   (6, 1)   (6, 3)   (0, 2)   (9, 7)   (0, 7)  (11, 4)   (7, 0)   (5, 3)  (11, 6)   (5, 9)   (6, 1)   (7, 7)   (7, 9)
job_18   (3, 4)   (2, 2)   (4, 1)   (5, 8)   (2, 5)  (11, 4)   (4, 5)   (5, 8)   (2, 0)   (6, 0)   (5, 3)   (7, 9)   (9, 1)   (4, 2)  (11, 9)   (4, 9)   (3, 0)  (11, 8)

Solution:
Machine 0: job_17_task_1  job_16_task_0  job_8_task_2   job_14_task_5  job_4_task_4   job_10_task_3  job_15_task_4  job_2_task_5   job_17_task_7  job_16_task_3  job_8_task_6   job_0_task_7   job_2_task_7   job_9_task_8   job_15_task_8  job_17_task_9  job_6_task_9   job_8_task_13  job_6_task_11  job_6_task_12  job_11_task_8  job_16_task_10 job_11_task_10 job_4_task_10  job_5_task_9   job_10_task_12 job_10_task_13 job_5_task_13  job_3_task_14  job_13_task_17 job_10_task_16 job_6_task_17  
           [0,7]          [7,13]         [21,29]        [29,37]        [37,44]        [44,45]        [45,48]        [48,53]        [53,55]        [55,61]        [61,67]        [67,68]        [68,75]        [75,81]        [81,83]        [83,90]        [91,99]        [99,107]       [107,108]      [108,115]      [115,124]      [124,125]      [127,130]      [131,136]      [136,139]      [139,144]      [144,153]      [153,156]      [156,156]      [156,162]      [162,168]      [168,171]      
Machine 1: job_14_task_0  job_10_task_0  job_0_task_5   job_10_task_2  job_4_task_3   job_1_task_3   job_2_task_4   job_12_task_3  job_1_task_5   job_3_task_4   job_15_task_5  job_15_task_6  job_9_task_7   job_3_task_5   job_8_task_10  job_3_task_6   job_16_task_6  job_8_task_12  job_15_task_12 job_11_task_6  job_10_task_8  job_9_task_13  job_10_task_9  job_14_task_14 job_11_task_12 job_14_task_15 job_0_task_15  job_13_task_14 job_3_task_15  job_10_task_14 job_15_task_17 
           [0,2]          [2,10]         [18,24]        [24,30]        [30,37]        [37,43]        [43,44]        [44,47]        [47,52]        [52,55]        [56,65]        [65,69]        [70,73]        [73,82]        [82,84]        [84,87]        [87,94]        [94,95]        [95,100]       [100,105]      [105,108]      [108,117]      [117,126]      [132,138]      [138,144]      [138,138]      [145,153]      [145,145]      [156,158]      [158,159]      [166,171]      
Machine 2: job_1_task_0   job_18_task_1  job_0_task_2   job_14_task_3  job_0_task_4   job_15_task_0  job_7_task_0   job_18_task_4  job_16_task_1  job_9_task_2   job_8_task_5   job_18_task_8  job_5_task_8   job_8_task_7   job_0_task_8   job_2_task_11  job_9_task_9   job_7_task_6   job_2_task_13  job_12_task_7  job_12_task_8  job_12_task_10 job_2_task_15  job_9_task_14  job_7_task_11  job_0_task_14  job_7_task_13  job_14_task_16 job_12_task_15 job_12_task_16 job_8_task_17  job_12_task_17 
           [0,2]          [4,6]          [6,14]         [16,18]        [18,18]        [18,26]        [26,33]        [33,38]        [38,45]        [45,54]        [55,58]        [55,55]        [58,67]        [67,70]        [70,79]        [79,81]        [81,87]        [87,90]        [90,99]        [101,105]      [105,106]      [109,113]      [117,124]      [117,117]      [124,132]      [132,141]      [141,143]      [143,151]      [153,159]      [159,168]      [168,168]      [168,172]      
Machine 3: job_18_task_0  job_14_task_1  job_6_task_0   job_1_task_1   job_5_task_3   job_11_task_0  job_4_task_5   job_5_task_6   job_9_task_5   job_0_task_9   job_9_task_10  job_18_task_16 job_16_task_7  job_6_task_13  job_6_task_14  job_7_task_12  job_5_task_10  job_4_task_12  job_11_task_14 job_16_task_13 job_11_task_15 job_5_task_14  job_0_task_16  job_0_task_17  job_10_task_17 
           [0,4]          [4,10]         [10,14]        [14,20]        [20,29]        [29,37]        [44,53]        [44,44]        [66,68]        [79,85]        [87,92]        [92,92]        [94,98]        [115,123]      [123,128]      [132,136]      [139,142]      [143,145]      [145,145]      [145,149]      [149,156]      [156,160]      [160,168]      [168,169]      [169,172]      
Machine 4: job_3_task_0   job_12_task_0  job_13_task_1  job_18_task_2  job_13_task_2  job_12_task_2  job_17_task_4  job_18_task_6  job_7_task_3   job_18_task_13 job_1_task_8   job_18_task_15 job_3_task_7   job_1_task_11  job_1_task_12  job_9_task_12  job_8_task_14  job_4_task_8   job_9_task_15  job_14_task_13 job_11_task_11 job_4_task_11  job_8_task_16  job_16_task_14 job_7_task_17  job_10_task_15 job_4_task_15  job_5_task_16  job_16_task_17 
           [0,0]          [0,0]          [0,4]          [6,7]          [7,16]         [16,20]        [26,35]        [42,47]        [54,55]        [68,70]        [70,75]        [79,88]        [88,91]        [91,98]        [98,98]        [98,107]       [107,116]      [116,118]      [118,123]      [123,132]      [132,137]      [137,143]      [143,152]      [152,154]      [156,159]      [159,162]      [162,165]      [166,172]      [172,172]      
Machine 5: job_18_task_3  job_0_task_3   job_3_task_3   job_13_task_3  job_0_task_6   job_2_task_3   job_5_task_5   job_14_task_7  job_18_task_7  job_18_task_10 job_1_task_6   job_1_task_7   job_7_task_5   job_4_task_6   job_1_task_9   job_6_task_8   job_15_task_10 job_13_task_10 job_13_task_11 job_4_task_7   job_15_task_14 job_15_task_15 job_14_task_12 job_1_task_15  job_17_task_12 job_1_task_17  job_10_task_11 job_17_task_14 job_7_task_14  job_15_task_16 job_3_task_17  
           [7,15]         [15,17]        [17,19]        [19,24]        [24,31]        [31,39]        [39,44]        [44,47]        [47,55]        [55,58]        [58,64]        [64,64]        [64,70]        [70,76]        [76,83]        [83,91]        [91,93]        [93,99]        [99,104]       [104,108]      [108,111]      [111,118]      [118,119]      [119,124]      [124,127]      [127,132]      [132,138]      [138,147]      [147,156]      [156,165]      [165,172]      
Machine 6: job_4_task_0   job_4_task_1   job_2_task_2   job_14_task_4  job_1_task_2   job_17_task_5  job_17_task_6  job_18_task_9  job_10_task_6  job_9_task_4   job_6_task_5   job_2_task_9   job_2_task_10  job_2_task_12  job_0_task_12  job_3_task_10  job_2_task_14  job_14_task_11 job_8_task_15  job_17_task_15 job_11_task_16 job_16_task_16 
           [0,7]          [8,17]         [17,24]        [24,28]        [28,34]        [43,44]        [46,49]        [55,55]        [58,61]        [62,66]        [69,69]        [76,78]        [78,78]        [81,86]        [96,105]       [105,109]      [109,111]      [111,117]      [132,140]      [147,148]      [156,161]      [166,172]      
Machine 7: job_3_task_1   job_13_task_0  job_14_task_2  job_8_task_1   job_6_task_2   job_15_task_1  job_5_task_4   job_9_task_1   job_10_task_4  job_11_task_2  job_18_task_11 job_2_task_8   job_15_task_11 job_7_task_7   job_3_task_9   job_1_task_16  job_17_task_11 job_12_task_13 job_9_task_17  job_13_task_15 job_17_task_16 job_3_task_16  job_17_task_17 
           [0,8]          [0,0]          [10,16]        [16,21]        [21,22]        [26,30]        [30,38]        [38,45]        [45,50]        [50,54]        [58,67]        [75,76]        [93,93]        [97,97]        [100,100]      [124,126]      [124,124]      [128,136]      [136,143]      [145,148]      [150,157]      [158,162]      [163,172]      
Machine 8: job_12_task_1  job_5_task_1   job_17_task_3  job_13_task_5  job_15_task_3  job_8_task_4   job_9_task_3   job_13_task_7  job_12_task_4  job_12_task_5  job_8_task_9   job_15_task_9  job_11_task_4  job_15_task_13 job_11_task_7  job_11_task_9  job_4_task_9   job_6_task_15  job_4_task_13  
           [0,6]          [8,16]         [18,26]        [34,40]        [40,45]        [45,48]        [54,62]        [62,69]        [69,70]        [70,75]        [75,81]        [83,84]        [91,95]        [100,107]      [107,111]      [124,127]      [127,131]      [131,139]      [145,148]      
Machine 9: job_0_task_0   job_2_task_0   job_3_task_2   job_6_task_1   job_4_task_2   job_13_task_4  job_7_task_1   job_14_task_6  job_1_task_4   job_16_task_2  job_5_task_7   job_17_task_8  job_14_task_9  job_18_task_12 job_9_task_6   job_6_task_6   job_8_task_8   job_15_task_7  job_1_task_10  job_0_task_11  job_11_task_5  job_16_task_8  job_12_task_9  job_16_task_9  job_12_task_11 job_12_task_12 job_10_task_10 job_16_task_11 job_3_task_12  job_3_task_13  job_5_task_12  job_12_task_14 job_6_task_16  job_2_task_17  job_7_task_15  job_11_task_17 job_16_task_15 job_4_task_17  job_5_task_17  
           [0,0]          [0,0]          [8,9]          [14,21]        [21,27]        [27,33]        [33,36]        [37,43]        [43,45]        [46,55]        [55,58]        [58,65]        [65,67]        [67,68]        [68,70]        [70,70]        [70,71]        [71,78]        [83,87]        [90,96]        [96,99]        [99,104]       [106,108]      [108,115]      [115,120]      [120,127]      [127,130]      [130,137]      [137,146]      [146,152]      [152,152]      [152,153]      [153,155]      [156,163]      [156,156]      [163,165]      [165,166]      [169,171]      [172,172]      
Machine 10: job_5_task_0   job_2_task_1   job_10_task_1  job_9_task_0   job_15_task_2  job_8_task_3   job_7_task_2   job_6_task_3   job_10_task_5  job_13_task_6  job_2_task_6   job_6_task_4   job_13_task_8  job_6_task_7   job_16_task_5  job_11_task_3  job_8_task_11  job_9_task_11  job_12_task_6  job_14_task_10 job_7_task_8   job_1_task_14  job_3_task_11  job_0_task_13  job_7_task_10  job_9_task_16  job_13_task_13 job_5_task_11  job_2_task_16  job_4_task_14  job_5_task_15  job_14_task_17 
           [0,8]          [8,15]         [15,24]        [24,33]        [33,37]        [37,45]        [45,54]        [54,55]        [55,58]        [58,60]        [60,65]        [65,69]        [69,72]        [72,81]        [72,72]        [81,85]        [85,92]        [92,98]        [98,101]       [101,109]      [109,112]      [112,117]      [117,123]      [123,130]      [123,123]      [130,136]      [136,143]      [143,152]      [152,154]      [157,161]      [165,166]      [166,172]      
Machine 11: job_0_task_1   job_17_task_0  job_8_task_0   job_17_task_2  job_5_task_2   job_18_task_5  job_11_task_1  job_14_task_8  job_7_task_4   job_10_task_7  job_16_task_4  job_18_task_14 job_13_task_9  job_0_task_10  job_3_task_8   job_6_task_10  job_1_task_13  job_7_task_9   job_17_task_10 job_13_task_12 job_17_task_13 job_16_task_12 job_11_task_13 job_13_task_16 job_7_task_16  job_18_task_17 job_4_task_16  
           [0,4]          [0,0]          [4,13]         [13,18]        [18,18]        [38,42]        [42,47]        [47,54]        [55,61]        [61,67]        [70,70]        [70,79]        [79,88]        [88,90]        [91,100]       [100,107]      [107,112]      [112,120]      [120,124]      [124,128]      [132,138]      [138,144]      [144,144]      [148,156]      [156,156]      [156,164]      [165,169]      
Optimal Schedule Length: 172.0
Total (Unoptimized Schedule Length): 1595
Statistics
  - conflicts: 0
  - branches : 194
  - wall time: 9.38002s