
 Problem
         task_0  task_1  task_2  task_3  task_4  task_5  task_6  task_7  task_8  task_9 task_10 task_11 task_12
job_0   (1, 8)  (0, 9)  (2, 7)  (0, 9)  (2, 4)  (2, 5)  (0, 6)  (2, 0)  (0, 7)  (0, 2)  (2, 1)  (0, 2)  (2, 2)
job_1   (0, 9)  (0, 0)  (1, 6)  (2, 7)  (2, 9)  (2, 8)  (2, 4)  (0, 2)  (2, 9)  (2, 1)  (1, 6)  (1, 3)  (1, 6)
job_2   (1, 5)  (0, 0)  (1, 0)  (1, 0)  (0, 4)  (0, 2)  (1, 5)  (1, 5)  (1, 9)  (1, 5)  (2, 7)  (2, 1)  (0, 2)
job_3   (1, 8)  (1, 7)  (2, 1)  (0, 3)  (1, 1)  (0, 2)  (0, 9)  (2, 2)  (2, 7)  (1, 2)  (0, 9)  (2, 3)  (2, 8)
job_4   (0, 3)  (0, 7)  (0, 4)  (1, 7)  (2, 7)  (0, 8)  (2, 3)  (1, 6)  (0, 4)  (0, 9)  (0, 2)  (2, 1)  (1, 6)
job_5   (0, 6)  (2, 6)  (2, 9)  (2, 9)  (1, 9)  (2, 3)  (2, 5)  (0, 3)  (1, 1)  (0, 9)  (0, 4)  (0, 9)  (0, 3)
job_6   (1, 6)  (1, 5)  (1, 6)  (1, 9)  (0, 1)  (2, 3)  (2, 8)  (2, 9)  (1, 5)  (0, 3)  (2, 8)  (1, 2)  (1, 9)
job_7   (1, 8)  (0, 3)  (2, 6)  (1, 3)  (2, 1)  (2, 0)  (0, 8)  (0, 9)  (2, 3)  (1, 3)  (1, 9)  (1, 3)  (2, 8)
job_8   (0, 4)  (0, 0)  (2, 9)  (1, 2)  (2, 3)  (0, 9)  (0, 8)  (0, 8)  (2, 0)  (2, 2)  (2, 0)  (0, 4)  (0, 0)
job_9   (0, 2)  (2, 6)  (1, 3)  (2, 1)  (1, 4)  (0, 4)  (1, 3)  (2, 3)  (0, 9)  (1, 6)  (0, 2)  (2, 9)  (0, 6)
job_10  (2, 9)  (0, 2)  (2, 0)  (2, 5)  (0, 4)  (2, 9)  (2, 8)  (0, 4)  (2, 1)  (0, 5)  (2, 4)  (1, 0)  (2, 8)
job_11  (0, 9)  (2, 1)  (2, 5)  (2, 2)  (1, 6)  (2, 3)  (2, 1)  (2, 0)  (0, 0)  (1, 6)  (2, 9)  (2, 0)  (0, 6)
job_12  (2, 7)  (1, 8)  (1, 6)  (2, 6)  (0, 3)  (0, 7)  (0, 2)  (0, 0)  (1, 0)  (2, 3)  (1, 9)  (2, 0)  (0, 8)
job_13  (2, 2)  (1, 6)  (1, 0)  (1, 8)  (2, 3)  (2, 7)  (2, 3)  (2, 3)  (2, 4)  (0, 1)  (2, 1)  (1, 1)  (2, 5)
job_14  (1, 1)  (0, 8)  (2, 5)  (2, 5)  (2, 3)  (1, 5)  (0, 8)  (0, 6)  (1, 1)  (2, 2)  (0, 5)  (2, 9)  (2, 5)

Solution:
Machine 0: job_5_task_0   job_1_task_0   job_1_task_1   job_4_task_0   job_4_task_1   job_14_task_1  job_9_task_0   job_4_task_2   job_7_task_1   job_0_task_1   job_10_task_1  job_8_task_0   job_6_task_4   job_8_task_1   job_11_task_0  job_10_task_4  job_3_task_3   job_9_task_5   job_4_task_5   job_2_task_1   job_2_task_4   job_0_task_3   job_7_task_6   job_3_task_5   job_3_task_6   job_2_task_5   job_14_task_6  job_7_task_7   job_12_task_4  job_12_task_5  job_14_task_7  job_9_task_8   job_8_task_5   job_5_task_7   job_1_task_7   job_5_task_9   job_12_task_6  job_6_task_9   job_12_task_7  job_10_task_7  job_4_task_8   job_8_task_6   job_0_task_6   job_3_task_10  job_4_task_9   job_11_task_8  job_14_task_10 job_9_task_10  job_10_task_9  job_5_task_10  job_0_task_8   job_8_task_7   job_5_task_11  job_4_task_10  job_12_task_12 job_13_task_9  job_0_task_9   job_11_task_12 job_9_task_12  job_5_task_12  job_8_task_11  job_0_task_11  job_8_task_12  job_2_task_12  
           [0,6]          [6,15]         [15,15]        [15,18]        [18,25]        [25,33]        [33,35]        [35,39]        [39,42]        [42,51]        [51,53]        [53,57]        [57,58]        [57,57]        [58,67]        [74,78]        [84,87]        [89,93]        [95,103]       [103,103]      [103,107]      [107,116]      [116,124]      [124,126]      [126,135]      [135,137]      [137,145]      [145,154]      [154,157]      [157,164]      [164,170]      [170,179]      [179,188]      [188,191]      [191,193]      [193,202]      [202,204]      [204,207]      [204,204]      [207,211]      [211,215]      [215,223]      [223,229]      [229,238]      [238,247]      [238,238]      [247,252]      [252,254]      [254,259]      [259,263]      [263,270]      [270,278]      [278,287]      [287,289]      [289,297]      [297,298]      [298,300]      [300,306]      [306,312]      [312,315]      [332,336]      [336,338]      [336,336]      [344,346]      
Machine 1: job_6_task_0   job_6_task_1   job_7_task_0   job_14_task_0  job_6_task_2   job_3_task_0   job_0_task_0   job_1_task_2   job_6_task_3   job_3_task_1   job_4_task_3   job_12_task_1  job_9_task_2   job_7_task_3   job_9_task_4   job_5_task_4   job_2_task_0   job_2_task_2   job_2_task_3   job_12_task_2  job_3_task_4   job_9_task_6   job_8_task_3   job_13_task_1  job_13_task_2  job_14_task_5  job_13_task_3  job_2_task_6   job_2_task_7   job_2_task_8   job_2_task_9   job_6_task_8   job_14_task_8  job_11_task_4  job_4_task_7   job_5_task_8   job_9_task_9   job_12_task_8  job_3_task_9   job_7_task_9   job_7_task_10  job_7_task_11  job_11_task_9  job_12_task_10 job_6_task_11  job_6_task_12  job_1_task_10  job_1_task_11  job_1_task_12  job_10_task_11 job_13_task_11 job_4_task_12  
           [0,6]          [6,11]         [11,19]        [19,20]        [20,26]        [26,34]        [34,42]        [42,48]        [48,57]        [57,64]        [64,71]        [71,79]        [79,82]        [82,85]        [85,89]        [89,98]        [98,103]       [103,103]      [103,103]      [103,109]      [109,110]      [110,113]      [113,115]      [115,121]      [121,121]      [121,126]      [126,134]      [137,142]      [142,147]      [147,156]      [156,161]      [166,171]      [171,172]      [179,185]      [185,191]      [191,192]      [192,198]      [204,204]      [207,209]      [213,216]      [216,225]      [225,228]      [238,244]      [244,253]      [253,255]      [255,264]      [264,270]      [270,273]      [273,279]      [290,290]      [329,330]      [330,336]      
Machine 2: job_12_task_0  job_5_task_1   job_5_task_2   job_10_task_0  job_5_task_3   job_9_task_1   job_14_task_2  job_1_task_3   job_7_task_2   job_10_task_2  job_14_task_3  job_10_task_3  job_1_task_4   job_3_task_2   job_9_task_3   job_6_task_5   job_4_task_4   job_0_task_2   job_8_task_2   job_7_task_4   job_7_task_5   job_13_task_0  job_14_task_4  job_6_task_6   job_11_task_1  job_1_task_5   job_10_task_5  job_11_task_2  job_12_task_3  job_5_task_5   job_6_task_7   job_9_task_7   job_8_task_4   job_5_task_6   job_11_task_3  job_3_task_7   job_4_task_6   job_1_task_6   job_10_task_6  job_0_task_4   job_3_task_8   job_13_task_4  job_7_task_8   job_11_task_5  job_0_task_5   job_13_task_5  job_1_task_8   job_0_task_7   job_11_task_6  job_11_task_7  job_14_task_9  job_12_task_9  job_6_task_10  job_10_task_8  job_13_task_6  job_1_task_9   job_12_task_11 job_13_task_7  job_11_task_10 job_9_task_11  job_11_task_11 job_14_task_11 job_8_task_8   job_10_task_10 job_13_task_8  job_3_task_11  job_2_task_10  job_3_task_12  job_7_task_12  job_10_task_12 job_13_task_10 job_4_task_11  job_8_task_9   job_0_task_10  job_8_task_10  job_14_task_12 job_13_task_12 job_2_task_11  job_0_task_12  
           [0,7]          [7,13]         [13,22]        [22,31]        [31,40]        [40,46]        [46,51]        [51,58]        [58,64]        [58,58]        [64,69]        [69,74]        [74,83]        [83,84]        [84,85]        [85,88]        [88,95]        [95,102]       [102,111]      [111,112]      [112,112]      [112,114]      [114,117]      [117,125]      [125,126]      [126,134]      [134,143]      [143,148]      [148,154]      [154,157]      [157,166]      [166,169]      [169,172]      [172,177]      [177,179]      [179,181]      [181,184]      [184,188]      [188,196]      [196,200]      [200,207]      [207,210]      [210,213]      [213,216]      [216,221]      [221,228]      [228,237]      [237,237]      [237,238]      [238,238]      [238,240]      [240,243]      [243,251]      [251,252]      [252,255]      [255,256]      [255,255]      [256,259]      [259,268]      [268,277]      [268,268]      [277,286]      [286,286]      [286,290]      [290,294]      [294,297]      [297,304]      [304,312]      [312,320]      [320,328]      [328,329]      [329,330]      [330,332]      [332,333]      [332,332]      [333,338]      [338,343]      [343,344]      [344,346]      
Optimal Schedule Length: 346.0
Total (Unoptimized Schedule Length): 900
Statistics
  - conflicts: 1
  - branches : 192
  - wall time: 0.016488000000000003s